# No. of particles = 100 
# Proton - Solar wind	Electron - Solar wind	
3.82236e-01	-2.38435e+00	3.34147e-01	-2.33470e+00
2.01715e+00	-1.81567e+00	1.08783e+00	-2.27165e+00
3.42004e+00	-1.14159e+00	1.82367e+00	-1.97485e+00
3.25427e-01	-2.33117e+00	2.09134e+00	-1.90520e-01
4.20320e+00	-2.36017e+00	1.67932e+00	-9.96621e-01
8.73581e-01	-2.40474e+00	6.18805e-02	-1.88771e+00
4.46638e-01	-2.31933e+00	9.89762e-01	-2.26566e+00
6.82336e-01	-2.47857e+00	2.48005e+00	3.90478e-01
2.86710e+00	-1.89932e+00	1.76660e+00	-4.93384e-01
1.51931e-01	-2.44512e+00	3.12175e+00	1.31563e+00
3.89384e+00	4.14097e-01	1.96608e+00	-1.77025e+00
6.33170e-01	-2.20434e+00	1.70549e-01	-1.08660e+00
4.97233e+00	-1.96662e+00	5.84078e-01	-1.80290e+00
4.06739e+00	-1.60144e+00	4.39554e+00	-1.54888e+00
5.36509e-01	-2.43288e+00	2.81495e+00	-2.22831e+00
1.77005e+00	-2.33227e+00	2.36755e+00	1.74080e+00
4.41414e+00	-1.78661e+00	3.90709e+00	1.47228e+00
5.69673e-01	-1.95411e-01	3.99130e+00	-5.70230e-01
1.77153e+00	-1.70373e+00	2.90530e+00	-3.28936e-01
2.58290e+00	-2.35838e+00	1.97163e-01	-2.22591e+00
2.44486e-01	-2.26314e+00	4.17530e+00	-1.20103e+00
4.96306e+00	-2.40594e+00	1.42636e+00	-1.98386e+00
1.45837e+00	-2.26744e+00	1.77731e+00	-7.22269e-01
1.02594e+00	-2.35436e+00	1.64064e+00	-1.73132e+00
1.94783e-01	-2.40560e+00	1.59560e+00	-1.27108e+00
2.53209e+00	-2.49364e+00	1.49202e+00	-6.84143e-03
9.72149e-01	-2.43648e+00	8.76393e-01	8.43514e-01
3.56793e+00	-9.29943e-01	4.86298e+00	2.02561e+00
1.12297e+00	-2.16965e+00	8.84019e-01	-6.62200e-01
5.20379e-01	-2.29523e+00	3.75809e+00	2.45894e+00
9.94661e-01	-2.27419e+00	2.80000e+00	2.14950e+00
1.77553e+00	-2.14213e+00	1.77368e+00	6.95706e-01
1.62579e+00	-2.42961e+00	3.96713e+00	-7.12532e-01
4.67270e+00	-2.49147e+00	3.61566e+00	-2.79899e-01
5.77347e-01	-2.25011e+00	3.34087e-01	-1.95064e+00
1.02083e+00	-2.39506e+00	1.23729e+00	-1.89590e+00
1.27091e+00	-5.74432e-02	1.68714e-01	-1.85391e+00
1.57803e+00	-1.56744e+00	4.86597e-01	-1.34262e+00
4.46501e-01	-7.37328e-01	6.14948e-01	-2.34157e+00
8.50935e-01	-2.43607e+00	4.79887e-01	-6.55636e-01
2.78745e+00	-1.45802e+00	8.21875e-01	-1.78847e+00
5.58043e-01	-2.37180e+00	3.84753e+00	2.73992e-01
4.37771e+00	-5.34743e-01	1.93517e+00	1.65764e+00
6.94001e-01	4.86815e-01	3.32515e+00	-1.73677e+00
1.52048e+00	-1.61090e+00	4.54417e+00	-3.76536e-01
2.23456e-01	-2.26827e+00	3.80997e+00	-2.36545e+00
6.26851e-01	-4.56961e-01	7.63043e-01	-8.80141e-01
2.27459e+00	6.91687e-03	5.75111e-01	-1.73751e+00
4.88944e-01	8.99765e-01	1.89787e+00	2.05865e+00
7.03288e-01	-2.38920e+00	1.72932e+00	-2.45601e-01
1.54662e+00	-2.09325e+00	3.79967e-01	6.65197e-03
4.48287e+00	1.35729e+00	2.77443e+00	-1.95018e+00
4.91798e+00	-9.58309e-02	2.44767e+00	-2.08348e+00
1.54304e-01	-1.00413e+00	4.27083e+00	1.12544e+00
4.46896e+00	-1.25752e-01	4.88553e+00	1.14968e-01
3.57017e-01	3.36227e-01	3.91076e+00	-2.11718e+00
3.86611e-01	1.11830e+00	1.77597e+00	-4.07988e-01
1.38964e+00	-1.89243e-01	2.05997e+00	-8.36038e-01
3.86460e-01	-2.30266e+00	3.02183e+00	-1.73140e+00
1.18137e+00	-1.48783e+00	1.06874e+00	-2.14008e+00
5.87979e-01	3.16692e-01	1.19130e+00	-8.83673e-01
4.25278e+00	8.25985e-02	3.35554e+00	1.55159e-01
4.58709e+00	-1.90636e+00	6.94621e-01	-1.07046e+00
1.10821e+00	-1.71233e+00	4.97832e+00	2.20398e+00
5.57983e-01	-3.28431e-01	3.04945e+00	-9.58878e-01
1.25908e+00	-2.47161e+00	3.26145e+00	2.40269e-01
1.89659e-01	7.08535e-01	4.39992e-02	-2.44306e+00
3.03170e-01	-2.35918e+00	7.29404e-01	-1.84732e+00
1.73321e+00	-4.90391e-01	1.31581e-01	-2.28805e+00
1.31100e+00	-1.12192e+00	2.42166e+00	-2.14329e+00
5.49017e-01	-5.84802e-01	5.82095e-01	-1.73599e+00
3.00358e-01	-2.26543e+00	4.24355e+00	-9.31381e-01
1.15777e+00	-3.98646e-01	4.89713e+00	-1.13310e+00
4.25194e-02	-2.34372e+00	4.42565e+00	1.18915e+00
6.27119e-01	-6.13334e-02	2.39894e+00	9.84380e-01
1.51689e+00	2.70068e-01	1.15073e+00	-1.85802e-01
1.57861e+00	3.61094e-01	3.40120e+00	1.00835e+00
1.52901e+00	-2.41641e+00	1.04671e+00	-2.47495e+00
4.46891e+00	9.87520e-01	4.17072e+00	1.06317e+00
1.88126e+00	-2.28537e+00	9.66483e-01	-2.40177e+00
1.28499e+00	1.60079e+00	5.37647e-01	1.82432e-01
4.26604e+00	-1.88091e+00	2.15503e+00	-4.44513e-01
4.87543e+00	2.39441e+00	8.99319e-01	-1.85628e+00
6.86207e-01	-2.36061e+00	1.18057e+00	1.87487e+00
4.82286e+00	1.96625e+00	6.64028e-01	5.49441e-01
4.80426e-01	-2.47366e+00	1.82879e-01	1.59253e+00
2.96561e-01	4.59125e-01	1.28015e-01	-2.18105e+00
2.53917e-01	-2.20270e+00	4.91381e-01	1.35642e+00
1.49332e+00	-2.04809e+00	1.06230e+00	-2.27348e+00
3.76515e+00	2.36044e+00	4.86068e-01	-2.08492e+00
1.48000e+00	-2.29834e+00	2.10649e+00	-1.66763e+00
7.29744e-01	-2.09870e+00	1.54407e+00	3.74247e-01
4.88986e+00	2.24051e+00	1.20969e-01	-2.41273e+00
1.91045e-01	-2.46147e+00	1.32465e+00	-9.44217e-01
8.72643e-01	-2.44580e+00	1.05566e+00	-1.97178e+00
4.65216e-01	4.61348e-01	1.06404e+00	-1.30963e+00
4.91543e-01	8.87482e-01	8.19355e-01	-2.14556e+00
8.24783e-01	-2.35611e+00	3.22345e+00	4.14697e-01
9.53415e-01	-2.35284e+00	4.90983e+00	-1.05252e+00
9.23565e-01	-2.36954e+00	1.14735e+00	1.73513e+00
