# No. of particles = 100 
# Proton - Solar wind	Electron - Solar wind	
2.69314e+00	-1.82314e+00	4.06307e-01	-2.16075e+00
4.61588e+00	-1.23781e+00	4.38095e+00	2.01867e+00
3.50750e+00	-1.77744e+00	4.06087e+00	1.91777e+00
4.01145e+00	-1.84104e+00	4.75739e+00	-2.19644e+00
1.69840e+00	-2.37472e+00	3.12081e-01	-2.45098e+00
4.01250e+00	-2.49206e+00	4.61545e+00	1.45211e+00
7.61923e-02	-2.25545e+00	2.63781e+00	-1.51328e+00
1.74258e+00	-2.12583e+00	3.13955e-01	1.94398e+00
2.80461e-01	-2.40676e+00	1.44789e+00	2.26215e-02
3.55063e+00	-1.81741e+00	2.51370e-01	5.80605e-02
3.64827e+00	9.65850e-01	1.07676e+00	-3.57881e-01
3.80251e+00	-2.34364e+00	3.23251e+00	-1.60451e+00
5.97119e-01	-1.85072e+00	1.63005e+00	-1.85309e+00
2.53893e+00	-2.39522e+00	2.68620e+00	-2.06448e+00
2.92827e+00	-1.48993e+00	4.21905e+00	7.97184e-01
6.46182e-01	-2.15607e+00	3.56035e+00	-4.67170e-01
2.86721e+00	-2.47792e+00	1.79682e+00	1.21612e+00
2.24597e+00	-2.18791e+00	5.65913e-01	-9.65975e-01
8.56493e-01	-2.48622e+00	4.97493e-01	-1.90959e+00
2.66763e+00	-2.34594e+00	2.76832e+00	-9.46352e-01
3.88946e+00	-1.94921e+00	2.21938e+00	-2.18338e+00
3.66814e+00	-2.07964e+00	5.70903e-01	-1.54877e+00
4.29866e-01	-2.24381e+00	1.95588e+00	-2.32638e+00
4.04378e+00	-2.09517e+00	1.40308e+00	-9.48572e-01
3.17286e+00	-2.27384e+00	3.80472e+00	-9.88340e-02
2.05859e+00	-1.70421e+00	4.07115e+00	-1.78461e+00
4.06939e+00	-2.24461e+00	1.22516e-01	-2.38043e+00
2.44824e+00	-2.12848e+00	4.73634e+00	1.53417e-01
4.26816e+00	-1.52727e+00	6.17475e-01	-8.94628e-01
3.15538e+00	-3.20272e-01	7.19666e-01	-8.23012e-01
3.71259e+00	-1.39934e+00	4.63829e+00	-1.83586e-01
4.32061e+00	-2.41069e+00	2.86759e+00	2.29834e-01
1.27791e+00	-2.26808e+00	1.26700e+00	-8.63990e-01
1.41357e+00	-2.08017e+00	3.74458e+00	9.71562e-01
4.05740e+00	-2.32000e+00	1.34622e+00	-3.82829e-01
3.81871e+00	2.86407e-01	2.62367e+00	4.09166e-01
4.29842e+00	6.27998e-01	9.57892e-01	-1.41933e+00
3.94287e+00	-1.80979e+00	2.66314e+00	1.38776e+00
4.03888e+00	-4.83384e-01	3.25062e+00	4.30570e-01
4.80460e+00	-2.28700e+00	1.47830e+00	-1.57843e+00
5.97586e-01	-2.36561e+00	1.00577e+00	7.93237e-01
3.54397e+00	-8.60366e-01	8.75507e-01	-1.16408e+00
2.47848e+00	-2.49746e+00	2.27996e+00	-1.61797e+00
1.73088e+00	-2.12058e+00	2.39836e-01	-1.95639e+00
3.66149e+00	-1.09484e+00	1.02128e-01	-2.37075e+00
2.26212e+00	5.96658e-02	7.01963e-01	2.04697e+00
4.04563e+00	-2.29560e+00	3.54134e-01	-1.61225e+00
1.36222e+00	-2.33287e+00	4.91102e+00	-1.82639e+00
2.98813e+00	-2.22344e+00	5.95455e-01	-1.53470e+00
3.87726e+00	-2.43301e+00	2.67615e+00	-1.94029e+00
5.74979e-01	-2.25634e+00	2.08111e+00	-8.01531e-01
6.81891e-01	-2.37459e+00	2.80200e+00	1.49300e+00
3.49729e+00	-5.44425e-01	3.61676e+00	-4.07039e-01
1.06455e+00	-2.42364e+00	3.66088e+00	-2.02216e+00
2.52837e+00	-1.76180e+00	4.55689e+00	1.46370e+00
2.52930e+00	-1.99477e+00	5.06644e-01	-1.20365e+00
4.30082e+00	-2.21351e+00	2.36202e+00	2.26733e+00
1.78126e-01	-2.42048e+00	2.38660e+00	1.29374e+00
3.60245e+00	-1.20811e+00	9.50285e-01	2.03537e+00
1.90417e+00	-4.83484e-01	2.86012e+00	2.10985e+00
3.23995e+00	-1.68531e+00	4.51903e+00	-7.49720e-01
3.65479e+00	-1.66887e+00	9.39448e-02	-2.37279e+00
3.30606e+00	-2.47654e+00	1.01715e+00	-4.64954e-01
5.57535e-01	-2.39183e+00	3.62723e+00	2.31772e+00
2.43117e+00	-2.31023e+00	6.01358e-01	-2.19277e+00
4.60710e+00	4.80708e-01	4.92389e+00	-1.89607e-01
3.45629e+00	-2.02255e+00	1.21210e+00	-2.18705e+00
3.77155e-01	-2.26507e+00	4.31274e-01	-1.30093e-01
7.01808e-01	-2.31916e+00	4.05465e+00	-1.95089e+00
4.12011e+00	1.93846e+00	1.58596e+00	-1.74112e+00
4.87872e+00	1.74813e-04	7.96991e-01	7.63648e-01
4.24438e+00	-2.16518e+00	2.00669e+00	1.03545e+00
4.68551e+00	7.51634e-01	1.62426e+00	-1.37548e+00
2.59617e+00	-1.34499e+00	3.70472e+00	-2.14455e+00
3.21167e+00	-1.72303e+00	6.57140e-01	-4.99385e-01
4.91336e+00	-1.58168e+00	1.98977e+00	6.95586e-01
7.06517e-02	-2.40931e+00	3.65616e+00	-5.90012e-01
4.53581e+00	-2.15368e+00	4.50176e+00	-2.60360e-01
2.44950e+00	7.83979e-01	2.74567e-01	1.04529e+00
8.08883e-01	-2.07403e+00	4.76941e+00	-3.17759e-01
2.40747e-01	-2.23759e+00	3.23643e+00	-8.73225e-01
1.31070e+00	-1.95756e+00	1.27089e+00	-1.84783e+00
2.70756e+00	-6.04141e-01	9.02132e-01	-2.01677e-03
1.26871e+00	-2.04151e+00	1.38255e-01	-2.35119e+00
8.32369e-01	-1.93904e+00	2.14664e-01	1.67147e+00
2.89600e+00	-1.96642e+00	4.16089e-01	1.31335e+00
2.20672e+00	-2.30010e+00	4.13817e-01	-2.30504e+00
4.00483e+00	-3.06227e-01	3.70676e-01	-5.08708e-01
5.15526e-01	-3.67985e-01	1.51783e+00	-4.76210e-01
2.23059e+00	-2.31142e+00	2.11426e+00	-1.49510e+00
2.33420e+00	-2.43304e+00	2.42054e+00	1.60759e+00
4.38392e+00	-1.83087e+00	2.26433e-02	7.68066e-01
2.52456e+00	9.41086e-01	1.90898e+00	6.10793e-01
3.33803e+00	-2.40370e+00	9.54375e-02	1.83003e+00
3.46490e+00	-6.32544e-01	1.88831e+00	-1.67629e+00
2.72821e+00	-2.14344e+00	1.58142e+00	-2.10244e+00
4.28042e+00	-1.96613e+00	2.24117e+00	-2.14422e+00
3.80505e+00	-2.49388e+00	8.82622e-01	-1.04935e+00
2.82348e-01	-2.26461e+00	1.65369e+00	-8.15934e-01
3.60465e+00	-6.75678e-01	1.47343e-01	-4.05818e-01
