# No. of particles = 100 
# Proton - Solar wind	Electron - Solar wind	
1.94703e+00	-2.14199e+00	2.64423e-01	-2.46294e+00
3.81930e+00	-1.36406e+00	4.04443e+00	-2.34419e+00
4.82488e+00	-6.26856e-01	3.50592e+00	-9.94912e-01
1.60225e-01	-2.38448e+00	3.37220e+00	-5.89581e-01
8.19149e-01	-2.06048e+00	1.82220e+00	-4.76974e-01
2.35811e+00	-2.45039e+00	4.73188e+00	1.15390e+00
2.12221e+00	-2.34763e+00	6.92567e-01	-1.50814e+00
9.40744e-01	-2.48433e+00	2.85659e+00	-4.25068e-01
4.54673e+00	-1.61806e+00	2.88119e+00	8.36241e-01
1.83723e+00	-2.40947e+00	4.77066e-01	1.26123e+00
5.85019e-01	-2.18102e+00	4.34988e+00	-3.22895e-01
2.32024e+00	-1.61849e+00	3.20933e+00	-1.94464e-02
1.30290e+00	-2.25759e+00	7.13542e-01	-1.71743e+00
6.38086e-01	-2.33599e+00	2.84223e-01	-2.46953e+00
8.83859e-01	-2.40047e+00	1.09580e+00	-2.16775e+00
3.85362e+00	-1.82069e+00	6.06999e-01	1.53402e+00
1.24042e+00	-2.36507e+00	8.64962e-01	1.16578e+00
2.88282e+00	-4.13368e-01	8.37048e-01	-2.06662e-01
3.78945e+00	-9.06848e-01	3.43104e+00	1.09641e+00
4.22804e+00	-2.32148e+00	4.68290e+00	1.73249e+00
2.02021e+00	-2.27842e+00	4.42548e+00	-7.00200e-01
1.75089e+00	-2.35613e+00	1.67677e+00	1.91408e+00
2.97453e+00	-2.28084e+00	7.96209e-01	-1.51683e+00
2.59712e+00	-2.06921e+00	4.59465e+00	2.06998e+00
1.83314e+00	-2.33973e+00	3.31062e+00	-1.98334e+00
1.14160e+00	-2.29209e+00	2.76348e+00	-2.04021e-01
2.65475e+00	-2.44018e+00	1.85864e+00	-6.05894e-01
7.97044e-01	6.78032e-02	1.41089e+00	-1.02562e-01
2.80936e+00	-2.02188e+00	9.69792e-01	1.57175e+00
2.01437e+00	-2.29489e+00	3.61021e-02	-2.22718e+00
2.65040e+00	-2.14086e+00	3.72951e-01	-2.29725e+00
3.37187e+00	-2.04575e+00	6.19208e-01	-1.68972e+00
7.82931e-01	-2.44798e+00	3.03186e+00	-1.18437e+00
1.92409e+00	-1.41316e-01	4.68989e+00	-1.15775e+00
2.56538e+00	-2.27527e+00	6.40994e-01	-2.36965e+00
2.36956e+00	-2.30169e+00	3.38058e+00	-4.50353e-01
2.95751e+00	-6.42017e-04	4.42064e+00	5.90170e-01
3.07809e+00	-9.32678e-01	5.69329e-01	-1.92935e+00
2.15235e+00	-4.39094e-01	3.08698e+00	-1.51462e-01
2.92959e+00	-2.33158e+00	1.54725e+00	-3.90560e-01
1.93173e-01	-2.48927e+00	7.08708e-01	-2.16895e+00
1.18400e+00	-2.18864e+00	4.94398e+00	1.16601e-01
1.04852e+00	-2.01576e+00	4.45460e+00	-2.23401e-01
3.02528e+00	4.19908e-01	2.14654e+00	1.78442e+00
2.80200e+00	-7.44559e-01	2.86847e+00	-1.80768e+00
1.76185e+00	-1.67166e+00	1.66260e+00	-9.20882e-01
2.39652e+00	-5.06638e-01	1.01371e+00	-1.03880e+00
2.97464e+00	1.49973e-01	3.21942e+00	2.01138e+00
1.97462e+00	8.34272e-01	7.90908e-01	-1.26085e+00
2.32562e+00	-2.26750e+00	6.76141e-02	-2.44674e+00
3.91151e+00	-1.43782e+00	9.13836e-02	5.55436e-01
6.59800e-01	-8.86499e-03	2.86423e+00	-2.10810e+00
1.59488e+00	-2.15482e+00	3.50329e+00	-2.20230e+00
1.45186e+00	-6.87867e-01	4.50690e+00	-1.15765e+00
1.50740e+00	-2.47510e+00	5.65259e-01	-6.75781e-02
1.58615e+00	4.85862e-01	4.42733e+00	-2.25278e-01
1.86989e+00	1.73608e+00	2.68196e+00	9.79433e-01
3.20276e+00	-3.68070e-01	4.91386e+00	-3.83619e-02
2.07383e+00	-2.23898e+00	2.47482e-01	-2.38980e+00
2.20855e+00	-7.27547e-01	2.23291e+00	-2.46584e+00
2.15385e+00	3.03461e-01	1.89419e+00	1.90701e+00
9.90254e-01	-2.22179e+00	4.91227e+00	1.66728e+00
1.21214e+00	3.90940e-01	1.93270e+00	1.83320e+00
2.52274e+00	-6.39638e-01	3.05076e+00	-6.97837e-01
1.65073e+00	-1.50994e+00	1.72721e+00	4.77765e-01
2.91884e+00	-2.42960e+00	6.51072e-01	-1.74652e+00
1.78298e+00	4.23118e-01	3.75856e-01	-2.15001e+00
1.78082e+00	-2.14868e+00	4.73476e-01	2.47873e-01
3.95291e+00	-3.46058e-01	1.93473e+00	5.27668e-01
3.00338e+00	-1.09243e+00	4.38270e+00	-2.48531e+00
2.54580e+00	-4.76170e-01	1.23640e+00	-2.16388e+00
2.19277e+00	-2.25432e+00	4.88737e-01	-1.82028e+00
2.85869e+00	-4.23413e-01	3.34272e-01	-1.68405e+00
1.47528e+00	-2.22695e+00	1.83550e+00	-2.18883e+00
2.68308e+00	7.67275e-01	4.64524e+00	2.16325e+00
3.58096e+00	8.52246e-01	2.40400e-01	-2.37458e+00
3.61908e+00	9.40691e-01	2.98048e+00	-2.36197e+00
3.30394e+00	-2.43126e+00	1.07634e+00	1.47499e+00
9.99557e-01	-9.43718e-02	3.82072e+00	-6.16521e-01
3.74908e+00	-2.31380e+00	1.28856e+00	-2.15584e+00
2.95067e+00	1.66388e+00	3.61963e+00	-1.35861e+00
7.12739e-01	-2.21416e+00	1.27508e-01	-7.48895e-01
1.54183e+00	-2.29467e+00	2.74806e+00	2.89204e-02
2.40183e+00	-1.85762e+00	5.68428e-01	4.46797e-01
3.67153e-01	-2.29582e+00	6.02909e-02	-1.82886e+00
1.83961e+00	-5.28686e-01	3.93729e+00	8.94557e-01
1.97730e+00	4.58869e-01	1.91649e-01	-8.98102e-01
2.18392e+00	-1.96398e+00	2.04421e+00	5.09505e-01
3.18045e+00	-1.61397e+00	1.33614e+00	-2.47900e+00
1.83541e-01	-2.40392e+00	4.80485e-01	-1.45431e+00
2.94110e+00	-2.18096e+00	2.66135e+00	-9.00729e-01
2.39118e+00	-1.72370e+00	3.09615e+00	-4.77158e-01
1.97854e+00	2.55749e-03	1.48425e+00	-1.52900e+00
1.92374e+00	-2.44247e+00	9.00720e-01	1.34664e-01
1.19243e+00	3.78895e-01	3.01745e+00	1.48348e+00
1.84050e+00	5.81769e-01	1.48312e+00	-2.33999e+00
2.31370e+00	5.25060e-01	2.25765e+00	-1.31777e+00
1.43948e+00	-2.38351e+00	3.46859e+00	1.34873e-02
2.66444e+00	-2.27701e+00	6.91162e-02	-2.34954e+00
2.68344e+00	-2.39170e+00	3.94709e+00	-3.18979e-01
