# No. of particles = 100 
# Proton - Solar wind	Electron - Solar wind	
4.31056e+00	-1.85590e+00	3.06811e-01	-1.75584e-01
1.06649e+00	-2.38697e+00	6.84021e-03	-2.43229e+00
4.67137e+00	-2.05738e+00	2.60855e-01	-3.15502e-01
3.51674e+00	-2.46287e+00	8.41691e-01	7.44588e-01
3.47351e+00	-2.11099e+00	2.91036e+00	-2.15284e+00
3.56387e+00	-1.40515e+00	1.21294e+00	-1.76935e+00
1.12922e+00	-2.29242e+00	3.02824e+00	1.83460e+00
4.35897e+00	7.06187e-01	5.99507e-01	-1.01778e+00
2.78754e+00	-2.34256e+00	5.06484e-02	-2.44587e+00
4.12183e+00	-1.65462e+00	1.24853e+00	-2.13260e+00
4.46745e+00	-2.47561e+00	3.59330e-02	-2.25791e+00
3.76993e+00	-2.20902e+00	1.76575e-01	-1.66293e+00
2.43742e-01	-2.44471e+00	6.87652e-02	-2.10243e+00
4.85949e+00	1.24523e+00	2.25147e+00	6.16240e-01
4.32650e+00	-2.47580e+00	4.43636e-01	1.55121e+00
3.97544e+00	-8.84317e-01	1.11738e+00	-7.53539e-01
3.71238e+00	-1.41595e+00	1.23479e+00	-5.15094e-01
3.75116e+00	-1.36340e+00	2.87411e+00	-7.83639e-02
2.37966e+00	-1.65353e+00	3.90802e+00	-6.03239e-01
2.64146e+00	-1.66747e+00	1.03743e-01	-1.78757e+00
3.77636e+00	-2.37565e+00	4.58578e-01	-1.46656e+00
2.26793e+00	-2.14228e+00	6.49723e-02	-2.04430e+00
7.71503e-01	-2.20004e+00	4.93689e-02	-1.89505e+00
1.91243e+00	-2.40687e+00	1.06926e+00	-1.15302e+00
4.90858e+00	-1.72343e+00	2.92144e+00	-5.61343e-01
7.80648e-01	-2.00018e+00	3.40792e-01	-2.22954e+00
3.38573e+00	-5.16395e-01	4.99957e-01	1.49332e-01
4.37298e+00	-1.42418e+00	1.93859e+00	-1.70443e+00
2.47487e+00	-2.35731e+00	5.45777e-01	-1.97561e+00
3.84982e-01	-2.33847e+00	2.19645e-01	-2.39376e+00
1.16521e+00	-1.89726e+00	1.90659e+00	-1.54982e+00
2.98212e+00	-1.84267e+00	2.21068e+00	1.48351e+00
3.97051e+00	-1.45357e+00	1.36983e+00	-9.86598e-01
1.50756e+00	-2.28189e+00	6.77436e-01	-5.07600e-01
2.25276e-01	-2.30399e+00	2.86356e+00	1.47200e+00
1.11034e-01	-2.44911e+00	8.97529e-01	-1.19505e+00
1.27353e+00	-4.61991e-01	1.99887e+00	-1.24892e+00
1.65157e+00	-2.41288e+00	2.87466e+00	-4.14730e-01
4.31577e+00	-2.41810e+00	1.55603e+00	-2.14689e+00
5.38434e-01	-2.41909e+00	1.14443e+00	-1.37419e+00
1.54739e+00	-2.40462e+00	3.13255e-01	-2.02072e+00
3.40869e+00	-2.47126e+00	1.04003e+00	9.63902e-01
2.04149e+00	-2.48307e+00	1.52652e+00	-1.77989e+00
3.93006e+00	-5.22716e-02	2.56723e-01	-2.25052e+00
1.13370e+00	-7.98255e-01	2.88835e+00	-1.28551e+00
3.20110e+00	-1.44005e+00	3.40730e+00	1.78514e+00
1.09810e+00	-2.29026e+00	7.81411e-01	-2.03440e+00
3.82895e+00	-2.26427e+00	1.73378e+00	-2.15003e+00
3.16842e+00	-2.16703e+00	1.83066e+00	-2.00276e-02
9.61325e-01	-2.17710e+00	4.86230e+00	2.03677e+00
1.38907e+00	-2.15774e+00	1.28468e+00	-1.04899e-01
2.79656e+00	-9.90892e-01	4.69510e+00	2.51489e-01
2.36509e+00	-2.45820e+00	2.72333e+00	1.45753e+00
1.86729e+00	-2.42415e+00	3.79671e+00	-1.53241e-02
3.88314e+00	-6.51124e-01	1.85103e+00	8.07080e-01
4.75687e+00	-9.77075e-01	4.35862e+00	-9.87217e-01
2.45338e+00	-1.12948e+00	3.02669e-02	-4.38274e-01
2.89150e+00	-2.06185e+00	1.51275e+00	-2.47699e+00
4.81327e+00	-1.87051e-01	4.73962e+00	1.79830e+00
3.88759e+00	8.30471e-01	5.84803e-02	3.32148e-01
4.58073e+00	-3.13734e-01	2.16140e-01	-2.44177e+00
4.73220e+00	2.26529e-01	1.37547e+00	-1.70852e+00
3.72888e-01	-2.33197e+00	4.36603e+00	-1.46463e+00
4.42365e+00	-2.41306e+00	4.31635e+00	-2.15872e-01
2.04441e-01	-2.46823e+00	6.92520e-01	4.39802e-01
4.52623e-01	-2.44870e+00	2.43479e-01	1.84807e+00
3.27709e+00	-1.42611e+00	2.43465e+00	1.18619e-01
2.80720e+00	-2.25512e+00	2.46852e-01	-1.39911e+00
3.68203e+00	-2.26399e+00	4.10860e+00	1.24279e+00
1.10312e+00	-5.52983e-01	6.39809e-01	-1.35216e+00
1.44864e+00	-2.12170e+00	3.32721e+00	2.17261e+00
9.79107e-01	-2.11596e+00	9.92605e-01	-2.18699e+00
2.14053e+00	-2.42717e+00	4.90547e+00	1.04341e+00
4.90704e+00	-6.15159e-01	2.63493e+00	1.42002e+00
1.01981e+00	-2.29213e+00	3.68176e+00	1.70710e+00
5.80037e-01	-2.42386e+00	3.39395e+00	-2.22548e+00
1.61113e-01	-2.35492e+00	1.23708e+00	-1.61624e+00
1.40713e+00	-2.44477e+00	4.40602e+00	-1.44072e+00
4.22197e+00	-1.92531e+00	4.04273e+00	-1.01938e+00
2.82631e+00	-1.68934e+00	1.46105e+00	1.62028e+00
3.05063e+00	-2.02149e+00	2.44042e+00	-1.58665e+00
5.83155e-01	-2.41754e+00	4.48636e+00	9.18397e-01
3.15173e+00	-1.86179e+00	8.09068e-01	-1.19863e+00
4.87738e+00	-2.30883e+00	3.49096e+00	-6.02046e-01
2.21770e+00	-1.64094e+00	1.51414e-01	-2.27653e+00
4.94351e+00	8.62438e-01	3.68845e+00	1.72737e+00
1.83253e+00	-2.33445e+00	3.62864e+00	1.41519e+00
7.14183e-01	-2.14141e+00	2.07601e+00	-1.89000e+00
4.22731e+00	-1.87486e+00	6.96675e-01	4.34197e-01
4.79863e+00	1.48406e+00	3.32818e+00	8.78228e-01
1.95631e+00	-2.46414e+00	2.14537e-02	-2.17859e+00
3.54290e+00	-3.70004e-01	3.17483e+00	4.08044e-01
1.81596e+00	4.20202e-01	3.87452e+00	-5.13807e-01
2.11183e+00	5.97616e-01	1.00701e+00	5.44570e-01
1.74618e-01	-2.26088e+00	1.84016e+00	-2.25495e+00
4.75011e+00	-1.72586e+00	1.31282e+00	-1.96954e+00
2.37127e+00	-2.43008e+00	1.34332e+00	1.07479e+00
2.39974e+00	-2.25514e+00	1.97252e+00	-2.99741e-01
4.59908e+00	1.52119e+00	4.24855e-01	-2.32156e+00
2.95935e-01	4.33858e-01	6.87289e-01	1.17212e+00
