# No. of particles = 100 
# Proton - Solar wind	Electron - Solar wind	
8.17548e-02	-2.47576e+00	3.38954e+00	5.87256e-02
1.60629e+00	-2.42150e+00	1.19254e+00	1.49731e+00
3.16839e-01	-2.22445e+00	4.83257e+00	-7.27324e-01
4.21653e+00	-2.46462e+00	2.11245e+00	-6.36777e-02
4.19437e+00	-2.03434e+00	1.61980e+00	-5.63650e-01
3.87380e+00	-1.32602e+00	1.92918e+00	-1.41131e+00
1.81284e+00	-2.30399e+00	2.94442e+00	9.03714e-01
4.83414e+00	1.04193e+00	1.98921e+00	-1.90472e+00
3.32728e+00	-2.31677e+00	1.78115e+00	-3.55993e-01
4.68359e+00	-1.57505e+00	3.13025e-01	-2.45798e+00
2.53168e-01	-2.28241e+00	1.98634e+00	5.09328e-02
4.41458e+00	-2.19166e+00	1.03321e+00	-4.05696e-01
9.16247e-01	-2.37605e+00	9.29533e-01	4.87543e-01
6.59476e-01	-2.38447e+00	9.73541e-01	3.35663e-01
4.43527e-02	-2.65142e-01	5.85592e-01	1.06330e+00
4.76854e+00	-6.09180e-01	2.66478e+00	2.12434e+00
4.24516e+00	-1.25662e+00	2.69732e-01	1.77959e+00
4.38959e+00	-1.42214e+00	3.74296e+00	-2.12169e+00
3.10086e+00	-1.42419e+00	4.98168e+00	-1.01710e+00
3.38191e+00	-1.48262e+00	4.46475e+00	-4.59367e-01
4.59290e+00	-2.40630e+00	1.30991e+00	-3.75729e-01
2.78729e+00	-2.09538e+00	1.52361e+00	2.40367e+00
1.36542e+00	-2.01337e+00	1.33078e+00	5.22114e-01
2.55905e+00	-2.41501e+00	2.95660e+00	1.08902e+00
5.95949e-01	-2.23978e+00	4.31435e+00	-1.55123e+00
1.27608e+00	-1.85904e+00	9.78910e-01	-1.84819e+00
3.76491e+00	-2.89861e-01	1.29381e+00	-1.77077e+00
1.07243e-01	-2.21668e+00	1.85146e+00	1.58508e+00
3.15854e+00	-2.31396e+00	2.24745e-01	-2.27466e+00
9.57257e-01	-2.40829e+00	3.52938e-04	-2.36507e+00
1.81761e+00	-1.71528e+00	4.74109e-01	-2.25495e+00
3.46242e+00	-1.76224e+00	5.32579e-01	-2.20696e+00
4.59212e+00	-1.30635e+00	2.87761e+00	1.56776e+00
2.20945e+00	-2.28271e+00	1.29242e+00	1.85832e+00
9.49505e-01	-2.27015e+00	1.53812e+00	-1.22122e+00
7.48125e-01	-2.27241e+00	2.19984e+00	7.34492e-01
1.91910e+00	-5.34440e-01	6.94052e-01	7.12097e-02
2.36898e+00	-2.41900e+00	3.12681e+00	-1.00323e+00
4.93985e+00	-2.41935e+00	9.06009e-01	-2.37065e+00
1.07451e+00	-2.48552e+00	1.60636e+00	-1.27449e+00
2.24936e+00	-2.37585e+00	2.66463e+00	-1.49491e-01
4.23050e+00	-2.47903e+00	5.39990e-01	-1.05625e+00
5.08522e-01	-2.24133e+00	6.73907e-01	-6.49095e-02
4.59216e+00	3.82763e-01	1.72329e+00	-1.46290e+00
2.12773e+00	-1.02083e+00	4.30612e+00	-1.92996e+00
3.90038e+00	-1.26620e+00	1.01321e+00	1.95855e+00
1.81385e+00	-2.25520e+00	2.55301e+00	-9.88552e-01
4.52627e+00	-2.23998e+00	9.76266e-01	-1.43928e+00
3.92000e+00	-2.09898e+00	2.07954e+00	2.39394e+00
1.75982e+00	-1.96967e+00	2.19393e-01	-2.28869e+00
1.87948e+00	-2.05364e+00	4.91141e+00	-9.41541e-01
3.56176e+00	-5.78775e-01	9.02469e-01	-1.74115e+00
3.04413e+00	-2.44563e+00	3.22920e-01	-2.36343e+00
2.75705e+00	-2.40596e+00	7.59121e-01	-2.47173e+00
4.47628e+00	-3.57720e-01	2.43578e+00	4.87795e-01
6.04121e-01	-2.47160e+00	4.52147e+00	1.55429e+00
3.07085e+00	-8.19176e-01	8.16312e-03	-2.32082e+00
3.50693e+00	-2.02631e+00	3.78013e+00	1.46209e+00
4.79133e-01	-2.28894e+00	6.25899e-01	3.39112e-01
4.59655e+00	8.37874e-01	4.41435e-01	3.85314e-01
3.20913e-01	-2.27238e+00	1.00935e+00	-9.68392e-02
4.48844e-01	-2.41165e+00	1.69821e+00	-2.24209e+00
9.65821e-01	-2.22898e+00	2.52836e-01	-2.00670e+00
1.61121e-01	-2.24406e+00	4.13922e+00	-1.50766e+00
9.05478e-01	-2.05845e+00	8.72175e-02	-1.80487e-01
1.05741e+00	-2.48650e+00	8.13533e-01	-2.24712e+00
3.94340e+00	-1.26155e+00	6.66383e-01	-1.64230e-01
3.49471e+00	-2.24994e+00	5.35993e-01	-9.15791e-01
4.37087e+00	-2.26158e+00	4.56686e+00	4.52080e-01
2.01343e+00	-7.24938e-01	1.98923e+00	1.34127e+00
2.11939e+00	-2.07526e+00	1.90247e+00	-7.65421e-01
1.72715e+00	-2.00209e+00	1.67135e+00	-1.75891e+00
2.75577e+00	-2.41659e+00	3.54143e+00	-1.44266e+00
6.80135e-01	1.21661e-01	4.38804e+00	-2.24770e-01
1.76511e+00	-2.26753e+00	4.90419e+00	1.12495e+00
1.32642e+00	-2.29853e+00	3.83004e-01	-4.86134e-01
8.36295e-01	-2.33581e+00	1.04641e+00	-2.23311e+00
2.14716e+00	-2.46000e+00	4.09597e+00	7.29437e-01
4.82039e+00	-1.85110e+00	4.31257e+00	-1.08401e+00
3.45552e+00	-1.56115e+00	1.32583e+00	1.85525e-01
3.98555e+00	-1.90583e+00	2.42218e+00	-1.49784e+00
1.29280e+00	-2.42514e+00	4.05876e-01	2.06034e+00
3.71989e+00	-1.74743e+00	1.06122e+00	-8.42841e-01
5.55438e-01	9.85484e-02	3.05591e+00	-8.98010e-01
3.02931e+00	-1.31767e+00	1.62216e-01	-2.31536e+00
3.01162e-01	-2.29788e+00	4.05424e+00	1.87046e+00
2.40481e+00	-2.35123e+00	4.75817e+00	5.29636e-01
1.18961e+00	-1.88760e+00	3.87973e+00	-1.66756e+00
4.94428e+00	-1.79469e+00	2.89423e-01	2.57418e-01
8.33853e-01	-2.38219e+00	3.60316e-01	5.32310e-01
2.63864e-01	-2.33058e+00	3.58742e+00	-8.74335e-01
4.20736e+00	-4.53600e-01	1.34445e+00	-1.22023e+00
2.36826e+00	3.93457e-01	1.81229e+00	-1.76148e+00
2.66360e+00	6.51524e-01	4.34959e+00	-8.10610e-01
8.80046e-01	-2.25490e+00	2.01612e+00	1.60816e+00
5.91654e-01	-3.88427e-01	7.14870e-01	-1.02663e+00
2.98618e+00	-2.47582e+00	3.17913e+00	9.43698e-01
3.18754e+00	-2.23647e+00	6.64686e-01	-2.18524e+00
3.11555e-01	4.66104e-01	1.05969e+00	-1.95715e+00
1.43107e+00	2.69182e-01	1.68286e+00	-1.83687e+00
