# No. of particles = 100 
# Proton - Solar wind	Electron - Solar wind	
2.13429e+00	-1.95454e+00	2.74747e+00	-2.08615e+00
4.06021e+00	-1.35771e+00	2.11631e-01	-2.37566e+00
3.14683e+00	-1.84034e+00	9.79677e-02	-2.45546e+00
3.40429e+00	-1.94542e+00	1.44491e+00	-2.49203e+00
9.81984e-01	-2.34784e+00	1.67826e+00	-1.56485e+00
3.36732e+00	-2.47366e+00	4.57717e+00	2.56627e-01
5.45417e-01	-2.47146e+00	4.25029e+00	-5.52206e-01
1.26152e+00	-2.15251e+00	1.49042e-01	2.37407e-01
4.94724e+00	-1.90854e+00	7.58987e-01	-2.77871e-01
2.85791e+00	-1.92524e+00	2.34649e-02	-2.48955e+00
3.34233e+00	6.51862e-01	2.01480e+00	1.98219e+00
3.15645e+00	-2.36348e+00	5.03442e-01	4.48952e-01
1.64097e-01	-2.14445e+00	3.07367e+00	-4.99158e-02
1.81908e+00	-2.38837e+00	8.90554e-02	-2.44693e+00
2.23907e+00	-1.68206e+00	3.31855e+00	-1.30085e+00
4.88884e+00	-1.60598e+00	1.66763e+00	-1.36978e+00
2.21968e+00	-2.48066e+00	4.08853e+00	1.59217e+00
1.64508e+00	-2.22120e+00	2.87197e+00	-2.88396e-01
2.92930e-01	-2.48330e+00	2.36224e+00	-2.23196e+00
2.36486e+00	-2.34261e+00	1.93357e+00	-1.22388e+00
3.20270e+00	-2.01420e+00	2.56286e+00	9.91036e-01
2.98260e+00	-2.10751e+00	2.96247e-01	-2.45084e+00
4.72123e+00	-1.98153e-01	6.90971e-01	9.38363e-01
3.37281e+00	-2.12551e+00	1.35887e+00	-6.21363e-01
2.53790e+00	-2.29596e+00	1.38522e+00	-1.52288e+00
1.11604e+00	-1.98552e+00	4.46967e+00	1.89444e+00
3.43130e+00	-2.24301e+00	4.13411e+00	-2.16205e+00
1.92205e+00	-2.17843e+00	4.16377e+00	-3.70809e-01
3.62569e+00	-1.67259e+00	3.24370e+00	-8.06843e-01
2.50215e+00	-3.50330e-01	2.54138e+00	-1.36627e+00
3.12801e+00	-1.54671e+00	2.25740e+00	4.60632e-02
3.68161e+00	-2.38234e+00	3.73300e+00	-1.73649e-03
8.95178e-01	-2.30176e+00	3.76130e+00	-4.63178e-01
8.14651e-01	-2.28277e+00	3.77631e+00	-1.94642e+00
3.36308e+00	-2.30506e+00	1.69467e+00	-4.22492e-01
3.04773e+00	3.33239e-01	3.36131e+00	1.19344e+00
3.56283e+00	6.15557e-01	3.79655e-01	7.25828e-01
3.35376e+00	-1.87546e+00	2.02149e+00	-1.54431e+00
3.32597e+00	-4.63311e-01	2.13206e+00	-3.64834e-01
4.15786e+00	-2.28769e+00	7.94486e-01	1.47297e-01
3.43206e-02	-2.42295e+00	1.26307e+00	-4.05246e-01
2.76276e+00	-1.18837e+00	2.81612e-01	-1.96526e+00
1.98806e+00	-2.46089e+00	9.10121e-01	-1.85760e+00
1.10018e+00	-2.27920e+00	4.89340e+00	2.29066e+00
3.00087e+00	-1.05499e+00	1.56109e+00	-2.48964e+00
1.76372e+00	4.15498e-02	3.51934e-01	-2.26076e-03
3.39388e+00	-2.29227e+00	2.91254e+00	3.04972e-01
8.10170e-01	-2.37952e+00	3.58899e+00	-2.02621e+00
2.35338e+00	-2.23088e+00	3.17125e+00	-1.66593e+00
3.20113e+00	-2.39656e+00	2.33776e-01	-1.12459e+00
4.91776e+00	-1.64147e+00	3.78804e+00	-2.22106e+00
6.94878e-02	-2.45951e+00	4.15140e+00	2.53228e-02
2.70432e+00	-1.00819e+00	3.65626e+00	2.41435e+00
5.18970e-01	-2.38276e+00	2.51387e+00	3.83733e-01
2.06239e+00	-1.88862e+00	6.64883e-02	-5.07210e-01
1.61573e+00	-2.17229e+00	1.14898e-01	-2.03569e+00
3.66767e+00	-2.22364e+00	4.74264e+00	-1.85572e+00
4.50114e+00	-1.53893e+00	1.68810e+00	-1.36641e+00
2.94637e+00	-1.43796e+00	4.68685e+00	-2.22928e-01
1.24443e+00	-4.42014e-01	2.51987e+00	-1.38635e+00
2.62861e+00	-1.83326e+00	4.49662e+00	-1.73919e+00
2.98646e+00	-1.78431e+00	2.39846e+00	1.17107e+00
2.53050e+00	-2.47164e+00	4.89124e-01	-2.05441e+00
4.88941e+00	-3.46718e-01	3.39610e+00	-2.08576e+00
1.80339e+00	-2.33503e+00	3.93048e+00	-2.06983e-02
3.92384e+00	2.89458e-01	4.73083e+00	-3.26319e-01
2.73107e+00	-2.11490e+00	9.50129e-01	-1.36208e+00
2.09469e+00	-2.49505e+00	1.63711e+00	4.92983e-01
8.64565e-02	-2.32935e+00	4.56196e-01	6.96773e-01
3.37630e+00	1.74326e+00	5.66602e-01	-4.96246e-01
4.16367e+00	-8.67451e-02	2.54316e-01	-1.65100e+00
3.55523e+00	-2.19372e+00	3.17478e-02	-1.33533e+00
3.99220e+00	8.60030e-01	9.84542e-01	1.29181e+00
1.87666e+00	-1.26418e+00	2.80183e+00	-2.27922e+00
2.59921e+00	-1.83245e+00	4.17726e-01	-5.15530e-01
4.11122e+00	-1.70217e+00	4.92836e+00	2.05524e-01
1.59793e+00	-2.44512e+00	6.63143e-01	-2.24954e+00
3.93298e+00	-2.18360e+00	3.71998e+00	2.47919e+00
1.77021e+00	7.31651e-01	7.96166e-02	-2.36393e+00
4.95374e+00	-8.68077e-02	3.99435e+00	-6.26862e-01
4.49979e+00	5.65708e-02	2.35399e+00	-2.10034e+00
7.30597e-01	-2.08770e+00	1.79963e+00	6.47297e-01
2.13413e+00	-5.33530e-01	8.70050e-01	-2.49694e+00
6.86103e-01	-2.25477e+00	3.74931e-01	1.06795e+00
2.70748e-01	-2.17003e+00	2.54735e-01	1.13841e+00
2.42182e+00	-2.03365e+00	4.75474e-01	-2.48822e+00
1.81107e+00	-2.33707e+00	1.16578e-01	-1.90739e+00
3.36143e+00	-3.06772e-01	5.79506e-01	-1.98803e+00
4.71175e+00	-2.18376e+00	3.26148e+00	-9.38885e-01
1.50483e+00	-2.29276e+00	4.39223e+00	-1.12679e+00
1.61582e+00	-2.45461e+00	2.07610e+00	1.36856e+00
3.64668e+00	-1.93012e+00	3.40919e+00	2.60518e-02
2.12657e+00	8.01597e-01	4.06041e+00	-1.78033e+00
2.72154e+00	-2.41965e+00	2.94425e-01	1.25135e+00
2.81031e+00	-4.53204e-01	3.68788e+00	-1.48276e+00
2.05045e+00	-2.17015e+00	3.85851e+00	-2.25640e+00
3.58723e+00	-2.02677e+00	1.07889e+00	-2.43966e+00
3.56905e+00	-2.48144e+00	3.82445e+00	6.25076e-01
4.45094e+00	-1.94369e+00	3.83908e+00	1.27721e+00
3.05765e+00	-6.18233e-01	3.61929e+00	1.88016e+00
