# No. of particles = 100 
# Proton - Solar wind	Electron - Solar wind	
2.91412e+00	-1.77120e+00	3.80439e+00	-1.19137e+00
4.83557e+00	-1.19040e+00	2.23897e+00	8.45373e-02
3.65010e+00	-1.75261e+00	2.16042e+00	-7.92132e-01
4.25148e+00	-1.79980e+00	5.40227e-02	-7.96324e-01
1.98163e+00	-2.38540e+00	4.51775e-02	-2.22320e+00
4.26757e+00	-2.49933e+00	2.53784e+00	-1.08935e+00
3.55401e-01	-2.35326e+00	1.17018e+00	-1.67764e+00
1.93274e+00	-2.11531e+00	6.08497e-01	-2.03948e+00
5.59082e-01	-2.35945e+00	2.03381e+00	-1.20247e+00
3.82449e+00	-1.77481e+00	3.41871e-01	1.06024e+00
3.76923e+00	1.09001e+00	1.63067e+00	4.84546e-01
4.05792e+00	-2.33580e+00	2.37862e-01	-2.00332e+00
7.68300e-01	-1.73462e+00	3.05473e+00	-1.28823e+00
2.82352e+00	-2.39805e+00	6.96177e-01	-1.36932e+00
3.20076e+00	-1.41399e+00	2.71456e+00	-1.31043e+00
9.54852e-01	-2.11168e+00	4.26944e+00	-1.24836e-01
3.12322e+00	-2.47692e+00	1.75668e+00	-2.03705e+00
2.48354e+00	-2.17486e+00	9.95174e-01	-1.11835e-01
1.07930e+00	-2.48738e+00	3.10265e+00	5.90073e-01
2.78734e+00	-2.34735e+00	3.00351e+00	-8.05418e-01
4.16095e+00	-1.92356e+00	3.62265e+00	-1.90506e+00
3.93917e+00	-2.06865e+00	1.41892e+00	-1.62105e+00
6.86997e-01	-2.09834e+00	3.95648e-01	-1.92514e+00
4.30903e+00	-2.08320e+00	1.46835e+00	-9.98803e-01
3.42390e+00	-2.26512e+00	4.74493e+00	4.72652e-01
2.43120e+00	-1.59302e+00	1.53804e-01	-2.33073e+00
4.32164e+00	-2.24525e+00	2.83186e+00	-2.99672e-01
2.65628e+00	-2.10881e+00	4.89664e+00	3.28016e-01
4.52218e+00	-1.46983e+00	1.24001e+00	1.03195e+00
3.41365e+00	-3.08376e-01	1.71973e+00	1.46820e+00
3.94371e+00	-1.34110e+00	3.38115e-01	8.10780e-01
4.57323e+00	-2.42197e+00	7.22858e-01	-1.25174e+00
1.42920e+00	-2.25479e+00	2.19303e+00	4.72325e-01
1.65032e+00	-2.00009e+00	7.05549e-01	-2.19704e+00
4.33189e+00	-2.32591e+00	2.77873e+00	2.20749e+00
4.12351e+00	2.67891e-01	4.07202e+00	2.02528e+00
4.58927e+00	6.32932e-01	2.46675e+00	-1.67302e+00
4.17576e+00	-1.78386e+00	1.16878e+00	2.19965e+00
4.32074e+00	-4.91312e-01	3.68899e+00	7.27474e-01
7.72201e-02	-2.44900e+00	7.16434e-03	-2.25854e+00
8.20269e-01	-2.34291e+00	1.49797e+00	-6.65821e-03
3.85281e+00	-7.30682e-01	1.12150e+00	-7.99846e-01
4.51402e-01	-2.39148e+00	3.69533e-01	-1.76919e+00
1.98019e+00	-2.05791e+00	1.40528e+00	-5.94238e-01
3.92266e+00	-1.11060e+00	1.08044e+00	-2.13229e+00
2.45919e+00	6.68506e-02	1.75933e+00	-1.76195e+00
4.30329e+00	-2.29692e+00	1.19630e+00	1.69303e+00
1.58046e+00	-2.31447e+00	2.93580e-02	-7.72178e-01
3.23910e+00	-2.22052e+00	2.01756e+00	1.40447e+00
4.14457e+00	-2.44741e+00	4.04280e-01	-2.44336e+00
8.35662e-01	-2.25982e+00	3.80888e+00	4.85337e-01
9.24000e-01	-2.34099e+00	5.29663e-01	-2.14814e+00
3.81080e+00	-3.61069e-01	4.06769e+00	-5.34388e-01
1.28024e+00	-2.43983e+00	1.85454e+00	1.19863e+00
2.71263e+00	-1.71168e+00	1.10564e+00	-6.45025e-01
2.89050e+00	-1.92464e+00	1.58881e+00	1.96716e+00
4.55112e+00	-2.20955e+00	3.60521e+00	-8.34650e-01
4.14420e-01	-2.41746e+00	3.30231e-01	-1.59659e+00
3.86183e+00	-1.11724e+00	3.81567e+00	-1.72561e+00
2.16500e+00	-4.99881e-01	2.59695e+00	1.08345e+00
3.48164e+00	-1.62683e+00	2.93354e+00	-1.22714e+00
3.91902e+00	-1.62327e+00	7.11328e-03	-1.82955e+00
3.61268e+00	-2.47850e+00	3.68969e+00	-8.19806e-01
8.65550e-01	-2.39622e+00	2.06971e+00	-1.57121e+00
2.67936e+00	-2.30055e+00	4.02010e+00	-2.52048e-01
4.87726e+00	5.56337e-01	4.70359e+00	6.09015e-01
3.74302e+00	-1.98606e+00	9.42357e-01	-5.51529e-01
6.17960e-01	-2.27492e+00	1.31890e+00	-1.20515e+00
9.45082e-01	-2.31511e+00	1.80932e+00	8.29926e-01
4.41418e+00	2.01563e+00	2.06169e+00	-2.17402e+00
1.40604e-01	-2.35240e+00	1.07565e+00	1.71039e+00
4.51682e+00	-2.15392e+00	1.94206e+00	-3.12252e-01
4.95961e+00	7.08773e-01	2.53226e+00	-8.77622e-01
2.88067e+00	-1.37696e+00	4.06237e+00	-2.04940e+00
3.45382e+00	-1.67979e+00	8.36695e-01	-5.73038e-01
2.11539e-01	-2.39245e+00	2.76592e+00	-1.23378e+00
4.23379e-01	-2.49947e+00	1.18671e+00	-6.38289e-01
4.77413e+00	-2.14190e+00	2.78559e-02	-1.74129e+00
2.71807e+00	8.04683e-01	4.19432e-01	8.16681e-01
1.15192e+00	-1.98826e+00	2.22756e-01	-2.05867e+00
4.98125e-01	-2.22788e+00	4.79825e+00	-4.31862e-02
1.54001e+00	-1.90611e+00	2.30138e+00	-1.51409e+00
2.93431e+00	-6.32063e-01	2.09911e-01	-2.08768e+00
1.49902e+00	-1.95722e+00	2.82988e+00	-1.62456e+00
1.05439e+00	-1.84774e+00	3.06219e-01	1.87444e+00
3.08351e+00	-1.93984e+00	4.93974e+00	-1.74743e-01
2.36314e+00	-2.28563e+00	9.64817e-01	-1.97852e+00
4.25921e+00	-3.06003e-01	4.47091e+00	1.33087e+00
8.27493e-01	-3.20001e-01	3.52293e-01	2.23681e+00
2.51752e+00	-2.31893e+00	3.69698e+00	-8.94954e-01
2.61821e+00	-2.42468e+00	2.51894e+00	1.67993e+00
4.67537e+00	-1.79163e+00	3.93424e+00	-4.41901e-01
2.68192e+00	9.96240e-01	3.24509e+00	-2.32365e+00
3.58177e+00	-2.39742e+00	6.76511e-02	2.04550e+00
3.72371e+00	-7.03441e-01	5.90759e-01	-3.64111e-02
2.99619e+00	-2.13292e+00	1.16961e-01	-2.45805e+00
4.55445e+00	-1.94215e+00	2.70071e+00	-1.87413e+00
3.89835e+00	-2.49879e+00	1.62727e+00	-4.99673e-02
6.42697e-01	-2.15141e+00	3.54005e+00	9.23806e-01
3.82091e+00	-6.98375e-01	4.11368e-01	-4.45634e-01
