# No. of particles = 100 
# Proton - Solar wind	Electron - Solar wind	
1.01093e+00	-2.28704e+00	2.60182e+00	-2.27991e+00
2.74121e+00	-1.63413e+00	2.31316e+00	3.99888e-01
3.98448e+00	-9.34782e-01	2.47077e+00	-1.74383e+00
6.61667e-01	-2.40965e+00	3.03625e+00	-1.73695e+00
4.91084e+00	-2.36784e+00	6.07244e-01	-2.03236e+00
1.47004e+00	-2.42325e+00	3.32309e+00	-1.44247e+00
1.11985e+00	-2.33077e+00	3.16449e+00	1.94506e-01
3.29330e-01	-2.44537e+00	1.69883e-01	-1.10810e+00
3.54197e+00	-1.78628e+00	2.22497e+00	6.43688e-02
8.29055e-01	-2.43089e+00	2.72320e-01	-1.78684e+00
4.61898e+00	9.59570e-01	1.50843e-01	-2.23943e+00
1.31100e+00	-1.96892e+00	5.17931e-01	1.44055e+00
6.35577e-01	-2.40495e+00	2.66603e-01	-2.34894e+00
4.65267e+00	-1.48452e+00	4.77838e+00	9.68929e-01
1.24551e+00	-2.48480e+00	4.23634e+00	-2.30979e+00
2.60723e+00	-2.12668e+00	4.75937e-02	-1.49481e+00
1.91722e-01	-2.44836e+00	2.51364e-01	-2.17059e+00
1.49907e+00	-2.83014e-01	3.31827e-01	-2.23566e+00
2.58228e+00	-1.38350e+00	4.61928e+00	9.33891e-01
3.24390e+00	-2.34356e+00	1.97214e+00	-5.83205e-01
9.57930e-01	-2.26933e+00	4.53026e+00	-1.01689e+00
6.78976e-01	-2.30891e+00	1.69948e-01	-2.47767e+00
2.06755e+00	-2.27294e+00	3.25093e-02	-2.25286e+00
1.65721e+00	-2.23987e+00	6.21133e-01	-1.50541e+00
8.53043e-01	-2.37922e+00	3.92226e+00	7.05256e-01
3.75109e-01	-2.37758e+00	8.61943e-01	-1.84609e+00
1.64819e+00	-2.43820e+00	1.43508e+00	1.97398e+00
4.50630e+00	-5.13639e-01	1.68107e+00	-4.98456e-01
1.80054e+00	-2.11028e+00	9.20683e-01	2.05655e-01
1.12063e+00	-2.29515e+00	4.25131e+00	6.74038e-01
1.65991e+00	-2.22069e+00	2.67984e-02	-2.29492e+00
2.41694e+00	-2.10340e+00	3.22072e+00	5.15434e-01
2.43116e+00	-2.48507e+00	6.09348e-01	-1.38616e+00
7.45762e-01	-1.16666e-01	4.12050e+00	-4.87694e-01
1.37610e+00	-2.26030e+00	9.03328e-01	-2.33053e-02
1.56272e+00	-2.35769e+00	2.02313e+00	-1.45864e+00
1.94853e+00	-3.46646e-02	1.99457e+00	9.78520e-01
2.18074e+00	-1.31235e+00	8.14466e-01	-2.13659e+00
1.13189e+00	-6.17510e-01	4.57499e+00	-1.05792e+00
1.68611e+00	-2.39431e+00	2.08554e+00	-1.88421e+00
3.69948e+00	-1.16632e+00	3.21101e+00	2.66598e-01
1.29692e+00	-2.48030e+00	6.60644e-01	-2.29985e+00
4.91955e+00	-4.73842e-01	4.30986e+00	2.17415e+00
1.63063e+00	4.59928e-01	4.98325e+00	4.99341e-01
2.03539e+00	-1.26280e+00	2.06044e+00	-2.25017e+00
8.41525e-01	-2.02858e+00	2.46545e+00	-8.75945e-01
1.33790e+00	-4.76936e-01	1.88042e+00	2.43151e+00
2.55595e+00	6.43509e-02	1.69712e+00	-1.72498e-01
1.08579e+00	8.73446e-01	3.39137e-01	-1.95716e+00
1.35511e+00	-2.34041e+00	8.59782e-01	-2.07988e+00
2.49682e+00	-1.82981e+00	4.98593e+00	-4.88784e-01
8.56524e-02	-2.48894e+00	2.24994e+00	1.15745e+00
6.79784e-01	-2.37358e+00	3.37361e+00	5.55348e-01
6.75584e-01	-8.77086e-01	1.72144e+00	5.37649e-02
3.61022e-02	-2.35957e+00	9.14935e-01	2.49965e+00
8.50885e-01	3.96411e-01	8.03671e-01	1.21123e+00
9.82498e-01	1.36648e+00	2.15912e+00	1.50185e-01
2.11809e+00	-2.61195e-01	1.13299e+00	-4.33383e-01
1.06441e+00	-2.27713e+00	6.56529e-01	1.71649e-01
1.59411e+00	-1.18235e+00	8.20491e-01	-2.20550e+00
1.21709e+00	3.11395e-01	2.35834e+00	-8.06375e-01
4.77872e+00	5.70614e-02	4.02540e+00	6.80424e-01
1.86982e-01	5.27584e-01	1.59679e-01	-2.74642e-01
1.67660e+00	-1.28130e+00	4.66989e+00	2.47823e+00
9.96978e-01	-8.03167e-01	3.22004e+00	1.84162e+00
1.92595e+00	-2.45496e+00	3.27866e+00	-1.82338e+00
8.29831e-01	5.93928e-01	1.61075e+00	2.22079e+00
8.96852e-01	-2.27467e+00	2.55887e+00	-1.15795e-01
2.62510e+00	-4.32498e-01	2.13133e+00	7.47148e-01
1.99101e+00	-1.11009e+00	1.01095e-01	-2.38930e+00
1.35133e+00	-5.41181e-01	4.42581e-01	-2.26432e+00
1.06069e+00	-2.26102e+00	1.97463e+00	6.17560e-01
1.84119e+00	-4.08669e-01	4.33255e-02	-1.72932e-01
6.18169e-01	-2.29684e+00	1.23601e+00	-4.99000e-01
1.45311e+00	2.71554e-01	8.87790e-01	1.19722e+00
2.34619e+00	5.04022e-01	1.62813e+00	1.25333e+00
2.39843e+00	5.94026e-01	2.06437e+00	-1.49992e-01
2.24216e+00	-2.42251e+00	1.39238e+00	-2.56576e-02
2.81101e-02	4.29450e-01	6.83788e-01	-8.10340e-01
2.63173e+00	-2.29682e+00	1.90744e+00	-2.47040e+00
1.95427e+00	1.62613e+00	2.60796e+00	1.31121e+00
1.30001e-01	-2.46985e+00	2.32194e+00	2.58806e-01
5.29190e-01	-2.34390e+00	3.19488e+00	-1.78864e-01
1.37550e+00	-2.15854e+00	1.34039e+00	-2.03062e+00
5.50474e-01	-2.45310e+00	4.62833e+00	1.39211e+00
5.84017e-01	-5.42133e-01	3.87813e+00	2.23887e-01
9.71853e-01	4.59070e-01	4.24828e-01	-1.96283e-01
1.02934e+00	-2.10679e+00	1.11491e+00	-2.14626e+00
2.17122e+00	-1.87359e+00	3.24646e+00	-2.18875e+00
4.23109e+00	2.47381e+00	2.86625e+00	2.26170e+00
2.06706e+00	-2.25127e+00	4.50211e+00	-7.70757e-01
1.39727e+00	-1.94796e+00	3.07375e+00	-7.69993e-02
7.03240e-01	3.12751e-01	1.00560e-01	-2.32103e+00
8.87214e-01	-2.45394e+00	1.98900e+00	-2.38202e+00
1.57346e+00	-2.49597e+00	3.64156e+00	-4.25299e-01
1.01776e+00	5.09763e-01	3.22965e+00	6.42344e-01
1.22359e+00	7.41872e-01	1.09678e+00	-1.74441e+00
1.07175e+00	-2.36719e+00	1.42243e+00	-1.92923e-01
1.64088e+00	-2.32252e+00	6.75829e-01	-1.35895e+00
1.63066e+00	-2.37864e+00	1.70200e-01	-2.47524e+00
