# No. of particles = 100 
# Proton - Solar wind	Electron - Solar wind	
2.45255e+00	-1.66419e+00	4.06723e+00	-4.07920e-01
1.07888e-01	-2.40189e+00	5.73611e-02	-2.47096e+00
1.74618e+00	-2.22897e+00	4.66305e+00	-2.27600e+00
1.02989e-01	-2.44688e+00	8.25989e-01	-2.49299e+00
7.24812e-01	-2.00618e-01	2.49525e+00	-6.93584e-01
4.62812e+00	-1.13345e+00	3.70398e+00	-1.08292e+00
3.47730e+00	-2.33327e+00	2.77926e-01	-2.24763e+00
1.13096e+00	-2.27938e+00	8.67477e-01	-1.63498e+00
4.64137e+00	-2.25488e+00	3.44339e+00	1.60910e+00
6.56826e-01	-2.13222e+00	3.89151e+00	-1.84270e-01
2.37732e+00	-1.95490e+00	3.91233e+00	4.86738e-01
1.05911e+00	-2.31988e+00	2.38881e+00	-2.12641e+00
2.55358e+00	-2.21032e+00	2.52701e+00	-1.07653e+00
2.45207e+00	-2.02461e+00	2.21063e+00	-6.71940e-01
1.63183e+00	-1.95691e-01	2.50581e-01	-2.16641e+00
1.34733e+00	-2.40575e+00	1.12544e+00	-1.86349e+00
6.28568e-01	-2.44450e+00	3.34260e-01	-1.84057e+00
7.50267e-01	-2.46574e+00	2.12622e+00	-5.93398e-01
4.85632e+00	-8.65719e-01	2.57035e+00	1.99296e+00
1.25420e-01	-2.44402e+00	1.22606e+00	-1.61045e+00
1.21638e+00	-2.30266e+00	1.74342e-01	8.07826e-02
4.05191e+00	-1.98137e+00	3.94237e+00	-7.96684e-01
2.81156e+00	-1.55874e+00	3.92811e-01	-2.47748e+00
4.13347e+00	-2.43640e+00	3.95068e+00	1.05125e+00
2.24771e+00	-1.70957e+00	4.54355e+00	-1.08539e+00
2.48246e+00	-1.51505e+00	2.06566e+00	-1.00959e+00
4.68815e+00	2.61996e-01	1.35458e+00	-1.70707e+00
1.66864e+00	-1.58492e+00	4.99570e+00	3.38230e-01
4.82309e+00	-2.20922e+00	1.57687e-01	-1.02704e+00
7.63283e-01	-2.47653e+00	1.65720e-01	-2.48569e+00
3.40613e+00	-1.27177e+00	2.49382e+00	-1.46669e+00
4.63154e+00	-1.56646e+00	2.68140e-01	-2.38061e+00
7.48462e-01	-2.13158e+00	1.93705e+00	-7.60727e-01
3.91836e+00	-2.28584e+00	4.49313e-02	-7.50871e-01
2.71279e+00	-2.18888e+00	1.83694e-01	-2.44262e+00
2.29906e+00	-1.84286e+00	1.34596e+00	-1.31308e+00
3.49069e+00	-7.10874e-01	1.38385e+00	1.30074e+00
4.11571e+00	-2.43549e+00	2.99184e+00	1.01785e+00
5.58376e-01	-2.35155e+00	7.74918e-01	-1.73424e-01
1.61309e+00	-2.44636e+00	2.54162e+00	-1.66963e+00
3.95849e+00	-2.30722e+00	6.84103e-01	-1.01797e+00
1.30387e+00	-6.50733e-04	3.31081e+00	-2.14018e+00
2.19716e+00	-1.63880e+00	2.14306e+00	2.59152e-01
9.78827e-01	-2.24853e+00	2.74314e+00	-2.01661e+00
4.54780e+00	-1.56283e+00	2.85177e+00	-3.43154e-01
5.50832e-01	-2.39014e+00	2.43846e+00	-9.15472e-02
3.55652e+00	-2.17069e+00	1.27110e+00	-1.32214e+00
1.15921e+00	-2.39226e+00	2.77014e+00	1.39890e+00
8.09848e-01	6.35948e-02	1.08118e+00	-1.72699e+00
3.70402e+00	-1.46440e+00	1.64357e+00	-1.26478e+00
3.07359e+00	-1.80019e+00	1.02140e+00	1.73763e+00
4.80352e-01	-2.39609e+00	4.53294e+00	-5.96803e-01
4.69745e+00	-2.41633e+00	4.30241e+00	-6.67843e-01
4.92344e+00	-2.36281e+00	3.32790e+00	1.53842e+00
1.37532e+00	-2.40070e+00	6.57579e-01	-7.32598e-01
2.29343e+00	-1.73786e+00	1.95071e-01	-1.33912e+00
4.57393e+00	-6.38237e-02	4.17891e+00	-1.60405e+00
2.90418e-04	-2.47985e+00	4.34358e-01	-2.39012e+00
1.94378e+00	-2.15324e+00	2.22884e+00	-3.69036e-01
9.01764e-01	-1.98306e+00	4.80799e+00	-9.27857e-01
2.16417e+00	-1.45087e+00	3.06429e+00	1.90198e+00
2.38442e+00	-2.38244e+00	2.70999e-01	-2.09308e+00
2.40932e+00	-1.97903e+00	1.29392e+00	1.11993e+00
1.61850e+00	-1.96193e+00	3.89416e+00	1.46906e-01
2.61239e+00	-1.06090e+00	1.82639e+00	-1.84567e+00
1.28604e+00	-1.16783e-01	4.42874e-02	-2.33710e+00
6.93295e-01	-6.35930e-01	4.19166e+00	-1.00140e+00
1.89084e-01	5.33755e-02	2.72930e+00	-2.27929e+00
1.06939e+00	-1.88048e+00	5.95140e-01	-1.01911e+00
4.22970e+00	-1.14397e+00	4.61335e+00	1.72266e+00
3.75247e+00	-1.96247e+00	2.92772e+00	-3.74359e-01
3.54850e+00	-1.72457e+00	8.81026e-01	8.99070e-01
4.25377e+00	-2.39233e+00	7.54648e-01	-2.25251e+00
2.57331e+00	-1.88659e-01	4.31662e+00	-2.11163e+00
3.57974e+00	-2.20848e+00	4.80524e-01	6.37984e-01
3.14377e+00	-1.99411e+00	3.34588e+00	-5.55661e-01
2.48012e+00	-2.29060e+00	1.22591e+00	-7.61979e-01
3.94895e+00	-2.49901e+00	2.30903e-01	1.51317e+00
1.62754e+00	2.87303e-01	4.66079e+00	-1.54362e+00
4.98697e+00	-1.24910e+00	1.03762e+00	-2.12355e+00
6.60707e-01	-2.31436e+00	1.72385e+00	-1.12059e+00
3.02063e+00	-2.44515e+00	4.05757e+00	3.14582e-01
1.82804e-01	-2.41673e+00	8.23755e-01	-2.01295e-01
2.39879e+00	3.78245e-01	2.38724e+00	-1.17583e+00
1.20092e-02	2.76256e-01	4.34777e+00	1.78880e+00
1.93821e+00	-2.08363e+00	4.52214e+00	2.03333e+00
3.79817e+00	-2.39336e+00	2.57701e+00	2.21343e+00
2.34731e+00	-1.26935e+00	7.27621e-01	2.20704e-01
1.45566e+00	-2.38158e+00	2.88145e+00	7.57488e-01
1.16670e+00	-2.32376e+00	1.77217e+00	1.50672e+00
2.27094e+00	-1.80817e+00	2.14065e+00	-1.18416e+00
8.26733e-01	-2.46206e+00	1.10908e+00	2.81462e-01
3.71245e+00	3.28117e-01	2.58134e-01	-2.42586e+00
4.00688e+00	7.82415e-01	5.55192e-01	-1.81663e+00
2.59751e+00	-2.24148e+00	3.00435e+00	2.33398e-01
2.68949e+00	-4.13086e-01	2.16947e-01	-2.43382e+00
1.83035e+00	-2.41965e+00	1.63358e+00	3.53117e-02
1.00578e-01	-1.97492e-01	1.24380e+00	-9.82437e-01
2.07859e+00	5.34517e-01	1.35673e+00	1.72968e+00
4.19463e+00	-1.31893e-01	1.84899e+00	4.81622e-01
