# No. of particles = 100 
# Proton - Solar wind	Electron - Solar wind	
1.16461e+00	-2.26325e+00	6.45881e-01	-1.45673e+00
2.91822e+00	-1.58978e+00	3.99575e+00	2.31886e+00
4.12244e+00	-8.84229e-01	2.60618e+00	-1.64140e+00
7.43858e-01	-2.42883e+00	6.49400e-02	-2.45902e+00
1.08545e-01	-2.46257e+00	8.43618e-01	-1.75051e+00
1.61584e+00	-2.42776e+00	3.16994e-01	-2.00013e+00
1.28441e+00	-2.33357e+00	4.39766e+00	1.30184e+00
4.29710e-01	-2.45177e+00	9.03098e-01	-2.16083e+00
3.70693e+00	-1.75866e+00	2.31010e+00	1.65883e-01
9.94574e-01	-2.42741e+00	8.14287e-01	-1.20330e-01
4.79624e+00	1.09291e+00	6.78097e-01	-1.16839e+00
1.47669e+00	-1.91140e+00	6.25168e-01	2.05854e+00
7.45131e-01	-2.38078e+00	9.69956e-01	-2.47277e+00
4.79578e+00	-1.45597e+00	1.24193e+00	-1.83759e+00
1.41882e+00	-2.49747e+00	4.58063e+00	-2.28465e+00
2.81187e+00	-2.07643e+00	1.11857e-01	-9.97476e-01
3.63894e-01	-2.43469e+00	8.83189e-01	1.00456e+00
1.72626e+00	-3.04417e-01	4.57104e-01	-1.90679e+00
2.78049e+00	-1.30524e+00	1.36825e-01	-2.41874e+00
3.40547e+00	-2.33995e+00	2.39132e+00	-2.23886e-01
1.13233e+00	-2.27085e+00	4.54625e+00	-9.73119e-01
8.54956e-01	-2.31669e+00	8.39347e-01	-1.13379e+00
2.21646e+00	-2.27429e+00	1.71826e-01	-2.14200e+00
1.81152e+00	-2.21189e+00	1.24131e+00	-2.50391e-01
1.01395e+00	-2.37277e+00	4.48835e+00	1.19874e+00
5.00944e-01	-2.36355e+00	1.16591e+00	-1.53730e+00
1.81345e+00	-2.43859e+00	4.75977e-01	-1.82784e+00
4.73571e+00	-4.11859e-01	3.48065e+00	1.60415e+00
1.96617e+00	-2.09579e+00	9.45516e-01	4.00624e-01
1.26736e+00	-2.29514e+00	3.98204e+00	-1.89802e+00
1.82252e+00	-2.20762e+00	2.22144e+00	-2.32687e+00
2.57373e+00	-2.09395e+00	2.58309e+00	6.75446e-01
2.62803e+00	-2.49863e+00	2.65397e+00	1.86515e+00
9.39218e-01	-1.20689e-01	4.22360e+00	-5.90872e-01
1.57135e+00	-2.26279e+00	1.06383e+00	4.06539e-01
1.69519e+00	-2.34854e+00	2.19726e+00	-1.28942e+00
2.11419e+00	-2.90780e-02	1.31284e-01	-2.31481e+00
2.32808e+00	-1.25002e+00	2.32904e+00	-1.89844e+00
1.29943e+00	-5.88209e-01	2.33243e+00	-4.31640e-01
1.89026e+00	-2.38408e+00	3.89724e+00	-1.39101e+00
3.92241e+00	-1.09504e+00	3.80638e+00	7.64972e-01
4.94297e-02	-2.47562e+00	1.41768e+00	-2.03730e+00
9.78330e-02	-2.44190e+00	2.07156e+00	1.11960e+00
1.85960e+00	4.53376e-01	4.50531e+00	6.97910e-01
2.16128e+00	-1.17773e+00	9.37367e-01	-1.95224e+00
9.92609e-01	-1.97000e+00	4.23547e+00	2.81812e-01
1.51171e+00	-4.81808e-01	2.54293e+00	-7.90083e-01
2.62471e+00	7.84151e-02	1.94877e+00	1.55978e-01
1.23170e+00	8.67015e-01	4.46084e-01	-1.85914e+00
1.51444e+00	-2.32848e+00	1.65575e+00	-1.76984e+00
2.72910e+00	-1.76544e+00	3.03795e+00	-6.28436e-01
2.62175e-02	-7.48558e-02	4.94550e-03	-2.36517e+00
8.30018e-01	-2.33769e+00	4.15962e-01	-2.29532e+00
8.02982e-01	-8.46030e-01	2.36063e+00	1.53563e-01
2.77656e-01	-2.37854e+00	3.13086e-01	-2.10032e+00
9.71596e-01	4.11123e-01	1.43531e+00	9.43687e-01
1.12817e+00	1.42715e+00	2.22640e+00	2.54535e-01
2.29617e+00	-2.78757e-01	1.92772e+00	1.15759e+00
1.23013e+00	-2.27089e+00	3.52032e+00	-9.84231e-01
1.69501e+00	-1.10770e+00	2.09988e+00	-1.54192e+00
1.37087e+00	3.10117e-01	4.40340e+00	7.11003e-01
4.90729e+00	5.08208e-02	4.17567e+00	8.14782e-01
3.55291e-01	5.05180e-01	3.60474e-01	-2.18906e+00
1.81554e+00	-1.17597e+00	1.11497e+00	4.64645e-01
1.10428e+00	-9.19209e-01	3.45111e+00	6.27608e-01
2.08896e+00	-2.45087e+00	5.98162e-01	4.32974e-01
9.86312e-01	5.65906e-01	6.73362e-01	-1.02709e+00
1.04198e+00	-2.25402e+00	4.01576e+00	1.11508e+00
2.84312e+00	-4.18321e-01	2.62686e+00	1.47704e+00
2.15724e+00	-1.10719e+00	1.89864e-01	-1.66898e+00
1.54744e+00	-5.30505e-01	5.91986e-01	-2.23564e+00
1.24655e+00	-2.25994e+00	8.53742e-01	7.30819e-01
2.00825e+00	-4.11102e-01	3.25091e+00	8.98401e-02
7.58880e-01	-2.28538e+00	2.88687e+00	2.02916e+00
1.65503e+00	3.52949e-01	1.50278e+00	1.37597e+00
2.54893e+00	5.61219e-01	1.72277e+00	1.59944e+00
2.59884e+00	6.50970e-01	6.19516e-01	-1.65826e+00
2.41648e+00	-2.42400e+00	1.86875e+00	8.68832e-01
1.87578e-01	3.43463e-01	1.10302e+00	-1.30786e+00
2.81518e+00	-2.29963e+00	3.76550e+00	-2.46646e+00
2.11788e+00	1.63233e+00	3.81779e+00	1.05370e+00
3.50042e-01	-2.48588e+00	3.04644e+00	1.19908e+00
6.95438e-01	-2.33584e+00	3.74840e+00	2.17610e-01
1.54400e+00	-2.10915e+00	2.03557e+00	-1.81532e+00
7.41599e-01	-2.48967e+00	4.55140e+00	5.76539e-01
7.90134e-01	-5.39926e-01	4.73956e-01	-2.01383e+00
1.13692e+00	4.59060e-01	2.18461e+00	-2.40305e-01
1.21889e+00	-2.08337e+00	1.89329e+00	-1.83725e+00
2.33693e+00	-1.83097e+00	3.92897e-01	-1.63078e+00
1.73686e-02	-2.40698e+00	1.46671e+00	2.18797e-01
2.21056e+00	-2.23978e+00	1.64557e-01	-2.36250e+00
1.56045e+00	-1.91115e+00	4.04952e+00	7.02652e-01
9.12619e-01	2.61853e-01	3.57376e-01	-2.18676e+00
1.05739e+00	-2.45209e+00	1.22164e+00	-1.97999e+00
1.45761e-01	3.49329e-01	4.24379e+00	-5.38169e-02
1.15283e+00	5.21603e-01	3.78855e+00	1.09371e+00
1.40255e+00	7.06287e-01	3.42558e+00	-6.99436e-01
1.13211e+00	-2.36990e+00	2.45304e+00	-4.22687e-01
1.80892e+00	-2.31510e+00	9.73389e-01	-7.78068e-01
1.80350e+00	-2.38085e+00	9.01144e-02	-1.99707e+00
