# No. of particles = 100 
# Proton - Solar wind	Electron - Solar wind	
4.22754e+00	-1.46221e+00	3.13906e+00	2.06227e+00
1.39504e+00	-2.14057e+00	3.89961e-01	-6.33994e-02
4.49737e+00	-1.60481e+00	2.39383e-02	-2.46611e+00
5.70519e-01	-2.41420e+00	3.82044e+00	-1.73747e+00
3.66413e+00	-2.44976e+00	1.87464e+00	-1.92277e+00
2.09885e+00	-2.23127e+00	9.43081e-01	-6.45653e-01
1.21384e+00	-2.25125e+00	1.80050e+00	-1.82213e-01
3.06171e+00	-2.05275e+00	1.91356e+00	-5.57311e-01
2.21453e+00	-2.07788e+00	2.15289e+00	-2.00572e+00
3.23520e-01	-2.24383e+00	1.86891e+00	1.15743e-01
4.48772e+00	1.82760e+00	3.58806e+00	6.71700e-01
7.29072e-01	-2.31157e+00	5.27921e-01	1.96551e-01
1.78545e+00	-1.04492e+00	1.88915e+00	-7.24500e-01
4.51444e+00	-2.41613e+00	6.68635e-01	-1.87149e+00
4.81981e+00	-9.62337e-01	1.90174e+00	-9.95508e-01
2.78888e+00	-1.84765e+00	1.21403e-01	-2.32602e+00
4.64421e+00	-2.47173e+00	1.60791e-01	-2.49563e+00
3.89485e+00	-2.09840e+00	6.50452e-01	-8.87093e-01
2.40302e+00	-2.49311e+00	3.27034e+00	2.43592e+00
3.49859e+00	-2.35732e+00	4.48202e+00	-7.72479e-02
7.59748e-01	-2.21385e+00	6.61741e-01	-1.88039e+00
6.62916e-01	-2.21032e+00	3.87773e-01	1.39053e+00
2.21487e+00	-1.23400e+00	4.12605e+00	1.79042e+00
8.42098e-01	-2.38545e+00	1.36724e+00	-1.17255e+00
4.91554e+00	-2.21351e+00	2.27201e-01	-2.39879e+00
4.64507e+00	-9.31744e-01	3.48906e+00	-9.33173e-01
8.62241e-01	-2.39239e+00	2.28668e-01	-3.03270e-01
3.89239e+00	-1.99274e+00	4.04593e+00	1.47543e+00
1.22952e+00	-2.46476e+00	2.02744e-01	-1.83089e+00
4.94745e+00	-2.38088e-01	5.66764e-02	-2.42851e+00
3.98642e-01	-2.20926e+00	5.27039e-01	-1.71104e+00
1.09194e+00	-2.28690e+00	1.13912e+00	-1.26397e+00
2.32801e+00	-2.17502e+00	1.02010e-01	-2.40460e+00
3.05617e+00	-1.52388e+00	4.75983e+00	2.10478e+00
8.51133e-01	-2.25848e+00	1.57770e+00	-1.58668e+00
1.25991e+00	-2.28445e+00	9.32239e-01	-1.28463e+00
5.38984e-01	-2.37309e+00	3.04340e+00	9.95552e-01
6.47073e-01	-2.23203e+00	4.22636e+00	1.26978e+00
7.69556e-01	2.44453e-01	2.77502e+00	-1.97762e+00
1.86660e-01	-2.44700e+00	5.99057e-01	-2.62793e-01
2.14338e+00	-2.20745e+00	3.13929e-01	-2.27616e+00
5.39548e-01	-2.45993e+00	2.62860e+00	1.28535e+00
1.95112e+00	-1.63586e+00	1.46159e+00	3.99244e-01
3.46042e+00	-1.68554e+00	3.41979e+00	1.57164e+00
5.51667e-01	-2.27977e+00	9.87535e-01	-1.13205e+00
3.62993e+00	1.09413e-01	9.28494e-01	-2.43774e+00
8.55352e-01	-5.68966e-01	2.05372e+00	-2.10730e+00
2.87683e+00	-2.20416e+00	1.70257e+00	-1.54857e+00
4.73037e+00	-2.20345e+00	3.47557e+00	1.25844e-01
7.27046e-01	-2.33572e+00	4.22730e+00	-1.91457e+00
2.38457e+00	-2.27997e+00	1.41726e+00	1.40253e+00
2.36255e+00	-2.14073e+00	9.08945e-01	1.66926e+00
5.31232e-01	-2.18725e+00	2.89981e+00	-1.43558e-01
3.03521e-01	1.08113e-01	1.03598e+00	-5.01400e-01
3.80755e+00	-1.41347e+00	1.67250e+00	-2.11804e+00
1.58553e-02	-2.45588e+00	4.02561e+00	1.75242e+00
1.30207e+00	-2.24242e+00	1.66047e+00	4.03089e-01
1.81832e+00	-2.39904e+00	2.77428e-01	-2.22845e+00
3.50308e-01	-2.37687e+00	1.39550e-01	-2.25416e+00
3.71483e+00	-5.96984e-01	1.05389e+00	-1.23695e-01
4.91757e+00	-1.27896e+00	1.12114e+00	-2.38223e+00
4.63597e-01	-2.25138e+00	1.47555e+00	-1.55303e+00
3.45705e-01	-2.41786e+00	2.57178e+00	-2.37998e+00
2.69557e+00	-2.42136e+00	9.53496e-01	-1.72688e+00
4.15405e+00	-2.24435e+00	6.16814e-01	3.90763e-01
1.70807e+00	-2.41529e+00	7.58085e-01	-2.23018e+00
5.13953e-01	2.90413e-01	1.82795e+00	-1.07997e+00
2.04873e+00	-2.33305e+00	6.21206e-01	-7.05997e-01
2.39052e+00	-2.29037e+00	9.87113e-01	-1.36035e-02
1.05424e+00	-2.08517e+00	1.25412e+00	1.21541e+00
1.70051e+00	-1.79088e+00	1.13824e+00	-8.05535e-01
1.19392e+00	8.31668e-02	7.08852e-01	-2.28668e+00
1.61362e+00	-2.40287e+00	2.19294e+00	-6.77542e-02
4.57141e+00	-1.56611e+00	4.08980e+00	6.89913e-01
4.89252e+00	-1.42247e+00	1.67012e+00	-1.59129e+00
1.77328e-01	-2.47946e+00	2.28966e+00	7.14757e-02
1.19050e+00	-2.23058e+00	9.27789e-01	-1.05416e+00
1.11095e+00	2.11418e-01	2.59171e+00	2.09411e+00
4.31347e+00	9.27315e-01	3.87198e+00	2.47501e+00
3.18984e+00	-1.47840e+00	1.10762e+00	-4.75332e-01
2.02738e+00	-2.16988e+00	3.35721e+00	1.84152e-02
2.90186e+00	-1.60005e+00	2.27261e+00	-3.73540e-01
4.28134e+00	-7.97742e-01	2.89414e+00	-1.45634e+00
2.86687e+00	-1.45602e+00	1.43894e+00	-8.28690e-01
2.37373e+00	-1.30524e+00	3.23621e+00	-2.09220e+00
4.19813e+00	-1.78174e+00	3.27272e-01	2.01675e+00
3.29213e+00	-2.20080e+00	4.06377e+00	-5.28491e-01
7.88826e-01	-2.32468e+00	6.00767e-01	-3.55987e-01
2.68078e+00	-3.48170e-02	7.82156e-01	-7.76328e-01
4.22222e+00	-2.36509e+00	3.71633e+00	-2.31840e+00
4.30562e+00	-2.37670e+00	3.31113e+00	2.22587e+00
1.49130e+00	-2.05414e+00	2.09314e+00	1.05865e-01
3.61672e+00	1.32330e+00	3.25765e+00	-6.03380e-01
4.48772e-02	-2.47025e+00	9.38645e-01	-9.24361e-01
2.68010e-01	-2.26267e+00	2.65619e+00	-2.03578e+00
4.58872e+00	-2.07069e+00	1.51681e+00	-1.89561e+00
1.57557e+00	-2.11063e+00	4.75936e+00	-1.03921e+00
1.50942e+00	-2.39135e+00	1.54327e+00	-3.03934e-01
2.78385e+00	-1.47874e+00	1.10586e+00	-9.51396e-01
1.25567e-01	-2.28378e+00	1.17747e+00	-1.21055e+00
