# No. of particles = 100 
# Proton - Solar wind	Electron - Solar wind	
1.53704e+00	-2.40448e+00	3.91755e-02	-2.32491e+00
3.24567e-01	-2.40817e+00	4.44250e-01	-2.40406e+00
1.56452e-01	-2.33707e+00	4.46198e+00	2.23882e+00
1.85885e+00	-2.30862e+00	2.31736e+00	-1.42633e+00
1.14455e-01	-2.31610e+00	2.65859e+00	-4.95807e-01
1.73689e+00	-2.19244e+00	1.47323e+00	-1.54880e+00
1.55291e+00	-2.30408e+00	1.29018e+00	-1.66026e+00
2.06786e+00	-2.39522e+00	4.32164e+00	1.38915e+00
3.50405e+00	-1.34560e+00	2.81767e+00	1.30265e+00
2.22273e-01	-2.25480e+00	1.21687e+00	-9.99041e-01
4.76146e+00	-1.78995e+00	6.42370e-02	2.14523e+00
9.55181e-01	-2.10000e+00	1.79099e+00	1.69123e+00
7.69408e-01	-2.37632e+00	2.27365e-01	-2.44584e+00
6.85409e-01	-2.27891e+00	4.17769e+00	6.36202e-01
1.86966e+00	-1.44093e+00	3.00962e+00	-5.89191e-01
1.58737e+00	-1.80450e+00	2.15991e+00	-8.59912e-01
1.69816e+00	-2.43748e+00	2.83187e+00	-2.15139e+00
1.62350e+00	-2.10598e+00	1.71601e+00	1.79238e+00
1.94800e+00	-1.18584e+00	1.70051e-01	-2.34640e+00
2.75319e+00	-1.95308e+00	1.85258e+00	-1.76920e+00
1.48724e+00	-2.05850e+00	6.61371e-01	-2.36111e+00
1.41459e+00	-2.05766e+00	1.05224e+00	-2.11635e+00
2.02888e+00	-1.93348e+00	3.33668e+00	-8.04095e-01
1.68632e+00	-2.10912e+00	2.20473e+00	1.82987e+00
1.55183e+00	-1.93237e+00	4.89562e+00	7.12078e-01
2.41212e+00	-1.02592e+00	1.71881e+00	7.49263e-01
1.73113e+00	-1.53482e+00	3.66613e+00	-5.28550e-01
1.90457e+00	-1.96244e+00	4.27527e+00	-6.03128e-01
1.79449e+00	-1.81310e+00	2.23786e+00	-1.71614e+00
1.59757e+00	-1.25211e+00	3.94994e-01	-2.41030e+00
1.59398e+00	-1.95233e+00	2.77061e+00	4.98335e-01
2.15933e+00	-1.11238e+00	2.83567e-01	-2.06998e+00
2.04940e+00	-1.35942e+00	7.00004e-01	-2.14331e+00
1.33456e+00	-1.70491e+00	3.98844e+00	-1.16362e+00
1.56127e+00	-1.62733e+00	2.17753e+00	-6.96519e-01
1.85444e+00	-1.59449e+00	2.34770e+00	1.82354e+00
1.60032e+00	-1.77599e+00	2.90139e+00	-2.37622e-01
2.10300e+00	-6.70808e-01	1.05924e+00	1.46952e+00
1.55003e+00	-9.76266e-01	4.58005e+00	1.64591e+00
1.63438e+00	-1.03683e+00	2.25293e+00	-1.82857e+00
2.59088e+00	-8.11906e-01	3.73110e-01	6.39603e-01
1.57093e+00	-8.07276e-02	2.60480e+00	1.94491e+00
1.24771e+00	-8.86183e-01	2.24745e+00	-2.09937e+00
1.56406e+00	2.49112e-01	4.96333e+00	-5.94187e-01
2.08383e+00	-4.24873e-01	1.82623e+00	-1.98277e+00
1.49742e+00	-3.95991e-01	3.13644e+00	-2.39584e-02
1.60172e+00	-6.79729e-01	4.88478e+00	-5.58136e-01
6.46956e-01	-3.23396e-01	2.51183e+00	2.32147e+00
1.58143e+00	2.79247e-02	3.36579e-01	-5.54407e-01
1.87326e+00	-1.25397e-01	1.13129e+00	1.62950e-01
1.76092e+00	6.62822e-02	3.50408e+00	-5.85007e-01
1.27550e+00	4.33855e-01	4.78875e+00	-2.23289e+00
1.39945e+00	1.75510e-01	2.87597e+00	-2.14963e+00
1.50917e+00	3.17158e-01	4.01782e-01	-1.31797e+00
1.27276e+00	1.96163e-02	4.71247e+00	1.73521e+00
1.46607e+00	1.01038e+00	4.46690e-01	2.54488e-01
1.54660e+00	2.01642e-01	1.95713e+00	-6.53709e-01
1.86029e+00	1.89268e-01	2.20481e+00	1.98261e+00
1.80233e+00	-1.51693e-01	1.90840e+00	-2.92084e-01
2.43485e+00	3.81611e-01	1.33808e+00	-2.05514e+00
1.61195e+00	1.96179e-01	3.76360e+00	-1.93724e+00
1.21366e+00	2.32535e-01	1.29625e+00	-2.47680e+00
1.30581e+00	-1.88185e-01	2.72141e+00	-1.69943e+00
1.83956e+00	-3.63422e-01	8.36207e-02	-3.95684e-01
1.68717e+00	-2.97284e-01	4.46136e+00	-1.36930e+00
1.81475e+00	2.11917e-01	4.65555e+00	-7.18351e-01
1.47478e+00	6.15030e-01	8.36340e-01	-1.51943e-01
1.51114e+00	7.71891e-01	1.34844e+00	-1.88286e+00
1.87128e+00	1.45522e+00	1.73723e+00	-5.58534e-01
1.86350e+00	7.23015e-01	4.28124e-01	-9.80896e-01
2.22661e+00	1.64801e+00	2.56912e+00	1.04457e+00
1.58838e+00	1.12721e+00	2.50512e-01	1.59706e+00
1.80154e+00	1.11567e+00	3.34965e+00	1.61092e+00
1.43366e+00	5.79069e-01	2.39051e-01	-2.48493e+00
1.57674e+00	6.10186e-01	2.01651e+00	-1.43816e+00
1.83766e+00	-1.28288e-01	1.06973e+00	-1.42803e+00
1.88710e+00	1.11213e+00	2.72112e-02	-2.25960e+00
1.93161e+00	1.34538e+00	2.32032e+00	-1.15038e+00
1.27546e+00	7.27233e-01	3.85603e+00	2.20828e+00
2.06611e+00	8.29876e-02	1.43158e+00	-1.48598e+00
1.52713e+00	1.61573e+00	2.11455e+00	1.40758e+00
1.56276e+00	2.02092e+00	1.13679e-01	-2.15909e+00
1.38627e+00	1.84415e+00	4.61901e-02	-2.24630e+00
1.56074e+00	1.65519e+00	1.15477e+00	-6.08644e-01
1.37546e+00	1.72409e+00	2.19553e+00	-6.62463e-01
1.66452e+00	1.37931e+00	4.26352e+00	-1.66904e+00
1.50020e+00	1.12319e+00	1.31271e+00	2.40206e+00
1.48117e+00	1.60029e+00	2.96688e+00	1.32438e+00
1.95817e+00	1.65190e+00	2.95194e+00	7.92116e-01
1.07314e+00	1.70445e+00	2.68891e+00	2.23534e-01
1.27509e+00	1.82941e+00	2.26805e+00	5.60196e-02
1.64921e+00	1.39119e+00	9.24485e-01	1.60158e+00
1.39156e+00	2.12780e+00	9.07641e-01	-2.28189e+00
1.46747e+00	1.55683e+00	7.82225e-01	-6.02063e-01
1.68025e+00	1.58990e+00	3.16495e+00	1.31518e-01
1.58920e+00	2.11089e+00	2.62735e+00	7.02790e-01
1.55666e+00	1.73905e+00	4.51829e+00	6.30188e-01
9.14351e-02	-2.40975e+00	3.47095e+00	-6.38728e-01
1.71456e+00	2.08826e+00	1.19550e+00	-2.83430e-01
1.69876e+00	2.13742e+00	2.56536e+00	-2.24301e+00
