# No. of particles = 100 
# Proton - Solar wind	Electron - Solar wind	
3.45586e+00	-1.90818e+00	1.56516e-01	-2.32321e+00
4.43670e-01	-2.13750e+00	1.95955e+00	-7.95593e-01
7.96032e-01	-2.25153e+00	4.75212e+00	3.70877e-01
1.14968e+00	-2.37911e+00	3.51134e+00	-7.05376e-01
2.19009e+00	-1.28516e+00	3.69125e+00	1.72065e+00
3.78964e+00	-2.49425e+00	3.64673e-01	-2.34331e+00
3.73797e+00	-2.37506e+00	1.46008e-01	-9.97820e-01
1.36270e+00	-2.05577e+00	3.69571e-01	-1.02837e+00
1.06966e+00	-2.21377e+00	2.36810e+00	1.89319e+00
3.46231e+00	-2.37534e+00	2.94774e+00	-2.11855e+00
1.35207e+00	-1.39296e+00	1.29649e-01	-1.33221e-01
3.94684e+00	-1.05394e+00	1.40050e+00	-1.39118e+00
2.37868e+00	-2.01961e+00	3.20060e-01	-1.27122e+00
2.32516e+00	-2.22354e+00	2.90889e+00	1.18687e+00
2.66949e+00	-2.39187e+00	1.75750e+00	-1.94896e+00
6.99063e-01	-2.30395e+00	1.39351e+00	-2.14581e+00
2.93087e+00	-2.23061e+00	2.41649e+00	1.84649e+00
1.31743e-01	-2.28308e+00	1.21188e+00	2.48368e+00
8.36772e-01	-2.29993e+00	3.75016e+00	-3.81819e-01
3.93678e-01	-2.32219e+00	3.88956e+00	7.02155e-01
3.73255e+00	-2.29330e+00	3.45089e+00	1.96153e-01
3.47872e+00	-2.43266e+00	7.07380e-02	-2.34058e+00
4.43656e+00	-2.29317e+00	2.07432e+00	2.18190e-01
4.11240e+00	-1.79436e+00	1.02165e+00	-1.93099e+00
3.41293e+00	-2.27637e+00	5.39877e-01	-2.06599e+00
2.37730e+00	-2.15404e+00	6.73368e-01	-6.15737e-01
4.27727e+00	-2.44278e+00	1.84317e-01	-1.37209e+00
2.76763e+00	4.24362e-01	4.72461e+00	-9.63093e-01
4.43558e+00	-1.87958e+00	1.12906e+00	-2.29284e+00
3.45499e+00	-2.29484e+00	2.57662e+00	2.29972e-01
4.24713e+00	-2.01220e+00	1.08000e+00	-9.26281e-01
4.91120e+00	-1.95285e+00	8.18300e-02	-2.25242e+00
1.45280e+00	-2.31632e+00	9.00687e-01	-1.86050e+00
3.82316e+00	-1.81352e-01	1.57385e+00	1.92645e+00
4.48247e+00	-2.29921e+00	3.43494e-04	-2.43212e+00
3.67024e+00	-2.21163e+00	1.38818e+00	-1.58887e+00
4.58424e+00	5.42550e-02	9.31542e-01	-1.15552e+00
4.52468e+00	-3.20582e-01	2.30448e+00	9.33165e-02
3.79703e+00	-1.51577e-01	3.59404e+00	1.12744e+00
4.93402e+00	-2.23005e+00	2.47160e+00	-1.33506e+00
1.54149e+00	-2.05527e+00	1.63842e+00	-2.14549e+00
3.37204e+00	-1.63499e+00	7.51815e-01	-5.45435e-01
3.22167e+00	-8.62942e-01	2.15289e+00	1.94503e+00
2.86483e-01	-2.36349e+00	3.90514e-02	-2.20113e+00
4.03772e+00	9.09987e-02	1.28167e+00	-8.79112e-01
3.24487e+00	-1.09613e+00	3.51683e+00	-2.04042e+00
4.10276e+00	-5.54514e-01	1.23482e+00	3.77402e-01
3.64981e+00	2.88015e-01	7.11239e-01	-2.33541e+00
3.40700e+00	7.70946e-01	1.93082e+00	2.86345e-01
3.89015e+00	-2.15011e+00	1.21375e+00	-1.91135e+00
8.18802e-01	-1.04620e+00	1.14410e+00	2.40013e+00
1.88179e+00	1.18394e-01	6.63929e-03	-2.37237e+00
3.06977e+00	-1.80182e+00	2.26326e+00	-1.51387e+00
2.70353e+00	-3.82960e-01	4.20485e+00	-3.19729e-01
1.33058e+00	-2.36604e+00	5.61639e-01	3.93320e-02
2.77115e+00	6.29722e-01	1.81841e+00	-1.75555e+00
3.30045e+00	2.33237e+00	2.23260e+00	1.85395e+00
4.95138e+00	-5.40078e-01	4.04135e+00	-7.96926e-01
3.70100e+00	-2.17769e+00	3.39621e-01	-2.21329e+00
3.19866e+00	5.65782e-03	2.52800e+00	-1.60352e+00
3.66351e+00	2.90154e-01	2.45792e+00	-1.29851e+00
3.21030e+00	-1.71388e+00	2.73823e-01	-2.33257e+00
2.86481e+00	1.70333e-01	1.51275e+00	-7.59899e-01
3.88650e+00	3.94904e-01	2.27100e+00	-8.00686e-01
2.17797e-01	-2.36300e+00	5.19025e-01	-5.81221e-01
4.51934e+00	-2.38801e+00	5.63548e-01	-2.54415e-02
3.31917e+00	1.47374e-01	2.87183e+00	-4.57284e-01
3.20552e+00	-1.94549e+00	2.82695e+00	-2.07824e+00
8.38169e-01	8.44456e-01	1.44402e-01	-1.12702e+00
4.63542e+00	-1.06407e+00	8.65173e-01	-2.14456e+00
4.47124e+00	-3.71362e-01	2.02069e+00	-2.28613e+00
4.01772e+00	-2.24364e+00	1.50572e+00	1.51582e+00
4.49901e+00	-4.47109e-01	8.49939e-01	-2.15458e+00
2.85682e+00	-2.11400e+00	2.17473e+00	-1.58007e+00
4.66654e+00	1.56642e+00	2.83248e+00	-1.58869e+00
4.95490e-01	-2.41841e+00	9.81509e-02	-2.45062e+00
4.70787e-01	-2.33346e+00	4.30414e+00	1.06446e+00
7.65415e-03	-2.38429e+00	1.13451e+00	-5.88520e-01
2.56571e+00	-9.38876e-01	2.27932e+00	-1.49524e+00
5.09790e-01	1.99562e-01	6.34495e-01	-3.62838e-01
4.55684e+00	1.72465e+00	1.06728e+00	-1.49431e-03
2.35408e+00	-2.16202e+00	5.68525e-01	-2.00103e+00
3.17407e+00	-2.21535e+00	2.32497e+00	-2.94280e-01
4.05629e+00	-1.37298e+00	3.47642e+00	-8.89440e-01
1.72960e+00	-2.07397e+00	1.84337e-01	-1.97954e+00
3.86347e+00	-5.07098e-01	7.32539e-01	-5.07700e-01
3.59765e+00	4.58100e-01	9.70600e-01	1.58370e+00
4.04519e+00	-1.73397e+00	2.23703e+00	-1.58323e+00
4.80751e+00	-1.19584e+00	1.31212e+00	6.63111e-02
1.92507e+00	-2.22080e+00	3.17171e+00	-7.19738e-01
4.35006e+00	-2.06738e+00	3.83973e-01	-1.76878e+00
3.99326e+00	-1.36260e+00	2.42280e+00	3.27475e-01
4.03389e+00	-4.97894e-01	3.83963e+00	7.15534e-01
3.59455e+00	-2.42438e+00	6.32459e-01	-2.36323e+00
3.21117e+00	4.35685e-01	6.92265e-02	-2.24547e+00
3.16640e+00	6.97445e-01	1.41794e-01	-2.01617e+00
4.07077e+00	1.75428e-01	3.56381e+00	-6.54068e-01
2.03227e+00	-2.40934e+00	2.45871e+00	-9.45799e-01
4.31443e+00	-2.20336e+00	7.26434e-01	-7.22788e-01
4.38049e+00	-2.41220e+00	1.88922e+00	-2.30743e+00
