# No. of particles = 100 
# Proton - Solar wind	Electron - Solar wind	
5.61523e-01	-2.18600e+00	1.75765e+00	2.60255e-01
2.96222e+00	-1.97606e+00	3.65180e-01	-2.33251e+00
6.58905e-01	-1.49408e+00	1.62408e+00	7.65913e-01
5.57672e-01	-2.26038e+00	3.37850e-01	-9.49976e-02
3.30311e-01	-2.14813e+00	4.32479e+00	-1.30367e+00
4.16770e+00	-1.96163e+00	2.48902e+00	1.61029e+00
2.81258e+00	-2.10559e+00	4.31717e+00	5.23448e-01
4.17912e+00	-1.99078e+00	4.52697e+00	-2.24765e+00
3.85416e+00	-1.79944e+00	1.67903e+00	-1.91205e+00
1.88671e+00	-2.17173e+00	1.74750e+00	-2.37641e+00
4.15816e-01	-2.19877e+00	8.92609e-01	9.69557e-01
2.63595e+00	-2.46251e+00	8.17031e-01	-1.60540e+00
2.79206e+00	-3.61972e-01	3.99511e+00	-2.60832e-01
1.38749e+00	-2.19572e+00	1.89309e+00	-1.43996e-01
1.03267e+00	-2.37043e+00	2.23770e+00	-7.18164e-01
4.60489e+00	-1.58660e+00	9.22528e-01	-1.46181e+00
1.14221e+00	-6.05935e-01	3.26288e+00	2.41621e+00
3.26525e-01	-2.30205e+00	3.74715e-01	-2.39155e+00
2.60498e-02	-2.35671e+00	1.17408e+00	-2.19325e+00
4.20259e+00	-2.36820e+00	8.88642e-01	-9.07228e-01
2.45085e+00	-1.94270e+00	2.15109e+00	-1.54158e-01
2.55807e+00	-2.00903e+00	6.39539e-02	-7.49404e-01
3.72724e+00	-3.78063e-01	3.30252e+00	2.57156e-01
2.29779e+00	-2.18153e+00	1.20581e+00	-1.43209e+00
1.32001e+00	-1.67536e+00	2.57028e-01	-3.94011e-01
7.15912e-01	-2.34675e+00	7.37624e-01	-1.15049e+00
2.41494e+00	-2.41789e+00	4.42162e+00	-2.10496e+00
1.68449e-01	-2.49347e+00	2.64028e-01	-2.33071e+00
8.41416e-01	-2.19499e+00	2.61314e+00	1.76141e+00
1.32294e+00	1.90162e-01	3.43114e+00	-1.78376e+00
2.06322e+00	-2.08151e+00	4.44077e+00	-2.19136e+00
2.59356e+00	-2.28690e+00	1.46146e+00	-1.85392e+00
3.21815e+00	-2.09680e+00	1.28317e-01	-1.91140e+00
4.44741e+00	-1.05303e+00	3.65533e+00	1.25016e+00
2.28441e+00	-2.31704e+00	9.46491e-01	-2.42658e+00
3.68126e+00	-2.24020e+00	2.07646e+00	1.40782e+00
6.95217e-01	-2.45519e+00	4.62910e+00	-1.07147e-01
2.24009e+00	-2.02801e+00	9.73752e-02	-2.38740e+00
2.48309e+00	-1.36945e-01	5.75639e-01	-3.75824e-01
1.65649e+00	-2.01410e+00	1.41853e+00	2.31051e+00
3.45356e+00	-2.07434e+00	4.73594e+00	-1.51866e+00
1.99128e+00	-2.40886e+00	2.28717e+00	-2.07907e+00
3.43559e+00	-8.87349e-01	5.28118e-01	-1.17815e+00
4.92494e+00	-1.31716e+00	7.86668e-01	-2.08912e+00
2.34267e+00	-1.72319e+00	3.92085e+00	8.22241e-01
4.78926e+00	1.51863e-01	4.94622e+00	-9.64903e-02
2.40750e+00	-7.28270e-01	4.60351e+00	-1.35589e+00
4.16049e+00	-2.09419e+00	3.82257e+00	-2.17645e+00
8.90937e-01	-2.26230e+00	2.34829e+00	-1.87087e+00
2.06068e+00	-1.98033e+00	4.49757e+00	1.58297e+00
3.91853e+00	-2.30081e+00	2.98590e+00	5.87078e-01
3.78749e+00	-1.94293e+00	3.80785e+00	-1.29298e+00
1.98700e+00	-1.56389e+00	3.77673e+00	-1.14285e+00
1.12238e+00	1.38856e-01	3.23929e+00	1.16462e-01
4.89174e+00	-1.11755e+00	2.82774e+00	-7.41756e-01
1.33011e+00	-1.92667e+00	2.33275e+00	-1.18854e+00
3.14435e+00	-1.98714e+00	2.32978e-02	-2.39725e+00
3.20818e+00	-2.38222e+00	1.05342e+00	-8.44417e-01
8.15252e-01	-2.46579e+00	2.89877e+00	-1.59357e+00
2.42471e-01	-2.40167e+00	3.40750e+00	-7.21240e-01
1.25829e+00	-7.19395e-02	2.37773e+00	-1.41994e+00
1.93687e+00	-2.24518e+00	4.84414e+00	-2.08184e-02
1.75191e+00	-2.43285e+00	2.41644e+00	-3.53089e-01
4.50755e+00	-2.44508e+00	1.65021e+00	1.22054e+00
6.74566e-01	-2.37572e+00	4.98584e+00	-4.56006e-01
3.54015e+00	-2.36277e+00	4.97126e-01	1.35868e+00
2.46315e+00	2.53562e-01	3.59978e-01	-2.06580e+00
3.46534e+00	-2.39236e+00	4.42565e+00	-2.02537e-02
3.82202e+00	-2.26679e+00	2.90046e+00	-3.37223e-01
2.61927e+00	-1.76682e+00	1.56223e+00	-1.08841e+00
3.24419e+00	-1.23459e+00	8.52200e-01	9.25825e-01
2.89085e+00	-4.53365e-01	3.40906e-01	-2.10883e+00
3.25527e+00	-2.48639e+00	8.78609e-02	-2.37227e+00
1.09855e+00	-2.40390e+00	1.43574e-01	-2.37867e+00
1.25955e+00	-2.37922e+00	3.47184e+00	-2.04356e+00
5.24061e-01	5.87472e-01	1.40371e+00	-1.25453e+00
3.10634e+00	-1.90180e+00	1.69076e+00	1.63231e+00
2.42895e+00	3.39012e-01	2.82875e-01	-2.08303e+00
9.32137e-01	-2.36773e+00	2.16566e+00	-9.61214e-01
1.40928e-01	-2.31382e+00	3.52267e+00	1.30776e-01
3.54149e+00	-2.11341e+00	1.85888e+00	4.22713e-01
4.24989e+00	-1.29760e+00	4.70085e+00	-6.73393e-01
6.42715e-01	-6.82686e-02	1.24309e+00	-3.07775e-01
4.22068e+00	-9.60462e-01	5.23934e-01	2.08926e+00
3.67975e+00	-7.67989e-01	1.32514e+00	1.69632e+00
4.15308e-01	-2.92598e-01	1.28826e+00	-7.66199e-01
4.21147e+00	-2.11725e+00	5.13110e-01	-1.95796e+00
2.32621e+00	-2.32101e+00	3.12448e+00	2.40206e+00
4.51532e+00	2.47612e-01	5.71319e-01	-1.54896e+00
2.73792e-01	-2.36568e+00	8.76690e-01	-1.70518e+00
5.68873e-01	-2.44921e+00	4.31300e+00	1.86085e+00
3.28961e+00	-1.54789e+00	3.03443e+00	-1.52806e+00
4.54228e+00	1.64646e+00	1.68424e+00	-1.14905e+00
8.11096e-01	1.56708e+00	1.12530e-01	-2.20146e+00
1.83360e+00	-2.31593e+00	1.67698e+00	-1.95804e+00
5.08839e-01	-2.46556e+00	3.91128e+00	-1.88798e+00
3.71182e+00	-1.64404e+00	1.85672e+00	-1.81489e+00
3.07170e+00	-2.33099e+00	4.63203e+00	3.80157e-02
4.90352e+00	-8.13546e-01	1.92960e+00	-1.55370e+00
1.62630e+00	-1.36378e+00	2.00026e+00	-2.20346e+00
