# No. of particles = 100 
# Proton - Solar wind	Electron - Solar wind	
1.31940e+00	-2.08726e+00	5.03208e-02	-2.16713e+00
3.80810e+00	-1.88727e+00	1.14473e+00	-1.90486e+00
1.53708e+00	-1.32265e+00	3.30879e+00	2.10801e-01
1.20692e+00	-2.30023e+00	1.05375e+00	-1.90573e+00
1.05368e+00	-1.66418e+00	1.94751e-01	-2.47683e+00
8.83194e-02	-2.29213e+00	1.50168e+00	2.14240e+00
3.67569e+00	-2.02710e+00	1.82054e-01	-2.33170e+00
4.78302e+00	-1.95741e+00	3.40001e-01	-2.27442e+00
4.73996e+00	-1.64909e+00	2.94019e+00	-1.64383e+00
2.73082e+00	-2.13315e+00	3.79170e+00	1.54000e+00
1.24285e+00	-2.13102e+00	3.21973e-01	-1.55774e+00
5.03225e-01	-2.48800e+00	1.48631e+00	-7.95622e-01
3.33580e+00	7.03208e-03	2.81451e+00	1.93060e-02
2.45528e+00	-2.16620e+00	2.72472e+00	7.30440e-01
1.75692e+00	-2.37592e+00	7.27097e-02	-2.09233e+00
4.40288e-01	-2.48968e+00	2.75658e+00	5.42193e-01
1.95186e+00	-6.06172e-01	1.81426e+00	-1.70556e-01
1.16848e+00	-2.26488e+00	1.73164e+00	-1.78461e+00
4.32547e-01	-2.25080e+00	3.05164e+00	-1.06120e+00
4.58283e+00	-2.37413e+00	1.93967e+00	5.89485e-01
3.36401e+00	-1.79617e+00	2.83449e+00	7.30881e-01
3.58140e+00	-1.90029e+00	1.15362e-01	-9.60491e-01
4.54397e+00	8.41991e-02	1.22348e+00	-1.07233e+00
3.08385e+00	-2.07155e+00	7.24229e-01	-1.87308e+00
2.07826e+00	-1.30877e+00	1.43426e+00	-1.32731e+00
1.18053e+00	-2.31673e+00	1.08647e+00	-1.72501e+00
3.25340e+00	-2.43202e+00	5.18857e-01	-1.55786e+00
8.83808e-01	-2.42189e+00	1.18400e-01	-1.57187e+00
1.47428e+00	-2.06121e+00	3.17611e+00	2.24181e+00
2.17688e+00	1.95920e-01	3.84134e+00	1.63527e+00
2.96209e+00	-2.01268e+00	9.23740e-02	-6.53627e-01
3.40438e+00	-2.28717e+00	4.39777e+00	4.23025e-01
3.69869e+00	-2.05511e+00	3.62846e+00	-2.11384e+00
1.72364e-01	-2.47755e+00	4.33845e+00	-6.19464e-01
3.05839e+00	-2.34896e+00	1.50035e+00	1.91168e-01
4.98881e+00	-2.21733e+00	3.92804e+00	1.08164e-01
1.53210e+00	-2.45420e+00	2.69840e+00	-7.97855e-01
3.10031e+00	-1.91784e+00	5.33227e-01	-1.83487e+00
3.40860e+00	-3.42752e-01	4.72070e+00	-1.45814e+00
2.64255e+00	-1.86788e+00	2.55366e+00	-1.14259e-01
4.16104e+00	-2.00307e+00	4.85732e+00	1.39640e+00
2.77521e+00	-2.38195e+00	9.95500e-01	-2.26513e+00
4.23732e+00	-4.82946e-01	5.32383e-01	1.98707e-01
7.94499e-01	-2.19874e+00	4.46073e+00	-2.17542e+00
3.30984e+00	-1.42258e+00	1.00109e+00	1.80124e+00
5.14033e-01	-2.39768e+00	1.50634e+00	8.69042e-01
3.24577e+00	-8.14505e-01	9.78060e-01	2.00658e+00
4.85411e+00	-2.03489e+00	4.38668e+00	-1.61112e+00
1.47966e+00	-2.24880e+00	5.13028e-02	-2.48377e+00
2.78083e+00	-1.78841e+00	1.02919e+00	-1.68166e+00
4.74708e+00	-2.31300e+00	1.36080e-01	2.10995e+00
4.55736e+00	-1.83635e+00	1.36374e+00	-1.90483e+00
2.77318e+00	-1.22719e+00	2.13982e+00	-5.24867e-01
1.56458e+00	1.55272e-01	1.66016e+00	-1.42729e+00
7.22545e-01	-2.16170e+00	2.06541e+00	3.32184e-01
2.03973e+00	-1.64092e+00	4.72952e+00	-2.20538e+00
4.13882e+00	-1.84939e+00	4.44008e+00	-1.11543e+00
3.95863e+00	-2.37426e+00	4.51982e+00	-1.11620e+00
6.24966e-01	1.95906e-01	4.70374e+00	-1.41888e+00
1.05077e+00	-2.32827e+00	1.10212e+00	1.91039e+00
1.98032e+00	6.35643e-02	4.65382e+00	-3.13940e-01
2.73243e+00	-2.24225e+00	1.25207e+00	-2.13330e+00
2.51126e+00	-2.44164e+00	2.49810e+00	-5.03488e-01
4.72127e-01	-2.22421e+00	2.78538e+00	-4.47799e-03
1.53429e+00	-2.39114e+00	2.89261e+00	2.19018e+00
4.52947e+00	-2.33587e+00	6.50191e-01	-2.14312e+00
3.51569e+00	2.33533e-01	3.21998e+00	-6.79595e-01
4.23031e+00	-2.42589e+00	2.02631e+00	-1.48172e+00
4.59523e+00	-2.25506e+00	2.27875e+00	-8.15212e-02
3.46425e+00	-1.59483e+00	1.83358e+00	-1.67965e+00
4.07764e+00	-9.33976e-01	1.75474e+00	2.02417e+00
3.80744e+00	-7.43044e-01	1.38953e+00	-1.57587e+00
4.72921e-01	-2.07146e+00	1.65517e+00	-6.70238e-01
1.89595e+00	-2.41365e+00	3.59107e+00	-1.41588e+00
1.99317e+00	-2.35779e+00	4.62659e+00	-1.27928e+00
1.22613e+00	5.79358e-01	8.95229e-01	-2.05532e+00
4.14049e+00	-1.72427e+00	4.66795e-01	-2.09900e+00
3.14054e+00	4.07715e-01	1.45866e+00	-9.73883e-01
1.82782e+00	-2.34686e+00	6.99778e-01	-1.24053e+00
2.60144e-01	-2.41070e+00	8.67244e-01	-1.36823e+00
4.35916e+00	-2.08365e+00	5.27563e-01	-2.40817e+00
4.97802e+00	-1.13421e+00	3.21060e+00	-6.31878e-01
1.39094e+00	2.91652e-01	1.25504e+00	1.10337e+00
4.95172e+00	-6.92810e-01	6.89532e-01	-1.08467e+00
4.38512e+00	-4.77665e-01	6.41416e-01	-2.07992e+00
1.24042e+00	-3.64413e-01	5.20368e-01	-2.49619e+00
4.70821e+00	-2.07215e+00	1.95711e-01	-1.10655e+00
3.15639e+00	-2.31932e+00	1.49523e-01	-2.39699e+00
5.05162e-01	-2.29633e+00	3.99463e-01	2.94573e-01
5.07360e-01	-2.47799e+00	4.49092e+00	-1.03197e+00
1.09641e+00	-2.44186e+00	6.94143e-01	-1.99910e+00
4.26037e+00	-1.27436e+00	1.84374e+00	-3.80104e-02
5.44955e-02	-2.35500e+00	2.90425e+00	-5.75133e-01
1.38585e+00	1.56510e+00	2.33072e+00	-1.08361e+00
2.67901e+00	-2.34525e+00	3.98223e+00	-1.54619e+00
1.34126e+00	-2.41443e+00	4.60808e+00	-1.66428e+00
4.86537e+00	-1.39195e+00	4.56192e-01	-2.09008e+00
3.91521e+00	-2.29913e+00	1.70941e+00	2.18559e+00
1.06008e+00	-2.38825e+00	6.25983e-01	1.03159e+00
2.43661e+00	-8.66927e-01	1.86408e+00	-1.38976e+00
