# No. of particles = 100 
# Proton - Solar wind	Electron - Solar wind	
1.69250e+00	-2.05856e+00	2.76570e+00	-1.50406e+00
3.62088e+00	-1.45237e+00	2.80021e+00	2.15571e+00
2.86154e+00	-1.89011e+00	3.67022e+00	-1.79989e+00
2.92406e+00	-2.02801e+00	4.27854e+00	-1.75235e+00
4.15484e-01	-2.32670e+00	5.05324e-02	-2.45230e+00
2.85717e+00	-2.45943e+00	1.05582e+00	-7.04612e-01
3.25845e-02	-2.44633e+00	4.24726e-01	-2.18678e+00
8.81069e-01	-2.17375e+00	1.47582e-01	-1.11510e+00
4.47638e+00	-1.94557e+00	3.72622e-01	-2.49190e+00
2.31019e+00	-2.01053e+00	1.35496e+00	-2.22969e+00
3.10050e+00	4.03587e-01	3.30179e-01	-1.55286e+00
2.64558e+00	-2.37933e+00	3.09588e+00	-2.44948e+00
4.83020e+00	-1.47825e+00	4.58018e+00	-1.03750e+00
1.24989e+00	-2.38340e+00	2.57007e+00	-5.26195e-01
1.69424e+00	-1.83400e+00	2.07668e+00	-6.51197e-01
4.38011e+00	-1.69080e+00	3.01926e-01	-2.17484e+00
1.70767e+00	-2.48320e+00	3.01371e+00	-2.28786e+00
1.16991e+00	-2.24784e+00	1.27218e-01	1.00984e+00
4.81167e+00	-1.08435e+00	1.99151e+00	-1.32097e+00
2.12551e+00	-2.34021e+00	1.17651e+00	-1.70604e+00
2.65956e+00	-2.06566e+00	4.26646e-01	-2.20469e+00
2.44051e+00	-2.12960e+00	4.10017e+00	2.17595e+00
4.04899e+00	-4.86963e-01	2.33857e-01	-2.06817e+00
2.84216e+00	-2.14964e+00	1.37160e+00	-4.96837e-01
2.03587e+00	-2.31362e+00	2.83300e+00	2.07791e+00
3.70674e-01	-2.20801e+00	1.62938e+00	-2.06623e+00
2.92670e+00	-2.24199e+00	1.92652e+00	-2.22925e+00
1.50601e+00	-2.21823e+00	3.64194e+00	-7.93664e-01
3.11763e+00	-1.78748e+00	2.20196e+00	-6.85598e-01
1.98560e+00	-3.74114e-01	3.22806e-01	-2.22118e+00
2.66574e+00	-1.66330e+00	4.76310e+00	1.99733e+00
3.17633e+00	-2.36044e+00	2.20241e+00	-1.16923e+00
5.92525e-01	-2.32849e+00	1.76529e+00	-1.60184e+00
3.41061e-01	-2.44302e+00	8.29611e-02	1.13277e+00
2.81402e+00	-2.29348e+00	3.60298e+00	-2.39438e+00
2.43809e+00	3.70190e-01	4.72492e+00	-1.42196e-01
2.98130e+00	6.05693e-01	1.78828e+00	1.14767e+00
2.88781e+00	-1.92743e+00	2.79231e-01	-1.56632e+00
2.76230e+00	-4.47429e-01	1.39943e+00	-1.00746e+00
3.64654e+00	-2.28869e+00	9.91579e-01	-1.50819e+00
4.61204e+00	-1.06682e+00	2.60659e+00	-1.34330e+00
2.14509e+00	-1.44775e+00	1.80268e-01	-2.36052e+00
1.60029e+00	-2.43243e+00	1.29115e-01	-2.21845e+00
6.01451e-01	-2.40472e+00	2.00604e+00	-6.08440e-01
2.47849e+00	-1.02350e+00	6.91127e-01	9.20565e-01
1.36955e+00	2.71650e-02	1.43201e-01	-1.59067e+00
2.87848e+00	-2.28988e+00	3.45997e+00	-7.32763e-01
3.73651e-01	-2.41652e+00	2.70067e+00	-2.00712e+00
1.85155e+00	-2.23697e+00	1.63284e+00	7.75674e-02
2.66649e+00	-2.36792e+00	1.25223e+00	1.19746e-01
4.42011e+00	-1.56945e+00	4.56626e+00	-1.82545e+00
4.66297e+00	4.09365e-01	1.13776e+00	-2.32213e+00
2.07730e+00	-1.37490e+00	9.51949e-01	-1.47048e+00
8.75710e-02	-2.35058e+00	1.60554e+00	-1.53957e+00
1.69402e+00	-1.98901e+00	4.75831e-01	1.96985e+00
8.93331e-01	-2.31290e+00	2.02881e+00	7.30746e-01
3.16698e+00	-2.23198e+00	9.73652e-02	-1.64287e+00
3.94793e+00	-1.31407e+00	3.56605e-01	-2.25297e-01
2.42761e+00	-1.61976e+00	4.62129e+00	8.46136e-01
7.22792e-01	-4.09150e-01	4.09248e+00	1.48019e+00
2.14531e+00	-1.95027e+00	2.06080e+00	-2.10539e+00
2.45798e+00	-1.87563e+00	2.88584e+00	2.06880e+00
1.91727e+00	-2.46802e+00	9.82828e-01	-2.31094e+00
4.02050e+00	-2.76052e-01	6.74799e-01	-2.39635e+00
1.30701e+00	-2.35505e+00	2.23087e+00	-4.58564e-01
3.38368e+00	1.38220e-01	4.52002e+00	3.78747e-01
2.15767e+00	-2.18798e+00	2.18240e+00	-2.48874e+00
1.59815e+00	-2.48506e+00	3.45565e-01	-2.29382e+00
4.58670e+00	1.26997e+00	2.53945e+00	2.41919e+00
2.78825e+00	1.58903e+00	3.60618e+00	-2.02214e+00
3.59832e+00	-1.55479e-01	4.97847e+00	-2.44699e-02
3.01024e+00	-2.21655e+00	9.73602e-01	1.27539e+00
3.44407e+00	9.45710e-01	7.37067e-01	6.31198e-01
1.30779e+00	-1.20012e+00	2.06417e+00	-2.18828e+00
2.11501e+00	-1.91899e+00	2.08079e-01	-5.56882e-01
3.47704e+00	-1.79740e+00	3.52306e+00	-5.22986e-01
1.14800e+00	-2.39781e+00	1.21654e-01	-2.46704e+00
3.45632e+00	-2.20763e+00	1.89667e-01	-2.43809e+00
1.23304e+00	6.90207e-01	6.83550e-02	-2.03189e+00
4.41406e+00	-5.21994e-02	3.23947e+00	-9.40678e-01
3.88903e+00	2.33278e-01	4.91170e-01	-3.01754e-02
2.71866e-01	-2.19062e+00	7.38374e-03	-2.34053e+00
1.68067e+00	-4.77663e-01	1.97162e+00	-2.24331e+00
2.25410e-01	-2.42345e+00	4.20909e-01	-2.30740e+00
4.83302e+00	-1.56996e+00	3.67049e-01	6.56701e-01
2.04698e+00	-2.08690e+00	1.28437e+00	-2.07367e+00
1.49822e+00	-2.36672e+00	1.99669e+00	-8.57792e-01
2.85272e+00	-3.07210e-01	2.09402e-01	7.90463e-01
4.04597e+00	-2.21022e+00	9.39202e-01	-1.87258e+00
9.30933e-01	-2.27830e+00	3.79644e+00	-2.26229e+00
1.04780e+00	-2.47207e+00	1.86130e+00	1.16872e+00
3.06363e+00	-2.00864e+00	3.68916e+00	4.88912e-01
1.81184e+00	6.91303e-01	2.34018e+00	-2.06045e+00
2.23408e+00	-2.43241e+00	4.51895e-01	7.10558e-01
2.29269e+00	-3.11431e-01	1.37698e+00	-2.13035e+00
1.51458e+00	-2.19154e+00	1.22764e+00	-2.32911e+00
3.03901e+00	-2.07484e+00	1.88917e-01	-2.40875e+00
3.38244e+00	-2.47209e+00	1.85493e+00	-9.89886e-01
3.80767e+00	-1.99817e+00	2.32288e+00	-1.77995e-01
2.62512e+00	-5.72804e-01	2.73784e+00	7.05759e-01
