# No. of particles = 100 
# Proton - Solar wind	Electron - Solar wind	
1.34330e+00	-2.40789e+00	1.31075e-01	1.16075e-01
1.28617e-01	-2.39933e+00	6.23318e-01	-1.58146e-01
6.22173e-01	-2.49919e+00	3.67554e+00	1.35226e+00
1.62464e+00	-2.32392e+00	8.08492e-01	-2.18190e+00
8.93655e-01	-2.48503e+00	2.44688e+00	-7.72478e-01
1.51936e+00	-2.22706e+00	1.06944e+00	-1.79452e+00
1.35837e+00	-2.30696e+00	8.20602e-01	-3.34061e-01
1.88533e+00	-2.40827e+00	3.00623e+00	2.68098e-01
3.22172e+00	-1.49067e+00	2.48430e+00	7.18151e-01
4.97722e+00	-1.86923e+00	7.01084e-02	-2.41274e+00
4.60085e+00	-1.87952e+00	2.05239e-02	-2.35727e+00
7.13078e-01	-2.15792e+00	1.25671e+00	5.13754e-01
5.59277e-01	-2.39683e+00	2.77573e+00	-6.38104e-01
5.16316e-01	-2.31282e+00	3.22412e+00	-9.18309e-02
1.63526e+00	-1.48971e+00	2.32221e+00	-1.03068e+00
1.38846e+00	-1.81989e+00	4.88532e+00	1.94848e-01
1.48518e+00	-2.38567e+00	5.39303e-01	-2.41003e+00
1.42006e+00	-2.11102e+00	5.80528e-01	-9.16065e-01
1.70241e+00	-1.24599e+00	5.93664e-02	-8.32832e-01
2.40607e+00	-1.95621e+00	3.69174e-01	-2.39671e+00
1.30014e+00	-2.07049e+00	4.43506e-01	-2.40016e+00
1.23715e+00	-2.04027e+00	3.68674e+00	-2.32434e-01
1.77520e+00	-1.93652e+00	2.90709e+00	-7.92966e-01
1.47412e+00	-2.11137e+00	1.51090e+00	5.45101e-01
1.35678e+00	-1.93233e+00	2.39489e+00	-1.87516e+00
2.10797e+00	-1.11407e+00	7.47585e-01	-1.39566e+00
1.51379e+00	-1.54696e+00	1.93945e+00	-1.37742e+00
1.66609e+00	-1.88518e+00	3.68786e+00	-8.39417e-01
1.56959e+00	-1.78559e+00	3.99837e+00	8.56857e-01
1.39713e+00	-1.25632e+00	3.95037e+00	-1.38699e+00
1.39459e+00	-1.91543e+00	8.77089e-01	-1.39827e+00
1.88715e+00	-1.13859e+00	4.58663e-03	-2.31234e+00
1.79316e+00	-1.34608e+00	1.63221e+00	1.68740e+00
1.16766e+00	-1.66561e+00	1.99402e+00	-1.72356e+00
1.36517e+00	-1.62330e+00	4.95478e+00	2.45373e+00
1.62208e+00	-1.54760e+00	1.22129e-01	-2.48872e+00
1.39868e+00	-1.71555e+00	1.23376e-02	-2.26321e+00
1.83895e+00	-6.89413e-01	4.14265e+00	-4.50106e-01
1.35536e+00	-9.74085e-01	2.18205e+00	-4.45194e-01
1.43007e+00	-9.77247e-01	1.99382e+00	-1.89191e+00
2.26517e+00	-8.46281e-01	2.89906e-01	-3.11742e-01
1.37412e+00	-1.43525e-01	1.54612e+00	2.21750e-02
1.09123e+00	-9.03782e-01	3.96807e+00	2.36930e+00
1.36710e+00	1.76321e-01	3.26238e+00	-1.19082e+00
1.82293e+00	-4.39645e-01	1.56543e+00	1.65011e+00
1.31013e+00	-3.88517e-01	9.88325e-01	-1.60321e+00
1.39989e+00	-6.06182e-01	1.66213e+00	4.15476e-02
5.65528e-01	-3.39880e-01	1.94654e+00	1.12825e+00
1.38282e+00	1.48701e-02	2.55706e-01	-2.20829e-01
1.63797e+00	-1.74352e-01	8.09427e-01	1.57957e-01
1.54002e+00	4.28134e-02	3.31191e+00	2.41163e+00
1.11516e+00	3.87672e-01	2.64459e+00	6.28785e-02
1.22354e+00	1.89118e-01	6.45228e-01	-2.31951e+00
1.32051e+00	3.05408e-01	3.12400e+00	-1.11726e+00
1.11296e+00	2.69382e-02	7.57778e-01	2.28742e-01
1.28142e+00	9.25329e-01	3.79249e-01	-6.12320e-01
1.35188e+00	2.01077e-01	2.91255e+00	-1.22667e-01
1.62589e+00	2.17786e-01	1.67178e+00	9.28395e-01
1.57605e+00	-1.26261e-01	2.04524e+00	4.58345e-01
2.12855e+00	3.65115e-01	1.07406e-02	-2.10419e+00
1.40972e+00	2.08757e-01	2.08479e+00	-2.13180e+00
1.06170e+00	2.40104e-01	1.47743e+00	2.12707e+00
1.14176e+00	-1.02269e-01	4.06399e-02	-2.63201e-01
1.60846e+00	-3.06436e-01	1.37987e+00	-1.87614e+00
1.47461e+00	-2.45877e-01	4.88313e-01	1.03446e+00
1.58632e+00	1.96353e-01	1.32905e-01	-2.10159e-01
1.28893e+00	6.64464e-01	4.38902e-01	-1.34661e+00
1.32055e+00	7.66359e-01	9.01107e-01	4.30452e-01
1.63541e+00	1.37934e+00	4.79855e+00	2.20237e+00
1.62875e+00	7.35993e-01	3.32587e+00	1.08473e+00
1.94608e+00	1.57310e+00	1.14620e+00	-1.07763e+00
1.38872e+00	1.07424e+00	1.72291e+00	5.70003e-01
1.57529e+00	1.08219e+00	2.91056e+00	9.52613e-01
1.25275e+00	5.77558e-01	2.55401e+00	1.29158e+00
1.37915e+00	6.19612e-01	1.69221e+00	-1.63347e+00
1.60631e+00	-1.76102e-02	2.62761e-01	-6.19034e-01
1.64938e+00	1.09017e+00	4.13711e+00	-2.17480e+00
1.68834e+00	1.28488e+00	8.92672e-01	-2.46512e+00
1.11583e+00	7.14204e-01	1.66865e+00	-3.27235e-01
1.80750e+00	1.56040e-01	3.09610e+00	-1.46322e+00
1.33506e+00	1.54927e+00	5.51195e-01	5.02200e-02
1.36693e+00	1.93274e+00	3.53576e+00	6.95343e-01
1.21187e+00	1.81663e+00	1.18524e+00	4.63017e-01
1.36535e+00	1.65024e+00	4.04260e+00	6.08898e-01
1.20318e+00	1.71196e+00	5.44995e-01	-1.96329e+00
1.45547e+00	1.36905e+00	8.98545e-01	-2.36104e+00
1.31091e+00	1.12193e+00	1.08513e+00	1.65361e+00
1.29459e+00	1.59714e+00	2.17840e+00	1.92379e-01
1.71208e+00	1.63518e+00	2.38972e+00	1.09614e+00
9.38562e-01	1.67165e+00	2.07716e+00	2.13819e+00
1.11535e+00	1.76981e+00	6.59847e-01	-1.66970e+00
1.44236e+00	1.37832e+00	2.16712e+00	9.75824e-01
1.21669e+00	2.12215e+00	3.21044e+00	1.89695e-01
1.28225e+00	1.61426e+00	6.32005e-01	-8.14404e-01
1.46853e+00	1.62604e+00	2.41795e+00	-5.46627e-01
1.39032e+00	2.12150e+00	1.26095e+00	-1.00493e+00
1.36146e+00	1.73934e+00	2.14997e+00	-1.05865e+00
1.61561e+00	2.48797e+00	1.08058e+00	3.75198e-01
1.49885e+00	2.09205e+00	3.43863e-01	-5.47681e-02
1.48571e+00	2.12914e+00	5.28310e-01	-2.23282e+00
