# No. of particles = 100 
# Proton - Solar wind	Electron - Solar wind	
4.62922e+00	-1.72652e+00	1.77685e+00	1.62645e+00
1.52848e+00	-1.90350e+00	6.62813e-01	-1.41099e+00
1.50139e+00	-2.12790e+00	3.58565e+00	-1.22493e-01
6.34971e-01	-2.42221e+00	7.45351e-01	-2.17913e+00
3.25666e+00	-6.81785e-01	3.17760e+00	2.10430e+00
4.26351e-01	-2.39201e+00	2.87100e+00	-6.83129e-01
4.99477e+00	-2.39754e+00	8.17615e-01	3.54659e-01
3.18952e+00	-1.80417e+00	3.22634e+00	-1.58530e+00
2.23291e+00	-2.12176e+00	1.65566e+00	1.97080e+00
4.72623e+00	-2.35051e+00	1.78410e+00	2.19815e-01
1.94897e+00	-7.79792e-01	1.07697e+00	-1.86109e+00
2.11255e-01	-2.45371e+00	4.96128e+00	1.91645e+00
3.21542e+00	-1.83459e+00	5.77769e-01	-7.40695e-01
3.63742e+00	-2.13668e+00	2.30086e+00	-6.73497e-01
4.05831e+00	-2.38518e+00	3.69000e-01	-1.56819e+00
1.95614e+00	-2.09444e+00	3.40484e-02	-2.34755e+00
4.24549e+00	-2.12614e+00	2.28575e+00	-2.25998e+00
2.00719e+00	-2.39489e+00	1.08356e+00	-1.01791e+00
2.19415e+00	-1.88495e+00	4.10241e+00	-1.16244e+00
9.85026e-01	-2.32801e+00	1.56582e+00	-7.76149e-01
7.09442e-02	-2.31051e+00	2.87051e+00	1.06502e+00
4.82257e+00	-2.49405e+00	3.34864e-01	-1.95100e+00
8.46626e-01	-1.86267e+00	3.59936e+00	1.41427e+00
3.13044e-01	-2.26489e+00	1.63654e+00	-1.02214e+00
4.64157e+00	-2.22845e+00	5.74709e-01	-1.40609e-01
3.33846e+00	-2.04694e+00	4.59303e+00	-7.52675e-01
5.21812e-01	-2.23789e+00	1.15806e+00	1.95338e-01
4.30055e+00	7.01523e-01	6.92732e-01	-2.36848e+00
6.95969e-01	-2.33555e+00	1.43039e+00	1.72717e+00
4.57541e+00	-2.29621e+00	3.86129e+00	2.13212e-01
4.62240e-01	-2.21951e+00	2.08627e-01	-1.46236e+00
7.68571e-01	-2.25806e+00	3.36863e+00	1.90361e+00
3.11379e+00	-2.38317e+00	2.87446e+00	-2.25610e+00
1.45544e-01	-2.39906e+00	3.89892e-01	-9.77967e-01
1.97455e-01	-2.23824e+00	1.19078e+00	3.43455e-01
4.68203e+00	-2.14245e+00	4.12337e+00	-5.69772e-02
2.10948e-01	5.58235e-01	2.58789e+00	1.48250e+00
6.66513e-01	-2.17562e+00	3.55086e+00	1.38905e-01
7.67559e-02	-3.71268e-01	2.45546e+00	-4.87316e-01
1.21046e+00	-2.29499e+00	4.71052e+00	1.44225e+00
2.59005e+00	-1.71791e+00	4.58057e+00	1.89815e+00
7.31105e-02	-2.34062e+00	1.02160e+00	3.65180e-01
4.91182e+00	3.38460e-02	3.22815e+00	-1.96298e+00
2.08435e+00	-1.73379e+00	3.95538e+00	9.79916e-01
4.99874e+00	7.40769e-01	2.60895e-01	-2.45598e+00
4.39793e+00	-6.48251e-01	2.58432e-01	-2.36121e+00
4.22272e-01	-2.27899e+00	3.85544e-01	-1.86591e+00
4.17477e+00	3.95339e-01	3.87644e+00	3.19299e-01
4.52097e+00	7.21595e-01	3.59968e+00	1.27448e+00
1.18769e-01	-2.23061e+00	2.88690e+00	-1.40496e+00
2.04866e+00	-1.22541e+00	1.77953e+00	-1.35310e+00
2.83201e+00	2.17533e-01	9.35867e-01	-1.41824e+00
4.21651e+00	-1.52701e+00	4.40730e-01	-2.31701e+00
3.67711e+00	-1.45895e-01	3.24054e+00	-2.17206e+00
2.52755e+00	-2.49226e+00	4.41507e-02	-1.19379e+00
3.69284e+00	7.41612e-01	2.46980e+00	-1.77137e+00
7.80910e-01	-2.27332e+00	1.48257e+00	2.01955e+00
1.31303e+00	-2.42208e-01	4.96725e+00	3.09432e-01
4.96679e+00	-2.13083e+00	3.57246e+00	-3.63372e-01
3.96872e+00	5.75899e-01	4.12060e+00	-1.02384e+00
4.83754e+00	2.79629e-01	2.80878e+00	-4.62582e-01
4.93656e+00	-1.31853e+00	2.10543e+00	-1.88023e+00
4.15051e+00	-1.40898e-03	1.02595e+00	-1.00622e+00
4.94713e+00	1.19933e+00	4.29977e-01	-1.11006e+00
1.48458e+00	-2.43648e+00	1.63489e-01	-2.24860e+00
8.10266e-01	-5.82688e-01	2.74027e+00	2.49088e+00
4.51407e+00	-6.70491e-02	4.28988e+00	8.77805e-01
4.31322e+00	-1.78746e+00	3.12320e+00	-1.28698e+00
2.11819e+00	9.90558e-01	2.01122e-02	-1.63543e+00
6.96821e-01	-2.49716e+00	3.60728e+00	-8.95761e-01
9.04629e-01	-4.82774e-01	2.80511e+00	-1.59050e+00
4.12935e-01	-2.32627e+00	2.02209e+00	1.41094e+00
8.32750e-01	1.35418e+00	3.65206e+00	-2.35263e-01
3.93116e+00	-2.02603e+00	6.27001e-01	-2.36914e+00
1.04168e+00	-2.48737e+00	2.63686e-01	-1.99150e+00
4.55012e-01	-2.25173e+00	2.00048e+00	4.95092e-01
1.68024e+00	-2.42101e+00	5.64120e-01	-2.77449e-01
1.18520e+00	-2.32357e+00	1.44626e+00	-3.19410e-01
3.78395e+00	-1.59592e+00	1.26349e+00	3.50526e-01
1.84289e+00	1.13284e-01	1.82709e-01	-2.21117e+00
9.80415e-01	1.07522e+00	1.36713e+00	-9.90146e-01
3.63081e+00	-2.12187e+00	3.14565e+00	-1.51365e-01
4.44336e+00	-2.15442e+00	1.51409e+00	-5.25315e-01
3.19139e-01	-2.37604e+00	3.64224e-01	1.51100e+00
2.78906e+00	-1.90175e+00	1.04263e+00	-1.02131e+00
2.61416e-01	-2.34008e+00	6.93341e-01	-1.47732e+00
4.85783e+00	4.57357e-01	1.01483e+00	-1.29687e+00
4.28765e-01	-3.08921e-01	4.74341e+00	-8.86356e-01
8.74031e-01	-2.33738e+00	3.08134e+00	-8.67859e-01
3.27946e+00	-2.07921e+00	3.99099e+00	-1.86898e+00
4.76328e-01	-2.42381e+00	1.48455e+00	-5.15915e-01
2.84706e-01	-2.38335e+00	4.66505e+00	-2.71316e-01
3.12195e-01	1.66324e-01	1.55093e+00	-5.17871e-01
4.89408e+00	-2.41199e+00	1.38139e+00	-1.42784e+00
4.78151e+00	4.79789e-01	2.25236e+00	-2.00637e-01
4.19766e+00	7.87330e-01	4.58309e-01	-1.95835e+00
4.26081e-01	-2.30468e+00	2.37473e-01	-9.34527e-01
2.49330e+00	-2.42990e+00	1.83530e+00	1.30142e+00
7.43127e-01	-2.25852e+00	7.34210e-01	-1.96971e+00
5.64377e-01	-3.55820e-01	3.89754e+00	-5.53249e-01
