# No. of particles = 100 
# Proton - Solar wind	Electron - Solar wind	
3.28071e+00	-2.37422e+00	7.93149e-02	-2.36452e+00
2.08813e+00	-2.48775e+00	7.62261e-01	9.36362e-01
1.62530e+00	-1.79890e+00	3.60372e-01	1.67999e+00
3.96687e+00	-2.17118e+00	4.69093e-01	2.19386e+00
1.95439e+00	-2.33541e+00	6.87916e-02	-2.32735e+00
3.69476e+00	-1.88097e+00	4.50677e+00	2.43818e-01
3.30377e+00	-2.27847e+00	7.28869e-02	-2.40533e+00
3.71064e+00	-2.27791e+00	5.40708e-02	-2.08530e+00
7.21973e-01	-2.25805e+00	2.09122e-01	-2.34160e+00
2.46219e+00	-1.55319e+00	2.32425e-01	-2.43108e+00
1.58996e+00	-1.31845e+00	9.85034e-02	-2.45106e+00
3.13404e+00	-1.57881e+00	3.53863e+00	-6.26584e-01
2.66061e+00	-2.19164e+00	2.36157e-01	7.82882e-02
2.20736e+00	-1.97374e+00	5.50185e-01	-9.49307e-01
3.97920e+00	-1.00177e+00	4.19138e-01	-1.83955e+00
3.37761e+00	-1.66573e+00	1.04118e+00	-2.01194e+00
1.83092e+00	-2.04513e+00	8.62724e-01	-7.81199e-01
3.45442e+00	-2.06070e+00	3.09935e+00	-2.71828e-01
4.15855e+00	-6.44176e-01	2.50234e+00	-1.41037e+00
4.82220e-01	-2.40509e+00	3.26620e-01	1.46874e+00
3.17104e+00	-1.95043e+00	2.45025e+00	-1.72670e+00
3.01141e+00	-2.21398e+00	3.26569e+00	-3.90380e-01
4.31234e+00	-1.90601e+00	1.82082e+00	-2.09294e+00
3.59616e+00	-2.08896e+00	3.17522e+00	5.54956e-01
3.30719e+00	-1.93248e+00	2.88685e+00	3.68450e-01
1.09752e-01	-2.42086e+00	2.20738e+00	-7.63980e-01
3.68720e+00	-1.42538e+00	1.28676e+00	1.80946e-01
5.85422e-01	-2.25282e+00	2.80093e+00	7.17873e-01
3.81882e+00	-2.06059e+00	3.07547e+00	-2.25226e+00
3.40158e+00	-1.21405e+00	2.21201e+00	-2.01312e+00
3.38849e+00	-2.28424e+00	1.08858e+00	-2.24442e+00
4.60920e+00	-8.76190e-01	2.81740e+00	1.02339e+00
4.35541e+00	-1.47922e+00	1.55000e+00	-1.12182e+00
2.83672e+00	-2.05852e+00	1.45425e+00	-9.11517e-01
3.32608e+00	-1.66332e+00	4.70808e+00	-1.24860e+00
3.94579e+00	-2.01647e+00	9.07690e-01	4.58402e-02
3.41510e+00	-2.31979e+00	2.96577e-01	-2.02062e+00
4.47970e+00	-5.03088e-01	3.67927e+00	6.66021e-01
3.30237e+00	-9.96007e-01	4.15130e-01	-3.52963e-01
3.47335e+00	-1.57301e+00	4.33195e+00	-1.54631e+00
4.61138e-01	-2.46628e+00	2.06023e+00	1.50500e+00
3.34257e+00	4.84530e-01	3.99222e-01	-1.51293e+00
2.65628e+00	-7.28019e-01	1.59593e+00	-1.70660e-01
3.33711e+00	9.04464e-01	1.29994e+00	-4.25470e-01
4.43212e+00	-2.91693e-01	5.04231e-01	-1.60591e+00
3.18333e+00	-4.63447e-01	6.10650e-01	5.60830e-01
3.41854e+00	-1.34172e+00	3.57280e-01	-1.88605e+00
1.37962e+00	-1.74941e-01	4.24585e+00	-1.90301e+00
3.36919e+00	1.45437e-01	1.45977e+00	-2.35276e+00
3.99146e+00	3.15490e-01	3.79091e+00	-8.02628e-02
3.74955e+00	2.77659e-01	2.10351e+00	-1.52761e+00
2.71869e+00	8.49602e-01	1.60848e+00	-8.76888e-01
2.98276e+00	5.31282e-02	3.99277e+00	-7.08915e-01
3.20729e+00	4.23078e-01	1.27275e-01	7.19737e-01
2.71098e+00	-4.61435e-02	1.63172e+00	3.48235e-01
3.12840e+00	1.77603e+00	2.10604e-01	-1.73364e+00
3.29929e+00	2.06814e-01	3.02456e+00	-1.62959e+00
3.97045e+00	-6.71852e-02	2.17556e+00	-1.33725e+00
3.83934e+00	-3.80473e-01	2.07645e+00	-2.28804e+00
2.12441e-01	-2.46628e+00	3.11316e-01	9.50632e-01
3.43233e+00	8.30376e-02	3.90257e+00	2.79611e-01
2.58131e+00	1.64584e-01	9.50550e-01	-1.50495e+00
2.78221e+00	-9.61440e-01	5.10707e-01	-8.75929e-01
3.91984e+00	-8.76149e-01	1.09921e+00	-1.70819e+00
3.60062e+00	-7.59992e-01	7.01540e-01	-1.92174e+00
3.87129e+00	3.52195e-01	1.07514e+00	-1.05912e+00
3.14762e+00	1.70375e-01	1.76883e+00	2.24953e+00
3.22686e+00	8.22097e-01	1.13783e+00	-6.51158e-01
3.99465e+00	2.13790e+00	4.71471e+00	-9.81436e-01
3.97698e+00	6.06612e-01	1.60760e+00	1.63354e+00
4.75115e+00	2.32146e+00	3.39905e-01	-9.41937e-01
3.38592e+00	1.60417e+00	1.92370e+00	1.57280e+00
3.83858e+00	1.41712e+00	1.93825e+00	2.12249e+00
3.06202e+00	5.92906e-01	2.46032e+00	1.24697e+00
3.35541e+00	5.25697e-01	4.61399e+00	-2.07086e-01
3.92023e+00	-1.12421e+00	8.00738e-01	-2.36609e+00
4.02734e+00	1.30978e+00	2.06306e+00	2.12612e-01
4.12147e+00	1.88966e+00	1.68617e-01	-2.37922e+00
2.71231e+00	8.44554e-01	7.11016e-01	-2.30210e+00
4.39395e+00	-5.74260e-01	4.83396e+00	-2.87333e-01
3.25617e+00	2.21370e+00	2.73482e+00	-1.14341e+00
1.44897e+00	-2.34898e+00	2.09609e+00	1.80281e-01
2.95610e+00	2.09176e+00	1.35253e+00	2.01753e-01
3.31971e+00	1.69955e+00	3.29344e-01	-1.31257e-01
2.92637e+00	1.83318e+00	1.35266e+00	1.84843e+00
3.54667e+00	1.47175e+00	1.74017e+00	-4.60978e-01
3.20428e+00	1.13482e+00	4.89694e+00	-1.67215e+00
3.16092e+00	1.62851e+00	1.30757e+00	1.49014e+00
4.17340e+00	1.80185e+00	1.35153e+00	1.71442e+00
2.28448e+00	1.99965e+00	4.24317e-01	-1.79106e+00
2.71294e+00	2.36597e+00	4.32883e+00	-1.21044e+00
3.51156e+00	1.50719e+00	1.43704e-02	1.38404e+00
2.96555e+00	2.17840e+00	1.56073e-01	-1.70493e+00
3.13496e+00	1.03993e+00	2.24053e+00	7.14511e-01
3.58641e+00	1.26460e+00	1.03150e+00	-1.68454e+00
3.37947e+00	2.01481e+00	7.01774e-01	7.58337e-01
3.31391e+00	1.73615e+00	1.64180e+00	-9.93946e-01
3.99960e-02	-2.31991e+00	3.44932e+00	1.06473e+00
3.65630e+00	2.05345e+00	4.49231e-01	1.13730e+00
3.61651e+00	2.21121e+00	4.60156e+00	-1.41177e+00
