# No. of particles = 100 
# Proton - Solar wind	Electron - Solar wind	
1.89472e+00	-2.39825e+00	1.64452e+00	1.37541e-01
6.86318e-01	-2.42455e+00	4.94610e+00	-2.69591e-01
4.57727e-01	-2.22664e+00	4.03357e+00	-4.03816e-01
2.29125e+00	-2.28042e+00	1.08148e-01	-1.84990e+00
4.91860e-01	-2.32006e+00	3.18462e+00	-4.75465e-03
2.13850e+00	-2.12854e+00	2.19434e+00	-1.16159e+00
1.91207e+00	-2.29882e+00	1.17394e+00	-1.51693e+00
2.40483e+00	-2.37115e+00	1.24415e+00	-1.45367e+00
4.02527e+00	-1.07779e+00	3.53930e+00	2.41833e+00
6.81700e-01	-2.11085e+00	3.52657e+00	2.46540e+00
9.15815e-02	-2.44490e+00	5.54885e-01	3.30899e-01
1.40215e+00	-1.99309e+00	2.69830e+00	-1.86013e+00
1.15734e+00	-2.33853e+00	2.47898e-02	-2.48083e+00
9.97581e-01	-2.21634e+00	8.89631e-01	-1.17932e+00
2.30238e+00	-1.35083e+00	4.41668e+00	2.24723e-01
1.95462e+00	-1.77604e+00	9.38448e-01	1.01373e+00
1.50842e-01	-2.21387e+00	1.24056e+00	5.05019e-01
1.99908e+00	-2.09668e+00	1.14728e-01	6.29667e-01
2.40140e+00	-1.07474e+00	2.51513e+00	-7.98935e-01
3.39401e+00	-1.94731e+00	4.61453e+00	-6.83324e-01
1.83267e+00	-2.03634e+00	1.06315e+00	-2.19315e+00
1.74217e+00	-2.08974e+00	1.84168e-01	-2.14730e+00
2.49726e+00	-1.92782e+00	4.25531e+00	-8.43110e-01
2.07809e+00	-2.10496e+00	1.92059e-01	-2.20570e+00
1.91193e+00	-1.93240e+00	1.44084e-01	1.12409e+00
2.97358e+00	-8.63133e-01	2.95285e+00	-7.21116e-01
2.13240e+00	-1.51236e+00	2.29374e+00	-1.99644e+00
2.34487e+00	-2.10506e+00	7.56280e-01	-2.94448e-01
2.20972e+00	-1.86383e+00	3.89653e+00	-1.76280e+00
1.96764e+00	-1.24429e+00	3.28042e+00	-1.29712e-01
1.96209e+00	-2.02039e+00	1.89333e+00	-1.14041e+00
2.66181e+00	-1.06395e+00	8.23057e-01	-1.58030e+00
2.52241e+00	-1.38397e+00	2.52853e+00	-9.46919e-01
1.64272e+00	-1.77745e+00	1.58312e-01	-2.44424e+00
1.92330e+00	-1.63471e+00	9.92121e-01	-1.43229e+00
2.28342e+00	-1.68101e+00	1.06268e-01	-2.26438e+00
1.97260e+00	-1.88751e+00	2.09235e+00	1.81047e+00
2.59047e+00	-6.36436e-01	1.69218e+00	-1.87351e+00
1.90950e+00	-9.80288e-01	2.62447e+00	-4.21700e-01
2.01162e+00	-1.14681e+00	2.70237e+00	-1.76538e+00
3.19212e+00	-7.48424e-01	3.75077e-01	2.41745e+00
1.93431e+00	3.51994e-02	4.51770e+00	-2.16270e+00
1.53668e+00	-8.53697e-01	2.43408e+00	-1.73763e+00
1.92769e+00	3.83502e-01	4.10319e-01	7.44616e-01
2.56550e+00	-3.97596e-01	2.28931e+00	-2.28973e+00
1.84324e+00	-4.09800e-01	3.76064e+00	1.02336e+00
1.97440e+00	-8.15518e-01	7.76479e-01	-7.85505e-01
7.97299e-01	-2.92909e-01	7.73862e-01	-1.91544e+00
1.94812e+00	5.20199e-02	4.92980e-01	-1.25662e+00
2.30768e+00	-3.50308e-02	1.71681e+00	1.17646e-01
2.16877e+00	1.09597e-01	2.31509e+00	8.12383e-01
1.57152e+00	5.19135e-01	3.71850e+00	-2.36266e+00
1.72422e+00	1.50401e-01	2.99618e+00	2.16640e-01
1.85747e+00	3.38861e-01	3.10666e+00	2.14790e-01
1.56779e+00	6.12198e-03	7.59354e-01	1.90880e+00
1.80698e+00	1.16742e+00	4.50481e-01	1.79424e+00
1.90610e+00	2.02687e-01	1.45371e-01	-1.65713e+00
2.29306e+00	1.36611e-01	6.65830e-01	-4.68340e-01
2.22012e+00	-1.98659e-01	8.17402e-01	-4.06553e-01
3.00033e+00	4.12074e-01	1.21000e+00	2.06746e+00
1.98532e+00	1.72957e-01	4.31513e+00	1.53703e+00
1.49421e+00	2.18586e-01	2.78761e+00	-1.37879e-01
1.60869e+00	-3.46783e-01	2.70623e+00	1.01238e+00
2.26624e+00	-4.68639e-01	3.18191e+00	2.40677e+00
2.07965e+00	-3.92210e-01	8.80244e-01	-1.51105e+00
2.23651e+00	2.40639e-01	5.07099e-01	1.48553e-01
1.81790e+00	5.23792e-01	1.53121e+00	1.92200e+00
1.86301e+00	7.82137e-01	3.60853e+00	-7.97949e-01
2.30675e+00	1.59530e+00	7.18926e-01	-1.45200e+00
2.29691e+00	6.99072e-01	4.76946e-01	-2.08886e+00
2.74447e+00	1.78626e+00	1.44580e+00	1.66972e+00
1.95700e+00	1.22502e+00	1.51407e-01	-2.20679e+00
2.21925e+00	1.17749e+00	1.46240e+00	7.82133e-01
1.76765e+00	5.81880e-01	5.17241e-01	-1.58934e+00
1.94153e+00	5.92809e-01	2.65330e+00	-1.17746e+00
2.26482e+00	-3.32628e-01	1.25204e+00	-1.33841e+00
2.32599e+00	1.15267e+00	6.20804e-01	-3.80556e-01
2.38071e+00	1.45706e+00	3.34927e+00	-9.58229e-01
1.57017e+00	7.51303e-01	4.65493e+00	-2.86936e-01
2.54357e+00	-5.18834e-02	3.01424e+00	8.72633e-01
1.88174e+00	1.73838e+00	7.36045e-01	-1.04634e+00
1.92430e+00	2.18365e+00	3.30398e+00	-2.20973e+00
1.70825e+00	1.89493e+00	1.40213e+00	-1.27717e+00
1.92147e+00	1.66429e+00	1.61677e+00	7.08490e-01
1.69355e+00	1.74646e+00	2.57935e-02	-2.17539e+00
2.05047e+00	1.39826e+00	3.21992e+00	-2.46688e+00
1.84967e+00	1.12554e+00	1.10397e+00	-2.31215e+00
1.82566e+00	1.60607e+00	4.84403e+00	-2.85530e-02
2.41250e+00	1.68273e+00	4.09292e+00	2.66605e-01
1.32164e+00	1.76499e+00	2.18835e+00	1.18551e+00
1.57002e+00	1.93942e+00	8.39178e-01	-1.47461e+00
2.03111e+00	1.41497e+00	3.11963e+00	1.13521e+00
1.71441e+00	2.13815e+00	8.96226e-01	8.29975e-01
1.80943e+00	1.45078e+00	1.03428e+00	-2.96031e-01
2.07113e+00	1.52317e+00	4.58784e+00	1.32645e+00
1.95639e+00	2.09123e+00	1.55353e+00	1.82110e+00
1.91704e+00	1.73846e+00	3.26757e+00	1.99525e+00
2.91890e-01	-2.43963e+00	7.29967e-02	-2.47457e+00
2.11280e+00	2.08119e+00	2.68059e+00	-7.56766e-01
2.09210e+00	2.15262e+00	2.88809e+00	1.59953e+00
