# No. of particles = 100 
# Proton - Solar wind	Electron - Solar wind	
2.92498e+00	-1.99043e+00	5.82286e-01	-2.02220e+00
4.94579e+00	-1.08216e+00	4.86452e-01	-1.92968e+00
4.77011e-01	-2.30764e+00	4.36265e+00	-7.86776e-02
4.76064e-01	-2.29106e+00	1.57277e+00	1.92790e+00
1.70763e+00	-1.55800e+00	2.99250e+00	9.03924e-01
3.28595e+00	-2.47871e+00	5.47294e-01	-1.02814e+00
3.16944e+00	-2.36527e+00	2.03199e-02	-1.77461e+00
5.36241e-01	-2.16961e+00	2.91345e+00	-2.13452e+00
5.43495e-01	-2.25547e+00	2.61729e+00	1.49376e+00
2.89053e+00	-2.38708e+00	1.80613e+00	-2.42316e+00
1.08216e+00	-1.67028e+00	3.92529e+00	1.10169e+00
3.37455e+00	-1.25259e+00	1.01874e+00	9.35060e-01
2.00016e+00	-2.10340e+00	3.39682e+00	7.45434e-02
1.73154e+00	-2.26303e+00	1.02888e+00	-1.31156e+00
2.04120e+00	-2.39492e+00	1.97097e+00	-8.17755e-01
1.30438e-01	-2.39895e+00	2.63083e+00	7.49503e-01
2.33610e+00	-2.27793e+00	1.30214e+00	-4.17027e-02
4.32860e+00	-5.49515e-01	1.18986e+00	1.60207e+00
2.22788e-01	-2.48788e+00	1.90212e+00	-8.33548e-01
1.26162e-01	-2.31982e+00	3.47071e+00	8.18581e-01
3.13003e+00	-2.28793e+00	3.78198e+00	-1.72087e-01
2.87078e+00	-2.40545e+00	4.78481e+00	-1.34672e+00
3.92213e+00	-2.28889e+00	1.51718e+00	-4.36801e-01
3.57917e+00	-1.89108e+00	5.27619e-01	-2.20088e+00
2.85709e+00	-2.29845e+00	3.69239e+00	4.14288e-01
1.94250e+00	-2.20265e+00	4.66749e+00	1.30502e+00
3.70638e+00	-2.44193e+00	4.34802e-03	-2.22323e+00
2.07420e+00	2.98953e-01	4.27634e-01	-2.22345e+00
3.86336e+00	-1.92967e+00	3.10042e+00	-4.30906e-01
2.94810e+00	-2.29466e+00	4.23321e+00	-1.66825e+00
3.68527e+00	-2.05750e+00	2.80209e+00	7.13626e-01
4.36958e+00	-1.98557e+00	1.10911e-01	-2.44031e+00
7.01388e-01	-2.28591e+00	1.70114e+00	4.97168e-01
3.15504e+00	-1.67238e-01	6.46266e-01	-9.23159e-01
3.80792e+00	-2.29084e+00	4.67781e+00	1.66389e+00
3.21255e+00	-2.24324e+00	5.42090e-02	-2.40180e+00
4.01186e+00	3.49255e-02	2.94090e+00	-2.36273e+00
4.01570e+00	-5.35938e-01	2.55811e+00	-2.15382e+00
3.21841e+00	-2.52716e-01	8.30932e-01	1.20837e+00
4.22875e+00	-2.26581e+00	9.88399e-01	1.74618e+00
1.06709e+00	-2.20789e+00	5.24187e-01	-1.55704e+00
2.60224e+00	-1.82988e+00	5.25746e-01	-1.29949e+00
2.45706e+00	-1.26861e+00	4.15467e-01	-1.95150e+00
4.48271e+00	3.78117e-01	2.94065e+00	-2.15017e+00
3.60294e+00	-2.02971e-01	3.30868e+00	-1.06715e+00
2.72314e+00	-1.29875e+00	2.78791e-01	-9.33445e-01
3.50248e+00	-5.37652e-01	4.54847e+00	-2.22189e+00
3.41229e+00	2.39454e-01	1.00885e+00	7.39396e-01
2.90304e+00	7.93262e-01	1.37890e+00	-3.09763e-01
3.33961e+00	-2.19139e+00	2.87661e+00	1.16325e+00
2.62516e-01	-9.65009e-01	4.32181e+00	1.78896e+00
1.45187e+00	7.36230e-02	4.64208e+00	-7.04404e-03
2.55089e+00	-1.92608e+00	1.90748e+00	-1.50030e+00
2.26306e+00	-4.90197e-01	6.73587e-01	-2.05258e+00
7.89098e-01	-2.30869e+00	9.84747e-01	2.33613e+00
2.35416e+00	5.79117e-01	1.50820e+00	1.66635e+00
2.79710e+00	2.12254e+00	2.46384e+00	1.54586e+00
4.33607e+00	-4.79562e-01	9.62210e-01	-1.15044e+00
3.12844e+00	-2.19916e+00	3.59910e-01	6.78136e-01
2.85032e+00	-2.52276e-01	1.71230e+00	-1.84642e+00
3.13239e+00	2.94868e-01	2.20976e+00	-1.84650e+00
2.42923e+00	-1.89269e+00	2.82593e+00	6.10219e-01
2.28323e+00	2.47994e-01	1.45984e+00	-6.99024e-01
3.40670e+00	3.09330e-02	7.06862e-01	2.22496e+00
2.33363e+00	-2.24838e+00	4.12064e+00	1.83236e+00
3.95620e+00	-2.40271e+00	8.22764e-01	1.71147e+00
2.77864e+00	2.44425e-01	2.17865e+00	1.61657e+00
2.70428e+00	-2.01697e+00	1.61783e-01	-2.49316e+00
2.59208e-01	7.78309e-01	3.89472e+00	2.05567e+00
4.06118e+00	-1.07401e+00	2.92688e+00	1.25547e+00
3.79378e+00	-4.08220e-01	1.77471e+00	-2.29537e+00
3.37556e+00	-2.24737e+00	1.10497e+00	1.96900e-01
3.92184e+00	-4.38753e-01	2.13372e+00	1.79944e+00
2.37077e+00	-2.15377e+00	2.44377e+00	8.04700e-01
3.96865e+00	1.28523e+00	3.75030e+00	2.48609e+00
4.87115e+00	1.21600e+00	3.82001e-01	1.29753e-01
4.89450e+00	1.30276e+00	1.39081e+00	-1.93760e+00
4.41327e+00	-2.44043e+00	4.79166e+00	-2.42958e+00
2.01463e+00	-6.41681e-01	3.82853e-01	-1.71560e-02
4.91650e+00	-2.33141e+00	2.15441e-01	-1.47433e+00
3.99175e+00	1.70328e+00	2.55816e+00	4.87807e-01
1.77654e+00	-2.18034e+00	1.01652e+00	-3.15694e-01
2.59979e+00	-2.24314e+00	5.45318e-01	-2.10637e+00
3.47414e+00	-1.54351e+00	4.53496e+00	2.44837e+00
1.25022e+00	-2.15193e+00	2.54568e+00	-1.47026e+00
3.15145e+00	-5.14672e-01	9.48761e-01	-1.81931e+00
3.02756e+00	4.58404e-01	3.59373e-01	-2.42421e+00
3.39022e+00	-1.81492e+00	1.06654e+00	-1.91421e+00
4.23500e+00	-1.34291e+00	5.24415e-01	-1.42317e+00
1.31231e+00	-2.28505e+00	2.21449e+00	-1.85918e+00
3.85429e+00	-2.10740e+00	2.30147e+00	-2.07043e+00
3.42955e+00	-1.48967e+00	1.40630e+00	5.14530e-01
3.31079e+00	-3.21791e-01	2.90418e+00	-2.01953e-01
3.00667e+00	-2.43048e+00	1.91477e-01	-2.36188e+00
2.50081e+00	4.15735e-01	2.64974e+00	-1.62457e+00
2.69987e+00	6.56779e-01	2.04952e+00	2.31563e+00
3.45262e+00	2.98456e-01	1.07240e-01	-5.93644e-01
1.82369e+00	-2.40022e+00	1.34695e+00	-1.82864e-02
3.73385e+00	-2.22932e+00	4.06834e+00	9.37685e-01
3.78337e+00	-2.40506e+00	2.83109e+00	-1.75807e+00
