# No. of particles = 100 
# Proton - Solar wind	Electron - Solar wind	
4.73831e+00	-8.81551e-01	8.29868e-01	-4.40317e-01
1.28483e+00	-2.11170e+00	4.66428e+00	4.60263e-01
3.12430e+00	-2.23297e+00	6.67996e-01	1.14828e+00
1.92425e+00	-2.28259e+00	1.59939e-01	4.07101e-02
2.01917e+00	-5.06587e-01	1.34165e+00	6.71923e-02
7.64785e-01	-2.48679e+00	3.59024e-01	-2.32927e+00
9.61640e-02	-2.42904e+00	1.43861e+00	-1.14696e+00
2.41422e+00	-2.16779e+00	1.96602e-01	-1.75102e+00
8.90207e-01	-2.27545e+00	1.90606e+00	2.03496e+00
2.10733e+00	-1.83138e+00	1.24541e+00	-1.09880e+00
4.42476e+00	-1.63928e+00	2.45441e+00	7.19708e-01
2.67512e+00	-2.32607e+00	2.61120e+00	-4.49187e-01
4.13203e+00	-2.05218e+00	2.87916e+00	2.43311e-01
4.17990e+00	-1.67833e+00	2.46497e+00	-4.96364e-01
3.16230e+00	-1.28153e-01	7.12277e-01	8.17425e-01
4.33719e-01	-2.48054e+00	2.30548e+00	-1.60888e+00
2.08733e+00	-2.49904e+00	2.80194e-01	-1.92132e+00
7.32061e-01	-2.27039e+00	3.60982e+00	-2.29279e-01
2.21206e+00	-2.48593e+00	3.49898e+00	1.92320e+00
1.32053e+00	-2.01969e+00	1.20467e+00	-2.16306e+00
2.68174e+00	-2.17667e+00	2.69299e-01	-2.06327e+00
3.92879e-01	-2.30618e+00	2.69803e-01	-8.08100e-01
4.20626e+00	-1.12028e+00	6.42374e-01	-1.96202e-01
7.58775e-01	-2.38786e+00	6.84107e-01	-2.49217e+00
3.83989e+00	-1.19837e+00	4.34032e+00	-1.47778e+00
3.64576e+00	-1.18322e+00	3.15949e+00	2.81608e-01
7.03579e-01	-2.35241e+00	2.19476e-01	1.40692e+00
3.17428e+00	-9.76405e-01	1.28623e-01	-8.48908e-01
1.46547e+00	-2.40490e+00	4.81654e+00	-2.41305e+00
1.06601e+00	-2.31268e+00	4.94813e-01	-1.47245e+00
4.93824e+00	-8.43951e-01	4.26966e-02	-2.36052e+00
1.10582e+00	-2.26797e+00	4.02301e-03	-2.29689e+00
2.52151e+00	-1.87924e+00	7.88718e-01	-2.00578e+00
4.68951e-01	-2.45608e+00	1.69668e+00	4.73235e-01
4.41285e+00	-2.11208e+00	3.21371e+00	1.57882e-01
3.79385e+00	-1.42884e+00	9.66376e-01	-1.09217e+00
8.31625e-04	-2.44442e+00	3.38411e+00	-2.46386e-01
7.67682e-01	-2.35768e+00	2.83705e+00	2.30446e-01
2.66817e+00	-2.19563e+00	2.09282e+00	2.96110e-02
6.50219e-01	5.26841e-01	3.93779e+00	-2.08724e+00
3.42671e-01	-2.19698e+00	2.74529e+00	-2.15845e+00
3.36417e+00	-1.07666e-01	3.09870e+00	-1.87669e-02
3.82505e+00	-1.05788e+00	1.15197e+00	-1.12035e+00
2.53683e+00	-2.18245e+00	1.35425e+00	-1.21997e+00
1.40995e+00	-2.28249e+00	1.42600e+00	-1.13631e+00
1.15487e+00	-3.03939e-01	3.24090e+00	1.43190e-01
2.69666e-01	-2.34704e+00	1.93508e+00	-2.75806e-02
2.71905e+00	-2.45945e+00	1.99170e+00	-1.74767e+00
2.74431e+00	-1.97718e-01	7.77406e-01	1.73456e+00
5.78989e-01	-2.35325e+00	4.34208e+00	9.49686e-01
4.22526e+00	-1.55570e+00	1.68464e+00	-1.36273e+00
1.43527e+00	-2.07116e+00	8.90008e-01	-1.79876e+00
1.01255e+00	2.83312e-01	2.39052e+00	9.09454e-01
1.45784e+00	-1.72018e+00	1.21890e+00	2.26448e+00
3.43990e+00	-2.24999e+00	3.66530e+00	1.03591e+00
4.36015e+00	-9.59325e-01	2.65141e+00	-1.22021e+00
1.26215e+00	-2.36038e+00	1.11134e+00	3.49959e-01
1.39329e+00	-2.47326e+00	3.48020e+00	-2.03113e+00
3.35573e+00	-2.02236e+00	1.32638e+00	1.26652e+00
2.14730e+00	-1.10819e+00	6.13081e-01	-2.21968e+00
3.94145e+00	-6.58977e-01	4.75571e+00	-1.34527e+00
4.25065e+00	-2.35602e+00	6.35299e-01	-1.97635e+00
3.80048e+00	-1.73855e+00	3.60516e+00	2.08457e+00
3.02372e+00	-1.69012e+00	4.28307e-01	-1.52767e+00
4.25828e+00	-9.92789e-02	1.85298e+00	-3.07659e-01
2.74205e+00	-6.08114e-02	1.24371e+00	-1.57050e+00
2.60825e+00	-1.23668e+00	1.41971e+00	-2.48610e+00
1.97090e+00	-3.74652e-01	9.81360e-01	1.93339e+00
2.72378e+00	-1.32202e+00	3.93789e+00	-1.14675e+00
8.09730e-01	-2.38872e+00	1.37830e+00	9.80586e-01
1.93810e-01	-2.31299e+00	2.19040e+00	-2.10181e+00
1.63539e-01	-2.27361e+00	4.43281e+00	-9.71768e-01
8.85199e-01	-5.63477e-03	1.84117e-01	-2.15544e+00
4.39950e+00	-4.87776e-01	7.87760e-01	8.46476e-01
2.87132e-01	-2.17046e+00	2.27476e-01	-1.79735e-01
4.89635e+00	-1.70099e+00	2.26627e+00	3.69461e-01
4.06491e+00	-2.24885e+00	3.85708e+00	-8.16709e-01
6.65953e-01	-2.24528e+00	6.47868e-01	3.32899e-01
3.41484e+00	4.14320e-01	4.94946e+00	-1.89932e+00
1.64409e+00	-2.11636e+00	2.49097e+00	-3.28546e-01
2.30291e+00	-2.29501e+00	1.11532e+00	2.84166e-01
4.68677e+00	-2.46710e+00	1.53711e-01	-1.21103e+00
2.27482e+00	-1.23661e-01	5.31815e-01	2.84767e-01
4.17667e+00	6.47971e-01	2.04666e+00	-9.26184e-01
1.99215e+00	1.69366e-01	2.20431e+00	-2.25271e+00
3.51634e+00	-1.87703e+00	3.95986e+00	1.77581e+00
2.17399e-01	-2.30734e+00	4.43775e-02	-4.05291e-01
3.46379e+00	-6.73236e-01	1.92613e-02	-2.34153e+00
2.89880e+00	-2.45598e+00	6.65191e-01	-6.78478e-01
2.75254e+00	-2.32405e+00	2.23392e+00	5.09224e-01
4.20563e+00	-1.30445e+00	9.27424e-01	-1.53674e+00
5.87622e-01	-9.99734e-01	8.74633e-01	-2.06399e+00
1.62388e-02	-3.85178e-01	1.79784e+00	3.61481e-01
3.80687e-01	-2.43435e+00	3.06593e+00	1.52587e-01
4.25330e+00	-2.23029e+00	4.29640e+00	2.90428e-01
4.71300e+00	-4.36612e-01	2.82653e+00	2.43170e-01
4.09543e+00	-2.40017e+00	1.60425e+00	1.24978e+00
1.75394e+00	-1.95722e-01	4.59776e+00	1.35269e+00
3.78218e+00	6.00403e-01	4.29233e-01	-1.48743e+00
9.04709e-01	-2.30386e+00	8.80157e-01	-2.89866e-01
