# No. of particles = 100 
# Proton - Solar wind	Electron - Solar wind	
6.32169e-01	-2.28736e+00	2.89995e+00	2.23425e-01
1.91140e+00	-2.44114e+00	1.04695e-01	-2.35361e+00
6.48687e-01	-2.22549e+00	1.66611e+00	-1.33493e+00
4.61206e+00	-2.46587e+00	3.93470e+00	1.79057e+00
4.60184e+00	-1.99111e+00	3.63139e+00	1.47150e+00
4.04895e+00	-1.28131e+00	2.39039e+00	-1.30648e+00
2.19922e+00	-2.31064e+00	1.27496e+00	-2.40405e+00
1.09166e-01	-2.36835e+00	1.40840e-02	-2.22385e+00
3.63233e+00	-2.30234e+00	3.77128e+00	1.75346e+00
4.67575e-03	-2.41928e+00	1.24195e+00	-1.94482e+00
7.46331e-01	-2.20634e+00	1.49481e+00	5.92337e-02
4.77899e+00	-2.18199e+00	1.28206e+00	-1.82257e+00
1.29636e+00	-2.33736e+00	1.51961e+00	1.87431e+00
1.07565e+00	-2.30079e+00	3.20683e+00	-7.85806e-01
4.12872e-01	-2.49102e-01	3.50310e+00	2.32158e+00
1.67964e-01	-2.30298e+00	8.53673e-01	-1.21413e+00
4.54631e+00	-1.16654e+00	3.85262e-01	-2.31201e+00
4.75046e+00	-1.45530e+00	4.38576e+00	-6.08569e-01
3.50844e+00	-1.29454e+00	5.22408e-01	-2.01762e+00
3.80034e+00	-1.37812e+00	1.11015e+00	-1.59641e+00
4.95919e-02	-2.40310e+00	4.14480e-01	-1.13727e+00
3.08084e+00	-2.06891e+00	1.19491e+00	-1.42474e+00
1.70110e+00	-1.90783e+00	2.48959e+00	4.79646e-01
2.92454e+00	-2.41976e+00	4.04059e+00	2.37862e+00
9.79452e-01	-2.11664e+00	2.40197e+00	1.00428e+00
1.55611e+00	-1.77919e+00	1.32996e+00	-1.64569e+00
3.97928e+00	-1.61804e-01	7.82061e-01	-1.97838e+00
4.69745e-01	-2.06995e+00	1.95469e+00	7.38837e-01
3.54494e+00	-2.28960e+00	5.33285e-01	-6.11373e-01
1.28071e+00	-2.44788e+00	1.60881e+00	-5.58949e-01
2.18634e+00	-1.61237e+00	8.45455e-01	-2.15778e+00
3.73385e+00	-1.71679e+00	1.57133e+00	-1.47946e+00
4.94351e+00	-1.22309e+00	2.12574e+00	-5.58735e-01
2.60616e+00	-2.28329e+00	3.11386e+00	-3.04089e-01
1.35885e+00	-2.25110e+00	3.96162e+00	1.85627e+00
1.10822e+00	-2.17261e+00	3.10171e+00	1.93442e+00
2.28394e+00	-5.75420e-01	9.58533e-01	1.79333e+00
2.77447e+00	-2.42262e+00	1.27195e+00	-1.29769e+00
3.99457e-01	-2.38366e+00	2.92448e+00	-2.34107e+00
2.44648e-01	-2.35812e+00	1.91402e+00	-1.28986e+00
2.64612e+00	-2.35975e+00	4.05821e+00	1.00119e+00
4.69500e+00	-2.48371e+00	4.00715e+00	-1.71620e+00
9.00586e-01	-2.10141e+00	1.62285e+00	-1.32698e+00
4.96643e+00	6.28651e-01	4.83166e+00	-7.63730e-05
2.68954e+00	-1.14667e+00	2.24612e+00	1.23016e+00
4.29560e+00	-1.16794e+00	2.82014e+00	-2.06436e+00
2.21839e+00	-2.23548e+00	3.55320e+00	-3.42848e-01
4.92046e+00	-2.22637e+00	1.97710e-01	-1.29700e-01
4.34480e+00	-2.06064e+00	3.10143e+00	-4.39541e-01
2.21113e+00	-1.85241e+00	2.83301e+00	-2.29837e+00
2.15666e+00	-1.99483e+00	1.20491e+00	-2.47971e+00
3.99421e+00	-3.45881e-01	2.71063e+00	5.16219e-01
3.42794e+00	-2.43872e+00	5.31438e-01	-5.23393e-01
3.25995e+00	-2.39582e+00	5.48219e-01	-1.37652e+00
4.81160e+00	-1.91861e-01	6.37501e-01	-2.34472e+00
6.47346e-01	-2.35776e+00	2.89258e-02	4.28134e-01
3.41978e+00	-6.43862e-01	9.87493e-01	-2.32656e+00
3.85474e+00	-2.00627e+00	2.99350e-01	-1.49594e+00
8.19181e-01	-2.25739e+00	9.31821e-01	-2.35488e+00
4.99732e+00	8.42077e-01	4.67422e+00	-9.80528e-01
7.48858e-01	-2.08162e+00	2.92732e+00	2.90500e-01
8.98189e-01	-2.40473e+00	5.67422e-01	-2.24822e+00
1.30095e+00	-2.17083e+00	2.75535e+00	2.05415e-01
4.99475e-01	-2.17853e+00	8.35193e-01	2.08013e+00
1.30171e+00	-1.82687e+00	8.64282e-01	-1.87535e+00
1.26780e-01	-1.61028e-01	8.51360e-01	-2.22818e+00
4.31998e+00	-1.16856e+00	1.55076e+00	-8.28360e-01
3.88328e+00	-2.24716e+00	2.52646e-01	7.77796e-02
4.76025e+00	-2.26038e+00	2.67185e+00	-2.06086e+00
2.52793e+00	-8.22192e-01	7.70482e-01	-2.21364e+00
2.49850e+00	-2.04906e+00	4.60866e+00	1.43133e+00
2.14994e+00	-1.93770e+00	6.77701e-01	-2.22020e+00
3.10352e+00	-2.41075e+00	2.85730e+00	-2.46219e+00
1.11957e+00	4.95898e-02	2.81040e+00	4.43017e-01
2.18636e+00	-2.25371e+00	1.93072e-01	-2.46294e+00
1.74828e+00	-2.22777e+00	1.54088e+00	-8.89094e-01
1.21792e+00	-2.32509e+00	1.76162e+00	-1.73520e+00
2.56543e+00	-2.46882e+00	2.34403e+00	3.00633e-01
2.03979e-01	1.85820e-01	4.35735e+00	-1.19753e+00
3.81110e+00	-1.48868e+00	1.14579e+00	-1.71385e-01
4.51397e+00	-1.84050e+00	1.16323e+00	2.20744e+00
1.69390e+00	-2.42956e+00	5.42807e-01	2.29545e+00
4.04100e+00	-1.68281e+00	1.05330e+00	-5.63246e-01
9.83311e-01	1.63480e-01	2.87320e+00	-9.83596e-01
3.48799e+00	-1.13494e+00	1.54954e+00	-2.15833e+00
6.81234e-01	-2.24812e+00	4.19493e+00	1.92495e+00
2.72826e+00	-2.36084e+00	1.33326e+00	-1.77706e+00
1.45832e+00	-1.74408e+00	4.75770e-02	-1.21943e+00
3.06517e-01	-2.32218e+00	2.12478e+00	2.46668e+00
1.45411e+00	-2.47522e+00	7.51958e-01	9.70832e-01
7.29850e-01	-2.20928e+00	7.20958e-01	-1.95056e+00
4.58297e+00	-5.00809e-01	4.67472e+00	-7.37694e-01
2.68034e+00	3.78314e-01	2.67232e+00	1.75704e+00
2.97543e+00	6.81961e-01	2.81847e+00	-2.44103e+00
1.27876e+00	-2.25159e+00	4.02779e+00	1.64248e+00
1.07860e+00	-3.94222e-01	3.64816e+00	3.88015e-01
2.66245e-02	-2.43448e+00	1.76788e-01	-2.39475e+00
3.63279e+00	-2.22603e+00	1.01369e+00	-5.66693e-01
7.21762e-01	4.81987e-01	2.65888e+00	-1.41967e+00
2.07266e+00	1.76098e-01	3.21831e+00	-1.29057e+00
