# No. of particles = 100 
# Proton - Solar wind	Electron - Solar wind	
3.91684e+00	-1.83675e+00	1.66431e-01	-2.30318e+00
8.69830e-01	-2.04548e+00	3.29677e+00	1.89082e-01
1.07311e+00	-2.20288e+00	4.15568e+00	-6.54956e-01
1.73468e+00	-2.45549e+00	7.26452e-01	-1.97236e+00
2.60910e+00	-1.04817e+00	2.51910e-02	-2.32268e+00
2.77077e-01	-2.43560e+00	1.36875e+00	-1.77508e+00
4.23170e+00	-2.38371e+00	2.79184e-01	-3.94665e-01
2.08042e+00	-1.95685e+00	6.84993e-02	-2.26704e+00
1.52663e+00	-2.17755e+00	2.06801e+00	2.35606e+00
3.95885e+00	-2.36536e+00	4.00096e+00	-1.90628e+00
1.58654e+00	-1.15208e+00	3.36682e+00	1.67678e+00
4.44378e+00	-8.81380e-01	2.75898e+00	-1.84612e-01
2.70740e+00	-1.94682e+00	1.46846e+00	-1.20532e+00
2.84069e+00	-2.18929e+00	1.61307e+00	-1.48702e+00
3.21510e+00	-2.38918e+00	4.00013e+00	2.13410e+00
1.19289e+00	-2.22155e+00	4.12861e+00	-1.75795e+00
3.44734e+00	-2.18950e+00	9.59419e-01	-1.77597e+00
8.68523e-01	-2.32690e+00	1.61088e+00	-8.78733e-02
1.37000e+00	-2.13681e+00	1.79598e+00	-1.04148e+00
6.25998e-01	-2.32432e+00	1.29585e+00	2.30926e+00
4.25579e+00	-2.29809e+00	3.25228e+00	5.23625e-01
4.00666e+00	-2.45652e+00	1.20630e+00	-4.89316e-01
4.88331e+00	-2.29691e+00	2.58134e+00	7.04812e-01
4.57551e+00	-1.71036e+00	1.31470e+00	-1.65071e+00
3.89562e+00	-2.25735e+00	3.06440e+00	-2.45853e+00
2.75490e+00	-2.11184e+00	1.36694e+00	2.12585e+00
4.77305e+00	-2.44354e+00	4.46030e-01	-7.03828e-01
3.36983e+00	5.33240e-01	2.54550e-02	-2.39422e+00
4.93254e+00	-1.83609e+00	1.77792e+00	-1.75803e+00
3.89516e+00	-2.29517e+00	2.01827e+00	-3.31892e-03
4.73511e+00	-1.97286e+00	3.44931e+00	7.88060e-02
1.05753e-02	-2.22640e+00	1.39621e+00	-6.72899e-01
2.10534e+00	-2.34256e+00	3.12234e+00	-3.49638e-01
4.40335e+00	-1.93561e-01	2.24660e+00	1.31053e+00
5.83445e-02	-2.40716e+00	3.52267e-01	-1.33034e+00
4.06772e+00	-2.18429e+00	2.45499e+00	-9.47874e-01
9.16295e-02	-2.33367e+00	1.60086e+00	-5.91535e-02
4.96668e+00	-1.33513e-01	2.41186e+00	-1.53488e+00
4.29949e+00	-6.37054e-02	3.24051e-01	-2.38939e+00
4.43611e-01	-2.29718e+00	9.76498e-01	-1.65657e+00
1.95345e+00	-1.92266e+00	2.46696e+00	-2.02117e+00
4.04046e+00	-1.46569e+00	8.60396e-01	-8.25818e-02
3.88564e+00	-5.10657e-01	2.90941e+00	1.15243e+00
9.92768e-01	-2.11602e+00	1.37592e+00	-1.78272e+00
4.41523e+00	3.46279e-01	1.88484e-01	-2.35721e+00
3.69787e+00	-9.20134e-01	1.95900e+00	-2.33419e+00
4.62400e+00	-5.69107e-01	1.57226e+00	-3.66555e-01
3.85604e+00	3.30148e-01	4.01280e+00	-1.94222e+00
3.84462e+00	7.51559e-01	2.47126e+00	6.90580e-01
4.36828e+00	-2.11433e+00	3.21176e+00	-1.08653e+00
1.30196e+00	-1.11660e+00	2.16225e+00	-2.34989e+00
2.25511e+00	1.57314e-01	3.50783e-01	-2.18976e+00
3.52029e+00	-1.69384e+00	3.19865e+00	-1.80765e+00
3.08603e+00	-2.89828e-01	5.79844e-02	-1.06364e+00
1.80082e+00	-2.41566e+00	2.74402e+00	-2.00705e+00
3.13325e+00	6.73662e-01	3.39748e+00	-1.17928e+00
2.97287e-02	-2.28688e+00	1.89476e+00	2.24740e+00
4.83990e-01	9.55101e-02	7.85473e-01	-1.66667e+00
4.19823e+00	-2.15914e+00	4.11457e+00	-1.05120e+00
3.50116e+00	2.29667e-01	3.20599e+00	-1.45060e+00
4.12473e+00	2.86022e-01	6.65386e-01	-3.28545e-01
3.88852e+00	-1.55854e+00	1.01000e+00	-2.31397e+00
3.36990e+00	1.02857e-01	2.76623e+00	2.88195e-01
4.30313e+00	7.10936e-01	4.41051e+00	-9.57214e-01
7.15463e-01	-2.39174e+00	7.71120e-01	1.57316e+00
1.92590e-04	-8.09603e-01	2.18512e-01	-2.41648e+00
3.78857e+00	6.30972e-02	3.81014e+00	-5.38599e-01
3.64072e+00	-1.88337e+00	2.17441e-01	-9.20426e-02
1.34102e+00	9.01874e-01	2.38075e-01	-9.46562e-01
9.47973e-02	-2.34529e+00	1.96943e+00	-1.71216e+00
5.68023e-02	-5.85721e-01	2.26303e+00	-2.15775e+00
4.57541e+00	-2.24046e+00	2.25615e+00	8.88326e-01
1.05650e-02	1.48304e+00	4.98919e+00	-1.27024e-01
3.27889e+00	-2.07940e+00	1.36384e-01	-2.44698e+00
2.32200e-01	-2.44125e+00	7.85041e-01	-2.42572e-01
1.00741e+00	-2.46375e+00	2.27589e-02	1.22458e+00
9.45923e-01	-2.36776e+00	1.79448e+00	3.88529e-01
4.70268e-01	-2.36028e+00	3.85212e+00	-1.25436e+00
3.04427e+00	-1.19697e+00	8.37969e-01	-1.96627e+00
1.03350e+00	1.65609e-01	9.48613e-01	-1.00346e+00
6.50926e-02	1.34022e+00	2.04446e+00	-6.84414e-01
2.85565e+00	-2.14612e+00	3.75701e+00	6.71375e-01
3.67274e+00	-2.19128e+00	3.99034e+00	1.41401e+00
4.56186e+00	-1.22487e+00	1.74307e+00	-2.43672e+00
2.14586e+00	-2.00624e+00	3.94785e-01	-1.63165e+00
4.48177e+00	-5.00457e-01	1.19371e-02	-2.41507e+00
4.09271e+00	4.57814e-01	2.37267e+00	-5.04064e-01
4.61402e+00	-1.66367e+00	3.23110e+00	-1.39425e+00
3.99806e-01	-2.46268e+00	2.09189e+00	1.39070e+00
2.45717e+00	-2.16505e+00	1.12530e+00	-2.31866e+00
4.78063e+00	-2.03264e+00	7.85861e-01	-1.29152e+00
4.48280e+00	-1.25221e+00	3.33928e+00	1.13585e-01
4.66181e+00	-6.50768e-01	4.66341e+00	1.48000e+00
4.10507e+00	-2.41928e+00	9.88417e-01	-2.13746e+00
3.82807e+00	4.52999e-01	3.09402e+00	-6.50814e-01
3.57152e+00	7.32750e-01	5.22202e-01	-2.40268e+00
4.60753e+00	6.85543e-02	2.34120e+00	-7.62502e-01
2.21340e+00	-2.41736e+00	1.47494e-01	-2.04429e+00
4.81863e+00	-2.18082e+00	1.61033e+00	1.36485e+00
4.89905e+00	-2.41843e+00	2.04915e+00	-1.45802e+00
