# No. of particles = 100 
# Proton - Solar wind	Electron - Solar wind	
3.57420e+00	-1.28016e+00	3.27935e+00	-5.62320e-01
6.85445e-01	-2.25938e+00	2.48320e+00	-9.94589e-01
2.42245e+00	-2.23091e+00	3.73326e+00	-8.25480e-01
9.96747e-01	-2.36618e+00	2.37185e+00	-2.32526e+00
1.35997e+00	-3.50701e-01	4.02068e+00	-1.70288e+00
4.98510e+00	-1.04243e+00	4.33381e+00	-7.51150e-01
4.26495e+00	-2.34788e+00	9.64289e-02	-1.91367e+00
1.76071e+00	-2.22452e+00	1.88703e+00	-1.33700e+00
2.60835e-01	-2.35792e+00	5.77551e-02	-2.12493e+00
1.36866e+00	-1.98452e+00	1.14086e+00	1.31910e+00
3.38212e+00	-1.80000e+00	1.89923e+00	1.11351e-01
1.85215e+00	-2.32279e+00	4.57290e+00	-1.40619e+00
3.32823e+00	-2.13264e+00	1.15191e-01	-2.47679e+00
3.30004e+00	-1.85465e+00	1.97452e+00	-2.69600e-01
2.38291e+00	-1.62647e-01	3.37502e+00	-1.14335e+00
2.07416e+00	-2.46895e+00	4.58612e-01	-2.19863e+00
1.34444e+00	-2.47124e+00	3.44770e+00	-1.17500e+00
9.53456e-02	-2.45923e+00	5.71258e-01	-2.13036e+00
9.82927e-01	-2.41768e+00	1.89119e+00	9.79532e-01
7.11891e-01	-2.23570e+00	3.16623e+00	7.39422e-01
1.93548e+00	-2.24071e+00	1.08115e+00	2.08362e+00
4.65046e+00	-1.92742e+00	1.96071e-01	-2.32784e+00
3.49594e+00	-1.34362e+00	2.91141e-01	-1.07297e+00
4.87852e+00	-2.44779e+00	2.45343e+00	-6.37763e-01
3.02904e+00	-1.45872e+00	2.93894e+00	2.49811e+00
3.05329e+00	-1.35223e+00	2.65418e+00	-3.47430e-01
2.79201e-01	-2.47040e+00	4.68038e+00	1.76825e+00
2.40748e+00	-1.28624e+00	1.55182e+00	-2.23504e-01
6.34511e-01	-2.43161e+00	3.03715e+00	1.57150e+00
3.62535e-03	-2.38753e+00	1.24653e+00	1.10478e+00
4.15800e+00	-1.06182e+00	3.75494e+00	-9.20159e-01
2.71134e-01	-2.23695e+00	3.32672e+00	-2.20065e+00
1.61859e+00	-2.00767e+00	1.25187e+00	1.95200e+00
4.72706e+00	-2.28814e+00	9.19658e-01	-1.93562e-01
3.54710e+00	-2.15112e+00	1.41327e+00	-1.09325e+00
3.03262e+00	-1.63967e+00	1.76537e+00	-3.09312e-01
4.23438e+00	-7.94450e-01	4.29150e+00	6.49695e-02
4.94230e+00	-2.44454e+00	1.90189e+00	-1.17101e+00
1.59375e+00	-2.27497e+00	1.56994e+00	-6.82443e-01
6.22226e-03	3.42713e-01	3.14573e+00	-1.96464e+00
4.76730e+00	-2.27566e+00	1.29447e+00	-8.51592e-01
2.31495e+00	-5.32513e-02	8.01517e-01	-1.96036e+00
2.99599e+00	-1.35374e+00	3.92445e+00	1.80791e+00
1.74340e+00	-2.21601e+00	3.56511e+00	1.53831e+00
5.25277e-01	-2.34669e+00	4.97680e+00	1.19849e+00
2.83018e-01	-2.11378e-01	1.50446e-01	-2.02692e+00
4.38118e+00	-2.13113e+00	1.77859e+00	-1.10007e+00
1.92468e+00	-2.42508e+00	4.22992e+00	2.04169e+00
1.75910e+00	-6.46784e-02	4.47527e+00	-2.16138e-01
4.62415e+00	-1.22523e+00	4.48338e+00	-1.56067e+00
3.63874e+00	-1.68023e+00	3.29116e-01	-8.19541e-01
6.16274e-01	-2.33206e+00	4.00519e+00	1.66761e-01
3.78689e-01	2.00005e-01	3.49441e+00	-4.22726e-02
6.90291e-01	-2.09616e+00	3.85309e+00	-1.62019e+00
2.38847e+00	-2.32674e+00	1.52205e+00	-7.47367e-02
3.30761e+00	-1.35585e+00	2.38151e-01	-1.95919e-01
3.55016e-01	-2.28015e+00	8.05738e-01	-2.43080e+00
6.83890e-01	-2.47648e+00	1.13770e+00	-2.40845e+00
2.63666e+00	-2.08901e+00	2.80581e+00	-3.85010e-01
1.51302e+00	-1.55372e+00	2.84197e-01	-1.62418e+00
3.03628e+00	-1.06226e+00	2.00027e+00	-2.10855e+00
3.30027e+00	-2.36939e+00	4.85473e+00	9.92994e-01
3.09205e+00	-1.86098e+00	2.54079e+00	1.63127e+00
2.30804e+00	-1.82848e+00	1.54430e+00	-3.90269e-01
3.42008e+00	-5.88922e-01	7.03121e-02	-2.32204e+00
2.00053e+00	-8.94045e-02	4.71172e-01	-4.87192e-01
1.63314e+00	-9.30754e-01	2.96631e+00	-2.44577e+00
1.06346e+00	-1.56612e-01	1.17296e+00	-7.78686e-01
1.88124e+00	-1.60639e+00	1.04235e+00	1.22186e+00
1.73226e-01	-2.28862e+00	6.20458e-01	-2.41554e+00
4.52528e+00	-1.90906e+00	2.45891e+00	2.06237e+00
4.41045e+00	-1.59315e+00	3.68296e+00	-2.10989e+00
4.96270e+00	-2.38194e+00	2.70235e+00	-2.41564e+00
3.46945e+00	-3.35395e-01	1.19774e+00	-1.25208e+00
4.43845e+00	-2.18105e+00	2.98275e+00	-1.33187e+00
4.00381e+00	-1.85028e+00	4.45324e-01	-1.55500e+00
3.25787e+00	-2.27004e+00	2.69242e+00	-8.06972e-01
1.10606e+00	-2.47568e+00	3.69942e+00	-7.52563e-01
2.50475e+00	3.49649e-01	4.82826e+00	-1.70113e+00
7.70237e-01	-2.17540e+00	4.49325e+00	-1.36699e+00
1.46661e+00	-2.30483e+00	1.71295e+00	5.40927e-01
3.83827e+00	-2.45577e+00	2.64559e+00	2.48480e+00
1.00446e+00	-2.44852e-01	5.18628e-01	1.08209e-01
3.27124e+00	5.10598e-01	2.22072e+00	-1.17634e+00
9.83723e-01	2.23730e-01	1.19274e+00	-1.98734e+00
2.71264e+00	-1.98222e+00	4.48547e+00	1.91667e+00
4.45753e+00	-2.41435e+00	4.78835e+00	4.90854e-01
2.89512e+00	-9.76788e-01	4.73241e+00	-7.96335e-01
2.16386e+00	-2.41797e+00	9.19645e-01	5.15031e-01
1.94493e+00	-2.32377e+00	2.04700e+00	1.09823e+00
3.22037e+00	-1.56100e+00	1.53448e-01	-2.47000e+00
1.59403e+00	-2.49594e+00	2.17970e+00	-1.11773e+00
4.34829e+00	2.97280e-01	2.44290e-01	-1.89608e+00
4.64241e+00	8.44478e-01	1.15067e-01	-2.46290e+00
3.41010e+00	-2.23591e+00	5.12904e-01	1.63414e+00
3.68247e+00	-4.24602e-01	1.36869e+00	-1.11829e+00
2.94193e+00	-2.41015e+00	1.43194e-01	-2.89794e-01
9.11949e-01	-1.96558e-01	1.35779e-01	-2.39199e+00
2.91470e+00	5.66833e-01	1.24674e+00	2.04584e+00
2.46879e-01	-2.44253e+00	2.62836e-01	-2.39075e+00
