# No. of particles = 100 
# Proton - Solar wind	Electron - Solar wind	
3.35462e+00	-1.82190e+00	1.05121e+00	5.10389e-01
9.77494e-01	-2.42848e+00	2.75021e+00	-7.68844e-01
3.89593e+00	-8.62120e-01	1.88395e+00	9.90132e-01
2.95033e+00	-2.40666e+00	4.29325e-02	-2.31741e+00
2.99625e+00	-3.64614e-01	4.45191e+00	7.38484e-01
1.06521e+00	-2.04316e+00	3.24839e+00	1.66917e+00
9.81344e-01	-2.24396e+00	8.59799e-01	-1.13758e+00
5.24573e-01	-2.00472e+00	1.64013e+00	-7.31689e-01
2.49283e+00	-1.65427e+00	1.25310e+00	1.86367e+00
4.99765e+00	-2.03013e+00	3.23951e+00	-7.93449e-01
3.46375e+00	-1.94894e+00	2.35535e-01	2.46211e+00
2.92913e+00	-2.40462e+00	2.92058e+00	1.88727e+00
4.79597e+00	9.97697e-01	1.42518e+00	-1.12198e+00
3.09696e-01	-2.40044e+00	4.69309e+00	1.77430e+00
3.70154e+00	-2.38982e+00	1.50915e-01	-2.24589e+00
2.52152e+00	6.88567e-01	2.15112e-01	-2.07376e+00
4.12577e+00	-6.07710e-01	1.68965e+00	-2.11481e+00
3.42939e+00	-2.16487e+00	3.25722e-01	-1.78916e+00
2.30486e+00	-2.16436e+00	4.07860e+00	7.44424e-02
1.46474e+00	-2.46065e+00	1.16274e+00	-1.62532e+00
1.00583e-01	-2.43638e+00	4.63516e+00	2.01189e+00
1.45701e+00	-1.90192e+00	2.41688e+00	-1.20718e+00
1.46061e+00	-2.34918e+00	4.05846e+00	-1.57470e+00
2.66280e-01	-2.36991e+00	4.22558e+00	-1.87459e-01
4.11383e+00	-3.24610e-01	4.97021e+00	4.73588e-01
2.42818e+00	-2.23521e+00	3.67423e+00	-1.17265e+00
3.31996e-01	-2.34012e+00	4.88178e+00	6.38181e-02
3.28136e+00	-2.41008e+00	1.18084e+00	-2.49245e+00
3.17366e+00	-1.70163e+00	2.58170e+00	-1.07895e+00
4.46979e+00	2.11308e-01	3.92396e-01	-2.10899e+00
6.08001e-01	-2.38163e+00	4.16667e+00	-1.44189e+00
5.84507e-01	-2.34970e+00	5.81875e-01	-5.75266e-01
4.98872e+00	-1.94314e+00	1.40158e+00	1.61006e+00
1.84749e+00	-2.33493e+00	4.09973e+00	-1.42303e+00
1.94360e-01	-2.41511e+00	4.76334e-01	-9.65060e-01
1.07413e+00	-2.00660e+00	3.98916e-01	4.40392e-01
3.77929e+00	-2.45062e+00	1.97655e+00	-2.18798e+00
4.32643e-01	-2.42031e+00	1.03176e+00	-8.51354e-01
9.82766e-01	-2.39686e+00	1.75983e+00	-1.91630e+00
2.25287e-01	-2.27757e+00	5.76905e-01	-8.53679e-01
1.14591e+00	-2.13748e+00	1.21080e+00	-2.79138e-01
4.88031e+00	-2.31147e+00	5.59359e-01	-2.05571e+00
3.79955e-01	-2.36235e+00	1.28439e+00	2.61097e-01
3.16199e+00	-1.90460e+00	1.92050e-01	-2.19138e+00
6.81283e-01	-3.85815e-01	4.69000e+00	-2.25391e+00
2.64277e+00	-2.39705e+00	4.52132e+00	1.03953e+00
6.29965e-01	-3.40902e-01	3.19342e-01	-1.61020e+00
2.65606e+00	-2.33777e+00	9.41950e-01	-1.48771e+00
3.06047e+00	-2.21217e+00	2.24930e+00	-5.93639e-01
4.71470e+00	-1.27262e+00	1.46375e+00	-2.22651e+00
1.73907e+00	-1.66249e+00	6.73834e-01	-2.04174e-01
1.65500e+00	-2.32201e+00	2.45105e+00	2.19793e-01
4.88375e+00	-3.22751e-01	8.39281e-01	-1.73248e+00
2.75228e+00	1.99163e-01	2.55318e+00	-2.44538e+00
3.47610e+00	-1.56669e+00	1.64161e+00	-6.81975e-01
3.94479e+00	-8.73074e-01	3.60087e+00	6.52946e-01
1.71445e+00	-2.13915e+00	1.62881e+00	1.91485e+00
1.57169e+00	1.09125e+00	3.36146e-01	1.15503e+00
2.95375e+00	-3.40560e-01	2.92853e-01	4.96400e-01
3.22125e+00	-2.13082e+00	1.13937e+00	1.54714e+00
3.91907e+00	4.27430e-01	1.37951e+00	-7.33875e-01
4.86880e+00	-2.23563e+00	1.87258e-01	-1.35958e+00
4.55020e+00	-2.46789e+00	7.74759e-01	-1.71424e+00
3.03457e+00	-2.14071e+00	2.78586e+00	-9.38179e-02
3.84280e+00	-2.43162e+00	6.71975e-03	-2.36811e+00
1.31410e+00	-2.29694e+00	2.28202e+00	-2.37837e+00
1.60230e+00	2.43651e-02	2.37266e-01	-2.49478e+00
9.35603e-01	-2.48875e+00	1.13520e+00	-1.99733e+00
2.40754e+00	-2.23222e+00	2.37449e+00	-5.46977e-01
6.43377e-01	-2.37371e+00	6.82894e-01	-1.53705e+00
1.15540e+00	6.16230e-01	1.70446e+00	6.77210e-01
1.25342e+00	-3.40336e-01	4.40897e+00	-4.21045e-01
2.32626e+00	-1.45123e+00	4.38956e+00	-1.79613e+00
4.03700e+00	-2.43918e+00	8.86698e-02	-2.13862e+00
3.96284e+00	-2.29979e+00	3.60463e+00	-1.40703e+00
3.11142e+00	5.57477e-01	1.19087e+00	-4.75275e-01
1.47437e+00	-2.29578e+00	2.61265e+00	1.27521e+00
5.99174e-02	-2.28081e+00	4.47743e-01	-1.07476e+00
4.23269e+00	-2.29013e+00	2.84443e-01	-2.33229e+00
2.20597e+00	3.41118e-02	2.76801e+00	-2.11009e+00
1.58741e+00	-2.24348e+00	3.16492e-02	9.90808e-01
2.84061e-01	-2.26646e+00	5.65024e-01	-4.89154e-01
3.40042e+00	1.25781e+00	2.30082e+00	-9.34262e-01
2.11703e+00	-2.26269e+00	3.24524e+00	-9.86485e-01
1.41232e+00	-1.78422e+00	4.07356e+00	-5.14865e-01
3.45582e+00	-5.57657e-01	1.60491e-01	2.92016e-01
1.68609e+00	-5.90831e-01	3.88996e-01	-2.48348e+00
5.69291e-01	1.27837e-01	4.19282e+00	3.01785e-01
3.17409e+00	-2.13588e+00	1.04793e+00	-2.35060e+00
3.16400e+00	-2.21511e+00	3.72346e+00	1.39037e+00
2.51296e+00	-2.42081e+00	1.65568e+00	6.90198e-01
2.23037e+00	-2.45655e+00	4.86176e-02	-2.34580e+00
1.43421e+00	-2.31969e+00	4.50050e+00	-1.37741e+00
2.92949e+00	1.56005e+00	2.41580e+00	1.35314e+00
4.94912e+00	-2.42581e+00	3.30553e+00	1.47731e+00
3.57650e+00	-2.27648e+00	5.12004e-01	3.31246e-01
2.08452e+00	-2.34755e+00	3.91622e-02	-2.29231e+00
1.38626e+00	-1.92539e+00	4.94274e+00	9.75723e-01
3.77850e+00	-2.05929e+00	4.78874e+00	3.23081e-01
4.61225e+00	4.67190e-01	4.04133e+00	1.27102e-01
