# No. of particles = 100 
# Proton - Solar wind	Electron - Solar wind	
2.41023e+00	-1.67869e+00	3.80863e+00	-5.42250e-01
8.60938e-02	-2.40727e+00	4.06316e+00	2.16085e+00
1.72066e+00	-2.22889e+00	4.48451e+00	-2.30211e+00
6.92625e-02	-2.44993e+00	5.25131e-01	-2.46051e+00
7.00846e-01	-1.94956e-01	2.18830e+00	-9.31698e-01
4.61465e+00	-1.13688e+00	3.67791e+00	-1.08864e+00
3.44758e+00	-2.33274e+00	7.63987e-02	-2.28178e+00
1.10720e+00	-2.28145e+00	6.72112e-01	-1.85262e+00
4.61790e+00	-2.25598e+00	3.29282e+00	1.40491e+00
6.29965e-01	-2.13779e+00	3.83359e+00	-2.30969e-01
2.33940e+00	-1.96075e+00	3.60794e+00	2.40295e-01
1.02918e+00	-2.31977e+00	1.86213e+00	-2.18883e+00
2.52434e+00	-2.21326e+00	1.92818e+00	-1.42281e+00
2.42007e+00	-2.03102e+00	2.01977e+00	-8.23471e-01
1.60348e+00	-1.96934e-01	3.08102e-01	-2.40967e+00
1.31990e+00	-2.40337e+00	9.20527e-01	-1.99477e+00
6.01554e-01	-2.44348e+00	1.59278e-01	-2.07106e+00
7.28500e-01	-2.46421e+00	1.89050e+00	-7.83313e-01
4.82498e+00	-8.75688e-01	2.33620e+00	1.58207e+00
1.03289e-01	-2.45188e+00	6.58296e-01	-1.99658e+00
1.18925e+00	-2.30500e+00	4.49482e-01	2.44792e+00
4.02932e+00	-1.98341e+00	3.50206e+00	-9.02384e-01
2.78573e+00	-1.56686e+00	1.60376e+00	2.38921e+00
4.10535e+00	-2.43599e+00	3.71368e+00	1.01505e+00
2.21822e+00	-1.71904e+00	4.35933e+00	-1.13866e+00
2.46092e+00	-1.52120e+00	2.05469e+00	-1.02627e+00
4.67166e+00	2.52141e-01	1.10447e+00	-1.82721e+00
1.64076e+00	-1.59620e+00	4.71304e+00	1.72090e-01
4.79336e+00	-2.21109e+00	3.98880e-03	1.31991e-01
7.33836e-01	-2.47563e+00	5.10847e-01	2.06060e+00
3.37776e+00	-1.27970e+00	2.44853e+00	-1.47674e+00
4.61066e+00	-1.56996e+00	4.96551e+00	8.72475e-01
7.15627e-01	-2.13626e+00	1.69598e+00	-9.73645e-01
3.88784e+00	-2.28576e+00	1.49618e-02	-7.68319e-01
2.68131e+00	-2.19032e+00	4.54612e-01	-2.40205e+00
2.27138e+00	-1.85053e+00	1.19606e+00	-1.43182e+00
3.46262e+00	-7.07721e-01	1.55923e+00	1.23774e+00
4.08452e+00	-2.43516e+00	2.86607e+00	8.33187e-01
5.19306e-01	-2.35443e+00	5.35502e-01	-8.18201e-01
1.58126e+00	-2.44431e+00	2.52587e+00	-1.65149e+00
3.92797e+00	-2.30842e+00	5.96084e-01	-1.21859e+00
1.26571e+00	1.33679e-03	3.05171e+00	-2.15220e+00
2.16701e+00	-1.64956e+00	2.07391e+00	1.95245e-01
9.49976e-01	-2.24976e+00	2.55745e+00	-2.02721e+00
4.50459e+00	-1.55315e+00	2.76946e+00	-4.13793e-01
5.22890e-01	-2.38395e+00	2.14910e+00	-3.47210e-01
3.52540e+00	-2.17219e+00	1.09807e+00	-1.46166e+00
1.13032e+00	-2.39102e+00	2.71661e+00	1.37123e+00
7.74029e-01	6.84361e-02	7.44219e-01	-1.36256e+00
3.66930e+00	-1.47343e+00	2.38849e+00	-8.65663e-01
3.05226e+00	-1.80472e+00	9.21572e-01	1.20799e+00
4.42497e-01	-2.38395e+00	3.80632e+00	-8.59721e-01
4.66793e+00	-2.41684e+00	4.32528e+00	-6.89040e-01
4.88475e+00	-2.36357e+00	3.11881e+00	1.28074e+00
1.33709e+00	-2.40349e+00	5.34196e-01	-1.02689e+00
2.25515e+00	-1.75228e+00	1.87109e-01	-1.53344e+00
4.54709e+00	-7.73092e-02	4.10521e+00	-1.62242e+00
4.97845e+00	-1.94162e+00	2.45875e-01	-2.33370e+00
1.91763e+00	-2.15567e+00	1.98342e+00	-6.01057e-01
8.78698e-01	-1.99926e+00	4.84842e+00	-7.25002e-01
2.13125e+00	-1.46554e+00	2.65310e+00	1.31969e+00
2.34986e+00	-2.38294e+00	9.78190e-02	-2.21041e+00
2.38355e+00	-1.98349e+00	1.24580e+00	1.09723e+00
1.59247e+00	-1.96696e+00	4.48560e+00	-1.90004e-01
2.58191e+00	-1.07871e+00	1.62911e+00	-1.90458e+00
1.25907e+00	-1.17813e-01	2.73660e+00	2.25393e+00
6.57827e-01	-6.24805e-01	4.23748e+00	-9.39472e-01
1.56086e-01	6.12990e-02	2.52814e+00	-2.28513e+00
1.03875e+00	-1.89082e+00	5.75976e-01	-1.09614e+00
4.19012e+00	-1.13648e+00	4.01365e+00	1.50783e+00
3.72331e+00	-1.96448e+00	2.51491e+00	-7.06093e-01
3.51597e+00	-1.72953e+00	8.07692e-01	5.94782e-01
4.22702e+00	-2.39274e+00	6.79840e-01	-2.25086e+00
2.53950e+00	-1.83117e-01	4.08620e+00	-2.01711e+00
3.54733e+00	-2.20953e+00	2.72799e-01	4.86003e-01
3.11132e+00	-1.99954e+00	3.15938e+00	-6.70676e-01
2.45077e+00	-2.29138e+00	1.18094e+00	-7.55786e-01
3.91678e+00	-2.49828e+00	4.94417e+00	-5.55031e-01
1.59443e+00	2.84950e-01	4.64433e+00	-1.53579e+00
4.95963e+00	-1.25467e+00	9.07029e-01	-2.15464e+00
6.30296e-01	-2.31472e+00	2.09024e+00	-8.69104e-01
2.98978e+00	-2.44476e+00	3.32205e+00	-1.46307e-01
1.37124e-01	-2.39992e+00	8.34783e-01	-2.10931e-01
2.36586e+00	3.73253e-01	2.39936e+00	-1.16683e+00
4.96968e+00	-5.44518e-01	3.96261e+00	1.42322e+00
1.90899e+00	-2.08745e+00	4.51821e+00	2.03568e+00
3.77329e+00	-2.39259e+00	2.42592e+00	1.94404e+00
2.32664e+00	-1.28039e+00	5.65357e-01	2.10867e-01
1.42894e+00	-2.38020e+00	3.02425e+00	7.90445e-01
1.13734e+00	-2.32376e+00	1.75858e+00	1.51420e+00
2.23511e+00	-1.81750e+00	1.69150e+00	-1.49951e+00
7.97778e-01	-2.46077e+00	1.03100e+00	4.90848e-02
3.68846e+00	3.29288e-01	4.19459e-01	-2.49571e+00
3.98290e+00	7.80080e-01	4.09075e-01	-2.07295e+00
2.56684e+00	-2.24170e+00	3.20094e+00	1.92458e-01
2.65202e+00	-4.12647e-01	1.73442e-01	-2.48732e+00
1.78840e+00	-2.42000e+00	1.73379e+00	2.41822e-02
6.99537e-02	-1.97529e-01	1.07350e+00	-1.18832e+00
2.04703e+00	5.33300e-01	1.06051e+00	1.84433e+00
4.14529e+00	-1.24727e-01	1.66165e+00	1.37511e-01
