# No. of particles = 100 
# Proton - Solar wind	Electron - Solar wind	
1.22116e+00	-2.10003e+00	2.43171e+00	2.41194e+00
3.69845e+00	-1.89878e+00	1.04146e+00	-2.01697e+00
1.42323e+00	-1.34488e+00	2.56653e+00	-3.88086e-01
1.12276e+00	-2.29504e+00	3.41313e+00	-1.97872e+00
9.59913e-01	-1.72689e+00	4.90186e+00	-1.29007e+00
4.11558e-02	-2.30415e+00	1.28847e+00	1.46346e+00
3.56381e+00	-2.03726e+00	9.83446e-01	2.09778e+00
4.70472e+00	-1.96173e+00	1.46545e-01	-2.45300e+00
4.62513e+00	-1.66858e+00	2.78589e+00	-1.69380e+00
2.62139e+00	-2.13812e+00	2.94071e+00	6.71611e-01
1.13564e+00	-2.13978e+00	2.57043e-01	-1.75954e+00
3.83144e-01	-2.45201e+00	1.41036e+00	-8.77665e-01
3.26531e+00	-4.08147e-02	2.42540e+00	-6.01442e-02
2.31686e+00	-2.16999e+00	2.63895e+00	6.37154e-01
1.66304e+00	-2.37518e+00	1.23475e+00	-2.49200e+00
3.45439e-01	-2.46478e+00	2.53059e+00	2.88673e-01
1.84692e+00	-6.06142e-01	1.53381e+00	-5.98882e-01
1.05934e+00	-2.26968e+00	3.64470e-01	-2.33061e+00
3.42173e-01	-2.25495e+00	2.15054e+00	-1.46514e+00
4.53354e+00	-2.37332e+00	1.80566e+00	3.86022e-01
3.24564e+00	-1.81516e+00	2.76750e+00	6.31333e-01
3.44875e+00	-1.91438e+00	8.26051e-02	-1.28960e+00
4.43810e+00	2.42934e-02	8.94439e-01	-1.51940e+00
2.98195e+00	-2.08578e+00	7.88797e-01	-1.82355e+00
1.97997e+00	-1.35629e+00	4.13594e-01	-2.24727e+00
1.12030e+00	-2.32060e+00	6.40398e-01	-2.00827e+00
3.14471e+00	-2.43015e+00	4.35548e-02	-2.23777e+00
7.68067e-01	-2.42243e+00	3.31092e+00	-2.33530e+00
1.39224e+00	-2.07853e+00	2.33009e+00	1.02507e+00
2.06618e+00	1.95177e-01	1.75050e+00	-5.47090e-01
2.84556e+00	-2.02159e+00	4.21315e+00	2.19255e+00
3.29927e+00	-2.28711e+00	4.71170e+00	3.66657e-01
3.63640e+00	-2.06050e+00	9.99730e-01	-2.27362e+00
9.14970e-02	-2.48447e+00	4.81576e+00	-3.28254e-01
2.95806e+00	-2.34478e+00	1.22414e+00	-2.96138e-01
4.81930e+00	-2.22027e+00	2.08117e+00	-1.01888e+00
1.42362e+00	-2.45430e+00	1.13119e+00	-1.89685e+00
2.98880e+00	-1.93211e+00	4.68555e-01	-1.93858e+00
3.28862e+00	-3.16097e-01	3.02159e+00	-1.82621e+00
2.51473e+00	-1.88682e+00	1.39261e+00	1.88520e-02
4.06933e+00	-2.01230e+00	4.14441e+00	8.80698e-01
2.67358e+00	-2.38538e+00	3.51903e-01	2.36582e+00
4.13339e+00	-5.35363e-01	2.35559e-01	-1.58655e+00
6.80211e-01	-2.21291e+00	3.51838e+00	-1.28542e+00
3.18446e+00	-1.46155e+00	1.38577e+00	1.67929e+00
4.11271e-01	-2.39767e+00	1.94781e+00	7.48593e-01
3.13709e+00	-8.03340e-01	7.36917e-01	9.71654e-01
4.76418e+00	-2.04256e+00	4.32875e+00	-1.69732e+00
1.40335e+00	-2.25053e+00	4.23808e-01	-2.34636e+00
2.68747e+00	-1.81328e+00	2.64487e-01	-2.37928e+00
4.63967e+00	-2.31138e+00	9.91018e-02	6.86868e-01
4.45755e+00	-1.85017e+00	1.38197e-01	-2.45245e+00
2.67126e+00	-1.27084e+00	1.77929e+00	-8.45112e-01
1.50725e+00	1.53148e-01	1.28480e+00	-1.69575e+00
5.89630e-01	-2.19040e+00	1.56349e+00	-3.09504e-01
1.94774e+00	-1.67796e+00	3.24905e+00	-2.22258e+00
4.00991e+00	-1.86725e+00	4.95496e+00	6.28691e-02
3.86135e+00	-2.37523e+00	4.72745e+00	-4.14705e-01
5.12549e-01	2.21790e-01	4.46018e+00	-1.41069e+00
9.45996e-01	-2.33776e+00	8.23597e-01	7.88901e-01
1.88672e+00	4.60023e-02	4.36668e+00	-4.64331e-01
2.62930e+00	-2.24259e+00	4.14803e-01	-2.22530e+00
2.41282e+00	-2.44045e+00	2.93782e+00	-3.95889e-01
3.48429e-01	-2.22822e+00	8.44642e-01	-1.73226e+00
1.42285e+00	-2.38912e+00	2.36021e+00	1.25011e+00
4.40122e+00	-2.33931e+00	5.38213e-01	-2.19735e+00
3.37925e+00	2.36141e-01	2.84794e+00	-8.47026e-01
4.13115e+00	-2.42149e+00	1.62951e+00	-1.71014e+00
4.49499e+00	-2.25655e+00	1.50253e+00	1.00971e-01
3.35471e+00	-1.61712e+00	1.45596e+00	-1.82702e+00
3.96959e+00	-9.72953e-01	1.39744e+00	1.07090e+00
3.68862e+00	-7.05508e-01	8.22342e-01	-1.93222e+00
3.83471e-01	-2.10136e+00	1.32070e+00	-1.09786e+00
1.79259e+00	-2.41236e+00	2.92330e+00	-1.60004e+00
1.89807e+00	-2.36054e+00	4.47199e+00	-1.35641e+00
1.13512e+00	5.80408e-01	2.94295e+00	-1.76970e+00
4.00644e+00	-1.74729e+00	4.35518e+00	9.36890e-01
3.04829e+00	3.98813e-01	1.31442e+00	-1.11409e+00
1.71172e+00	-2.34954e+00	5.61441e-01	-1.44799e+00
1.40881e-01	-2.37108e+00	3.21963e-01	-2.14406e+00
4.25316e+00	-2.08749e+00	3.81099e+00	-3.02280e-01
4.88365e+00	-1.15540e+00	4.40635e+00	9.79834e-02
1.29394e+00	2.44997e-01	1.08719e+00	1.10946e-01
4.85697e+00	-7.27508e-01	4.00624e+00	2.06734e+00
4.29369e+00	-5.15290e-01	4.16925e-01	6.47563e-01
1.13347e+00	-3.55100e-01	1.34854e+00	2.26084e+00
4.64381e+00	-2.07798e+00	1.81247e-01	-2.43101e+00
3.04878e+00	-2.31950e+00	4.92414e+00	2.32911e+00
3.76320e-01	-2.30406e+00	4.14779e+00	1.31867e+00
3.79105e-01	-2.49066e+00	4.04569e+00	2.38447e+00
1.02803e+00	-2.44279e+00	4.97498e+00	1.34641e+00
4.13453e+00	-1.30983e+00	2.49236e+00	3.16607e-01
4.97734e+00	1.79824e+00	2.74481e+00	-6.31493e-01
1.31135e+00	1.56536e+00	1.49945e+00	2.34311e+00
2.56942e+00	-2.34140e+00	3.69764e+00	-1.59638e+00
1.23335e+00	-2.42104e+00	4.53423e+00	-1.68478e+00
4.71585e+00	-1.42464e+00	4.91084e+00	-1.19288e+00
3.80586e+00	-2.30322e+00	2.08397e+00	1.90784e+00
9.28855e-01	-2.40408e+00	4.26933e-01	-8.65895e-01
2.33158e+00	-9.31342e-01	9.85039e-03	-2.38469e+00
