# No. of particles = 100 
# Proton - Solar wind	Electron - Solar wind	
1.68430e+00	-2.03968e+00	1.44691e-01	-1.15155e+00
4.21534e+00	-1.84452e+00	1.49376e+00	-1.56238e+00
1.95996e+00	-1.24007e+00	2.10082e+00	3.00789e-01
1.51952e+00	-2.31930e+00	8.50509e-01	-2.05845e+00
1.40197e+00	-1.43123e+00	1.37909e-01	1.17644e-01
2.63507e-01	-2.24747e+00	2.06640e-01	-8.31429e-01
4.09123e+00	-1.98936e+00	4.80249e+00	-2.28269e+00
9.62588e-02	-2.40522e+00	2.03550e+00	-1.19611e+00
2.02377e-01	-2.39827e+00	3.57675e+00	-1.50958e+00
3.13722e+00	-2.11466e+00	6.02020e-01	-8.77452e-02
1.64104e+00	-2.09836e+00	3.56120e-01	-7.92695e-01
4.91216e-01	-2.35926e+00	1.73647e+00	-3.48041e-01
3.59763e+00	1.84721e-01	4.26569e+00	3.88304e-01
2.96936e+00	-2.15207e+00	3.01957e+00	9.69613e-01
2.10561e+00	-2.37852e+00	6.74526e-01	-1.83808e+00
4.18222e-01	3.95907e-01	3.61107e+00	1.45279e+00
2.34168e+00	-6.06343e-01	2.81071e+00	1.50100e+00
1.57386e+00	-2.24690e+00	1.09310e+00	-2.12193e+00
7.68256e-01	-2.23531e+00	3.30879e+00	-1.02299e+00
4.76593e+00	-2.37714e+00	2.39146e+00	1.31713e+00
3.80366e+00	-1.72560e+00	3.06512e+00	1.00927e+00
4.07409e+00	-1.84793e+00	1.20878e-01	2.83494e-01
4.93719e+00	3.06703e-01	2.43037e+00	7.34442e-01
3.46232e+00	-2.01863e+00	3.72827e-01	-2.15349e+00
2.44333e+00	-1.13225e+00	4.41819e-01	-1.82681e+00
1.40423e+00	-2.30216e+00	2.74612e+00	-6.48493e-01
3.65710e+00	-2.43895e+00	1.05084e+00	-2.01801e+00
1.31371e+00	-2.41971e+00	2.72735e-01	8.03317e-01
1.77897e+00	-1.99677e+00	3.29526e+00	-1.25600e+00
2.58806e+00	1.98627e-01	7.11631e-02	-2.23773e+00
3.39487e+00	-1.97957e+00	1.90301e+00	-1.91185e+00
3.79476e+00	-2.28741e+00	3.29273e+00	6.90098e-01
3.93003e+00	-2.03510e+00	3.03092e+00	-1.17557e+00
4.72729e-01	-2.45183e+00	2.68297e+00	-1.74209e+00
3.43105e+00	-2.36445e+00	2.47127e+00	2.04099e+00
5.31832e-01	-2.38411e+00	2.88514e+00	1.96572e+00
1.93504e+00	-2.45364e+00	2.08310e+00	-1.39779e+00
3.51449e+00	-1.86479e+00	6.33372e-01	-1.53304e+00
3.85424e+00	-4.41750e-01	4.21174e+00	8.83831e-01
3.11728e+00	-1.79746e+00	2.25007e+00	1.26904e-01
4.50169e+00	-1.96881e+00	1.45675e+00	4.47513e-02
3.15265e+00	-2.36920e+00	5.40330e-01	-1.99717e+00
4.62329e+00	-2.88250e-01	4.10075e+00	-1.44217e+00
1.21903e+00	-2.14596e+00	3.94747e+00	-1.33339e+00
3.77550e+00	-1.27784e+00	8.50183e-01	-7.76782e-01
8.95737e-01	-2.39759e+00	2.11074e-01	-2.40848e+00
3.64940e+00	-8.55972e-01	2.78537e+00	-1.41971e+00
2.96314e-01	-2.44903e+00	4.61395e+00	-1.29146e+00
1.76311e+00	-2.24223e+00	1.87982e-02	1.08844e+00
3.12755e+00	-1.69598e+00	3.86095e+00	1.00685e+00
1.23175e-01	-2.37753e+00	3.43862e-01	-1.75383e+00
4.92810e+00	-1.78504e+00	1.27249e+00	9.33750e-01
3.15169e+00	-1.06505e+00	3.47074e+00	7.53433e-01
1.77754e+00	1.63117e-01	3.09566e+00	-3.71247e-01
1.21627e+00	-2.05499e+00	2.56683e-01	-2.45128e+00
2.38134e+00	-1.50332e+00	4.51987e+00	-9.99046e-01
4.61763e+00	-1.78307e+00	2.51157e+00	7.55072e-01
4.31995e+00	-2.37068e+00	2.81678e+00	7.13045e-01
1.04251e+00	9.97138e-02	4.49645e-01	1.66642e+00
1.43996e+00	-2.29282e+00	6.74042e-01	-2.46846e+00
2.32800e+00	1.28743e-01	1.66497e+00	9.63137e-01
3.11547e+00	-2.24099e+00	4.42892e+00	-1.98367e+00
2.87686e+00	-2.44612e+00	8.01802e-01	-7.99499e-01
9.31619e-01	-2.20923e+00	5.46359e-02	1.83602e+00
1.94823e+00	-2.39849e+00	7.30207e-01	1.00614e+00
1.09340e-02	-2.33199e+00	9.85176e-01	-2.10650e+00
4.02245e+00	2.23795e-01	4.65615e+00	-3.48609e-02
4.59863e+00	-2.44229e+00	3.59569e+00	-6.33291e-01
4.96755e+00	-2.24955e+00	3.98861e-01	-2.12580e+00
3.87106e+00	-1.51200e+00	3.33204e+00	-1.18132e+00
4.47894e+00	-7.89185e-01	1.48095e+00	-1.76329e+00
4.24877e+00	-8.82427e-01	3.54310e+00	-1.97877e-01
8.05233e-01	-1.96030e+00	2.86061e+00	1.04191e+00
2.27987e+00	-2.41832e+00	3.98457e-03	-2.32879e+00
2.34637e+00	-2.34747e+00	2.06164e-01	-1.92045e+00
1.56416e+00	5.75463e-01	2.31973e+00	-1.06776e+00
4.63841e+00	-1.63877e+00	7.47746e-01	-1.49853e+00
3.48321e+00	4.40750e-01	1.96265e+00	-3.09295e-01
2.25906e+00	-2.33678e+00	1.15151e+00	-3.97149e-01
1.85270e-01	1.35604e-03	2.86868e+00	1.63325e+00
4.75288e+00	-2.06940e+00	2.97692e+00	-2.62500e-01
4.21683e-01	-2.32786e+00	1.09193e+00	-1.54155e+00
1.75123e+00	4.64916e-01	1.41982e+00	-1.20507e+00
3.32687e-01	-2.26382e+00	2.12956e-01	-1.74787e+00
4.72469e+00	-3.37909e-01	4.16194e+00	6.78134e-01
1.63770e+00	-3.99072e-01	2.16258e+00	2.71815e-01
4.94745e+00	-2.05050e+00	1.36598e-01	-2.25312e+00
3.55611e+00	-2.31860e+00	2.00135e-01	4.17885e-01
9.83749e-01	-2.26753e+00	3.03543e-01	2.52570e-01
9.83742e-01	-2.43080e+00	3.93997e+00	2.83247e-01
1.35041e+00	-2.43816e+00	3.55426e+00	4.66775e-01
4.72775e+00	-1.14260e+00	1.04873e+00	2.32202e+00
3.39730e-01	-2.42200e+00	3.51695e+00	-3.35408e-01
1.66258e+00	1.56418e+00	2.27966e+00	1.57743e+00
3.08605e+00	-2.35958e+00	6.40598e-02	2.82694e-01
1.74205e+00	-2.38970e+00	4.86389e+00	-1.58470e+00
2.93197e-01	-2.36116e+00	4.10900e+00	-9.41588e-01
4.32133e+00	-2.28401e+00	4.05099e-01	-1.66872e+00
1.54750e+00	-2.32924e+00	2.61728e+00	7.53047e-01
2.82670e+00	-6.27695e-01	6.23083e-01	-1.26794e+00
