# No. of particles = 100 
# Proton - Solar wind	Electron - Solar wind	
4.94319e+00	-1.29359e+00	4.88806e+00	2.38950e+00
2.25713e+00	-2.05008e+00	1.57516e-01	8.50813e-01
4.95921e+00	-1.52413e+00	2.20024e+00	2.33832e+00
1.66532e-02	-2.22738e+00	9.78224e-02	-1.72303e+00
4.58028e+00	-2.48602e+00	3.41975e+00	-1.47038e+00
3.23655e+00	-2.08289e+00	1.96471e+00	-2.49428e-02
2.09323e+00	-2.17115e+00	4.44563e-01	-1.46677e+00
3.67618e+00	-2.01873e+00	4.29413e+00	1.84227e+00
3.11617e+00	-1.92473e+00	7.68861e-01	-2.14806e+00
1.18326e+00	-2.20406e+00	2.10021e+00	1.45241e+00
4.87907e+00	2.22914e+00	4.48565e+00	5.03477e-01
1.77785e+00	-2.39460e+00	1.09749e+00	1.07255e+00
2.33906e+00	-6.69367e-01	6.17321e-01	1.60855e+00
4.97636e-01	-2.22038e+00	1.36978e+00	-9.66329e-01
4.29145e-01	-2.36589e+00	6.64698e-01	5.65697e-01
3.78763e+00	-1.70405e+00	6.55410e-01	-4.50472e-01
4.67331e-01	-6.05806e-01	1.70927e-01	-2.35643e+00
4.66331e+00	-2.05757e+00	1.29592e+00	9.86590e-01
3.12386e+00	-2.49657e+00	2.92385e+00	4.39156e-01
3.88579e+00	-2.36352e+00	9.43880e-03	-2.20685e+00
1.68982e+00	-2.06477e+00	1.53851e+00	-1.00609e+00
1.70523e+00	-2.09965e+00	2.17297e+00	-3.36191e-01
3.04669e+00	-7.63299e-01	2.66260e+00	-9.73952e-01
1.64271e+00	-2.27332e+00	1.35272e+00	-1.25867e+00
6.88126e-01	-1.98077e+00	2.41329e-01	-2.14559e+00
3.28748e-01	-2.37192e+00	1.61215e+00	1.24306e+00
1.71622e+00	-2.40643e+00	2.49225e+00	-1.03871e+00
4.56544e+00	-1.93013e+00	3.45795e+00	2.32375e+00
3.14063e-01	-2.30652e+00	6.04494e-01	-5.59626e-01
6.11273e-01	1.85351e-01	4.99963e+00	-2.30943e+00
1.31413e+00	-2.13894e+00	2.33407e+00	1.93630e+00
1.91784e+00	-2.28693e+00	1.17089e+00	-1.01341e+00
2.81758e+00	-2.13179e+00	1.41836e+00	1.73891e+00
3.82135e+00	-1.26483e+00	8.28170e-01	-1.37205e+00
1.63942e+00	-2.29071e+00	1.09580e-01	-2.39751e+00
2.59169e+00	-2.25988e+00	1.67730e+00	4.13286e-02
1.18378e+00	-2.49812e+00	3.31242e-01	-2.47610e+00
1.52319e+00	-2.11983e+00	1.63227e+00	-1.95402e+00
1.71195e+00	3.47191e-02	5.02200e-01	1.92601e-01
8.34681e-01	-2.13598e+00	9.10504e-01	1.30530e+00
2.86395e+00	-2.13402e+00	2.71457e+00	-1.91853e+00
1.33799e+00	-2.43167e+00	3.61984e+00	2.42840e+00
2.76757e+00	-1.22433e+00	1.63365e+00	1.09234e+00
4.26595e+00	-1.48292e+00	4.97495e+00	-7.60899e-02
1.53667e+00	-1.97367e+00	4.65522e+00	-3.10782e-01
4.26755e+00	1.32702e-01	4.76235e-01	-2.23990e+00
1.70898e+00	-6.56524e-01	1.59160e-02	-1.97990e+00
3.58273e+00	-2.14376e+00	3.08840e+00	-1.97232e+00
4.00358e-01	-2.27361e+00	3.43604e+00	-7.87618e-01
1.46051e+00	-2.14024e+00	8.18560e-01	-1.78501e+00
3.22816e+00	-2.29125e+00	2.39431e-01	-2.45418e+00
3.14611e+00	-2.03187e+00	3.50239e+00	-1.43991e+00
1.33185e+00	-1.84442e+00	2.47504e+00	-1.60702e+00
7.53900e-01	1.25092e-01	3.64271e-01	-2.46958e+00
4.40387e+00	-1.25073e+00	5.97779e-01	-8.34210e-02
7.38720e-01	-2.16475e+00	3.99838e-01	9.87757e-01
2.31545e+00	-2.10198e+00	2.87296e-01	-2.43972e+00
2.58276e+00	-2.38946e+00	3.33843e+00	-1.47044e+00
1.09111e+00	-2.49636e+00	1.66647e+00	-1.89197e+00
4.55906e+00	-6.49605e-01	1.87734e+00	1.67525e+00
6.56469e-01	-1.84922e-01	5.06486e-01	-2.35421e+00
1.27387e+00	-2.24786e+00	2.37403e+00	-2.05562e+00
1.11912e+00	-2.42588e+00	8.50215e-02	-2.44453e+00
3.69214e+00	-2.43466e+00	4.41533e+00	7.57822e-01
4.95725e+00	-2.21470e+00	5.99636e-01	-1.87994e+00
2.71573e+00	-2.38598e+00	3.37241e+00	-1.81278e+00
1.58597e+00	2.70221e-01	7.45536e-01	2.24688e+00
2.82786e+00	-2.36522e+00	1.19368e+00	-1.47101e+00
3.17776e+00	-2.27718e+00	3.70701e+00	9.64251e-01
1.91504e+00	-1.91014e+00	2.55039e+00	1.72651e+00
2.54961e+00	-1.48502e+00	2.09650e+00	-1.90216e+00
2.12716e+00	-2.11907e-01	4.81750e+00	-1.53112e+00
2.51654e+00	-2.44850e+00	1.08504e-01	2.41039e-01
4.34053e-01	-2.39579e+00	1.87137e+00	7.37573e-01
6.48192e-01	-2.39713e+00	2.59488e+00	-2.37690e+00
1.02423e+00	-2.49837e+00	2.31866e+00	2.20272e+00
2.24435e+00	-2.04975e+00	2.62315e-01	-2.05110e+00
1.83590e+00	2.81731e-01	3.35009e+00	-1.36321e+00
1.85742e-01	-2.38520e+00	5.86525e-01	-2.08950e+00
4.29931e+00	-1.20097e+00	3.42216e+00	-1.77008e+00
2.86012e+00	-2.13859e+00	3.00381e+00	5.95513e-02
3.64323e+00	-1.43367e+00	4.98808e+00	-1.30590e+00
1.93069e-02	-3.68328e-01	4.79089e+00	6.85043e-01
3.61147e+00	-1.18343e+00	1.50353e+00	-1.40274e-01
3.09203e+00	-1.00986e+00	5.80731e-01	-9.88100e-01
4.80549e+00	-1.69573e+00	2.18050e-01	-2.34411e+00
3.79773e+00	-2.15498e+00	9.45949e-01	-8.21160e-01
1.63437e+00	-2.32267e+00	4.42005e+00	2.27257e+00
3.68979e+00	1.20527e-01	7.00226e-01	-2.24840e+00
1.50101e-01	-2.37373e+00	3.27903e+00	1.42827e+00
1.29261e-01	-2.45557e+00	3.86114e+00	2.16097e+00
2.48050e+00	-1.77573e+00	1.13303e+00	-1.85357e+00
4.12575e+00	1.50114e+00	8.93020e-01	-1.59528e+00
3.32114e-01	1.56877e+00	2.48403e+00	-7.79184e-01
1.12908e+00	-2.29181e+00	1.27605e+00	-2.41723e+00
4.66389e-01	-2.46125e+00	2.93869e+00	-1.96319e+00
2.75055e+00	-1.85399e+00	3.27846e+00	-1.68649e+00
2.36872e+00	-2.35801e+00	3.27494e+00	-1.59361e+00
3.94969e+00	-1.11280e+00	1.83545e-01	-2.48656e+00
9.50961e-01	-1.77778e+00	1.67259e+00	-1.65422e+00
