# No. of particles = 100 
# Proton - Solar wind	Electron - Solar wind	
2.11492e-01	-2.40759e+00	1.40398e+00	-2.35486e+00
2.14830e+00	-1.76982e+00	3.13144e+00	-3.24261e-01
1.90442e+00	-2.05732e+00	1.42403e+00	5.85506e-01
1.31329e+00	-2.30525e+00	3.84567e+00	-6.10296e-01
3.86625e+00	-3.36952e-01	2.27351e-01	1.00039e+00
1.14661e+00	-2.41192e+00	4.34591e+00	3.68426e-01
4.69278e-01	-2.35407e+00	9.67308e-01	1.00164e+00
4.23354e+00	-1.66053e+00	5.76480e-01	-2.07240e+00
2.89764e+00	-2.06952e+00	1.42889e+00	1.05583e+00
4.73752e-01	-2.29611e+00	2.67775e+00	-1.20635e+00
2.29004e+00	-4.29236e-01	4.02754e+00	-7.58177e-01
9.32556e-01	-2.43181e+00	1.13591e+00	1.91943e+00
3.69376e+00	-1.72904e+00	3.41479e-03	-2.25350e+00
4.38735e+00	-2.08705e+00	3.91208e+00	-1.67436e+00
4.85191e+00	-2.38127e+00	1.01203e-01	-2.17671e+00
2.67439e+00	-1.97494e+00	8.54407e-01	-2.34499e-01
4.99661e+00	-2.06633e+00	1.11288e+00	9.01506e-01
3.07887e+00	-2.45946e+00	5.76231e-01	-1.00306e+00
2.96981e+00	-1.64792e+00	5.10239e-01	-1.68049e+00
1.32297e+00	-2.33161e+00	4.14877e+00	1.54759e+00
8.38006e-01	-2.23799e+00	2.57120e+00	1.64578e+00
6.22761e-01	-2.20320e+00	1.06379e+00	1.74269e+00
1.79527e+00	-1.45512e+00	4.47053e+00	2.28490e+00
1.06248e+00	-2.23067e+00	1.75649e+00	-7.03860e-01
3.52771e-01	-2.37235e+00	8.84669e-01	-1.55668e+00
3.88786e+00	-1.98594e+00	6.79891e-02	-8.50908e-01
1.23443e+00	-2.23895e+00	1.09580e+00	1.04615e+00
1.11054e-01	-2.35222e+00	1.61513e+00	-2.09833e+00
1.41360e+00	-2.17298e+00	4.97542e-02	-2.37485e+00
2.53383e-01	-4.53999e-01	2.19959e+00	-2.05894e+00
1.11524e+00	-2.05456e+00	4.36656e+00	-1.67547e+00
1.48201e+00	-2.28812e+00	2.66649e-01	-2.38468e+00
4.06295e+00	-2.42132e+00	5.67053e-02	-1.81726e+00
5.52501e-01	-2.45309e+00	1.35250e+00	-8.74539e-01
9.72789e-01	-2.25460e+00	1.31261e+00	1.94445e+00
3.94136e-01	4.93690e-01	1.48180e-02	-2.29004e+00
1.03183e+00	5.72334e-01	1.76293e+00	5.00293e-01
1.32478e+00	-2.10192e+00	3.46668e+00	-9.40945e-01
8.72389e-01	-3.93963e-01	4.01789e+00	-2.29671e+00
1.93223e+00	-2.29293e+00	8.00095e-01	-2.01467e+00
3.18925e+00	-1.52519e+00	2.67252e+00	-2.13346e+00
7.44612e-02	-2.31793e+00	3.96151e-01	8.49854e-01
3.00161e-01	-2.33743e+00	2.76257e+00	9.53407e-01
3.11165e+00	-1.37396e+00	1.80022e+00	1.71229e-01
7.27013e-01	-9.17952e-01	1.34487e+00	1.09227e+00
4.73980e-02	-2.15896e-02	2.39927e+00	-1.60094e+00
1.15009e+00	-2.28212e+00	2.71312e+00	-2.03226e+00
4.47483e+00	4.56712e-01	5.99437e-01	-2.24468e+00
1.69171e-01	-2.25741e+00	4.62088e+00	1.87398e+00
8.73689e-01	-2.27136e+00	7.54741e-02	-2.43095e+00
2.75133e+00	-1.32755e+00	7.71807e-01	-3.47123e-01
3.37479e+00	2.74332e-01	1.13294e+00	-5.36131e-01
4.87173e+00	-1.36985e+00	5.49385e-01	-2.13499e+00
4.23355e+00	-1.05368e-02	2.81207e+00	8.83110e-02
4.59252e-01	-2.32582e+00	2.47523e+00	-9.16400e-01
4.21950e+00	8.05682e-01	2.36773e+00	-1.18240e+00
1.48793e+00	-2.26081e+00	1.32668e+00	1.31241e+00
2.09355e+00	-5.59923e-01	4.24997e+00	9.87914e-01
6.88100e-01	-2.22961e+00	6.41172e-01	-1.76952e+00
4.40881e+00	9.01846e-01	4.82738e+00	-3.26094e-01
5.25143e-01	-2.34237e+00	3.82724e+00	-8.42036e-01
6.85755e-01	-2.18176e+00	3.20838e+00	-1.45910e+00
4.88526e+00	-9.96270e-02	4.14238e+00	-9.73041e-01
1.10706e+00	-3.88989e-02	9.87118e-01	1.55816e+00
2.20845e+00	-2.47855e+00	2.75998e+00	-1.97136e+00
1.57275e+00	-3.69028e-01	1.18492e+00	-1.50364e+00
2.35296e-01	-2.43252e+00	1.57142e+00	-2.06689e+00
4.94599e+00	-1.69694e+00	9.35284e-01	1.62439e+00
2.84963e+00	1.07366e+00	1.33316e-01	-2.21049e+00
8.16585e-01	1.07222e+00	4.76074e+00	2.34791e-02
1.70272e+00	-3.85793e-01	3.27616e+00	-9.76740e-01
1.18256e+00	-2.29362e+00	2.41336e+00	-7.44014e-02
1.60654e+00	1.23299e+00	2.31014e+00	-1.40904e-01
4.54507e+00	-1.97555e+00	3.86207e+00	-1.61167e+00
4.91939e-01	-2.20908e+00	4.83072e+00	-1.56917e+00
1.35051e+00	-2.11694e+00	3.89732e+00	-1.20112e+00
2.37134e+00	-2.47127e+00	5.07120e-01	-2.25987e+00
1.85811e+00	-2.28903e+00	7.21146e-01	-2.23716e+00
4.48039e+00	-1.97125e+00	4.50219e+00	2.07584e+00
2.60463e+00	6.41045e-02	9.24895e-01	-2.04642e+00
1.84196e+00	8.25812e-01	1.22161e-01	-2.45292e+00
4.36043e+00	-2.09892e+00	1.84494e-01	-1.27667e+00
1.59862e-01	-2.90331e-01	7.33544e-01	-1.81155e+00
2.42964e-01	-2.30804e+00	1.46416e+00	-2.11823e-01
3.39458e+00	-1.80347e+00	1.13356e+00	-5.74469e-01
7.90478e-01	-2.26512e+00	5.02031e-01	-2.22044e+00
4.49291e-01	-2.46649e+00	7.13038e-01	-2.19843e+00
1.14697e+00	-3.08488e-01	1.07205e+00	7.28734e-01
1.81383e+00	-2.29948e+00	4.21016e+00	-7.47589e-01
4.05350e+00	-1.99848e+00	4.70497e-01	-8.28191e-01
1.13374e+00	-2.45779e+00	1.83058e+00	-9.16901e-02
1.10817e+00	-2.27222e+00	2.95972e+00	1.03883e+00
7.56488e-01	3.21865e-01	1.87202e+00	-1.79801e+00
5.99693e-01	-2.47407e+00	1.40631e+00	-8.14412e-01
5.57189e-01	1.63582e-01	1.16226e+00	-2.11706e+00
4.78700e+00	8.38760e-01	2.85326e-01	-2.24644e+00
1.20036e+00	-2.23643e+00	4.85848e+00	-9.57758e-01
2.75675e+00	-2.44208e+00	2.49163e+00	-7.70011e-01
1.65111e+00	-2.18117e+00	4.95904e+00	1.36817e+00
1.17494e+00	-4.20219e-01	1.39177e+00	1.51055e+00
