# No. of particles = 100 
# Proton - Solar wind	Electron - Solar wind	
1.67063e+00	-2.27022e+00	4.96876e+00	-8.26845e-01
3.96445e+00	-2.40599e+00	3.60478e-01	-2.38241e+00
2.15999e+00	-2.25294e+00	4.03492e+00	2.49080e+00
1.03714e+00	-2.45488e+00	2.52327e+00	-7.40605e-01
9.20048e-01	-2.38207e+00	4.10017e+00	-1.21622e+00
2.46598e+00	-1.68597e+00	4.94254e+00	-2.66444e-01
4.23600e+00	-2.26996e+00	7.53202e-01	-1.11524e+00
2.67464e+00	-4.84339e-01	9.60888e-02	-1.97545e+00
8.75275e-01	-2.43478e+00	1.35694e-01	-2.13802e+00
2.13122e+00	-1.93655e+00	1.38190e+00	-1.29005e+00
1.77221e+00	-2.35775e+00	9.79933e-01	-1.45002e+00
1.48588e+00	-2.26901e+00	4.66847e+00	-1.20188e+00
2.80896e+00	-6.37806e-01	4.02997e+00	-1.53559e-01
2.60038e+00	5.88012e-01	3.07984e+00	-1.15724e-01
1.75876e+00	-2.43014e+00	4.45531e+00	-5.13595e-01
1.16653e+00	-1.85883e+00	2.66577e+00	1.30432e+00
1.82489e+00	-1.98079e+00	4.58106e-01	8.43924e-02
1.48996e+00	-1.15570e+00	2.78797e-01	-1.37072e+00
4.99230e+00	-2.04014e+00	3.29609e+00	-2.10262e+00
1.78023e-02	-2.32336e+00	6.32405e-01	-1.95521e+00
8.83235e-01	-2.26497e+00	1.58570e+00	-1.82411e+00
4.27834e-01	-2.30982e+00	4.97988e+00	-9.34827e-01
3.88538e+00	-2.07600e+00	2.56631e+00	-1.20855e-01
4.39742e+00	-1.30604e+00	1.84202e-01	-2.22494e+00
2.31015e+00	-2.07608e+00	4.46968e+00	-3.11742e-01
4.21853e+00	-2.11784e+00	1.70957e+00	5.02204e-01
2.04357e+00	-1.31803e+00	8.21242e-01	-1.95861e+00
1.70819e+00	-1.97167e+00	2.28469e+00	3.56695e-01
7.63607e-01	-2.47714e+00	2.11702e+00	-2.10351e-01
2.84057e+00	5.67085e-01	1.40118e+00	4.29045e-01
4.03228e+00	-1.27860e+00	9.57336e-01	-1.01508e+00
1.28132e+00	-2.12858e+00	4.68374e-02	-2.16578e+00
1.76804e+00	-1.97518e+00	4.14890e-01	-1.91368e+00
4.25044e+00	-2.13398e+00	1.28500e+00	-1.26948e+00
2.77695e+00	-2.44424e+00	1.04767e+00	-7.96249e-01
3.32464e+00	-1.22310e+00	3.91398e-01	-1.37155e+00
3.28400e+00	-1.93020e+00	1.79774e+00	-1.95151e+00
4.00444e+00	-2.06707e+00	2.79056e+00	-2.24018e+00
2.10433e+00	-2.41247e+00	4.92966e+00	-1.38712e-01
3.34370e+00	-2.28036e+00	3.30153e-01	-1.98569e+00
4.12361e+00	-1.84072e+00	1.56934e-01	-1.39649e+00
4.96736e-01	-2.44290e+00	5.20357e-02	-2.20241e+00
3.32239e+00	-2.48206e+00	3.34749e+00	2.29692e+00
1.58426e+00	-1.59375e+00	1.21169e+00	5.97394e-01
3.50536e+00	-2.55291e-01	1.07484e+00	1.20864e+00
7.24464e-01	-2.05737e+00	2.23005e+00	-1.20233e+00
4.61264e+00	-1.21890e+00	2.26747e+00	-1.11824e+00
1.35821e+00	-2.34838e+00	3.65823e+00	-2.52864e-01
5.05992e-01	-2.40863e+00	3.28791e-01	-2.49997e+00
3.16961e+00	-2.24335e+00	1.56871e+00	6.34116e-01
4.56294e+00	-4.12496e-01	3.10672e+00	-1.04618e+00
8.43842e-02	-2.45129e+00	4.38420e-01	2.10683e+00
3.20017e+00	-2.47769e+00	2.79949e+00	-1.80157e+00
4.45551e+00	2.61988e-01	3.33382e+00	-1.04726e+00
1.78243e+00	-1.68997e+00	3.61631e-01	-2.45190e+00
2.08897e+00	-8.67262e-01	1.52203e+00	1.67995e+00
2.63950e-01	-2.22928e+00	3.77032e+00	-2.10930e+00
7.11693e-01	-2.18896e+00	2.72785e+00	-2.07162e+00
1.50437e+00	-5.26202e-01	1.84960e+00	7.06358e-01
1.37522e+00	8.03612e-01	1.06972e-02	-2.29222e+00
2.01003e+00	3.44456e-01	6.61123e-01	8.84733e-01
2.60105e+00	8.09779e-03	8.26404e-01	-2.33105e+00
2.83912e+00	-2.12118e+00	4.45646e+00	5.92692e-01
1.64965e+00	-2.43350e+00	4.11839e+00	-1.25473e+00
2.29916e+00	-2.04956e+00	2.88567e+00	2.01730e+00
3.59128e+00	-2.23555e+00	4.59494e+00	1.06049e-01
9.17404e-01	-2.01040e+00	3.24868e+00	-1.01172e+00
3.71486e-01	-2.27485e+00	1.26971e+00	1.67214e+00
1.24150e+00	-2.27094e+00	7.49857e-01	6.10875e-01
3.51502e+00	-2.07680e+00	2.23647e-01	3.26080e-01
1.73897e-01	-2.25967e+00	4.60090e+00	8.91906e-01
4.75612e+00	-7.22563e-02	4.05482e+00	2.26482e+00
4.98595e+00	-5.61461e-01	1.12025e+00	-2.97176e-01
2.28815e+00	-6.93586e-01	4.21541e-02	4.78884e-02
2.83662e+00	-2.03985e+00	7.24821e-01	-2.27386e+00
7.76510e-01	-2.45369e+00	3.95816e+00	-1.01992e+00
4.51139e+00	-2.29178e+00	4.14073e-02	-2.46437e+00
3.68791e+00	-2.24549e+00	1.19580e+00	3.42277e-01
2.10127e+00	-2.18841e+00	2.09190e+00	-1.71457e+00
5.97388e-01	-2.14486e+00	6.30644e-02	1.46975e+00
4.81260e+00	-2.18951e+00	4.44765e+00	-1.23593e+00
3.22509e+00	-2.19865e+00	4.61679e-01	1.37445e+00
1.13972e+00	-2.26760e+00	1.00162e+00	4.95104e-01
4.12449e-01	-2.36074e+00	4.62088e+00	-3.73524e-01
4.41198e+00	-5.57268e-01	3.60594e+00	-1.09718e+00
1.94888e+00	4.61549e-01	2.13459e+00	7.70991e-01
4.77191e+00	-7.93921e-01	2.40601e-01	-1.80485e+00
1.80738e-01	-2.31767e+00	4.38321e+00	1.96762e+00
1.68644e+00	-2.15887e+00	4.75496e+00	-5.95104e-01
1.91201e+00	1.11976e+00	4.68491e+00	-3.62771e-01
4.54518e+00	-2.38863e+00	4.28258e+00	-2.44150e-01
1.18933e+00	-7.33044e-02	3.84998e+00	-1.30853e+00
4.80850e+00	-2.14526e+00	2.08847e+00	-1.44279e+00
1.57052e-01	4.05973e-01	1.05969e+00	-2.22438e+00
2.86732e+00	-2.05701e+00	1.24893e+00	5.59042e-01
1.97245e+00	-2.10882e+00	1.36182e+00	-6.41890e-01
1.92494e-01	-2.27067e+00	1.23787e-01	-1.06734e+00
4.65024e+00	-3.50065e-01	4.48575e+00	-1.18353e+00
2.14788e+00	1.47538e+00	1.49201e+00	-1.58789e+00
2.73254e+00	-2.33510e+00	1.16814e+00	3.46969e-01
