# No. of particles = 100 
# Proton - Solar wind	Electron - Solar wind	
2.60070e+00	-1.61347e+00	4.96711e+00	5.50126e-02
1.84170e-01	-2.38307e+00	3.78700e-01	-2.26856e+00
1.83550e+00	-2.22924e+00	1.12058e-01	-2.34971e+00
2.21033e-01	-2.43623e+00	5.73054e-01	-1.74877e+00
8.08691e-01	-2.20436e-01	3.56415e+00	1.30803e-01
4.67525e+00	-1.12142e+00	3.78976e+00	-1.05867e+00
3.58133e+00	-2.33517e+00	9.82653e-01	-2.13277e+00
1.21413e+00	-2.27214e+00	1.55247e+00	-8.69425e-01
4.72351e+00	-2.25104e+00	3.96858e+00	2.32387e+00
7.50842e-01	-2.11271e+00	4.09844e+00	-3.25100e-02
2.51005e+00	-1.93444e+00	4.97742e+00	1.34219e+00
1.16385e+00	-2.32026e+00	4.23120e+00	-1.89130e+00
2.65590e+00	-2.20005e+00	4.62124e+00	1.32704e-01
2.56408e+00	-2.00216e+00	2.87938e+00	-1.45133e-01
1.73105e+00	-1.91337e-01	1.22980e+00	-4.59282e-01
1.44333e+00	-2.41411e+00	1.84984e+00	-1.40156e+00
7.23118e-01	-2.44804e+00	9.47238e-01	-1.03021e+00
8.26449e-01	-2.47108e+00	2.95191e+00	6.56431e-02
4.96605e+00	-8.30827e-01	4.50214e-01	-1.73388e+00
2.02879e-01	-2.41651e+00	3.22042e+00	-2.55196e-01
1.31136e+00	-2.29448e+00	1.10175e+00	-1.51918e+00
4.13095e+00	-1.97424e+00	3.32397e-01	-2.40035e+00
2.90195e+00	-1.53032e+00	2.03023e+00	-2.43394e+00
4.23187e+00	-2.43785e+00	4.77715e+00	1.17685e+00
2.35091e+00	-1.67644e+00	2.40728e-01	-2.29433e+00
2.55786e+00	-1.49354e+00	2.11616e+00	-9.44125e-01
4.74587e+00	2.96491e-01	2.24042e+00	-1.27986e+00
1.76623e+00	-1.54546e+00	1.10279e-01	5.07982e-01
4.92713e+00	-2.20269e+00	8.22362e-01	-2.30014e+00
8.66348e-01	-2.47968e+00	1.51580e+00	-1.49984e+00
3.50543e+00	-1.24403e+00	2.65746e+00	-1.42033e+00
4.70460e+00	-1.55422e+00	1.15176e+00	-8.03193e-01
8.63382e-01	-2.11521e+00	2.78706e+00	-1.66517e-02
4.02517e+00	-2.28611e+00	1.61539e-01	-6.89132e-01
2.82299e+00	-2.18388e+00	1.42368e-01	-2.16654e+00
2.39596e+00	-1.81602e+00	1.88078e+00	-8.88581e-01
3.58891e+00	-7.21902e-01	7.67575e-01	1.51603e+00
4.22488e+00	-2.43663e+00	3.42637e+00	1.66693e+00
6.95123e-01	-2.34143e+00	1.61554e+00	2.08427e+00
1.72447e+00	-2.45351e+00	2.60156e+00	-1.72035e+00
4.06531e+00	-2.30301e+00	9.95781e-01	-3.10424e-01
1.43742e+00	-7.60541e-03	4.21372e+00	-2.08158e+00
2.30267e+00	-1.60114e+00	2.38216e+00	4.77166e-01
1.07981e+00	-2.24423e+00	3.39212e+00	-1.96360e+00
4.69906e+00	-1.59669e+00	3.12895e+00	-1.14262e-01
6.48627e-01	-2.41182e+00	3.44227e+00	7.96335e-01
3.66544e+00	-2.16545e+00	1.88600e+00	-8.25295e-01
1.26031e+00	-2.39660e+00	2.95869e+00	1.49055e+00
9.35211e-01	4.66514e-02	7.58816e-01	-1.91405e+00
3.82555e+00	-1.43281e+00	4.15544e-01	-2.17464e+00
3.14823e+00	-1.78435e+00	6.61258e-01	-1.74171e+00
6.12843e-01	-2.43856e+00	1.71783e-01	-5.66974e-01
4.80079e+00	-2.41455e+00	4.21031e+00	-5.92359e-01
4.83894e-02	-2.41071e+00	4.05836e+00	2.44042e+00
1.50913e+00	-2.39095e+00	1.09271e+00	3.00954e-01
2.42738e+00	-1.68740e+00	2.28724e-01	-6.56602e-01
4.66788e+00	-1.66202e-02	4.42783e+00	-1.53130e+00
9.05771e-02	-2.47941e+00	4.47069e-01	-1.59653e+00
2.03530e+00	-2.14476e+00	3.08410e+00	4.34931e-01
9.82492e-01	-1.92636e+00	4.64570e+00	-1.63400e+00
2.27936e+00	-1.39953e+00	6.00361e-03	-1.14499e+00
2.50538e+00	-2.38070e+00	8.76576e-01	-1.68134e+00
2.49950e+00	-1.96344e+00	1.46367e+00	1.19644e+00
1.70957e+00	-1.94431e+00	1.82154e+00	1.31962e+00
2.71907e+00	-9.98542e-01	2.53003e+00	-1.63021e+00
1.38041e+00	-1.13175e-01	8.77419e-01	-1.45942e+00
8.17430e-01	-6.74869e-01	4.02144e+00	-1.20978e+00
3.04568e-01	2.56431e-02	3.43294e+00	-2.23440e+00
1.17661e+00	-1.84428e+00	6.64931e-01	-7.43030e-01
4.36822e+00	-1.17016e+00	5.19487e-01	5.67618e-01
3.85454e+00	-1.95541e+00	4.36997e+00	7.74497e-01
3.66234e+00	-1.70721e+00	1.14090e+00	1.96381e+00
4.34740e+00	-2.39092e+00	1.01635e+00	-2.26705e+00
2.69167e+00	-2.08049e-01	1.40581e-01	-2.32700e+00
3.69316e+00	-2.20484e+00	1.21302e+00	1.16826e+00
3.25737e+00	-1.97511e+00	3.99904e+00	-1.64444e-01
2.58285e+00	-2.28786e+00	1.39416e+00	-7.78643e-01
9.47440e-02	-2.36282e+00	1.20818e+00	5.04226e-01
1.74342e+00	2.95540e-01	4.71364e+00	-1.56570e+00
3.94135e-02	-2.22490e+00	1.49859e+00	-2.01855e+00
7.67147e-01	-2.31311e+00	4.49434e-01	-1.99335e+00
3.12862e+00	-2.44651e+00	2.06575e-01	-2.15616e+00
3.42683e-01	-2.47557e+00	7.88064e-01	-1.66060e-01
2.51402e+00	3.95717e-01	2.35238e+00	-1.19938e+00
1.40352e-01	2.69314e-01	3.47844e-01	-2.39950e+00
2.04051e+00	-2.07024e+00	4.53314e+00	2.02363e+00
3.88525e+00	-2.39609e+00	4.10487e-01	1.70147e+00
2.41967e+00	-1.23070e+00	1.29568e+00	2.52975e-01
1.54920e+00	-2.38640e+00	2.37023e+00	6.42156e-01
1.26949e+00	-2.32376e+00	1.81926e+00	1.47196e+00
2.39634e+00	-1.77552e+00	3.71451e+00	-7.97825e-02
9.28073e-01	-2.46653e+00	1.38333e+00	1.09543e+00
3.79644e+00	3.24024e-01	4.00950e-01	-2.11059e+00
4.09083e+00	7.90591e-01	1.06521e+00	-9.16081e-01
2.70484e+00	-2.24073e+00	2.30670e+00	3.72950e-01
2.82063e+00	-4.14611e-01	3.69165e-01	-2.25325e+00
1.97716e+00	-2.41841e+00	1.29224e+00	7.21927e-02
2.07749e-01	-1.97363e-01	1.85179e+00	-2.56806e-01
2.18903e+00	5.38781e-01	2.39275e+00	1.32171e+00
4.36735e+00	-1.56971e-01	2.50708e+00	1.68141e+00
