# No. of particles = 100 
# Proton - Solar wind	Electron - Solar wind	
3.47445e+00	-2.37093e+00	1.92715e+00	9.16299e-01
2.28408e+00	-2.49667e+00	1.15816e-01	-1.66644e+00
1.78849e+00	-1.73914e+00	1.57986e+00	1.87686e-01
4.20111e+00	-2.15598e+00	2.30568e+00	2.22810e+00
2.15883e+00	-2.33763e+00	1.17301e-01	-2.36190e+00
3.91230e+00	-1.84639e+00	4.73032e+00	4.14064e-01
3.49830e+00	-2.27569e+00	6.75475e-01	-2.28560e+00
3.89317e+00	-2.26498e+00	2.94890e-01	-1.02788e+00
9.16988e-01	-2.22544e+00	2.87743e-02	-2.47342e+00
2.71109e+00	-1.47525e+00	6.53283e-01	-1.57262e+00
1.79935e+00	-1.16099e+00	2.32552e+00	-1.94606e+00
3.37614e+00	-1.52091e+00	1.56422e+00	-1.35319e+00
2.87075e+00	-2.17114e+00	2.83797e-01	5.21802e-01
2.37647e+00	-1.93987e+00	1.12084e+00	6.16279e-01
4.21361e+00	-9.52970e-01	4.16557e-01	-2.27636e+00
3.57652e+00	-1.65031e+00	1.27250e+00	-9.19072e-01
2.06576e+00	-2.02159e+00	1.71265e+00	9.49348e-01
3.65784e+00	-2.05571e+00	3.37527e-02	-2.19973e+00
4.40420e+00	-5.83986e-01	4.19351e+00	-7.78169e-01
6.73191e-01	-2.40080e+00	3.75639e-02	4.04795e-01
3.35810e+00	-1.93845e+00	2.62292e+00	-1.60579e+00
3.18883e+00	-2.23138e+00	3.62739e+00	-1.39342e-01
4.56610e+00	-1.90299e+00	4.10573e+00	-1.54492e+00
3.80836e+00	-2.08677e+00	3.60192e+00	9.04426e-01
3.50220e+00	-1.93251e+00	3.28300e-01	-1.98302e+00
3.29964e-01	-2.42740e+00	3.96676e+00	-1.57563e+00
3.90453e+00	-1.41321e+00	1.56681e-01	-2.44965e+00
8.56590e-01	-2.13257e+00	3.52310e+00	1.39207e+00
4.04376e+00	-2.08815e+00	2.57678e+00	-1.41942e+00
3.60203e+00	-1.20981e+00	9.76973e-01	8.40755e-01
3.58786e+00	-2.32118e+00	2.99581e+00	-1.72964e+00
4.88145e+00	-8.49938e-01	3.11282e+00	1.40924e+00
4.61166e+00	-1.49253e+00	2.21441e+00	-5.29889e-01
3.00362e+00	-2.09785e+00	1.72294e+00	-7.48330e-01
3.52216e+00	-1.66732e+00	8.00117e-01	2.02643e-01
4.17819e+00	-2.06340e+00	7.09801e-01	5.40230e-01
3.61673e+00	-2.38028e+00	5.22553e-01	2.89281e-01
4.74382e+00	-4.84453e-01	1.15742e-01	-2.47271e+00
3.49708e+00	-9.98205e-01	4.35655e-01	4.17785e-02
3.67767e+00	-1.63257e+00	4.51614e+00	-1.50363e+00
1.52271e-01	-2.30079e+00	2.53720e+00	2.35051e+00
3.53941e+00	5.47358e-01	1.66090e+00	1.40529e+00
2.81276e+00	-7.10471e-01	3.86887e+00	-1.11861e+00
3.53416e+00	9.77351e-01	2.85651e+00	1.85933e+00
4.69308e+00	-2.76902e-01	7.97288e-01	-5.54177e-01
3.37068e+00	-4.70970e-01	9.00004e-01	2.09620e+00
3.62041e+00	-1.41527e+00	1.26402e+00	1.99308e-01
1.46098e+00	-1.58477e-01	2.76852e-01	-1.65906e+00
3.56783e+00	1.58482e-01	4.11543e+00	-2.33644e+00
4.22687e+00	3.64528e-01	4.04540e+00	-8.54205e-02
3.97054e+00	3.01174e-01	2.58031e+00	-1.25668e+00
2.87905e+00	8.95812e-01	2.87724e+00	-3.42244e-01
3.15867e+00	3.95460e-02	4.52852e+00	-4.91066e-01
3.39596e+00	4.34869e-01	1.52104e-01	1.82920e+00
2.87078e+00	-5.34191e-02	2.71616e+00	2.20490e+00
3.31314e+00	1.86110e+00	3.64477e+00	-1.75455e+00
3.49402e+00	2.07386e-01	3.00887e-01	-2.40124e+00
4.20495e+00	-9.56589e-02	2.56898e+00	-1.07789e+00
4.06570e+00	-4.05907e-01	3.03447e+00	-2.18880e+00
5.53889e-01	-2.49603e+00	2.84319e-01	-1.89628e+00
3.63460e+00	7.04569e-02	8.46518e-01	-1.95350e+00
2.73326e+00	1.57073e-01	1.16805e+00	-1.38905e+00
2.94624e+00	-1.04738e+00	1.76677e+00	-1.36886e+00
4.15101e+00	-9.33110e-01	2.55431e+00	-4.15080e-01
3.81324e+00	-8.11417e-01	2.56146e+00	3.12243e-01
4.09985e+00	3.67829e-01	1.50686e+00	-4.25812e-01
3.33347e+00	1.20981e-01	7.15327e-02	1.47328e+00
3.41754e+00	8.27744e-01	2.24640e+00	1.74439e+00
4.23062e+00	2.21374e+00	4.29205e+00	-2.28076e+00
4.21189e+00	5.93745e-01	3.29562e+00	1.38081e+00
2.36943e-02	-2.40025e+00	5.02021e-01	2.21621e+00
3.58568e+00	1.65717e+00	2.14937e+00	1.81759e-02
4.06499e+00	1.45061e+00	3.23043e+00	3.73818e-01
3.24295e+00	5.94480e-01	1.03708e-02	-2.31493e+00
3.55306e+00	5.16350e-01	4.80674e+00	-5.16697e-02
4.15165e+00	-1.23486e+00	7.55449e-01	-9.66181e-01
4.26522e+00	1.33174e+00	2.97626e+00	8.44258e-02
4.36485e+00	1.95010e+00	1.28773e+00	-1.22689e+00
2.87197e+00	8.57603e-01	2.29322e+00	-1.97505e+00
4.65264e+00	-6.47282e-01	1.73557e+00	-8.76960e-01
3.44831e+00	2.28014e+00	1.22086e+00	-1.74276e+00
1.70507e+00	-2.30640e+00	6.11728e-02	-2.38091e+00
3.13055e+00	2.11928e+00	3.85797e-01	4.84489e-01
3.51517e+00	1.70448e+00	3.86806e+00	-4.64257e-01
3.09874e+00	1.84530e+00	1.54214e+00	2.46253e+00
3.75584e+00	1.48202e+00	1.92814e+00	-1.95578e+00
3.39366e+00	1.13615e+00	9.88564e-01	2.71675e-01
3.34759e+00	1.63165e+00	1.54423e+00	2.33787e+00
4.41959e+00	1.81846e+00	1.52920e+00	2.46827e+00
2.41909e+00	2.03247e+00	5.32172e-01	-1.22490e+00
2.87272e+00	2.42567e+00	7.31648e-01	-2.15772e+00
3.71853e+00	1.52009e+00	2.25476e+00	7.26208e-01
3.14046e+00	2.18405e+00	3.01285e-01	-2.21360e+00
3.32028e+00	9.82538e-01	2.43189e+00	8.71730e-01
3.79826e+00	1.22847e+00	4.22024e+00	-3.25729e-02
3.57840e+00	2.00412e+00	4.90306e+00	1.29083e-01
3.50919e+00	1.73582e+00	2.90553e+00	3.22149e-01
1.11341e-01	-2.32315e+00	2.60050e-01	-1.67723e+00
3.87206e+00	2.04957e+00	5.39168e-01	2.38057e+00
3.82961e+00	2.21942e+00	7.14751e-01	-2.01392e+00
