# No. of particles = 100 
# Proton - Solar wind	Electron - Solar wind	
3.51709e+00	-1.98052e+00	1.52218e+00	-1.17761e+00
4.91459e-01	-2.35074e+00	3.81624e+00	-1.33964e+00
3.91643e+00	-2.11615e+00	6.62699e-01	-1.93913e+00
2.77133e+00	-2.46096e+00	8.72368e-01	-2.09420e+00
2.70582e+00	-2.19270e+00	3.47849e-01	-2.37692e+00
3.23386e+00	-1.48954e+00	5.39249e-01	-2.22540e+00
4.00985e-01	-2.28056e+00	4.26222e+00	2.15945e+00
3.85283e+00	3.48381e-01	1.65802e-01	-2.17418e+00
2.21264e+00	-2.37040e+00	1.18663e-01	-1.68581e+00
3.52353e+00	-1.73939e+00	4.23417e+00	-1.38288e+00
3.65724e+00	-2.44028e+00	3.91154e+00	3.87040e-01
3.08333e+00	-2.22741e+00	7.60941e-01	-2.39681e+00
4.51438e+00	4.22730e-01	9.08011e-01	1.40862e-01
4.18028e+00	1.04763e+00	4.42421e+00	-1.29969e+00
3.55461e+00	-2.46226e+00	4.28424e+00	3.04174e-01
3.13085e+00	-1.17723e+00	1.08664e-01	-2.15137e+00
3.14500e+00	-1.58575e+00	3.09898e+00	-2.23422e+00
3.07125e+00	-1.30090e+00	1.29422e-01	-2.05742e+00
1.61128e+00	-1.89782e+00	3.32314e+00	-9.19885e-01
1.85266e+00	-1.86449e+00	6.60214e-02	-2.36432e+00
2.90662e+00	-2.34280e+00	5.67806e-01	3.60771e-01
1.71469e+00	-2.19253e+00	1.76173e+00	5.90569e-01
1.38790e-01	-2.39912e+00	1.54929e-01	-2.14036e+00
1.22363e+00	-2.39881e+00	3.92664e+00	2.44105e+00
4.12743e+00	-1.82943e+00	3.03413e+00	-1.24788e+00
2.52787e-01	-2.15056e+00	5.70018e-02	-2.48075e+00
2.98204e+00	-7.57473e-01	1.04504e+00	-5.14495e-01
3.57203e+00	-1.58881e+00	3.91482e+00	6.23584e-01
1.74663e+00	-2.40400e+00	3.01752e+00	-9.41922e-01
4.69372e+00	7.52344e-01	1.54435e+00	-1.97541e+00
4.70195e-01	-2.09113e+00	1.80680e+00	-2.20191e+00
2.47065e+00	-1.92855e+00	1.58770e+00	1.75951e-01
3.30850e+00	-1.61040e+00	4.29540e+00	1.70627e+00
7.59886e-01	-2.28147e+00	3.27913e+00	-1.02227e+00
4.49485e+00	-2.43971e+00	4.27214e+00	-7.64897e-01
4.55777e+00	-7.94282e-01	3.73002e+00	2.38368e+00
5.85847e-01	-3.84816e-01	1.13572e-01	-2.49999e+00
8.87380e-01	-2.40697e+00	4.77722e-01	1.58913e+00
3.65100e+00	-2.41646e+00	2.49270e+00	-8.94696e-01
6.41758e-02	-2.49754e+00	6.55722e-01	-1.78418e+00
7.99639e-01	-2.43588e+00	2.21929e+00	2.35059e+00
2.53330e+00	-2.46302e+00	2.76249e+00	2.24607e-01
1.27854e+00	-2.41550e+00	3.32719e-01	-1.17526e+00
3.22477e+00	-5.15736e-01	3.04988e+00	-4.06563e-01
7.48544e-02	-5.61197e-01	2.06556e+00	-1.27223e+00
2.45635e+00	-1.62540e+00	2.59908e+00	6.80986e-02
3.35655e-01	-2.32806e+00	9.04001e-01	-1.44041e+00
3.08622e+00	-2.28999e+00	2.22248e+00	4.81110e-01
2.36796e+00	-2.23973e+00	2.01242e+00	-9.05080e-01
1.10710e-01	-2.39833e+00	3.37960e-01	6.73788e-01
8.66661e-01	-2.26897e+00	3.09713e-01	-1.33919e+00
1.98129e+00	-1.42975e+00	2.22531e+00	4.71624e-02
1.64176e+00	-2.47227e+00	6.32686e-01	-1.55181e+00
9.19500e-01	-2.44419e+00	2.27589e+00	-7.12038e-01
3.25152e+00	-9.63485e-01	3.66144e+00	7.63421e-01
3.95496e+00	-9.44111e-01	8.06065e-01	-1.97154e+00
1.79535e+00	-1.45995e+00	4.70194e+00	-1.80152e-01
2.23607e+00	-2.09998e+00	4.06749e+00	1.93718e+00
3.81883e+00	-2.88945e-01	3.75108e+00	1.46278e+00
3.13230e+00	8.22440e-01	3.08394e+00	2.02084e-01
3.80818e+00	-1.15773e-01	4.29095e+00	-9.59723e-01
4.09168e+00	1.60932e-01	1.70410e+00	5.64266e-01
4.67323e+00	-1.88504e+00	2.95910e+00	-1.85861e+00
3.58977e+00	-2.41938e+00	1.36707e-02	-2.45321e+00
4.23448e+00	-1.68804e+00	1.45248e+00	2.61343e-01
4.83916e+00	-2.20171e+00	2.95704e-01	-2.10781e+00
2.56749e+00	-1.60155e+00	3.05612e+00	-1.08643e+00
2.07491e+00	-2.26099e+00	4.29894e-01	-1.92090e+00
2.94836e+00	-2.26648e+00	1.57509e+00	-1.46004e+00
1.33426e-01	-3.69814e-01	3.84503e+00	1.74308e+00
7.34114e-01	-2.17142e+00	8.39596e-01	-1.65626e+00
1.82219e-01	-2.23747e+00	2.95002e+00	4.33867e-01
1.48517e+00	-2.43914e+00	2.83977e-01	-2.03814e+00
4.11994e+00	-6.38708e-01	2.21060e+00	-2.31988e+00
2.25879e-01	-2.31876e+00	6.10270e-03	-1.48623e+00
2.19508e+00	-2.49269e+00	4.28219e+00	-2.09430e+00
1.13053e+00	-2.47574e+00	2.57450e+00	4.97897e-01
6.18843e-01	-2.42922e+00	1.48506e+00	1.59818e+00
3.58456e+00	-2.00441e+00	3.42134e+00	-1.14459e+00
2.15610e+00	-1.82607e+00	1.53995e+00	-4.28753e-01
2.05491e+00	-2.14494e+00	1.00808e+00	-1.59984e+00
4.83706e+00	-2.16128e+00	2.63243e+00	-2.78290e-01
2.54672e+00	-1.98379e+00	5.20790e-01	-1.74001e+00
3.53518e+00	-2.32467e+00	3.78210e+00	-5.70136e-01
1.35303e+00	-1.98519e+00	4.94778e+00	-2.23372e+00
4.04328e+00	7.41893e-01	3.28360e+00	1.48574e+00
1.22294e+00	-2.31707e+00	4.42905e+00	1.39094e+00
2.07669e-01	-2.41195e+00	4.35483e+00	2.71314e-01
3.46363e+00	-1.96031e+00	2.18807e+00	1.70712e+00
3.93096e+00	1.37451e+00	1.80206e+00	-4.52130e-01
1.13625e+00	-2.40830e+00	8.68297e-01	-1.42532e+00
2.83525e+00	-2.80764e-01	4.52483e+00	-1.24832e+00
1.22766e+00	4.48584e-01	1.37070e+00	-1.08018e+00
1.52415e+00	5.40023e-01	4.91296e-01	-2.11953e+00
4.46883e+00	-1.96123e+00	1.60845e+00	-1.70859e+00
3.91514e+00	-1.84098e+00	2.37710e+00	2.00761e+00
1.71626e+00	-2.38199e+00	4.56935e+00	-2.23948e+00
1.56057e+00	-2.27547e+00	7.43455e-01	4.42938e-01
3.86233e+00	1.50740e+00	3.02970e+00	8.59068e-01
4.43782e+00	-2.30747e+00	2.72074e+00	-1.55289e+00
