# No. of particles = 100 
# Proton - Solar wind	Electron - Solar wind	
2.44995e-01	-2.49361e+00	2.20588e+00	-3.40208e-01
2.70078e+00	-2.41545e+00	4.38255e+00	2.05221e-01
8.04105e-01	-2.35903e+00	3.16545e+00	2.02672e+00
4.39300e+00	-2.49363e+00	2.48848e+00	-9.32187e-01
4.60355e+00	7.11104e-01	3.78573e-01	-2.40020e+00
1.87329e+00	-1.83718e+00	4.80201e+00	-1.97548e+00
2.85917e+00	-2.25880e+00	2.00659e+00	1.87840e+00
1.76500e+00	-1.12757e+00	1.75641e-01	-2.46544e+00
4.80282e+00	-9.04134e-01	5.58748e-01	-2.33280e+00
1.05622e+00	-2.08859e+00	2.98629e+00	-8.92357e-02
3.16982e-01	-2.29422e+00	1.55243e+00	-8.84097e-01
2.52602e-01	-2.30043e+00	4.42307e-01	-2.17049e+00
1.49269e+00	-1.45666e+00	1.77620e+00	-1.93394e+00
1.38129e+00	2.33012e-01	1.42368e+00	-2.17049e+00
3.72423e-01	-2.40548e+00	2.44211e+00	-1.44376e+00
4.64232e+00	9.83317e-01	5.15573e-02	-3.58632e-01
8.05447e-01	-2.28549e+00	4.30548e+00	7.10385e-01
2.69751e-01	-1.04352e+00	2.93736e+00	-9.29818e-02
3.85505e+00	-2.09238e+00	7.48189e-01	-2.04455e+00
3.51508e+00	-2.46399e+00	8.95415e-01	-5.68593e-01
1.26530e+00	-2.48445e+00	4.28498e-01	-3.67050e-01
3.94729e+00	-1.23452e+00	1.06349e+00	3.38110e-01
2.85969e+00	-2.19134e+00	1.80024e+00	-1.08218e+00
2.40243e+00	-1.87720e+00	3.34075e-01	-1.57318e+00
9.07466e-01	-2.26660e+00	8.41417e-01	-1.24598e+00
3.46102e+00	-2.16702e+00	1.04163e+00	-1.52031e+00
1.31936e+00	-1.75048e+00	7.86606e-01	-1.81643e+00
2.68945e-01	-2.26696e+00	4.56193e+00	-1.23792e+00
4.57909e+00	-1.40429e+00	1.37205e-01	-2.16557e+00
1.41069e+00	4.23787e-01	1.53898e+00	6.31694e-01
2.58369e+00	-1.74517e+00	2.20321e+00	-1.98845e+00
3.63348e-01	-2.28271e+00	6.70289e-01	-1.29852e+00
5.78451e-01	-2.25651e+00	4.51263e-01	-2.30937e+00
3.23389e+00	-2.21840e+00	1.01153e+00	7.50482e-01
1.45088e+00	-2.44756e+00	2.11204e+00	-1.38083e+00
2.37267e+00	-1.55447e+00	2.07593e-01	-2.26774e+00
1.19147e+00	-2.31863e+00	4.20492e+00	-6.28298e-01
2.49334e+00	-2.21654e+00	1.96189e+00	-1.38715e+00
9.10373e-01	-2.41023e+00	6.57290e-01	-2.46778e+00
2.02436e+00	-2.27902e+00	3.81436e-01	-2.61944e-01
2.86411e+00	-1.96628e+00	8.93589e-01	-4.40188e-01
7.13637e-01	-2.40319e+00	1.71371e+00	-1.15574e+00
2.07751e+00	-2.43122e+00	1.15272e+00	1.43979e+00
3.17904e-01	-2.42588e+00	8.99864e-01	-7.59283e-01
2.31049e+00	-3.10634e-01	4.73447e+00	-3.31635e-01
4.40448e+00	-2.39410e+00	1.01258e+00	-6.43124e-01
2.92782e+00	-8.47565e-01	1.75355e+00	1.95171e+00
2.42474e-02	-2.39251e+00	3.93177e+00	-5.95619e-01
4.36822e+00	-2.18188e+00	3.94225e+00	1.74812e+00
1.67652e+00	-2.27264e+00	1.34209e+00	-1.54292e+00
3.36852e+00	-9.41535e-01	2.23110e+00	1.75574e+00
3.71754e+00	-2.30978e+00	1.58278e+00	1.73601e-01
1.79728e+00	-2.37525e+00	2.25417e+00	-8.12412e-01
3.73501e+00	2.35474e-01	1.19951e+00	-1.35332e+00
6.48245e-01	-2.25067e+00	2.31081e-01	-2.46938e+00
6.48646e-01	-8.07929e-01	3.39356e+00	-9.28744e-01
3.80035e+00	-2.01619e+00	2.82666e-02	-2.30391e+00
4.23906e+00	2.00766e+00	1.76747e+00	-2.48416e+00
4.88059e+00	-7.84145e-01	1.01761e+00	6.39114e-01
1.84685e-02	7.88325e-01	3.80067e+00	-1.19908e+00
6.21407e-01	6.99252e-01	6.75674e-01	-7.02855e-01
1.45059e+00	-1.10259e-01	1.06525e-01	6.17523e-01
1.42347e+00	-2.30310e+00	7.57769e-01	-1.20823e+00
1.51940e-01	-2.44423e+00	2.10313e+00	-1.71380e+00
8.05366e-01	-2.32872e+00	1.68666e+00	-2.18617e+00
2.62795e+00	-2.26146e+00	4.94240e-01	-1.11689e+00
4.41805e+00	-1.48882e-01	4.10375e+00	6.15194e-01
1.61153e+00	-2.41989e+00	3.50580e-01	-1.51513e+00
4.89027e+00	-2.18329e+00	2.10209e-01	-2.10943e+00
2.30008e+00	-2.20246e+00	2.09511e+00	-1.29787e+00
2.77253e+00	1.74836e+00	2.60396e+00	7.61184e-02
3.27458e+00	-1.85753e-01	3.27968e+00	-1.44469e+00
3.86057e+00	-9.37901e-01	1.87329e-01	-2.47415e+00
8.74126e-01	-7.36168e-01	4.56636e+00	6.55354e-02
9.39920e-01	-2.28831e+00	5.21411e-01	-1.58123e+00
4.67141e+00	5.38987e-01	3.45227e+00	1.57414e+00
3.22658e+00	-2.29282e+00	1.92994e-01	-2.48424e+00
2.15297e+00	-2.26038e+00	4.38680e+00	-1.79100e+00
9.56118e-01	-2.33075e+00	1.35062e+00	-2.29442e+00
4.24400e+00	6.76886e-02	4.34642e-01	8.73891e-01
3.44814e+00	-2.21173e+00	4.44379e+00	1.33307e+00
1.98079e+00	-2.22719e+00	6.46587e-01	5.27167e-01
5.37735e-02	-2.48612e+00	7.55247e-01	-2.39256e+00
3.91685e+00	-2.26206e+00	7.90498e-01	-8.65905e-01
3.14310e+00	-1.07653e+00	3.50838e+00	-1.78204e+00
3.31694e-01	2.44771e-01	1.68567e+00	3.90234e-01
3.46668e+00	-7.08244e-01	3.72139e+00	2.06123e+00
3.29324e+00	9.93510e-01	4.18762e+00	3.41179e-01
3.14179e-01	-2.31188e+00	4.27412e-01	2.09816e+00
3.53384e-01	9.23046e-01	4.81343e+00	-5.97863e-01
3.68536e+00	-2.40171e+00	1.66395e+00	-2.59457e-01
9.77256e-01	-2.48090e+00	3.50026e+00	-1.51990e+00
3.38099e+00	-2.21845e+00	2.22547e+00	2.35993e-01
4.20704e+00	1.55623e+00	2.90594e+00	-4.71782e-01
1.63131e+00	-2.13046e+00	7.62430e-01	8.91275e-01
4.72597e-01	-2.31569e+00	1.24539e+00	1.00695e-01
3.89118e+00	-2.33459e+00	4.79261e+00	-5.02859e-01
3.26960e+00	-1.01673e+00	3.89806e+00	1.52280e+00
8.24410e-01	1.45082e+00	4.77093e-01	4.85485e-01
1.41628e+00	-2.35623e+00	1.11533e+00	-7.83429e-01
