# No. of particles = 100 
# Proton - Solar wind	Electron - Solar wind	
4.14567e+00	-1.08448e+00	3.40725e-01	-1.78371e+00
9.79669e-01	-2.18686e+00	3.57036e+00	-2.25710e-01
2.76699e+00	-2.23188e+00	2.37991e+00	4.03400e-01
1.45206e+00	-2.32513e+00	4.11733e+00	1.02526e+00
1.68358e+00	-4.27207e-01	2.92140e+00	1.83105e+00
3.60316e-01	-2.46581e+00	4.69928e+00	-4.70994e-01
4.66621e+00	-2.35540e+00	1.72578e-01	1.05851e+00
2.08153e+00	-2.19666e+00	4.83670e+00	7.81637e-01
5.69797e-01	-2.31734e+00	9.62920e-01	-6.67358e-02
1.73129e+00	-1.90934e+00	3.30330e+00	-1.39584e-01
3.89396e+00	-1.72110e+00	1.02521e+00	-1.30182e+00
2.25616e+00	-2.32437e+00	1.44862e+00	-5.21832e-01
3.72283e+00	-2.09313e+00	1.48171e+00	-1.14389e+00
3.73198e+00	-1.76808e+00	3.87212e+00	2.18236e+00
2.76550e+00	-1.45754e-01	2.63803e+00	-8.98876e-01
1.87521e-02	-2.47227e+00	1.39445e+00	-1.94331e+00
1.70913e+00	-2.48490e+00	3.53569e+00	1.85843e+00
4.07914e-01	-2.36644e+00	2.06244e+00	-1.19695e+00
1.58632e+00	-2.45118e+00	2.96092e+00	2.26252e+00
1.01066e+00	-2.12964e+00	1.79014e+00	-8.67718e-01
2.30184e+00	-2.20924e+00	3.36871e-02	-1.27731e+00
4.95541e+00	-1.89991e+00	1.57783e-01	-1.58471e+00
3.84464e+00	-1.23399e+00	3.25656e+00	-9.12210e-01
3.01869e-01	-2.35800e+00	2.25940e-01	4.43526e-01
3.42709e+00	-1.33092e+00	2.10714e+00	-2.02703e+00
3.34412e+00	-1.26927e+00	2.94246e+00	2.08305e-02
3.00077e-01	-2.38269e+00	3.87977e+00	1.74273e-01
2.78389e+00	-1.13414e+00	2.91631e+00	1.54638e+00
1.04243e+00	-2.41847e+00	1.75928e+00	-2.35573e+00
5.25155e-01	-2.35071e+00	2.42454e+00	1.42007e-01
4.54103e+00	-9.54873e-01	4.39451e+00	-6.12665e-01
6.80885e-01	-2.25212e+00	3.27598e+00	-1.70847e+00
2.06186e+00	-1.94461e+00	1.17361e+00	-1.78074e+00
1.19490e-01	-2.46199e+00	1.34790e+00	1.62586e-01
3.97211e+00	-2.13194e+00	2.28116e+00	-4.58259e-01
3.40631e+00	-1.53617e+00	5.36427e-01	-2.49151e-01
4.61323e+00	-8.37069e-01	6.96210e-01	-2.35756e+00
3.52880e-01	-2.41173e+00	4.54587e+00	9.20216e-01
2.12120e+00	-2.23601e+00	3.58715e+00	2.14469e+00
3.22425e-01	4.33068e-01	3.53840e+00	-2.04253e+00
9.93511e-02	-2.28855e+00	2.19452e+00	-2.03346e+00
2.83001e+00	-8.00004e-02	9.96121e-01	-2.34352e+00
3.40297e+00	-1.20850e+00	4.84228e+00	2.44379e+00
2.13291e+00	-2.19952e+00	7.55585e-01	-2.49060e+00
9.59561e-01	-2.31514e+00	2.04627e-01	-2.43161e+00
7.11037e-01	-2.56786e-01	1.67167e+00	-1.27581e+00
4.80130e+00	-2.11100e+00	9.86498e-01	-1.93992e+00
2.31465e+00	-2.44191e+00	4.91964e+00	2.16836e+00
2.24272e+00	-1.30028e-01	2.76871e+00	-1.72087e-01
8.81116e-02	-2.35710e+00	4.40272e+00	-2.53897e-01
3.92667e+00	-1.61911e+00	6.88115e-01	2.02509e+00
1.01831e+00	-2.20396e+00	2.34537e+00	1.23004e+00
6.89873e-01	2.40873e-01	2.95159e+00	4.43489e-01
1.06706e+00	-1.91158e+00	3.82706e-01	-9.13206e-01
2.90462e+00	-2.28904e+00	1.21197e+00	-1.61516e-01
3.82431e+00	-1.16120e+00	2.99637e+00	3.71211e-01
8.00330e-01	-2.31948e+00	2.92893e+00	1.44998e+00
1.03214e+00	-2.47487e+00	2.27692e+00	-2.29474e+00
2.98964e+00	-2.05628e+00	1.95198e+00	-1.82212e+00
1.82441e+00	-1.33500e+00	1.40358e+00	1.63963e+00
3.48062e+00	-8.64281e-01	3.36530e+00	-1.74391e+00
3.76682e+00	-2.36282e+00	3.50504e+00	-8.78121e-01
3.43981e+00	-1.80087e+00	3.08320e+00	1.79200e+00
2.65936e+00	-1.76055e+00	7.13477e-01	-1.77000e+00
3.83155e+00	-3.48572e-01	9.53751e-01	-1.33183e+00
2.36452e+00	-7.54123e-02	2.80549e-01	-2.35575e+00
2.11185e+00	-1.08092e+00	4.31117e+00	-2.48473e+00
1.50892e+00	-2.63633e-01	4.37202e-01	-1.25124e+00
2.29486e+00	-1.46678e+00	1.22487e+00	2.37148e+00
4.85691e-01	-2.33767e+00	4.74350e+00	-1.92411e+00
4.91898e+00	-1.88183e+00	1.27446e+00	-5.76025e-01
4.84956e+00	-1.52618e+00	3.25024e+00	2.30536e+00
4.09711e-01	-1.47021e-02	2.90434e-01	-2.24226e+00
3.92601e+00	-4.10214e-01	4.56784e+00	2.39946e+00
4.87591e+00	-2.16712e+00	1.01295e+00	1.50048e+00
4.44197e+00	-1.77700e+00	1.90042e+00	9.12058e-01
3.65405e+00	-2.25963e+00	3.31310e+00	-8.18090e-01
2.57479e-01	-2.28035e+00	2.81322e+00	-1.72321e+00
2.95152e+00	3.81374e-01	4.90624e+00	-1.79567e+00
1.19920e+00	-2.14640e+00	2.11609e-01	-2.34156e+00
1.87716e+00	-2.30002e+00	5.90153e-01	-1.29109e-01
4.25481e+00	-2.46132e+00	6.08146e-02	-1.88856e+00
1.62808e+00	-1.85350e-01	4.30732e-01	2.47084e-01
3.71572e+00	5.78010e-01	2.10846e+00	-1.08615e+00
1.47874e+00	1.97010e-01	1.21959e+00	-1.76843e+00
3.10716e+00	-1.93058e+00	4.21084e+00	1.79983e+00
4.79343e+00	-2.42514e+00	2.01648e+00	-3.16208e-01
3.17425e+00	-8.27767e-01	1.27786e+00	-1.45123e+00
2.52465e+00	-2.43656e+00	1.19119e+00	6.18808e-02
2.34140e+00	-2.32387e+00	2.17570e+00	8.39218e-01
3.70404e+00	-1.43507e+00	1.01356e+00	7.85293e-02
2.48170e-01	-8.94683e-01	5.76210e-01	-1.29631e+00
4.67220e+00	2.81611e-01	7.62059e-02	-1.58550e+00
4.96616e+00	8.76154e-01	5.54902e-01	-7.41789e-01
3.82404e+00	-2.23314e+00	2.86792e+00	2.17734e+00
4.18835e+00	-4.30511e-01	2.07002e+00	-4.42612e-01
3.50819e+00	-2.40526e+00	2.42124e+00	5.45324e-01
1.32528e+00	-1.96129e-01	7.15322e-01	-1.89978e+00
3.34056e+00	5.83295e-01	1.91928e+00	-1.27457e+00
5.69812e-01	-2.37436e+00	5.41171e-01	-1.36654e+00
