# No. of particles = 100 
# Proton - Solar wind	Electron - Solar wind	
2.33821e+00	-2.08134e+00	2.68036e+00	-3.85942e-02
4.26993e+00	-1.25129e+00	1.12130e+00	-1.03414e+00
1.24408e-01	-2.36984e+00	3.90812e+00	-6.53764e-01
4.49839e-01	-2.45891e+00	2.55485e-01	-2.49265e+00
1.17450e+00	-1.85951e+00	2.26481e+00	4.56956e-02
2.72924e+00	-2.46172e+00	1.51837e+00	-1.43057e+00
2.54109e+00	-2.35465e+00	3.12689e+00	1.68261e+00
2.60381e-02	-2.39766e+00	5.56942e-01	-2.34279e+00
4.96667e+00	-1.54782e+00	2.92471e+00	1.13859e+00
2.25855e+00	-2.40045e+00	5.35698e-01	-2.41670e+00
7.83856e-01	-1.97673e+00	3.56208e+00	1.98419e+00
2.74194e+00	-1.47210e+00	2.27649e+00	-1.88377e+00
1.58181e+00	-2.19596e+00	1.24118e+00	-3.70782e-01
1.07545e+00	-2.30679e+00	3.56305e+00	1.56240e+00
1.34679e+00	-2.39828e+00	1.58491e+00	-1.38766e+00
4.37457e+00	-1.69290e+00	6.26809e-01	-1.18732e+00
1.67870e+00	-2.33025e+00	1.99438e-01	-2.10746e+00
3.46106e+00	-4.67815e-01	9.52402e-01	5.42197e-01
4.29397e+00	-7.07631e-01	7.48970e-01	-1.85982e+00
4.63934e+00	-2.31215e+00	4.67966e+00	1.26154e-01
2.46413e+00	-2.28219e+00	4.17043e+00	-5.20017e-01
2.19885e+00	-2.37578e+00	4.40889e-01	-2.15289e+00
3.35356e+00	-2.28414e+00	1.05799e+00	-1.14453e+00
2.98989e+00	-1.99795e+00	4.78186e+00	4.25320e-01
2.24272e+00	-2.32316e+00	1.76444e+00	3.42747e-01
1.46196e+00	-2.25636e+00	3.62209e+00	4.10547e-01
3.07539e+00	-2.44097e+00	3.96541e+00	1.74672e+00
1.30791e+00	1.60274e-01	3.50533e+00	-2.07624e+00
3.23092e+00	-1.98502e+00	9.47170e-01	2.21871e+00
2.38786e+00	-2.29475e+00	1.69696e+00	-2.09014e+00
3.06431e+00	-2.10754e+00	2.68260e+00	-1.75682e-01
3.77096e+00	-2.02174e+00	4.29479e+00	-1.57667e+00
1.18765e+00	-2.48965e+00	3.06728e+00	2.00129e+00
2.41648e+00	-1.51657e-01	4.77674e+00	-1.32551e+00
3.06238e+00	-2.28156e+00	6.35281e-02	-2.23420e+00
2.70674e+00	-2.27830e+00	4.05987e+00	-1.50679e-01
3.37917e+00	1.35804e-02	4.18536e-01	-1.72318e+00
3.45306e+00	-7.73969e-01	3.72632e+00	1.10268e+00
2.57876e+00	-3.64518e-01	6.04892e-01	-2.24989e+00
3.44925e+00	-2.30536e+00	3.75988e+00	-6.86760e-01
5.42737e-01	-2.37664e+00	4.41536e+00	-3.70322e-01
1.75133e+00	-2.04517e+00	2.47974e-01	-2.49829e+00
1.61196e+00	-1.71690e+00	4.90894e+00	-9.13744e-01
3.60819e+00	4.03176e-01	1.03997e+00	2.23479e+00
3.12231e+00	-5.27907e-01	3.21818e+00	-1.18760e+00
2.14642e+00	-1.52251e+00	4.40381e+00	-2.40862e+00
2.83887e+00	-5.19029e-01	3.86518e+00	9.19545e-01
3.14965e+00	1.85754e-01	2.90013e-01	-1.49687e+00
2.34598e+00	8.17877e-01	9.56251e-01	-9.44338e-01
2.73119e+00	-2.23705e+00	3.15860e-01	-1.90770e+00
4.50281e+00	-1.27410e+00	1.70930e+00	1.05822e+00
9.76649e-01	2.41573e-02	1.56814e+00	1.81950e+00
1.97732e+00	-2.06334e+00	2.39580e+00	2.18774e-01
1.77635e+00	-6.08751e-01	4.25201e-01	9.51089e-01
1.90607e-01	-2.24530e+00	7.25245e-01	8.70074e-01
1.89337e+00	5.23172e-01	1.07001e+00	2.32776e-01
2.24075e+00	1.89061e+00	2.73784e+00	1.27675e+00
3.65604e+00	-4.12660e-01	2.26181e-01	-2.51816e-01
2.49566e+00	-2.22302e+00	1.64796e-01	-1.27522e+00
2.46526e+00	-5.37408e-01	6.53384e-01	-2.17786e+00
2.54526e+00	3.00036e-01	2.67398e+00	-2.97706e-01
1.56586e+00	-2.09019e+00	1.42260e+00	-2.36481e+00
1.64057e+00	3.33774e-01	1.97192e+00	7.73659e-01
2.87628e+00	-3.71400e-01	1.11469e-02	-2.25607e+00
1.92393e+00	-1.80533e+00	3.49063e+00	9.84801e-02
3.33378e+00	-2.41895e+00	2.28787e+00	1.44366e+00
2.18125e+00	3.51661e-01	4.99307e+00	-4.34223e-01
2.15023e+00	-2.09598e+00	2.38905e+00	9.95788e-01
4.50782e+00	-3.09845e-01	8.10377e-01	2.83829e-01
3.42643e+00	-1.08504e+00	4.54795e+00	-1.57049e+00
3.04492e+00	-4.48975e-01	1.46401e+00	-2.14241e+00
2.66586e+00	-2.25153e+00	7.16475e-01	-1.04408e+00
3.28387e+00	-4.29535e-01	1.01551e+00	-2.68164e-01
1.83349e+00	-2.19770e+00	4.48633e+00	-2.05461e+00
3.19722e+00	9.74441e-01	8.58838e-01	-1.63480e+00
4.09704e+00	9.97774e-01	1.38276e+00	-1.61040e+00
4.12924e+00	1.08554e+00	2.46738e+00	7.26120e-01
3.74767e+00	-2.43500e+00	9.21433e-01	-5.03793e-01
1.40561e+00	-3.13265e-01	5.22504e-01	-3.70163e-01
4.21605e+00	-2.32091e+00	3.58631e-01	-2.13594e+00
3.36709e+00	1.67965e+00	2.58080e+00	-1.30611e+00
1.13823e+00	-2.20064e+00	1.24435e+00	-1.77493e+00
1.96503e+00	-2.27404e+00	2.71894e+00	1.19472e+00
2.83071e+00	-1.73194e+00	2.21612e+00	1.33680e+00
7.20374e-01	-2.23820e+00	1.04735e+00	-2.15404e+00
2.36437e+00	-5.23048e-01	4.04804e+00	7.19248e-01
2.39740e+00	4.58698e-01	1.57793e+00	7.76076e-01
2.66639e+00	-1.90433e+00	9.50260e-02	-1.87138e+00
3.60222e+00	-1.50553e+00	9.33858e-01	3.63833e-01
6.35048e-01	-2.35628e+00	4.83229e+00	-3.15716e-01
3.30635e+00	-2.15159e+00	4.45709e+00	-9.42013e-01
2.80649e+00	-1.63006e+00	4.04771e-01	5.78724e-01
2.51144e+00	-1.27153e-01	2.03676e+00	-1.06269e+00
2.35691e+00	-2.43760e+00	2.96269e+00	-1.16795e+00
1.71579e+00	3.93639e-01	1.83072e+00	-5.18681e-01
2.18426e+00	6.11790e-01	1.37536e+00	5.32869e-01
2.76923e+00	4.34412e-01	3.65339e+00	1.79316e+00
1.59316e+00	-2.39024e+00	3.19990e-01	-2.05050e+00
3.09219e+00	-2.25799e+00	9.50375e-01	-1.78150e+00
3.12341e+00	-2.39714e+00	1.15602e+00	-8.75541e-01
