# No. of particles = 100 
# Proton - Solar wind	Electron - Solar wind	
3.86193e+00	-2.36444e+00	1.16048e+00	-7.17692e-01
3.43995e-01	-2.23512e+00	1.29917e+00	-7.92958e-01
2.11487e+00	-1.61965e+00	7.93515e-03	-2.37321e+00
4.66962e+00	-2.12562e+00	4.00611e+00	1.59076e+00
2.56770e+00	-2.34215e+00	1.35604e+00	-1.63639e+00
4.34742e+00	-1.77725e+00	2.25327e+00	-2.34591e+00
3.88738e+00	-2.27020e+00	4.60474e-01	-2.14176e+00
4.25827e+00	-2.23917e+00	8.11465e-01	1.11598e+00
1.30701e+00	-2.16023e+00	4.31710e-01	-2.14504e+00
3.20889e+00	-1.31932e+00	1.58613e+00	1.50275e-01
2.21817e+00	-8.46066e-01	2.08141e+00	-1.32046e+00
3.86033e+00	-1.40504e+00	1.67362e-01	-2.26195e+00
3.29104e+00	-2.13025e+00	4.67546e-01	1.41049e+00
2.71464e+00	-1.87215e+00	4.01141e-01	-2.29347e+00
4.68239e+00	-8.55323e-01	4.40225e+00	-4.99967e-01
3.97434e+00	-1.61944e+00	1.15281e+00	-1.89022e+00
2.53542e+00	-1.97455e+00	1.53239e+00	-1.36191e+00
4.06471e+00	-2.04576e+00	2.15559e-01	-2.12673e+00
4.89545e+00	-4.63583e-01	1.26507e-01	-2.27100e+00
1.05513e+00	-2.39221e+00	3.18333e+00	-6.41654e-01
3.73225e+00	-1.91449e+00	2.99070e+00	-1.43547e+00
3.54366e+00	-2.26630e+00	4.43792e+00	3.00910e-01
5.05089e-02	-2.25447e+00	9.22909e-02	1.51789e-01
4.23278e+00	-2.08244e+00	4.54800e+00	1.60928e+00
3.89226e+00	-1.93258e+00	3.97184e+00	1.57623e+00
7.70387e-01	-2.44046e+00	4.46781e+00	4.28154e-01
4.33918e+00	-1.38882e+00	3.14187e+00	-7.88176e-01
1.39891e+00	-1.89205e+00	6.75928e-01	-2.35708e+00
4.49367e+00	-2.14329e+00	3.73578e-01	-2.35690e+00
4.00292e+00	-1.20125e+00	6.19103e-01	-1.78929e+00
3.98663e+00	-2.39514e+00	4.01051e+00	5.45995e-01
2.93304e-01	-2.23127e+00	3.68296e+00	2.30465e+00
6.55593e-02	-2.45545e+00	3.41432e+00	6.05757e-01
3.33742e+00	-2.17658e+00	2.19899e+00	-4.94171e-01
3.91434e+00	-1.67528e+00	2.44800e+00	7.46914e-01
4.64301e+00	-2.15729e+00	7.47515e-01	-2.40732e+00
8.35972e-05	-2.39687e+00	3.54879e+00	-1.40064e+00
1.85553e-01	-2.15706e+00	4.96723e+00	-7.95024e-01
3.88649e+00	-1.00250e+00	5.03558e-01	8.46897e-01
4.08633e+00	-1.75166e+00	4.84453e+00	-1.39803e+00
6.79298e-01	-2.13224e+00	1.64529e-01	-2.33189e+00
3.93305e+00	6.73016e-01	8.53488e-01	-1.67007e+00
3.12578e+00	-6.75321e-01	8.85699e-01	-1.51162e+00
3.92822e+00	1.12311e+00	2.59725e+00	-8.65187e-01
3.30758e-01	-2.41551e+00	1.39122e+00	1.59933e+00
3.74541e+00	-4.85939e-01	2.77980e-01	-1.85271e+00
4.02416e+00	-1.56230e+00	1.18253e+00	6.48950e-02
1.62370e+00	-1.25468e-01	3.31765e-01	6.09489e-01
3.96505e+00	1.84597e-01	4.12761e+00	-1.12045e+00
4.69760e+00	4.62627e-01	4.72709e+00	-1.64708e-01
4.41243e+00	3.48228e-01	3.51126e+00	-8.47226e-01
3.19981e+00	9.88222e-01	9.80252e-01	-1.96988e+00
3.51056e+00	1.24404e-02	1.40957e+00	1.02872e+00
3.77327e+00	4.58463e-01	1.17966e+00	-1.77073e+00
3.19048e+00	-6.78982e-02	8.41804e-01	-1.84010e+00
3.68264e+00	2.03113e+00	3.23825e-01	-2.08622e+00
3.88344e+00	2.08553e-01	6.74746e-01	-2.03528e+00
4.67387e+00	-1.52579e-01	3.30928e+00	-6.60777e-01
4.51834e+00	-4.56724e-01	4.92064e+00	-1.84508e+00
2.27546e-01	-2.19401e+00	1.69005e+00	-2.03181e+00
4.03910e+00	4.53277e-02	1.53337e+00	-2.17766e+00
3.03725e+00	1.42135e-01	1.64026e+00	-1.13164e+00
3.27433e+00	-1.21920e+00	1.36639e+00	-1.46529e+00
4.61332e+00	-1.04697e+00	4.80844e+00	4.45029e-01
4.23844e+00	-9.14156e-01	3.04972e+00	-2.30000e+00
4.55687e+00	3.99120e-01	2.36059e+00	7.32027e-01
3.70519e+00	2.22313e-02	2.68580e-01	1.21200e+00
3.79887e+00	8.39030e-01	4.38007e+00	7.35396e-01
4.70255e+00	2.36537e+00	6.39935e-01	3.24216e-01
4.68161e+00	5.68024e-01	4.23697e+00	-1.53181e+00
3.76180e-01	-2.45194e+00	3.16479e+00	8.28882e-01
3.98518e+00	1.76311e+00	1.35401e-01	-2.27907e+00
4.51774e+00	1.51752e+00	6.17640e-01	-1.90773e+00
3.60481e+00	5.97639e-01	3.43073e+00	-1.33623e+00
3.94831e+00	4.97659e-01	1.63052e+00	-3.92280e-01
4.61448e+00	-1.45612e+00	4.76102e+00	-1.28539e+00
4.74091e+00	1.37561e+00	4.73103e+00	-2.83580e-01
4.85157e+00	2.07093e+00	3.48016e+00	1.03958e+00
3.19134e+00	8.83698e-01	1.07518e-01	-2.38399e+00
1.46903e-01	-2.25816e+00	4.86095e+00	2.02180e+00
3.83258e+00	2.41290e+00	3.37029e+00	2.39006e+00
2.21728e+00	-2.22126e+00	3.38820e+00	1.54592e+00
3.47948e+00	2.17422e+00	2.37394e+00	-2.02058e+00
3.90609e+00	1.71425e+00	3.28439e-01	2.95689e-01
3.44349e+00	1.86944e+00	4.58001e+00	1.09194e+00
4.17413e+00	1.50251e+00	3.99491e+00	1.28455e+00
3.77240e+00	1.13878e+00	2.97990e+00	7.14438e-01
3.72093e+00	1.63784e+00	3.53412e+00	2.03299e+00
4.91193e+00	1.85165e+00	1.10352e+00	3.60120e-01
2.68833e+00	2.09804e+00	7.65337e-01	-7.08458e-02
1.23278e-01	-2.40680e+00	1.40885e-02	-2.42645e+00
4.13241e+00	1.54581e+00	1.26585e-01	-1.72119e+00
3.49030e+00	2.19527e+00	1.06949e+00	-5.72256e-02
3.69089e+00	8.67717e-01	2.75740e+00	1.12866e+00
4.22190e+00	1.15615e+00	2.11572e+00	2.03827e+00
3.97625e+00	1.98265e+00	3.48841e+00	-2.46573e+00
3.89972e+00	1.73507e+00	3.09336e-01	-2.30274e+00
2.54029e-01	-2.32961e+00	4.61236e-01	-1.06395e+00
4.30356e+00	2.04175e+00	1.06024e+00	-2.17985e-01
4.25579e+00	2.23576e+00	2.78929e+00	-3.93110e-01
