# No. of particles = 100 
# Proton - Solar wind	Electron - Solar wind	
3.41400e-01	-2.37698e+00	2.34230e+00	-2.41145e+00
2.27744e+00	-1.74196e+00	4.57500e+00	5.45406e-01
1.98839e+00	-2.04261e+00	2.06575e+00	2.01543e+00
1.45461e+00	-2.28090e+00	1.29675e+00	-2.30976e+00
3.99325e+00	-2.65128e-01	5.78219e-01	-2.31434e+00
1.29667e+00	-2.41609e+00	4.68714e+00	5.98430e-01
6.23324e-01	-2.37820e+00	1.02967e+00	1.12270e+00
4.45104e+00	-1.63059e+00	1.09599e+00	-1.80222e+00
3.03613e+00	-2.05863e+00	1.38017e+00	7.99973e-01
6.34840e-01	-2.27108e+00	4.79689e+00	-6.41618e-02
2.36112e+00	-3.56207e-01	4.66170e+00	-5.22799e-01
1.08283e+00	-2.42726e+00	4.27861e-01	-1.41193e+00
3.79344e+00	-1.70704e+00	1.47153e+00	-1.89255e+00
4.54357e+00	-2.07668e+00	2.13091e-01	-2.25191e+00
2.80253e-02	-2.29900e+00	1.90604e+00	-1.02183e+00
2.82402e+00	-1.95003e+00	1.09445e+00	6.23618e-01
1.41559e-01	-2.49122e+00	1.49099e+00	2.22653e+00
3.30214e+00	-2.47295e+00	1.14109e+00	1.12872e+00
3.13140e+00	-1.59852e+00	2.32043e+00	1.35018e+00
1.39338e+00	-2.33238e+00	4.74919e+00	-3.62048e-01
9.97809e-01	-2.22289e+00	2.51310e+00	1.79536e+00
7.82217e-01	-2.19676e+00	1.70214e-01	-2.44133e+00
1.99293e+00	-1.37022e+00	4.62552e+00	2.44368e+00
1.21862e+00	-2.22355e+00	1.72774e+00	-6.04084e-01
5.00405e-01	-2.36723e+00	1.77573e+00	-6.09512e-01
4.00232e+00	-1.97320e+00	1.17344e+00	-2.38628e+00
1.38290e+00	-2.23919e+00	1.10245e+00	1.19978e+00
2.33417e-01	-2.34045e+00	1.78940e+00	-2.02519e+00
1.56311e+00	-2.13912e+00	1.36885e+00	-1.70295e+00
4.05355e-01	-4.46987e-01	2.76051e+00	-2.01302e+00
1.25129e+00	-2.02021e+00	1.62427e+00	-9.23135e-01
1.63065e+00	-2.29439e+00	4.01743e-01	-1.47425e+00
4.26069e+00	-2.42920e+00	4.47244e-01	-1.68131e+00
6.37283e-01	-2.46437e+00	2.28431e+00	5.57725e-01
1.13432e+00	-2.25802e+00	1.31113e+00	2.26491e+00
5.73408e-01	4.82845e-01	1.32022e+00	-2.25089e+00
1.20282e+00	5.75266e-01	2.80188e+00	2.33142e+00
1.46193e+00	-2.08658e+00	4.22585e+00	-5.64752e-01
1.03814e+00	-3.98681e-01	5.40571e-02	5.08688e-01
2.08260e+00	-2.29248e+00	1.24112e+00	-1.82513e+00
3.31409e+00	-1.48502e+00	2.90509e-01	-2.33123e+00
2.56082e-01	-2.24157e+00	3.02176e-01	9.62567e-01
4.14203e-01	-2.34577e+00	4.94673e+00	1.10904e+00
3.32566e+00	-1.29897e+00	2.26923e+00	1.04505e+00
8.80642e-01	-9.27226e-01	1.60232e+00	1.83238e+00
1.63443e-01	-1.72942e-02	3.11013e+00	-1.41709e+00
1.30172e+00	-2.28278e+00	3.63324e+00	-1.91607e+00
4.53734e+00	4.69493e-01	7.67721e-01	-2.20656e+00
3.16740e-01	-2.25561e+00	4.82203e+00	1.97653e+00
1.03096e+00	-2.27987e+00	5.68036e-01	-1.97590e+00
2.89772e+00	-1.34881e+00	1.14613e+00	6.66152e-01
3.48785e+00	2.86169e-01	1.13581e+00	-3.56093e-01
1.59657e-01	-2.49700e+00	2.38623e+00	1.42629e+00
4.34947e+00	1.76489e-02	1.01535e+00	3.43487e-01
5.67556e-01	-2.29628e+00	4.53089e+00	2.00277e-01
4.32921e+00	8.19042e-01	4.41704e+00	-1.05503e+00
1.63524e+00	-2.25822e+00	1.28889e+00	1.09796e+00
2.25618e+00	-6.26123e-01	4.11096e+00	1.12714e+00
8.40698e-01	-2.17611e+00	9.23712e-01	-1.32863e+00
4.50049e+00	9.69762e-01	4.99787e+00	-1.43947e-01
6.67257e-01	-2.30799e+00	7.19551e-01	-1.29116e+00
8.41224e-01	-2.15491e+00	3.44451e+00	-1.40756e+00
4.15225e-02	-2.45677e+00	1.53943e-01	-9.48981e-02
1.36260e+00	-5.97096e-02	1.11780e+00	2.11960e+00
2.35925e+00	-2.48729e+00	3.29480e+00	-1.94897e+00
1.73160e+00	-3.24541e-01	1.50944e+00	-1.26741e+00
4.03920e-01	-2.41109e+00	4.68172e+00	-1.30718e+00
7.93484e-02	-2.45498e+00	1.36687e+00	2.31098e+00
3.00201e+00	1.09094e+00	1.01752e+00	1.91024e+00
9.89524e-01	1.11759e+00	4.99422e+00	2.50023e-01
1.86899e+00	-3.65614e-01	3.37953e+00	-8.50623e-01
1.34290e+00	-2.28684e+00	4.81906e+00	3.45369e-01
1.76775e+00	1.20779e+00	2.01450e+00	-1.08646e-01
4.67294e+00	-1.96501e+00	4.55410e+00	-1.47364e+00
6.34305e-01	-2.18364e+00	1.97999e+00	1.24201e+00
1.53708e+00	-2.08887e+00	2.83180e-01	-1.89764e+00
2.51532e+00	-2.48173e+00	9.00120e-01	-2.18752e+00
1.99830e+00	-2.28182e+00	1.67076e+00	-2.11039e+00
4.62546e+00	-2.04943e+00	4.62366e-01	-2.01280e-01
2.76334e+00	5.38737e-02	1.07849e+00	-1.99488e+00
2.02148e+00	7.73869e-01	6.70724e-01	-1.60197e+00
4.51242e+00	-2.09411e+00	3.08492e-01	8.49821e-01
2.93300e-01	-3.06756e-01	1.32866e+00	-1.33997e+00
3.73850e-01	-2.32755e+00	1.98124e+00	-7.69843e-01
3.52076e+00	-1.78298e+00	1.11119e+00	-4.85008e-01
9.00698e-01	-2.24951e+00	1.19351e+00	-1.75168e+00
5.41301e-01	-2.45776e+00	2.46126e+00	-1.82037e+00
1.29658e+00	-3.08406e-01	1.60311e+00	9.35347e-01
2.00962e+00	-2.29158e+00	4.68352e-01	-1.91211e+00
4.21475e+00	-1.98164e+00	7.61813e-01	-9.89713e-01
1.27071e+00	-2.46489e+00	1.86830e+00	2.21627e-02
1.27973e+00	-2.24908e+00	3.72512e+00	1.30470e+00
8.49029e-01	3.54257e-01	2.78779e+00	-1.42758e+00
7.43061e-01	-2.47049e+00	1.34969e+00	-6.75271e-01
7.09410e-01	1.21915e-01	3.28771e+00	-1.28475e+00
4.90980e+00	8.49480e-01	8.16346e-01	-1.96301e+00
1.36167e+00	-2.22223e+00	1.55741e-01	9.13128e-02
2.81163e+00	-2.44466e+00	1.48982e+00	-8.13181e-01
1.84029e+00	-2.16506e+00	4.25297e+00	8.02992e-01
1.30213e+00	-4.33642e-01	1.22373e-01	-2.19414e+00
