# No. of particles = 100 
# Proton - Solar wind	Electron - Solar wind	
1.55194e+00	-2.40422e+00	1.05886e-01	-2.22269e+00
3.39640e-01	-2.40885e+00	6.31243e-01	-2.31543e+00
1.69005e-01	-2.33247e+00	4.52210e+00	2.30723e+00
1.87687e+00	-2.30745e+00	2.43379e+00	-1.36814e+00
1.30181e-01	-2.31626e+00	2.67625e+00	-4.75308e-01
1.75363e+00	-2.18978e+00	1.50460e+00	-1.52980e+00
1.56788e+00	-2.30386e+00	1.50250e+00	-1.52792e+00
2.08190e+00	-2.39421e+00	4.42304e+00	1.47539e+00
3.52576e+00	-1.33444e+00	2.84397e+00	1.34859e+00
2.41416e-01	-2.24880e+00	1.31425e+00	-8.55304e-01
4.77381e+00	-1.78306e+00	5.55503e-02	-2.47901e+00
9.73804e-01	-2.09554e+00	1.83120e+00	1.78250e+00
7.85572e-01	-2.37474e+00	4.28338e-01	-2.38233e+00
6.98417e-01	-2.27630e+00	4.25150e+00	6.92333e-01
1.88769e+00	-1.43718e+00	3.06378e+00	-5.55778e-01
1.60268e+00	-1.80332e+00	1.95054e+00	-9.41914e-01
1.71455e+00	-2.44146e+00	3.00840e+00	-2.13178e+00
1.63914e+00	-2.10560e+00	1.80335e+00	2.00261e+00
1.96689e+00	-1.18121e+00	3.96930e-01	-2.40542e+00
2.77989e+00	-1.95284e+00	1.96716e+00	-1.72104e+00
1.50163e+00	-2.05758e+00	6.78078e-01	-2.35960e+00
1.42824e+00	-2.05900e+00	1.25898e+00	-2.03859e+00
2.04840e+00	-1.93324e+00	3.37087e+00	-8.05889e-01
1.70265e+00	-2.10894e+00	2.25748e+00	1.92984e+00
1.56683e+00	-1.93237e+00	4.69465e+00	7.29031e-01
2.43551e+00	-1.01914e+00	1.79298e+00	9.14112e-01
1.74785e+00	-1.53389e+00	3.80000e+00	-4.64371e-01
1.92292e+00	-1.96839e+00	4.31996e+00	-5.85018e-01
1.81179e+00	-1.81521e+00	2.66407e+00	-1.58059e+00
1.61299e+00	-1.25178e+00	5.15976e-01	-2.31617e+00
1.60931e+00	-1.95516e+00	2.91652e+00	6.43496e-01
2.18027e+00	-1.11037e+00	3.04938e-01	-2.05151e+00
2.06911e+00	-1.36044e+00	1.16594e+00	-2.09220e+00
1.34740e+00	-1.70794e+00	4.14130e+00	-1.12018e+00
1.57635e+00	-1.62764e+00	2.34921e+00	-5.60246e-01
1.87232e+00	-1.59810e+00	2.53752e+00	1.99433e+00
1.61583e+00	-1.78064e+00	3.20697e+00	-3.74256e-01
2.12331e+00	-6.69376e-01	1.17119e+00	1.59824e+00
1.56501e+00	-9.76434e-01	4.76487e+00	1.80671e+00
1.65010e+00	-1.04142e+00	2.27181e+00	-1.82354e+00
2.61593e+00	-8.09262e-01	3.77244e-01	7.13392e-01
1.58607e+00	-7.58969e-02	2.68620e+00	2.09430e+00
1.25975e+00	-8.84829e-01	2.43224e+00	-2.07588e+00
1.57921e+00	2.54711e-01	1.46843e-01	-2.45540e+00
2.10390e+00	-4.23736e-01	2.04187e+00	-1.93157e+00
1.51183e+00	-3.96566e-01	3.30215e+00	9.55086e-02
1.61725e+00	-6.85386e-01	1.23983e-01	-2.46118e+00
6.53220e-01	-3.22127e-01	2.55495e+00	2.41377e+00
1.59671e+00	2.89290e-02	3.42537e-01	-5.81589e-01
1.89136e+00	-1.21631e-01	1.15725e+00	1.62634e-01
1.77791e+00	6.80874e-02	3.78375e+00	-4.53848e-01
1.28783e+00	4.37408e-01	4.74423e+00	-2.23582e+00
1.41298e+00	1.74463e-01	3.04777e+00	-2.13684e+00
1.52368e+00	3.18062e-01	6.26322e-01	-1.39799e+00
1.28505e+00	1.90535e-02	4.54621e+00	1.74370e+00
1.48027e+00	1.01692e+00	4.50146e-01	3.20090e-01
1.56158e+00	2.01685e-01	1.88540e+00	-6.94766e-01
1.87832e+00	1.87075e-01	2.24538e+00	2.06461e+00
1.81974e+00	-1.53649e-01	2.18403e+00	1.07159e-02
2.45842e+00	3.82881e-01	1.56324e+00	-2.02185e+00
1.62751e+00	1.95212e-01	3.89301e+00	-1.92137e+00
1.22535e+00	2.31953e-01	1.45677e+00	-2.49934e+00
1.31843e+00	-1.94794e-01	2.92805e+00	-1.81052e+00
1.85734e+00	-3.67806e-01	1.86490e-01	-1.59037e-01
1.70353e+00	-3.01238e-01	4.41424e+00	-1.42805e+00
1.83232e+00	2.13114e-01	4.49662e+00	-1.01938e+00
1.48908e+00	6.11228e-01	8.66711e-01	-6.24906e-02
1.52580e+00	7.72316e-01	1.68558e+00	-1.76355e+00
1.88943e+00	1.46106e+00	1.87739e+00	-3.82149e-01
1.88156e+00	7.22017e-01	4.96707e-01	-7.10811e-01
2.24818e+00	1.65377e+00	2.67876e+00	1.20923e+00
1.60374e+00	1.13128e+00	5.53327e-01	1.71577e+00
1.81895e+00	1.11824e+00	3.38462e+00	1.66208e+00
1.44757e+00	5.79185e-01	2.02045e-01	-2.31770e+00
1.59193e+00	6.09461e-01	2.04184e+00	-1.42363e+00
1.85546e+00	-1.36802e-01	1.13138e+00	-1.48954e+00
1.90539e+00	1.11382e+00	9.58995e-03	-2.19017e+00
1.95032e+00	1.35003e+00	2.51295e+00	-1.04834e+00
1.28774e+00	7.28235e-01	4.02449e+00	2.40293e+00
2.08600e+00	7.73686e-02	1.69827e+00	-1.33508e+00
1.54191e+00	1.62084e+00	2.23451e+00	1.51363e+00
1.57782e+00	2.02770e+00	2.03106e-01	-1.86153e+00
1.39968e+00	1.84627e+00	1.14310e-01	-2.27700e+00
1.57577e+00	1.65557e+00	1.27280e+00	-3.81728e-01
1.38872e+00	1.72502e+00	2.32248e+00	-5.63491e-01
1.68060e+00	1.38010e+00	4.52164e+00	-1.61519e+00
1.51476e+00	1.12329e+00	1.33064e+00	2.45915e+00
1.49552e+00	1.60053e+00	3.02865e+00	1.41271e+00
1.97710e+00	1.65318e+00	2.99656e+00	7.68793e-01
1.08350e+00	1.70698e+00	2.45266e+00	2.05327e-01
1.28738e+00	1.83400e+00	2.39088e+00	1.87387e-01
1.66512e+00	1.39218e+00	1.11711e+00	1.67479e+00
1.40501e+00	2.12823e+00	1.27896e+00	-2.26680e+00
1.48172e+00	1.55241e+00	7.93634e-01	-5.87398e-01
1.69653e+00	1.58712e+00	3.22335e+00	1.82370e-01
1.60450e+00	2.11008e+00	2.73276e+00	8.34455e-01
1.57167e+00	1.73902e+00	4.70177e+00	7.60900e-01
9.97874e-02	-2.41099e+00	3.65593e+00	-7.18174e-01
1.73115e+00	2.08797e+00	1.26074e+00	-3.02996e-01
1.71515e+00	2.13805e+00	2.72198e+00	-2.24416e+00
