# No. of particles = 100 
# Proton - Solar wind	Electron - Solar wind	
4.01096e+00	-2.36193e+00	2.93224e+00	1.71228e+00
5.04873e-01	-2.19478e+00	2.51085e+00	7.97705e-01
2.24040e+00	-1.57369e+00	1.85830e-01	-2.41539e+00
4.84981e+00	-2.11393e+00	1.79628e+00	-1.46926e+00
2.72496e+00	-2.34387e+00	3.37797e+00	-1.23053e-01
4.51476e+00	-1.75065e+00	9.05471e-01	-2.13854e+00
4.03702e+00	-2.26806e+00	3.34527e+00	-1.22804e+00
4.39868e+00	-2.22923e+00	9.95247e-01	1.96118e+00
1.45702e+00	-2.13516e+00	5.91054e-01	-2.00619e+00
3.40036e+00	-1.25934e+00	1.93719e+00	7.91249e-01
2.37928e+00	-7.24937e-01	2.93906e+00	-8.19226e-01
4.04655e+00	-1.36047e+00	2.03929e+00	3.24785e-02
3.45269e+00	-2.11451e+00	5.20855e-01	1.76850e+00
2.84472e+00	-1.84609e+00	7.93016e-01	-2.25743e+00
4.86268e+00	-8.17768e-01	1.32907e-01	-2.27552e+00
4.12734e+00	-1.60755e+00	3.86050e+00	-4.44314e-02
2.71607e+00	-1.95645e+00	2.59378e+00	-6.27181e-01
4.22120e+00	-2.04191e+00	4.03835e-01	-1.49136e+00
7.82874e-02	-2.37278e+00	2.03087e+00	-4.75171e-01
1.20203e+00	-2.38893e+00	4.87960e+00	3.68407e-01
3.87615e+00	-1.90525e+00	3.13461e+00	-1.39067e+00
3.68013e+00	-2.27970e+00	4.76066e+00	4.62970e-01
1.85877e-01	-2.25569e+00	1.17829e+00	6.01121e-02
4.39602e+00	-2.08076e+00	4.90502e+00	1.88497e+00
4.04228e+00	-1.93258e+00	4.65417e-01	-1.96394e+00
9.39780e-01	-2.44550e+00	1.17071e+00	-4.84914e-01
4.50634e+00	-1.37944e+00	3.64666e-01	-1.82736e+00
1.60750e+00	-1.79954e+00	2.29079e+00	-2.34699e+00
4.66671e+00	-2.16449e+00	4.59265e-01	-2.25249e+00
4.15709e+00	-1.19796e+00	8.79937e-01	-1.45398e+00
4.14000e+00	-2.42356e+00	9.93161e-01	-2.15548e+00
4.35825e-01	-2.22268e+00	6.45753e-01	-1.95834e+00
1.70791e-01	-2.48789e+00	3.86064e+00	1.06956e+00
3.46580e+00	-2.20684e+00	2.35509e+00	-4.19637e-01
4.06516e+00	-1.67833e+00	3.81766e-01	-2.44245e+00
4.82179e+00	-2.19339e+00	2.08921e+00	-2.44413e+00
1.73668e-01	-2.44905e+00	2.37547e+00	-2.38964e+00
3.19435e-01	-2.10036e+00	4.29454e+00	-2.38640e+00
4.03624e+00	-1.00416e+00	5.03348e-01	1.16128e+00
4.24350e+00	-1.79745e+00	4.94903e+00	-1.35823e+00
8.82000e-01	-2.06743e+00	1.26422e+00	-9.30979e-01
4.08444e+00	7.21337e-01	1.40960e+00	-1.14346e+00
3.24618e+00	-6.61803e-01	1.40060e+00	-1.09248e+00
4.07978e+00	1.17916e+00	4.72260e+00	6.16026e-01
4.45149e-01	-2.33810e+00	1.63713e+00	2.46688e+00
3.88953e+00	-4.91706e-01	4.28564e-01	-1.06437e+00
4.17944e+00	-1.61884e+00	2.19276e+00	3.92579e-01
1.68629e+00	-1.12755e-01	2.91182e-01	1.47457e+00
4.11781e+00	1.94634e-01	5.48335e-01	-2.53929e-01
4.87866e+00	5.00358e-01	4.97044e+00	-1.79530e-01
4.58237e+00	3.66333e-01	3.88537e+00	-6.90983e-01
3.32319e+00	1.02374e+00	2.23522e+00	-4.97955e-01
3.64589e+00	2.00528e-03	8.58833e-01	-2.14558e+00
3.91838e+00	4.67528e-01	3.68555e+00	9.92871e-02
3.31344e+00	-7.34788e-02	1.19009e+00	-1.68514e+00
3.82476e+00	2.09653e+00	1.30648e+00	3.72139e-01
4.03320e+00	2.08993e-01	8.20364e-01	-1.89592e+00
4.85423e+00	-1.74480e-01	3.60321e+00	-4.93766e-01
4.69243e+00	-4.76280e-01	1.52877e+00	-1.90567e+00
3.19251e-01	-2.12609e+00	9.59647e-02	-2.27932e+00
4.19465e+00	3.56544e-02	3.56385e+00	-1.70039e+00
3.15417e+00	1.36378e-01	1.81151e+00	-1.03502e+00
3.40053e+00	-1.28527e+00	3.02218e+00	-1.27931e-01
4.79112e+00	-1.09077e+00	1.42207e-01	-2.20323e+00
4.40196e+00	-9.53675e-01	1.52167e-01	-2.48104e+00
4.73264e+00	4.11160e-01	2.70806e+00	1.21756e+00
3.84814e+00	-1.57602e-02	3.07208e-01	1.11685e+00
3.94554e+00	8.43359e-01	1.92448e+00	-9.72600e-01
4.88406e+00	2.42369e+00	1.56157e+00	7.58383e-01
4.86228e+00	5.58133e-01	1.35955e+00	-3.05877e-01
5.11752e-01	-2.47184e+00	4.35909e+00	2.21581e+00
4.13883e+00	1.80385e+00	2.67379e+00	-8.50282e-01
4.69188e+00	1.54326e+00	7.00114e-01	-1.53809e-01
3.74398e+00	5.98841e-01	4.74609e+00	-9.78820e-01
4.10032e+00	4.90463e-01	2.84414e+00	-1.30787e+00
4.79248e+00	-1.54122e+00	3.21341e+00	-9.92327e-01
4.92389e+00	1.39248e+00	8.66180e-01	-1.14338e+00
3.93452e-02	-2.40309e+00	4.31342e+00	1.95064e+00
3.31418e+00	8.93713e-01	4.63750e+00	9.30078e-01
3.13665e-01	-2.26075e+00	1.81942e+00	1.41314e+00
3.98037e+00	2.46394e+00	2.95258e+00	2.85084e-01
2.41429e+00	-2.18850e+00	1.38860e+00	8.14947e-01
3.61370e+00	2.19536e+00	4.95408e+00	-1.55588e+00
4.05644e+00	1.71801e+00	4.03036e-01	-2.15956e+00
3.57610e+00	1.87873e+00	1.51705e+00	-1.90015e+00
4.33501e+00	1.51039e+00	1.45223e-01	5.37862e-01
3.91807e+00	1.13978e+00	3.74117e+00	9.21474e-01
3.86452e+00	1.64023e+00	2.80146e-01	-2.25446e+00
7.73293e-02	-2.41275e+00	2.17913e-01	-2.42912e+00
2.79188e+00	2.12327e+00	8.30813e-01	3.44559e-01
2.53731e-01	-2.39632e+00	2.76243e+00	-1.74551e+00
4.29160e+00	1.55570e+00	1.21197e-01	-1.19537e-01
3.62486e+00	2.19959e+00	1.34108e+00	7.37392e-01
3.83344e+00	8.23542e-01	2.88222e+00	1.25418e+00
4.38483e+00	1.12833e+00	1.79144e-01	-1.03532e+00
4.12927e+00	1.97439e+00	2.97361e+00	-7.52597e-01
4.04992e+00	1.73479e+00	1.02400e+00	-2.22552e+00
3.08908e-01	-2.33210e+00	1.61840e+00	2.02428e+00
4.46952e+00	2.03875e+00	1.62208e+00	1.33510e+00
4.41970e+00	2.24203e+00	3.58544e+00	2.42117e-01
