# No. of particles = 100 
# Proton - Solar wind	Electron - Solar wind	
2.19851e+00	-2.10299e+00	8.11295e-01	-1.61602e+00
4.10898e+00	-1.29157e+00	4.44578e+00	8.10841e-01
4.04541e-02	-2.38464e+00	3.78686e+00	-7.47639e-01
3.46406e-01	-2.43230e+00	4.69838e-01	-3.44634e-02
1.04758e+00	-1.93127e+00	2.10291e+00	-1.39369e-01
2.59669e+00	-2.45767e+00	1.43761e+00	1.35574e+00
2.39149e+00	-2.35214e+00	2.26368e+00	5.29486e-01
1.10501e+00	-2.49484e+00	4.32997e+00	5.93471e-01
4.81669e+00	-1.57290e+00	2.95740e+00	1.01796e+00
2.10808e+00	-2.40366e+00	2.30962e-01	-2.34881e+00
7.12842e-01	-2.04967e+00	2.24537e+00	1.89108e-01
2.59134e+00	-1.52437e+00	2.59775e-01	-2.25893e+00
1.48220e+00	-2.21796e+00	3.28831e+00	2.25028e+00
9.19247e-01	-2.31720e+00	2.41426e+00	1.15408e-01
1.18146e+00	-2.39906e+00	5.31220e-01	-2.27196e+00
4.18851e+00	-1.73854e+00	7.25725e-01	2.42797e+00
1.52217e+00	-2.34268e+00	4.60773e-02	-2.48600e+00
3.25453e+00	-4.48385e-01	9.08163e-01	2.75749e-01
4.11378e+00	-7.78794e-01	4.59556e+00	2.39407e+00
4.49244e+00	-2.31548e+00	1.10227e+00	-1.80622e+00
2.30558e+00	-2.28083e+00	4.27464e+00	-5.66511e-01
2.03887e+00	-2.36876e+00	1.58901e+00	4.46424e-01
3.21819e+00	-2.28295e+00	9.74804e-01	-1.28081e+00
2.84962e+00	-2.02339e+00	2.89441e+00	-6.59139e-01
2.09645e+00	-2.32907e+00	7.33856e-01	-1.55503e+00
1.34754e+00	-2.26912e+00	3.34222e+00	2.00298e-01
2.92516e+00	-2.44068e+00	3.24435e+00	8.82363e-01
1.12546e+00	1.27248e-01	1.45321e+00	-2.19623e+00
3.08037e+00	-1.99817e+00	9.50262e-01	2.00773e+00
2.25448e+00	-2.29479e+00	1.07480e+00	-2.20551e+00
2.91649e+00	-2.11943e+00	8.95310e-01	-1.77366e+00
3.62842e+00	-2.03030e+00	1.48410e-02	-2.24999e+00
1.04311e+00	-2.47476e+00	1.80067e+00	2.02899e-02
2.24063e+00	-1.47965e-01	4.74603e+00	-1.26204e+00
2.88488e+00	-2.27930e+00	5.80390e-01	-2.64452e-01
2.58632e+00	-2.28664e+00	3.82374e+00	-2.24258e-01
3.22856e+00	8.49087e-03	3.66922e+00	-3.15750e-01
3.31913e+00	-8.30667e-01	2.61792e+00	1.32705e-02
2.42647e+00	-3.91157e-01	4.47186e+00	7.54426e-01
3.26366e+00	-2.31471e+00	2.98991e+00	-5.65605e-01
4.17893e-01	-2.41684e+00	3.09319e+00	-9.98437e-01
1.54871e+00	-2.09640e+00	3.66830e+00	-1.56492e+00
1.41073e+00	-1.82363e+00	2.71109e+00	-1.56102e+00
3.39999e+00	4.09150e-01	1.43051e+00	2.10943e+00
3.00790e+00	-6.05294e-01	1.85287e+00	-1.75731e+00
2.00908e+00	-1.57577e+00	1.68362e+00	-2.32398e+00
2.68088e+00	-5.14611e-01	4.49718e-01	-7.42572e-02
3.08713e+00	1.72968e-01	8.16886e-02	-2.02349e+00
2.21335e+00	8.23742e-01	8.93497e-01	-1.05160e+00
2.58634e+00	-2.24791e+00	2.81684e+00	1.15012e+00
4.29162e+00	-1.33258e+00	1.12322e+00	8.82111e-01
8.63491e-01	1.23614e-02	4.12361e+00	-1.58584e+00
1.84073e+00	-2.09600e+00	3.37976e-01	1.29671e-01
1.66046e+00	-6.37004e-01	3.96243e+00	-1.88664e+00
4.81093e-02	-2.23020e+00	6.58562e-01	5.37839e-01
1.78365e+00	5.09849e-01	4.01235e-01	-1.68981e+00
2.10830e+00	1.83541e+00	2.75777e+00	1.16660e+00
3.49414e+00	-3.96754e-01	6.85359e-02	-2.12112e+00
2.34501e+00	-2.22871e+00	9.35744e-02	-1.73614e+00
2.37358e+00	-6.05316e-01	3.88596e-01	-2.24949e+00
2.40547e+00	3.01263e-01	1.59152e+00	-1.12787e+00
1.36028e+00	-2.13718e+00	4.47035e+00	-1.17650e+00
1.48756e+00	3.54192e-01	7.33225e-01	5.28622e-01
2.75000e+00	-4.67209e-01	1.96760e+00	-8.37709e-01
1.82636e+00	-1.69982e+00	2.88864e+00	2.30561e-01
3.18559e+00	-2.42274e+00	1.70493e+00	3.02603e-01
2.03901e+00	3.77185e-01	3.35683e+00	-2.17189e-01
2.01830e+00	-2.11480e+00	1.70010e+00	7.28722e-01
4.30964e+00	-3.22788e-01	1.14621e-01	-1.58511e-01
3.27533e+00	-1.08768e+00	1.56790e+00	-2.13179e+00
2.86665e+00	-4.58697e-01	1.38985e+00	-2.15990e+00
2.49690e+00	-2.25252e+00	6.21576e-01	-1.31256e+00
3.13200e+00	-4.27363e-01	7.62610e-01	-7.59014e-01
1.70556e+00	-2.20814e+00	3.53299e+00	-2.12658e+00
3.01357e+00	9.00461e-01	3.98997e+00	-2.35523e+00
3.91272e+00	9.45808e-01	4.43351e+00	-2.29425e+00
3.94703e+00	1.03382e+00	4.90208e+00	-2.26015e+00
3.58920e+00	-2.43364e+00	3.93491e+00	1.42256e-01
1.26059e+00	-2.35093e-01	1.40229e+00	-2.06472e+00
4.04927e+00	-2.31836e+00	2.44355e+00	-1.47674e+00
3.21835e+00	1.67402e+00	1.37978e+00	-1.94225e+00
9.86267e-01	-2.20546e+00	7.30500e-01	-4.03843e-01
1.81388e+00	-2.28140e+00	8.24265e-01	-1.47199e+00
2.67754e+00	-1.77681e+00	1.61746e+00	1.01753e+00
5.94225e-01	-2.25876e+00	3.78065e-01	2.02569e+00
2.17696e+00	-5.25061e-01	6.89498e-01	-7.49607e-01
2.24736e+00	4.58765e-01	5.73831e-01	-1.28774e+00
2.49408e+00	-1.92563e+00	4.08788e+00	-1.39557e+00
3.45159e+00	-1.54425e+00	2.64410e-01	-2.03881e+00
4.73796e-01	-2.37327e+00	1.76936e+00	1.13526e+00
3.17591e+00	-2.16207e+00	2.25085e+00	-1.64737e+00
2.65817e+00	-1.66349e+00	1.55109e-01	6.02421e-01
2.32111e+00	-8.08291e-02	1.83857e+00	-1.24088e+00
2.20221e+00	-2.43933e+00	9.12587e-01	-2.41704e+00
1.52888e+00	3.88374e-01	8.50479e-01	-1.54283e+00
2.06149e+00	6.01075e-01	3.99713e-01	2.35830e+00
2.60653e+00	4.66789e-01	4.33306e+00	1.01576e+00
1.53827e+00	-2.38783e+00	1.44878e+00	-1.94283e+00
2.93942e+00	-2.26477e+00	2.04886e-01	-2.41381e+00
2.96628e+00	-2.39519e+00	2.13507e-01	-2.47241e+00
