# No. of particles = 100 
# Proton - Solar wind	Electron - Solar wind	
2.71542e+00	-2.02287e+00	2.65094e+00	-1.45803e+00
4.70440e+00	-1.14255e+00	3.00191e-01	-2.43123e+00
3.51084e-01	-2.32985e+00	4.23020e+00	-2.89821e-01
2.10164e-01	-2.25634e+00	5.66282e-01	-1.29478e+00
1.51722e+00	-1.66569e+00	2.71969e+00	6.19967e-01
3.08712e+00	-2.47262e+00	3.99449e+00	-1.31588e+00
2.94503e+00	-2.36143e+00	3.31241e-02	-2.08470e+00
2.10009e-01	-2.21456e+00	4.03097e+00	-3.66787e-01
3.35798e-01	-2.27197e+00	2.71927e+00	1.36471e+00
2.66482e+00	-2.39179e+00	1.35337e+00	-2.46956e+00
9.75627e-01	-1.77974e+00	1.85852e+00	-8.59624e-01
3.14863e+00	-1.33098e+00	3.72761e-01	-1.54947e+00
1.85075e+00	-2.13646e+00	8.17614e-01	-1.79577e+00
1.49722e+00	-2.27865e+00	2.90330e-01	-2.36931e+00
1.79320e+00	-2.39612e+00	4.39134e+00	1.05318e+00
4.87684e+00	-1.56967e+00	1.34658e-01	-2.43861e+00
2.10133e+00	-2.29661e+00	8.96761e-01	-7.96245e-01
4.01874e+00	-5.20337e-01	1.13242e+00	1.23447e+00
4.78045e+00	-5.15538e-01	2.79515e+00	-4.27305e-01
2.05655e-02	-2.31891e+00	2.25042e+00	-3.92365e-01
2.89221e+00	-2.28584e+00	3.94697e+00	-3.00189e-01
2.63081e+00	-2.39479e+00	3.26002e+00	-1.65424e+00
3.71907e+00	-2.28720e+00	1.31339e+00	-7.17658e-01
3.36870e+00	-1.92922e+00	3.26908e-01	-2.23936e+00
2.63768e+00	-2.30722e+00	8.22612e-01	-1.97411e+00
1.77088e+00	-2.22184e+00	4.32988e+00	9.79764e-01
3.48102e+00	-2.44160e+00	7.84487e-01	2.80836e-02
1.80051e+00	2.49428e-01	3.16332e-01	-1.99566e+00
3.63748e+00	-1.94941e+00	4.48538e+00	-2.37743e-01
2.74802e+00	-2.29464e+00	3.35963e+00	-1.86680e+00
3.46349e+00	-2.07536e+00	1.33080e+00	-9.04167e-01
4.15578e+00	-1.99849e+00	2.86574e-01	4.05534e-01
4.04776e-01	-2.27392e+00	4.14399e-01	-1.74223e+00
2.89128e+00	-1.61671e-01	2.62581e-01	-2.07870e+00
3.54165e+00	-2.28752e+00	3.03757e+00	2.95323e-01
3.03190e+00	-2.25573e+00	4.72824e+00	1.27127e-01
3.78588e+00	2.72987e-02	4.32458e+00	-9.62904e-01
3.81474e+00	-6.20949e-01	1.31730e+00	-2.33468e+00
2.98997e+00	-2.92639e-01	2.46081e-01	-2.25184e+00
3.95035e+00	-2.27994e+00	3.33521e+00	2.31118e-01
8.79820e-01	-2.26815e+00	1.06082e+00	9.32200e-01
2.29837e+00	-1.90677e+00	4.16758e-01	-1.70688e+00
2.15526e+00	-1.42871e+00	4.65300e+00	9.88999e-01
4.17036e+00	3.87059e-01	4.53169e-05	2.33855e+00
3.43127e+00	-3.19018e-01	3.26187e+00	-2.00965e+00
2.51720e+00	-1.37867e+00	2.60074e+00	-2.05352e+00
3.26548e+00	-5.30999e-01	8.60618e-01	-2.29225e+00
3.31849e+00	2.20262e-01	7.52596e-01	-1.02714e-01
2.70410e+00	8.02038e-01	1.19348e+00	-5.79249e-01
3.12231e+00	-2.20767e+00	1.95686e+00	5.75301e-02
4.29815e-02	-9.32929e-01	3.36370e+00	1.53281e+00
1.28215e+00	5.59750e-02	5.50713e-01	2.04340e+00
2.34606e+00	-1.97510e+00	9.00752e-01	-5.55687e-01
2.08925e+00	-5.32525e-01	7.95922e-01	1.57214e+00
5.75356e-01	-2.28605e+00	9.04511e-01	1.83527e+00
2.18958e+00	5.59122e-01	8.24384e-01	-9.48526e-01
2.59841e+00	2.03970e+00	2.55292e+00	1.45162e+00
4.09319e+00	-4.55669e-01	3.77593e+00	-1.93763e+00
2.90245e+00	-2.20764e+00	2.56930e-01	-4.31451e-02
2.71281e+00	-3.54101e-01	1.33954e+00	-1.96506e+00
2.92271e+00	2.96698e-01	5.96375e-01	-2.18487e+00
2.12090e+00	-1.96323e+00	4.76212e+00	2.54050e-02
2.05370e+00	2.78622e-01	2.29324e-01	-2.23500e+00
3.21726e+00	-1.12759e-01	3.82851e-01	2.34248e-01
2.18733e+00	-2.09014e+00	4.94809e+00	3.76761e-01
3.73391e+00	-2.40852e+00	2.14004e+00	3.86834e-01
2.56529e+00	2.82707e-01	3.17233e+00	9.14460e-01
2.50642e+00	-2.04517e+00	4.15389e+00	1.66759e+00
3.06705e-02	7.52189e-01	2.76064e+00	1.43548e+00
3.83446e+00	-1.07794e+00	1.82706e+00	-8.35162e-02
3.52632e+00	-4.22773e-01	1.66742e+00	-2.22974e+00
3.12209e+00	-2.24883e+00	9.56982e-01	-3.04190e-01
3.69398e+00	-4.35460e-01	1.75781e+00	1.08253e+00
2.17890e+00	-2.16945e+00	1.42055e+00	-7.09421e-01
3.69313e+00	1.17424e+00	2.70600e+00	1.02707e+00
4.59466e+00	1.13807e+00	2.96071e+00	3.84611e-01
4.62116e+00	1.22519e+00	2.35814e+00	1.61234e+00
4.17556e+00	-2.43849e+00	2.45400e+00	-2.40352e+00
1.79713e+00	-5.24374e-01	2.71058e-01	-2.00142e+00
4.66634e+00	-2.32767e+00	3.64223e+00	-1.26790e+00
3.76865e+00	1.69484e+00	3.58237e-01	-2.38865e+00
1.54857e+00	-2.18759e+00	2.64797e+00	-3.85049e-02
2.37310e+00	-2.25415e+00	3.12615e+00	-1.56882e+00
3.24433e+00	-1.61079e+00	3.72961e+00	2.13717e+00
1.06099e+00	-2.18273e+00	1.42145e-02	-2.47580e+00
2.87036e+00	-5.17656e-01	1.53425e+00	-4.08928e-02
2.80252e+00	4.58492e-01	9.08713e-01	2.79498e-01
3.13169e+00	-1.84683e+00	6.18837e-01	-2.04597e+00
4.00897e+00	-1.40097e+00	2.30125e-01	-2.08179e+00
1.07043e+00	-2.31047e+00	8.29801e-01	-2.18312e+00
3.65859e+00	-2.12317e+00	2.77399e+00	-2.36602e+00
3.20702e+00	-1.53979e+00	1.03400e+00	5.43444e-01
3.02531e+00	-2.52272e-01	2.57710e+00	-5.22904e-01
2.77461e+00	-2.43296e+00	1.54919e-02	-2.27036e+00
2.22044e+00	4.07829e-01	4.45309e+00	2.34540e+00
2.51573e+00	6.40698e-01	2.18597e-01	-2.23670e+00
3.20856e+00	3.46997e-01	2.20863e+00	1.47976e+00
1.74136e+00	-2.39666e+00	4.69164e+00	2.17267e+00
3.50468e+00	-2.23956e+00	2.94237e+00	-2.92713e-02
3.54767e+00	-2.40224e+00	2.45402e+00	2.40799e-01
