# No. of particles = 100 
# Proton - Solar wind	Electron - Solar wind	
4.96476e+00	-2.34590e+00	1.51145e-01	-2.35626e+00
1.53451e+00	-1.93671e+00	9.22267e-01	-1.89294e+00
3.04365e+00	-1.27953e+00	1.28456e+00	-2.11747e+00
1.01269e-01	-2.27867e+00	1.13713e-01	-2.35120e+00
3.73143e+00	-2.35505e+00	9.66074e-01	2.03728e-01
4.75936e-01	-2.39215e+00	1.62064e+00	1.50289e-02
4.99476e+00	-2.25443e+00	3.84114e+00	-1.90250e-01
2.81782e-01	-2.40174e+00	8.78822e-01	3.73148e-01
2.41709e+00	-1.97464e+00	1.48393e+00	-1.00600e+00
4.62592e+00	-8.75508e-01	1.60704e+00	-6.04188e-01
3.41047e+00	5.05226e-02	1.98393e+00	-2.25576e+00
1.81276e-01	-2.36116e+00	3.04307e-01	1.63463e+00
4.48731e+00	-2.01380e+00	2.35425e-01	-1.56539e-01
3.67721e+00	-1.67947e+00	3.24217e+00	-1.76112e+00
6.38411e-02	-2.39795e+00	1.95020e+00	-2.21830e+00
1.21196e+00	-2.46918e+00	3.83136e-01	-2.38780e+00
3.87223e+00	-1.84075e+00	2.46046e+00	-7.15620e-02
2.60702e-01	-2.49139e+00	2.08422e+00	2.40009e+00
1.23114e+00	-1.91724e+00	1.90167e+00	-1.13609e+00
2.14221e+00	-2.36812e+00	2.87808e+00	-5.58403e-01
4.79722e+00	-1.84611e+00	3.85487e+00	-1.23474e+00
4.55360e+00	-2.36562e+00	1.52963e-01	2.33216e-01
1.05225e+00	-2.26371e+00	1.93865e+00	-1.45704e+00
6.05086e-01	-2.43054e+00	4.38817e+00	-2.09788e+00
1.66354e-02	-2.41755e+00	1.60001e+00	1.84026e+00
2.02391e+00	-2.47824e+00	3.66701e+00	-2.10605e+00
5.21450e-01	-2.43510e+00	3.50456e+00	-3.63017e-01
2.94233e+00	-1.20752e+00	9.07025e-01	-5.30281e-01
6.71243e-01	-2.20921e+00	8.44181e-01	-1.23900e+00
1.20211e-01	-2.29507e+00	2.80672e+00	9.87594e-01
5.51153e-01	-2.30974e+00	6.95804e-01	5.68487e-01
1.34796e+00	-2.16789e+00	3.97079e+00	-5.68652e-01
1.08888e+00	-2.39243e+00	2.35048e+00	-1.81751e+00
4.28752e+00	-2.40059e+00	3.25375e+00	-2.45248e-01
4.48413e-02	-2.24315e+00	1.26077e+00	-2.31206e+00
6.59559e-01	-2.41980e+00	7.09729e-01	-2.07462e+00
8.19246e-01	-7.25885e-02	3.71846e+00	-2.06237e+00
1.17634e+00	-1.73752e+00	2.04412e+00	2.20393e+00
4.99470e+00	-1.01486e+00	3.69853e+00	-8.50984e-01
2.94151e-01	-2.46364e+00	2.63330e+00	-2.97363e-01
2.17936e+00	-1.65256e+00	3.95513e+00	-2.44631e+00
6.54555e-02	-2.29919e+00	4.70602e+00	2.02595e+00
4.01661e+00	-5.75326e-01	4.43510e+00	1.40249e+00
6.96207e-02	5.04718e-01	7.36022e-01	-2.16208e+00
1.17729e+00	-1.84299e+00	1.31551e+00	2.34942e+00
4.81198e+00	-5.28705e-01	2.83710e-01	8.30788e-01
1.52789e-01	-4.43603e-01	2.21856e+00	2.02367e+00
2.08687e+00	-3.12986e-02	6.62560e-02	-1.65678e+00
9.10361e-02	9.17205e-01	1.14271e+00	-1.03633e-01
2.68736e-01	-2.42143e+00	4.54020e+00	1.27636e+00
9.13198e-01	-2.26887e+00	4.38928e+00	-2.02033e+00
4.11281e+00	1.25092e+00	2.54104e+00	9.16297e-01
4.51201e+00	-6.46657e-02	4.76208e-01	-2.43164e+00
4.84709e+00	5.25703e-01	2.85393e+00	3.80304e-02
4.10021e+00	-1.09144e-01	3.60232e+00	-4.13323e-01
2.78027e-02	2.96104e-01	6.25191e-01	-2.02504e+00
4.99168e+00	2.11967e-01	1.53474e+00	-9.16575e-01
9.04098e-01	-1.41219e-01	3.02789e+00	-1.74692e+00
8.09198e-01	-2.49237e+00	1.75579e+00	-1.97942e+00
9.06209e-01	-1.69151e+00	4.14501e+00	9.62430e-01
1.68588e-01	3.20245e-01	9.09984e-02	6.15173e-01
3.90222e+00	9.96614e-02	2.88126e+00	-2.18847e-01
4.20837e+00	-1.70812e+00	2.28215e-01	2.19936e+00
7.29278e-01	-1.99973e+00	2.36319e+00	-1.74918e-01
2.65279e-01	-1.18714e-02	8.25912e-01	-1.34867e+00
8.14496e-01	-2.48257e+00	1.41395e+00	-1.79836e-01
4.76315e+00	-2.58842e-01	1.49797e-01	6.89793e-01
4.88425e+00	8.71107e-01	9.40658e-01	-1.54900e+00
1.13861e+00	-5.28907e-01	3.83037e+00	9.07837e-01
8.57710e-01	-1.12976e+00	1.85958e-01	5.26813e-01
1.41123e-02	-6.13842e-01	4.28593e-01	-2.30402e+00
8.61153e-02	-2.45291e+00	2.68114e+00	-1.30939e+00
7.02235e-01	-3.91919e-01	3.02437e+00	-1.53241e+00
4.63471e+00	6.06644e-01	4.62662e+00	-1.71300e+00
7.64344e-02	-2.83226e-01	4.57496e+00	3.32781e-01
9.64094e-01	1.14135e-01	6.48152e-01	-1.16315e+00
1.03213e+00	2.05815e-01	3.66263e+00	7.16395e-01
1.05359e+00	-2.41218e+00	1.77676e+00	-9.58216e-01
4.10040e+00	9.57657e-01	2.34393e-01	8.92981e-02
1.38096e+00	-2.27757e+00	3.75246e+00	-1.52062e+00
8.38861e-01	1.58387e+00	4.31277e+00	-1.12127e+00
3.67508e+00	-1.97904e+00	1.83181e+00	4.89451e-01
4.47275e+00	2.33084e+00	2.83412e+00	-7.75313e-01
2.26670e-01	-2.49506e+00	5.59198e-01	8.95240e-01
4.42496e+00	1.93828e+00	1.27220e+00	-1.65310e+00
2.08372e-01	-2.41359e+00	2.46485e+00	-2.43430e+00
4.85047e+00	1.14617e+00	1.73184e+00	-1.88967e+00
4.78371e+00	1.65543e+00	4.90210e-01	2.85221e-01
1.04142e+00	-2.16446e+00	6.62769e-01	-2.26644e+00
3.45454e+00	2.28480e+00	4.37116e+00	1.51929e+00
1.08864e+00	-2.32964e+00	5.36021e-01	-2.18751e+00
2.84708e-01	-2.19914e+00	4.28245e+00	-8.46417e-01
4.48613e+00	2.22740e+00	3.35046e+00	-1.65550e+00
4.74582e+00	5.40885e-01	4.19408e+00	2.25630e+00
4.05433e-01	-2.41207e+00	3.85679e+00	3.30434e-01
9.68619e-02	4.29052e-01	1.90713e+00	-7.81091e-01
3.50777e-03	9.84446e-01	2.82036e+00	-5.75234e-01
6.60133e-01	-2.34850e+00	4.15963e+00	-1.48203e+00
4.95101e-01	-2.37288e+00	7.39002e-01	4.18929e-01
4.52165e-01	-2.36328e+00	3.02111e+00	-6.74774e-01
