# No. of particles = 100 
# Proton - Solar wind	Electron - Solar wind	
2.66969e+00	-2.38470e+00	3.18004e+00	-2.25038e+00
1.47012e+00	-2.45979e+00	1.49085e+00	-1.50302e+00
1.11054e+00	-1.98740e+00	9.28754e-01	-1.88391e+00
3.22813e+00	-2.21927e+00	1.40011e+00	-2.25578e+00
1.30960e+00	-2.32853e+00	4.55632e+00	7.76018e-01
3.00866e+00	-1.99008e+00	3.59288e+00	-3.74768e-01
2.69024e+00	-2.28735e+00	4.29667e+00	-1.88266e+00
3.13495e+00	-2.31892e+00	4.28446e+00	1.80180e+00
1.06914e-01	-2.36084e+00	4.39585e-01	-1.94742e+00
1.67719e+00	-1.79902e+00	1.27585e+00	-1.39798e+00
9.29418e-01	-1.81503e+00	1.83514e-01	4.27689e-01
2.37053e+00	-1.76146e+00	1.66811e+00	-1.94724e+00
1.99787e+00	-2.25638e+00	2.90593e-02	-1.24963e+00
1.67398e+00	-2.08065e+00	1.12813e+00	3.81264e-01
3.23996e+00	-1.15564e+00	9.24104e-01	-2.14268e+00
2.75029e+00	-1.71437e+00	1.49601e+00	-1.50367e+00
1.09022e+00	-2.11941e+00	2.19243e+00	6.06001e-01
2.81283e+00	-2.07651e+00	3.36233e-01	-1.15100e-01
3.38385e+00	-8.33986e-01	1.10190e+00	-8.82890e-01
4.78241e+00	-1.93480e+00	1.02590e+00	2.40877e+00
2.58103e+00	-1.98829e+00	1.90220e+00	-1.94648e+00
2.45187e+00	-2.15917e+00	2.02948e+00	-1.12858e+00
3.51212e+00	-1.91559e+00	2.63816e+00	1.91676e-01
2.92691e+00	-2.09595e+00	1.94771e+00	-7.01524e-01
2.69210e+00	-1.93243e+00	1.88811e+00	-9.37197e-01
4.19004e+00	-5.10435e-01	1.24062e+00	1.23259e+00
3.00178e+00	-1.46375e+00	7.79800e-01	5.64708e-01
3.29888e+00	-2.41403e+00	7.33464e-01	-1.52845e+00
3.10941e+00	-1.97380e+00	1.21251e-01	-2.37662e+00
2.76944e+00	-1.22740e+00	2.66480e+00	-7.73850e-01
2.75966e+00	-2.16784e+00	1.83891e+00	-2.40796e+00
3.75060e+00	-9.58977e-01	1.96488e+00	-2.97000e-01
3.54731e+00	-1.43723e+00	1.25294e+00	1.35456e+00
2.31035e+00	-1.93459e+00	7.93077e-01	-1.53378e+00
2.70767e+00	-1.65072e+00	3.73421e+00	1.28843e+00
3.21289e+00	-1.86854e+00	1.29070e+00	2.46327e+00
2.77917e+00	-2.12915e+00	4.24496e+00	-1.40145e+00
3.64676e+00	-5.61878e-01	4.92390e-01	1.40376e+00
2.68833e+00	-9.89058e-01	2.04362e-01	-1.55015e+00
2.82896e+00	-1.38515e+00	3.63701e+00	-1.65598e+00
4.49466e+00	-6.10884e-01	6.12030e-01	-1.08512e+00
2.72170e+00	2.86412e-01	2.72795e+00	2.07019e+00
2.16272e+00	-7.83352e-01	1.82079e+00	-2.14375e+00
2.71566e+00	6.74724e-01	3.73655e+00	-4.44662e-01
3.60915e+00	-3.38379e-01	1.18035e-01	-8.77400e-01
2.59251e+00	-4.39727e-01	2.98758e+00	2.56721e-01
2.78190e+00	-1.10974e+00	2.41448e+00	-1.79295e+00
1.12299e+00	-2.26850e-01	3.94006e-01	-2.12934e+00
2.74267e+00	1.04261e-01	3.30838e+00	-7.67550e-01
3.24908e+00	1.60883e-01	2.94250e+00	-2.13593e-02
3.05259e+00	2.03518e-01	7.70263e-01	-2.27780e+00
2.21288e+00	7.03895e-01	2.58598e+00	1.98587e+00
2.42790e+00	9.60164e-02	2.20095e+00	-1.39055e+00
2.61218e+00	3.85922e-01	4.99952e-02	-1.28497e+00
2.20696e+00	-2.30893e-02	3.87518e+00	-8.62032e-01
2.54576e+00	1.50772e+00	1.77655e+00	-4.98757e-01
2.68507e+00	2.04987e-01	4.61772e+00	-4.00158e-01
3.23089e+00	2.26168e-02	1.11180e+00	-2.10886e+00
3.12544e+00	-3.00288e-01	3.64604e+00	1.07014e+00
4.22542e+00	4.78249e-01	4.77079e+00	3.89252e-01
2.79437e+00	1.22679e-01	1.13318e-01	-1.64249e+00
2.10202e+00	1.88382e-01	3.68894e-01	-1.96137e+00
2.26487e+00	-6.90394e-01	4.66148e-01	-2.46907e+00
3.19080e+00	-6.96480e-01	2.59258e+00	2.08030e+00
2.93007e+00	-5.97807e-01	8.75114e-01	-1.01435e+00
3.15051e+00	3.02937e-01	9.96452e-01	-1.66103e+00
2.56139e+00	3.26163e-01	9.73059e-01	-1.42555e-01
2.62549e+00	8.04414e-01	1.01632e+00	-2.26450e+00
3.25045e+00	1.89872e+00	3.85675e+00	-1.89850e+00
3.23619e+00	6.47279e-01	2.94785e+00	9.52335e-01
3.86646e+00	2.08560e+00	2.50683e+00	9.71996e-01
2.75586e+00	1.43702e+00	2.46729e+00	-1.24782e+00
3.12455e+00	1.31149e+00	3.09900e+00	-1.55330e+00
2.49133e+00	5.88010e-01	2.03686e+00	-7.27561e-01
2.73201e+00	5.55230e-01	3.89819e+00	-6.48488e-01
3.19039e+00	-7.75218e-01	2.00357e+00	9.55596e-01
3.27716e+00	1.24053e+00	3.29045e+00	2.04854e+00
3.35394e+00	1.69901e+00	1.14236e+00	1.67425e+00
2.20871e+00	8.03429e-01	1.57114e-02	-2.34013e+00
3.57814e+00	-3.43967e-01	2.13782e-01	4.65155e-01
2.65019e+00	2.00412e+00	8.72503e-02	-2.59825e-01
6.41240e-01	-2.48335e+00	1.72173e+00	-2.16965e+00
2.40592e+00	2.00494e+00	4.53972e+00	-5.92581e-01
2.70321e+00	1.68401e+00	5.92580e-01	-1.86538e+00
2.38281e+00	1.79493e+00	6.90832e-01	-3.46502e-02
2.88694e+00	1.43935e+00	8.03944e-02	-2.39679e+00
2.60699e+00	1.13070e+00	3.09473e-01	-1.64706e+00
2.57219e+00	1.61861e+00	4.74751e-01	-1.14105e+00
3.39701e+00	1.74941e+00	7.26305e-01	-6.16259e-01
1.85998e+00	1.89615e+00	3.24054e+00	2.92895e-01
2.20905e+00	2.17780e+00	1.87457e+00	-1.98889e+00
2.85878e+00	1.46654e+00	4.13282e+00	-6.34335e-01
2.41394e+00	2.16056e+00	4.46860e+00	1.52695e+00
2.55049e+00	1.22104e+00	1.73323e+00	1.72945e-01
2.91826e+00	1.37860e+00	1.24753e+00	-1.17793e+00
2.75205e+00	2.04848e+00	3.98073e+00	-2.11785e+00
2.69802e+00	1.73717e+00	1.26798e+00	-7.89958e-01
5.96150e-02	-2.44226e+00	4.33864e+00	-2.43343e+00
2.97578e+00	2.06568e+00	4.37654e+00	-4.61626e-01
2.94443e+00	2.18535e+00	5.18065e-01	-1.98002e+00
