# No. of particles = 100 
# Proton - Solar wind	Electron - Solar wind	
4.74778e+00	-1.78725e+00	4.01527e-01	2.27586e+00
1.38333e+00	-2.40716e+00	3.95741e+00	-7.53034e-01
7.43322e-02	-2.22368e+00	2.28598e+00	-1.57111e+00
3.92748e+00	-2.46385e+00	8.70832e-01	-1.37947e+00
3.89661e+00	-2.06597e+00	1.88762e-01	-2.03484e+00
3.74577e+00	-1.35868e+00	1.62455e+00	-1.54061e+00
1.53047e+00	-2.29914e+00	1.68872e+00	-6.53267e-01
4.63787e+00	9.03258e-01	1.39551e+00	1.80824e+00
3.10434e+00	-2.32736e+00	3.90360e-01	-1.87565e+00
4.45154e+00	-1.60791e+00	3.58831e+00	-1.61567e+00
4.91388e+00	-2.49488e+00	1.81887e-01	-2.43891e+00
4.14830e+00	-2.19880e+00	1.17105e+00	1.76675e+00
6.38476e-01	-2.40435e+00	5.22665e-01	-5.56195e-01
3.55349e-01	-2.44564e+00	3.42974e+00	2.47217e+00
4.75182e+00	-2.48304e+00	2.52762e+00	5.47658e-01
4.44092e+00	-7.22834e-01	2.01784e+00	9.65764e-01
4.02508e+00	-1.32241e+00	1.22848e-01	-2.06217e+00
4.12588e+00	-1.39787e+00	1.04962e+00	-2.27182e+00
2.80300e+00	-1.51891e+00	2.47625e+00	-1.69377e+00
3.07608e+00	-1.55895e+00	2.33826e+00	-1.36115e+00
4.25563e+00	-2.39361e+00	3.28311e+00	-1.04660e+00
2.57277e+00	-2.11471e+00	9.03751e-01	5.66411e-01
1.12012e+00	-2.09046e+00	5.24645e-01	5.37319e-01
2.29197e+00	-2.41157e+00	2.15959e+00	1.56627e-01
3.15696e-01	-2.32978e+00	1.64141e+00	-2.08886e+00
1.07146e+00	-1.91734e+00	6.89698e-01	-2.06498e+00
3.60828e+00	-3.83453e-01	1.74687e+00	1.29657e+00
4.81438e+00	-1.33349e+00	1.02142e-01	-2.04524e+00
2.87616e+00	-2.33180e+00	2.22719e+00	-7.85181e-01
7.20886e-01	-2.37939e+00	2.96794e-01	-2.04102e+00
1.54815e+00	-1.79044e+00	2.05834e-01	-2.31823e+00
3.26403e+00	-1.79544e+00	2.46123e+00	2.32247e+00
4.33535e+00	-1.36716e+00	8.18282e-01	2.31104e-01
1.91954e+00	-2.28231e+00	1.03746e+00	8.97156e-01
6.50374e-01	-2.28408e+00	4.49928e+00	2.18268e+00
4.84982e-01	-2.34536e+00	1.63691e+00	-6.02217e-02
1.65246e+00	-5.04509e-01	4.48016e-01	-1.26001e+00
2.07266e+00	-2.41640e+00	4.82344e-01	-9.71620e-01
4.68207e+00	-2.41881e+00	1.69098e+00	1.70473e+00
8.53090e-01	-2.45801e+00	1.41423e+00	-1.29183e+00
1.95942e+00	-2.38766e+00	1.68824e+00	-9.31007e-01
3.89106e+00	-2.47577e+00	2.93138e-01	1.53238e+00
2.22010e-01	-2.34360e+00	2.46066e+00	-1.62350e+00
4.31867e+00	2.03067e-01	1.51895e+00	-2.22699e+00
1.71716e+00	-9.28887e-01	1.08263e+00	-2.17385e+00
3.61154e+00	-1.33798e+00	2.80212e+00	-1.79062e+00
1.51822e+00	-2.26962e+00	1.82059e+00	-1.41022e+00
4.23824e+00	-2.24998e+00	1.70737e+00	5.66666e-01
3.60956e+00	-2.12705e+00	9.92339e-01	-2.42877e-01
1.43001e+00	-2.05532e+00	2.65705e-01	-2.42735e+00
1.67693e+00	-2.09660e+00	9.67588e-01	-9.05540e-01
3.24572e+00	-7.48997e-01	3.31267e+00	2.30776e-01
2.76366e+00	-2.45073e+00	3.85857e+00	-1.21956e+00
2.38954e+00	-2.41339e+00	4.64515e+00	4.05029e-01
4.23125e+00	-4.78922e-01	3.46191e+00	6.26707e-01
2.42778e-01	-2.39298e+00	2.34521e+00	-3.55694e-01
2.81584e+00	-9.47333e-01	3.59789e+00	2.67240e-01
3.25272e+00	-2.04095e+00	4.67471e+00	-2.39127e+00
2.30636e-01	-2.31200e+00	3.31503e-01	-1.61085e+00
4.30370e+00	8.34816e-01	4.95488e+00	-1.33829e+00
8.17804e-03	-2.41177e+00	2.76415e+00	1.64428e+00
1.20476e-01	-2.41672e+00	1.94693e+00	2.21697e-01
7.20921e-01	-2.27147e+00	4.97464e+00	-1.22218e+00
4.88314e+00	-2.40940e+00	4.23108e-01	-4.25992e-01
6.15926e-01	-2.22767e+00	4.49193e+00	-2.11362e-01
8.07610e-01	-2.47081e+00	2.37684e+00	-2.19957e+00
3.66817e+00	-1.32950e+00	1.00526e-01	-2.48842e+00
3.21073e+00	-2.25202e+00	3.68385e-01	-1.28729e+00
4.08634e+00	-2.26254e+00	2.06248e-01	-2.28900e+00
1.63744e+00	-6.53900e-01	1.40276e+00	2.26623e-01
1.84234e+00	-2.09441e+00	9.22380e-02	-2.49613e+00
1.41818e+00	-2.04910e+00	1.10643e-01	-9.73965e-01
2.50165e+00	-2.42088e+00	2.01870e+00	-1.80592e+00
3.59036e-01	1.74362e-01	2.57614e+00	8.96082e-01
1.45727e+00	-2.27762e+00	5.78798e-01	-4.36619e-02
1.01814e+00	-2.35024e+00	2.35987e+00	3.50961e-01
5.57420e-01	-2.34365e+00	3.62275e+00	-4.54908e-01
1.84150e+00	-2.45362e+00	1.25721e+00	-1.61980e+00
4.57320e+00	-1.88174e+00	4.26687e+00	-1.04620e+00
3.19563e+00	-1.61408e+00	4.00501e+00	-5.94629e-01
3.59937e+00	-1.95357e+00	3.90819e+00	-4.34685e-01
9.99688e-01	-2.42194e+00	1.57796e-01	2.05638e+00
3.48521e+00	-1.79464e+00	9.68282e-01	-1.00622e+00
2.42792e-01	5.11316e-02	3.23978e+00	-7.54855e-01
2.69410e+00	-1.45120e+00	2.94280e+00	2.03064e+00
2.34146e-02	-2.33423e+00	3.89852e+00	1.82046e+00
2.16843e+00	-2.34423e+00	2.52536e+00	-2.96159e-01
9.93248e-01	-1.99242e+00	1.03818e+00	-1.82437e-02
4.64812e+00	-1.82779e+00	1.94793e-01	-2.16175e+00
3.80591e-01	-2.31424e+00	1.37316e+00	2.08752e+00
2.40819e+00	-2.49522e+00	2.06645e+00	-8.01396e-01
3.93288e+00	-4.19095e-01	7.22769e-02	6.36642e-01
2.14015e+00	4.04500e-01	1.44913e+00	7.61414e-01
2.43570e+00	6.29250e-01	1.86691e+00	-1.70275e+00
5.88680e-01	-2.25733e+00	1.29877e-01	-2.39130e+00
2.35818e-01	-3.84151e-01	9.31461e-01	-7.03400e-01
2.73220e+00	-2.45684e+00	3.65597e+00	2.47613e+00
2.86215e+00	-2.24412e+00	3.50019e+00	1.45148e+00
1.18490e-02	4.54518e-01	4.35532e+00	-1.83497e+00
9.62214e-01	3.37203e-01	5.93341e-01	-2.32739e+00
