# No. of particles = 100 
# Proton - Solar wind	Electron - Solar wind	
2.15660e+00	-2.10949e+00	2.55698e-01	-2.08695e+00
4.06070e+00	-1.30365e+00	3.26585e+00	-1.83455e-02
1.52680e-02	-2.38909e+00	3.74426e+00	-7.85503e-01
3.15376e-01	-2.42433e+00	3.44426e-01	-9.05043e-01
1.00950e+00	-1.95280e+00	2.05416e+00	-1.97697e-01
2.55693e+00	-2.45645e+00	1.17247e+00	5.73512e-01
2.34661e+00	-2.35138e+00	1.99792e+00	1.85486e-01
1.07763e+00	-2.49309e+00	4.08186e+00	4.28607e-01
4.77170e+00	-1.58043e+00	2.95732e+00	9.86547e-01
2.06294e+00	-2.40463e+00	1.39886e-01	-2.31942e+00
6.91538e-01	-2.07156e+00	1.84327e+00	-3.49030e-01
2.54616e+00	-1.54006e+00	4.84656e+00	1.24524e+00
1.45231e+00	-2.22457e+00	2.86036e+00	1.58779e+00
8.72387e-01	-2.32033e+00	2.06154e+00	-3.20141e-01
1.13186e+00	-2.39929e+00	4.29140e+00	-2.34751e+00
4.13269e+00	-1.75223e+00	7.04389e-01	2.28594e+00
1.47521e+00	-2.34641e+00	4.45659e+00	1.93686e+00
3.19257e+00	-4.42552e-01	8.96355e-01	1.94654e-01
4.05972e+00	-8.00139e-01	4.40161e+00	2.17123e+00
4.44837e+00	-2.31648e+00	2.81846e-02	-2.38179e+00
2.25802e+00	-2.28043e+00	4.30576e+00	-5.88463e-01
1.99087e+00	-2.36665e+00	9.94080e-01	-5.99237e-01
3.17758e+00	-2.28259e+00	9.50575e-01	-1.32171e+00
2.80754e+00	-2.03102e+00	2.32280e+00	-9.93592e-01
2.05256e+00	-2.33085e+00	4.29805e-01	-2.12379e+00
1.31321e+00	-2.27294e+00	3.24965e+00	1.34005e-01
2.88009e+00	-2.44060e+00	3.01993e+00	6.31216e-01
1.07072e+00	1.17340e-01	8.37713e-01	-2.22325e+00
3.03520e+00	-2.00212e+00	9.52482e-01	1.93720e+00
2.21446e+00	-2.29481e+00	8.87185e-01	-2.23533e+00
2.87214e+00	-2.12299e+00	3.63344e-01	-2.24842e+00
3.58566e+00	-2.03287e+00	2.42630e+00	2.08356e+00
9.99747e-01	-2.47029e+00	1.41635e+00	-5.75379e-01
2.18788e+00	-1.46856e-01	4.73661e+00	-1.24508e+00
2.83163e+00	-2.27863e+00	4.54088e+00	-1.06488e+00
2.55019e+00	-2.28915e+00	3.75126e+00	-2.56958e-01
3.18338e+00	6.96728e-03	2.66197e+00	-8.97537e-01
3.27896e+00	-8.47671e-01	2.27641e+00	-3.17469e-01
2.38078e+00	-3.99146e-01	4.23804e+00	6.09932e-01
3.20798e+00	-2.31752e+00	2.75034e+00	-5.37654e-01
3.80440e-01	-2.42891e+00	2.69195e+00	-1.19432e+00
1.48792e+00	-2.11177e+00	3.89203e+00	-1.28308e+00
1.35036e+00	-1.85565e+00	2.05115e+00	-1.75296e+00
3.33753e+00	4.10943e-01	1.54768e+00	2.06234e+00
2.97358e+00	-6.28506e-01	1.44241e+00	-1.92155e+00
1.96787e+00	-1.59175e+00	8.67115e-01	-2.29188e+00
2.63349e+00	-5.13282e-01	2.89829e+00	2.14428e+00
3.06838e+00	1.69135e-01	2.16880e-02	-2.18068e+00
2.17357e+00	8.25500e-01	8.77872e-01	-1.08646e+00
2.54289e+00	-2.25117e+00	2.08511e+00	2.65940e-01
4.22827e+00	-1.35012e+00	9.48761e-01	8.30781e-01
8.29543e-01	8.82360e-03	2.75366e+00	-1.82235e+00
1.79976e+00	-2.10581e+00	4.88640e+00	-1.98003e+00
1.62570e+00	-6.45479e-01	3.25304e+00	-1.99482e+00
5.35982e-03	-2.22568e+00	6.40172e-01	4.38968e-01
1.75074e+00	5.05852e-01	2.05816e-01	-2.26725e+00
2.06857e+00	1.81885e+00	2.75515e+00	1.13631e+00
3.44558e+00	-3.91977e-01	3.02342e-01	1.65336e+00
2.29981e+00	-2.23042e+00	8.30203e-02	-1.87448e+00
2.34608e+00	-6.25686e-01	3.10123e-01	-2.26066e+00
2.36353e+00	3.01632e-01	1.26855e+00	-1.37780e+00
1.29861e+00	-2.15128e+00	4.99116e+00	-4.70946e-01
1.44166e+00	3.60317e-01	3.65511e-01	4.55549e-01
2.71212e+00	-4.95947e-01	1.02528e+00	-4.53544e-01
1.79709e+00	-1.66817e+00	2.69778e+00	2.66540e-01
3.14113e+00	-2.42388e+00	1.52730e+00	-4.10486e-02
1.99634e+00	3.84842e-01	2.85904e+00	-5.43340e-01
1.97872e+00	-2.12045e+00	1.49305e+00	6.48652e-01
4.25018e+00	-3.26668e-01	3.06771e+00	2.35161e+00
3.23001e+00	-1.08848e+00	6.72863e-01	-2.29247e+00
2.81318e+00	-4.61610e-01	1.36660e+00	-2.16016e+00
2.44622e+00	-2.25282e+00	5.98543e-01	-1.39580e+00
3.08645e+00	-4.26706e-01	6.90574e-01	-9.09193e-01
1.66718e+00	-2.21128e+00	3.24753e+00	-2.14164e+00
2.95848e+00	8.78265e-01	4.25458e+00	-1.88641e+00
3.85742e+00	9.30213e-01	3.73395e+00	-2.31226e+00
3.89237e+00	1.01830e+00	4.58271e+00	-2.27868e+00
3.54166e+00	-2.43324e+00	2.66700e+00	-7.09016e-01
1.21709e+00	-2.11640e-01	1.11497e+00	-1.62961e+00
3.99924e+00	-2.31760e+00	1.34734e+00	-1.83616e+00
3.17373e+00	1.67233e+00	1.02222e+00	-2.12560e+00
9.40678e-01	-2.20691e+00	5.78296e-01	6.11970e-03
1.76854e+00	-2.28361e+00	2.60144e-01	-2.27221e+00
2.63159e+00	-1.79028e+00	1.43805e+00	9.22704e-01
5.56380e-01	-2.26493e+00	3.18787e-01	1.38375e+00
2.12074e+00	-5.25664e-01	4.93374e+00	1.68387e+00
2.20235e+00	4.58785e-01	2.78641e-01	-1.90776e+00
2.44239e+00	-1.93202e+00	1.29994e+00	-2.49029e+00
3.40640e+00	-1.55587e+00	1.60676e+00	2.37687e+00
4.25421e-01	-2.37837e+00	1.55190e+00	7.01722e-01
3.13677e+00	-2.16521e+00	1.58600e+00	-1.85422e+00
2.61367e+00	-1.67352e+00	8.54650e-02	6.09948e-01
2.26402e+00	-6.69295e-02	1.78106e+00	-1.29260e+00
2.15579e+00	-2.43986e+00	1.82678e-01	-1.92122e+00
1.47280e+00	3.86795e-01	5.60039e-01	-1.84766e+00
2.02466e+00	5.97859e-01	1.68981e-01	2.25737e+00
2.55772e+00	4.76503e-01	4.54227e+00	7.88626e-01
1.52181e+00	-2.38711e+00	1.21130e-01	-2.48129e+00
2.89359e+00	-2.26681e+00	3.55894e-01	-2.47485e+00
2.91914e+00	-2.39460e+00	4.31959e+00	-1.18710e+00
