# No. of particles = 100 
# Proton - Solar wind	Electron - Solar wind	
2.23750e+00	-2.39224e+00	2.99936e-02	-2.24322e+00
1.03300e+00	-2.44019e+00	1.36338e-01	-2.18696e+00
7.46462e-01	-2.12083e+00	4.44725e-02	-2.40626e+00
2.70564e+00	-2.25334e+00	1.50323e+00	-1.03486e+00
8.53549e-01	-2.32383e+00	3.76518e+00	3.85414e-01
2.52339e+00	-2.06728e+00	2.86050e+00	-7.79243e-01
2.25627e+00	-2.29372e+00	6.42686e-01	-2.30271e+00
2.72777e+00	-2.34803e+00	2.60858e+00	-1.12533e-02
4.52479e+00	-8.21181e-01	3.66751e+00	-2.47983e+00
1.12200e+00	-1.97292e+00	1.39712e-01	-2.46553e+00
4.62159e-01	-2.16631e+00	8.21917e-01	-2.41129e+00
1.83050e+00	-1.89064e+00	2.05232e+00	-1.23330e+00
1.52912e+00	-2.30224e+00	2.30399e-03	-2.18523e+00
1.29676e+00	-2.15635e+00	2.47607e+00	1.18570e+00
2.71708e+00	-1.26450e+00	2.20547e+00	4.76880e-01
2.30658e+00	-1.74876e+00	3.98069e+00	-4.62639e-01
5.66328e-01	-2.17210e+00	7.42940e-01	-8.93030e-01
2.35902e+00	-2.08774e+00	1.76299e+00	2.35625e+00
2.83593e+00	-9.68268e-01	4.25418e-02	-2.28397e+00
4.00809e+00	-1.94178e+00	5.53552e-01	-4.84481e-01
2.16370e+00	-2.01508e+00	1.42823e+00	-2.04984e+00
2.05610e+00	-2.12045e+00	1.03854e+00	-1.70784e+00
2.94613e+00	-1.92239e+00	1.58952e-01	-1.76474e+00
2.45354e+00	-2.10096e+00	9.99800e-01	-1.56529e+00
2.25703e+00	-1.93241e+00	1.39929e+00	-2.26136e-01
3.51163e+00	-7.07134e-01	1.58086e+00	-1.77277e+00
2.51695e+00	-1.49085e+00	1.90522e+00	1.34224e+00
2.76683e+00	-2.24169e+00	9.56653e-01	3.67921e-02
2.60766e+00	-1.91245e+00	1.46404e+00	4.29193e-01
2.32231e+00	-1.23682e+00	3.23469e+00	-1.44226e+00
2.31488e+00	-2.08559e+00	1.36640e+00	-1.59022e+00
3.14336e+00	-1.01753e+00	1.32000e+00	-1.05052e+00
2.97571e+00	-1.40753e+00	4.78631e-01	-1.62130e+00
1.93804e+00	-1.84696e+00	4.48116e-01	-2.04062e+00
2.27026e+00	-1.64179e+00	3.34105e+00	1.73846e+00
2.69453e+00	-1.76394e+00	6.35461e-01	-1.35965e-01
2.32937e+00	-1.99437e+00	2.13778e+00	-2.28136e+00
3.05765e+00	-6.03479e-01	4.10597e+00	-1.28078e+00
2.25400e+00	-9.84161e-01	1.64745e-01	-2.40522e+00
2.37316e+00	-1.25224e+00	3.13681e+00	-1.71836e+00
3.76826e+00	-6.87588e-01	1.18739e+00	8.68094e-01
2.28257e+00	1.46309e-01	2.24741e+00	-2.43002e+00
1.81360e+00	-8.22566e-01	2.60828e+00	-2.40929e+00
2.27621e+00	5.12307e-01	9.29814e-01	-1.83738e+00
3.02710e+00	-3.71427e-01	7.59324e-01	-7.92277e-01
2.17465e+00	-4.23027e-01	3.34586e+00	-6.88161e-03
2.33158e+00	-9.45654e-01	1.46601e+00	8.36832e-01
9.41380e-01	-2.63672e-01	1.59811e+00	-1.59559e+00
2.29954e+00	7.51257e-02	7.10555e-01	-1.97192e+00
2.72404e+00	5.16066e-02	2.26963e+00	5.51774e-02
2.55966e+00	1.51132e-01	1.07618e+00	1.34929e+00
1.85521e+00	6.00861e-01	2.72889e+00	-4.44389e-01
2.03547e+00	1.26344e-01	8.04241e-01	-1.99990e+00
2.19128e+00	3.59672e-01	1.86719e+00	-1.51506e+00
1.85051e+00	-6.80090e-03	4.48682e-01	4.45147e-01
2.13373e+00	1.31793e+00	1.97322e+00	-1.72602e+00
2.25064e+00	2.03702e-01	1.23366e+00	1.87698e-01
2.70784e+00	8.61752e-02	3.37145e-01	-2.47080e+00
2.62053e+00	-2.43629e-01	2.11630e+00	-1.60631e+00
3.54221e+00	4.41314e-01	1.31178e+00	-1.63263e+00
2.34316e+00	1.50717e-01	2.15989e-01	4.20992e-02
1.76306e+00	2.05220e-01	6.82039e-02	-2.23915e+00
1.89894e+00	-4.98756e-01	4.60410e+00	-6.63929e-01
2.67517e+00	-5.69437e-01	1.26986e+00	-4.51297e-01
2.45580e+00	-4.83153e-01	2.41321e-01	-2.49359e+00
2.64075e+00	2.68187e-01	3.33578e+00	-1.78642e+00
2.14675e+00	4.36376e-01	4.65847e-01	-1.66042e+00
2.20025e+00	7.91987e-01	4.26572e+00	-6.49634e-01
2.72413e+00	1.72952e+00	2.79973e+00	2.14502e+00
2.71232e+00	6.76156e-01	1.57319e+00	-7.16596e-01
3.24074e+00	1.91870e+00	8.53655e-01	-1.53968e+00
2.31031e+00	1.31878e+00	3.89828e+00	1.01439e+00
2.61963e+00	1.23675e+00	1.98927e+00	-2.24721e+00
2.08774e+00	5.84591e-01	2.17054e+00	6.34711e-01
2.29115e+00	5.76181e-01	3.26635e+00	-9.23579e-01
2.67419e+00	-5.28413e-01	2.06780e-01	-2.40424e+00
2.74665e+00	1.19153e+00	9.26973e-01	-2.15875e+00
2.81114e+00	1.56408e+00	3.37565e+00	5.49687e-01
1.85262e+00	7.74370e-01	2.61252e+00	4.12084e-01
3.00114e+00	-1.81101e-01	1.94861e+00	4.11735e-01
2.22161e+00	1.85591e+00	1.90137e+00	1.33707e+00
2.27079e+00	2.33955e+00	5.96041e-04	2.43280e-02
2.01682e+00	1.94358e+00	3.48400e+00	4.42884e-01
2.26721e+00	1.67301e+00	2.54969e+00	-2.12921e+00
1.99841e+00	1.76789e+00	2.95980e-01	-1.21217e+00
2.42041e+00	1.41642e+00	5.72106e-01	-2.70177e-01
2.18462e+00	1.12782e+00	3.71667e+00	-2.07716e+00
2.15583e+00	1.61161e+00	1.45538e+00	1.47078e+00
2.84792e+00	1.71223e+00	2.58268e-01	-2.28297e+00
1.55977e+00	1.82300e+00	2.64200e+00	1.04608e+00
1.85267e+00	2.04485e+00	1.19912e-01	-2.47924e+00
2.39715e+00	1.43777e+00	4.12869e+00	-3.78636e-01
2.02381e+00	2.14804e+00	2.52183e+00	1.13352e+00
2.13719e+00	1.34916e+00	1.31369e+00	-8.29659e-02
2.44578e+00	1.45921e+00	1.46200e+00	4.35411e-01
2.30830e+00	2.07232e+00	3.79176e-01	-2.44918e+00
2.26245e+00	1.73788e+00	1.42861e+00	2.30914e+00
4.83995e-01	-2.46824e+00	1.66947e-01	2.37503e-01
2.49448e+00	2.07435e+00	4.05479e+00	-1.19218e+00
2.46907e+00	2.16711e+00	3.47745e+00	1.68772e-01
