# No. of particles = 100 
# Proton - Solar wind	Electron - Solar wind	
4.92244e+00	-1.68108e+00	9.90179e-01	3.90435e-01
1.79967e+00	-1.84501e+00	3.08391e+00	1.68016e+00
1.67772e+00	-2.09702e+00	1.11781e+00	-2.47450e+00
9.31735e-01	-2.37102e+00	4.20580e+00	-1.08685e-01
3.52335e+00	-5.30898e-01	2.90462e-01	-1.13294e+00
7.41466e-01	-2.40071e+00	3.51873e+00	-2.55503e-01
5.33496e-02	-2.28896e+00	8.71888e-01	6.44753e-01
3.64625e+00	-1.74131e+00	4.64957e+00	-1.18707e+00
2.52373e+00	-2.09886e+00	1.53790e+00	1.59868e+00
3.88127e-02	-2.36375e+00	1.05548e+00	-1.66916e+00
2.09817e+00	-6.26428e-01	2.34946e+00	-1.33414e+00
5.26825e-01	-2.44413e+00	4.15539e+00	-9.68443e-01
3.42466e+00	-1.78840e+00	1.08073e+00	-2.42355e+00
3.96551e+00	-2.11499e+00	4.51311e-01	-2.21504e+00
4.40551e+00	-2.38347e+00	4.42053e-01	-2.22745e+00
2.27040e+00	-2.04213e+00	1.71755e+00	2.34077e+00
4.57411e+00	-2.09999e+00	4.77352e+00	-2.30436e+00
2.47606e+00	-2.42303e+00	2.94186e+00	1.18405e+00
2.53351e+00	-1.78125e+00	2.87919e+00	-8.83119e-01
1.13287e+00	-2.32956e+00	3.82840e+00	1.63613e+00
4.06537e-01	-2.27878e+00	2.70403e+00	1.30453e+00
1.92225e-01	-2.22062e+00	5.85195e-01	-3.34298e-01
1.26164e+00	-1.68435e+00	4.03253e+00	1.83771e+00
6.40928e-01	-2.24990e+00	1.73485e+00	-8.92245e-01
4.94870e+00	-2.21658e+00	1.86556e+00	-9.39171e-01
3.57880e+00	-2.02025e+00	1.83976e+00	-4.78827e-01
8.33584e-01	-2.23833e+00	1.14148e+00	5.79149e-01
4.68376e+00	7.70827e-01	1.10320e+00	-2.28637e+00
1.00993e+00	-2.26440e+00	1.22530e-01	-2.09807e+00
4.85550e+00	-2.29667e+00	6.42335e-01	-2.24797e+00
7.47930e-01	-2.14732e+00	1.00917e+00	1.54507e+00
1.08070e+00	-2.27118e+00	2.70521e+00	-2.28427e+00
3.52904e+00	-2.39987e+00	3.98961e+00	-1.80391e+00
3.23589e-01	-2.42270e+00	8.52979e-01	1.09585e+00
5.36668e-01	-2.24539e+00	1.26317e+00	1.08028e+00
4.93495e+00	-2.12522e+00	4.81223e+00	3.03949e-01
5.70107e-01	5.64407e-01	2.87422e+00	2.21501e+00
9.54505e-01	-2.14335e+00	1.37349e+00	-1.94654e+00
4.24867e-01	-3.81215e-01	1.26175e+00	-2.26710e+00
1.52624e+00	-2.29409e+00	1.71459e+00	7.80638e-01
2.85220e+00	-1.63360e+00	3.70267e+00	-1.74043e+00
5.46104e-01	-2.41797e+00	7.40887e-01	5.74227e-01
2.98655e-01	-2.49826e+00	1.44527e+00	-1.74572e+00
2.53380e+00	-1.57638e+00	4.17975e-01	-2.18453e+00
3.12236e-01	-8.92892e-01	6.79616e-01	-9.47632e-01
4.68613e+00	-5.36369e-01	4.14881e-01	-2.16651e+00
7.40694e-01	-2.28034e+00	2.04065e-01	-2.44506e+00
4.30603e+00	4.22197e-01	1.50826e-01	-2.27780e+00
4.79941e+00	7.09241e-01	4.09148e+00	1.59281e+00
4.49051e-01	-2.24844e+00	1.27013e+00	-1.33218e+00
2.35608e+00	-1.27013e+00	9.64992e-01	8.78612e-01
3.06951e+00	2.42378e-01	1.06315e+00	-1.02944e+00
4.50318e+00	-1.45825e+00	4.15130e+00	-5.06933e-03
3.92053e+00	-8.66586e-02	2.25765e-01	-2.41207e+00
1.66827e-01	-2.40562e+00	3.36505e+00	-1.59711e-01
3.92324e+00	7.69635e-01	1.21138e+00	-2.37138e+00
1.09023e+00	-2.26782e+00	1.39755e+00	1.73821e+00
1.65449e+00	-3.81223e-01	4.67833e+00	6.00038e-01
2.76083e-01	-2.37410e+00	2.46031e+00	5.44627e-01
4.16124e+00	7.18497e-01	4.44584e+00	-7.84138e-01
1.41432e-01	-2.43522e+00	5.24372e-01	-2.35982e+00
2.65987e-01	-2.25429e+00	2.56990e+00	-1.67246e+00
4.47194e+00	-4.43665e-02	3.78576e+00	1.15337e+00
4.17060e-01	1.72512e-02	6.21051e-01	6.40290e-02
1.80128e+00	-2.45490e+00	1.29844e+00	-2.15046e+00
1.14385e+00	-4.89214e-01	2.70999e-01	-2.15110e+00
4.81277e+00	-1.20642e-01	4.07807e+00	-1.82081e+00
4.59007e+00	-1.74787e+00	4.60000e+00	-7.43829e-01
2.43822e+00	1.02695e+00	1.00788e+00	8.51721e-01
3.49625e-01	9.49744e-01	4.15407e+00	-5.47922e-01
1.25379e+00	-4.40349e-01	3.00906e+00	-1.30012e+00
7.49648e-01	-2.31197e+00	2.94118e+00	2.05724e+00
1.17129e+00	1.30113e+00	3.03244e+00	-2.06488e-01
4.19975e+00	-2.00396e+00	1.99991e+00	-2.06171e+00
1.07548e-01	-2.27783e+00	8.38329e-01	-1.75328e+00
8.46795e-01	-2.19274e+00	7.30779e-02	-2.39752e+00
1.98260e+00	-2.44298e+00	1.84417e+00	-1.69249e+00
1.47960e+00	-2.30846e+00	2.27872e+00	1.25563e+00
4.08863e+00	-1.76012e+00	3.83519e+00	-1.74568e+00
2.17615e+00	9.17455e-02	4.96375e-01	-2.15615e+00
1.35732e+00	9.66100e-01	9.78929e-01	-1.42648e+00
3.95002e+00	-2.11185e+00	4.87299e+00	1.06147e+00
4.76063e+00	-2.13921e+00	3.55839e+00	-9.20545e-01
6.21366e-01	-2.46489e+00	7.68998e-02	1.44321e+00
3.05394e+00	-1.85874e+00	1.13695e+00	-8.12941e-01
4.92885e-01	-2.30728e+00	2.33510e+00	1.34766e+00
2.00863e-01	-2.49010e+00	4.72530e+00	2.35990e+00
7.43006e-01	-3.08743e-01	3.71494e+00	-1.73456e+00
1.28519e+00	-2.32079e+00	1.47920e+00	-1.91603e+00
3.61808e+00	-2.04389e+00	6.65705e-01	5.22819e-01
7.63948e-01	-2.43866e+00	1.65090e+00	-3.04771e-01
6.44974e-01	-2.33472e+00	7.94071e-01	3.94663e-01
5.06597e-01	2.34378e-01	3.42308e+00	1.67979e+00
2.12601e-01	-2.48379e+00	1.43814e+00	-1.16941e+00
1.46170e-01	2.76074e-01	1.00420e-01	-6.48107e-01
4.45546e+00	8.09826e-01	2.91470e+00	1.04993e+00
7.64830e-01	-2.27480e+00	6.28862e-01	8.21204e-01
2.60856e+00	-2.43513e+00	4.48805e+00	-1.95644e+00
1.14037e+00	-2.22466e+00	4.44807e+00	-2.72486e-01
8.31517e-01	-3.84006e-01	5.85408e-02	-2.35988e+00
