# No. of particles = 100 
# Proton - Solar wind	Electron - Solar wind	
1.52361e+00	-2.09836e+00	3.42755e+00	-7.09425e-01
3.45293e+00	-1.48857e+00	2.13019e+00	9.47230e-01
2.75245e+00	-1.90916e+00	3.93846e-01	-2.37208e+00
2.74041e+00	-2.05959e+00	2.73585e+00	-2.06492e+00
1.98878e-01	-2.31860e+00	1.47463e-01	-2.04684e+00
2.66212e+00	-2.45397e+00	7.34843e-01	1.39178e+00
7.04887e-01	-2.47305e+00	2.03679e+00	-1.28243e-01
7.35582e-01	-2.18189e+00	1.17634e-01	-1.63978e+00
4.29634e+00	-1.95970e+00	5.10883e-01	-2.00177e+00
2.10077e+00	-2.04313e+00	7.67658e-02	-2.14799e+00
3.00808e+00	3.08656e-01	2.89811e+00	1.28569e+00
2.45025e+00	-2.38534e+00	3.15749e-01	-2.45435e+00
4.70060e+00	-1.50686e+00	1.67348e+00	-4.78784e-01
1.03226e+00	-2.38154e+00	4.20689e+00	1.74287e+00
1.48597e+00	-1.89212e+00	5.20298e-01	-1.63026e+00
4.18559e+00	-1.72322e+00	3.74365e+00	-8.09891e-01
1.51191e+00	-2.48420e+00	4.02556e+00	-1.99603e+00
9.88218e-01	-2.25806e+00	9.64422e-02	-4.12393e-01
4.60165e+00	-1.14866e+00	3.57171e+00	-1.62281e+00
2.03400e+00	-2.33926e+00	8.91445e-01	-1.89528e+00
2.45187e+00	-2.08533e+00	1.81999e+00	-1.00546e+00
2.23324e+00	-2.13803e+00	2.26387e+00	-2.07267e-02
3.79197e+00	-5.97396e-01	2.70025e+00	2.10601e+00
2.63925e+00	-2.15887e+00	1.43063e+00	-4.66503e-01
1.84393e+00	-2.32035e+00	1.84440e+00	3.33218e-01
8.56686e-02	-2.29308e+00	1.22496e-01	-1.15168e+00
2.73375e+00	-2.24160e+00	1.06630e+00	-2.28619e+00
1.34694e+00	-2.23349e+00	3.37196e+00	-9.16433e-01
2.92336e+00	-1.83142e+00	4.16882e+00	-8.52519e-01
1.78808e+00	-3.83213e-01	4.29471e+00	-2.44817e+00
2.48898e+00	-1.70793e+00	2.99378e+00	2.28228e-01
2.98314e+00	-2.35209e+00	1.60618e+00	-1.56840e+00
4.76799e-01	-2.33868e+00	9.60916e-01	-1.98997e+00
8.23165e-01	-2.49728e+00	1.26331e-01	-4.78334e-01
2.60408e+00	-2.28903e+00	1.55348e+00	-2.35702e+00
2.20499e+00	3.84310e-01	2.54877e+00	-1.27752e+00
2.75898e+00	6.01927e-01	4.52244e+00	2.83832e-01
2.70963e+00	-1.94731e+00	4.14580e+00	-1.95178e+00
2.54679e+00	-4.41348e-01	1.16260e+00	-1.28433e+00
3.45105e+00	-2.28908e+00	2.26394e+00	-2.20272e+00
4.44981e+00	-1.11913e+00	4.62493e+00	-1.54619e+00
1.90895e+00	-1.54697e+00	5.86614e-01	1.19345e+00
1.45203e+00	-2.42159e+00	1.09505e+00	5.91907e-01
4.10752e-01	-2.45268e+00	9.30162e-01	-1.69125e+00
2.27876e+00	-1.01149e+00	4.61830e+00	4.30992e-01
1.21881e+00	2.16501e-02	8.87381e-02	-2.19990e+00
2.68141e+00	-2.28896e+00	1.75174e+00	1.04808e-01
2.06744e-01	-2.43063e+00	2.39895e+00	-1.99371e+00
1.65969e+00	-2.23931e+00	4.67030e+00	-4.48427e-01
2.46206e+00	-2.35693e+00	4.88178e+00	2.12314e+00
4.22981e+00	-1.54190e+00	3.17472e+00	-2.03508e+00
4.51611e+00	3.93972e-01	1.47116e-01	1.26603e+00
1.83757e+00	-1.51516e+00	8.22887e-01	1.02494e+00
4.87645e-01	-2.49265e+00	4.28823e+00	-4.76140e-02
1.55321e+00	-2.02743e+00	4.36027e-01	6.31169e-01
6.17107e-01	-2.36667e+00	4.94630e+00	-1.85282e+00
2.97553e+00	-2.23519e+00	3.48072e-01	-1.26178e+00
3.73643e+00	-1.22810e+00	1.02149e-01	-1.95076e+00
2.22927e+00	-1.68932e+00	1.07966e+00	-3.83223e-01
5.23331e-01	-3.96578e-01	3.66431e+00	9.65034e-01
1.96054e+00	-1.99502e+00	1.11660e+00	-2.27086e+00
2.25591e+00	-1.91057e+00	3.86707e+00	4.87680e-01
1.68280e+00	-2.46662e+00	3.46012e+00	3.39569e-01
3.68828e+00	-2.49025e-01	6.70440e-02	-2.27549e+00
1.11721e+00	-2.36274e+00	1.43445e-01	-2.33742e+00
3.17718e+00	8.03945e-02	4.19150e+00	2.18424e-01
1.93844e+00	-2.21591e+00	2.84477e+00	-1.66021e+00
1.40830e+00	-2.48128e+00	5.75542e-03	-2.26703e+00
4.38862e+00	1.24761e+00	1.90469e+00	1.05504e+00
2.56340e+00	1.53010e+00	1.63711e+00	-2.14718e+00
3.38219e+00	-1.81756e-01	4.76469e+00	-8.91880e-02
2.80184e+00	-2.22529e+00	4.77958e-01	7.19751e-01
3.23453e+00	9.78459e-01	1.16443e-01	-2.47024e+00
1.09027e+00	-1.17561e+00	1.75297e+00	-2.18876e+00
1.92991e+00	-1.95210e+00	6.27132e-02	-5.76712e-01
3.23457e+00	-1.83381e+00	2.94516e+00	-7.77434e-01
9.75963e-01	-2.37975e+00	4.58862e+00	-1.48693e+00
3.27407e+00	-2.21683e+00	4.71232e+00	2.09394e+00
1.02764e+00	6.74381e-01	2.37580e+00	6.23595e-01
4.20770e+00	-3.89565e-02	2.87111e+00	-1.02322e+00
3.65555e+00	3.00867e-01	2.03576e+00	2.31419e+00
9.64638e-02	-2.22996e+00	4.38910e+00	-1.91171e+00
1.50726e+00	-4.56299e-01	4.94111e+00	2.18080e+00
4.92609e-02	-2.48793e+00	1.10804e+00	-4.89845e-01
4.66898e+00	-1.59659e+00	4.74998e-01	4.83698e-01
1.90369e+00	-2.10726e+00	3.15311e+00	1.84644e+00
1.37861e+00	-2.37809e+00	4.31133e-01	-2.07663e+00
2.65822e+00	-3.07366e-01	1.09340e-01	1.39849e+00
3.79142e+00	-2.22032e+00	4.60047e-02	-2.21759e+00
7.11490e-01	-2.27278e+00	3.39388e+00	-2.14447e+00
8.30607e-01	-2.47875e+00	1.81637e+00	1.04403e+00
2.84068e+00	-2.03867e+00	2.81191e+00	-1.84900e-01
1.69148e+00	6.49171e-01	1.68887e+00	-2.19674e+00
2.04770e+00	-2.43723e+00	5.60637e-01	5.10666e-01
2.09478e+00	-2.57228e-01	4.69843e-01	-2.35499e+00
1.30970e+00	-2.19976e+00	2.16594e-01	-2.33516e+00
2.82938e+00	-2.09323e+00	4.87558e-01	-8.98634e-01
3.31109e+00	-2.46856e+00	1.11885e+00	-1.58822e+00
3.56173e+00	-2.01899e+00	1.75128e+00	-6.99562e-01
2.45975e+00	-5.55431e-01	2.38020e+00	2.10476e-01
