# No. of particles = 100 
# Proton - Solar wind	Electron - Solar wind	
3.50090e+00	-1.98306e+00	1.37453e+00	-1.31308e+00
4.79724e-01	-2.35001e+00	3.73363e+00	-1.36224e+00
3.90103e+00	-2.11735e+00	5.67350e-01	-1.99764e+00
2.75612e+00	-2.46092e+00	6.30477e-01	-2.23551e+00
2.69015e+00	-2.19436e+00	1.97694e-01	-2.42465e+00
3.22712e+00	-1.49126e+00	5.26782e-01	-2.23417e+00
3.86123e-01	-2.28032e+00	4.20409e+00	2.09233e+00
3.84250e+00	3.41080e-01	3.93504e-02	-2.32702e+00
2.20091e+00	-2.37097e+00	1.16157e-01	-1.70616e+00
3.51132e+00	-1.74112e+00	4.30289e+00	-1.54369e+00
3.64071e+00	-2.43956e+00	3.84559e+00	3.34836e-01
3.06932e+00	-2.22778e+00	6.63563e-01	-2.40440e+00
4.49941e+00	4.13426e-01	8.88459e-01	5.37502e-02
4.16642e+00	1.04360e+00	4.00071e+00	-1.42258e+00
3.53886e+00	-2.46198e+00	4.53242e+00	3.45578e-01
3.11361e+00	-1.18321e+00	1.40398e-01	-2.28376e+00
3.13342e+00	-1.58922e+00	2.92154e+00	-2.24571e+00
3.05738e+00	-1.29962e+00	4.95802e+00	1.79599e-01
1.59560e+00	-1.90281e+00	3.13842e+00	-9.92403e-01
1.83656e+00	-1.86852e+00	4.92420e+00	-1.85328e+00
2.88887e+00	-2.34212e+00	4.86917e-01	2.84520e-01
1.70340e+00	-2.19355e+00	1.94654e+00	5.53856e-01
1.25877e-01	-2.40319e+00	3.44303e-04	-7.50897e-01
1.20958e+00	-2.39865e+00	3.88630e+00	2.42630e+00
4.11149e+00	-1.83159e+00	2.66948e+00	-1.37745e+00
2.42013e-01	-2.15363e+00	5.98906e-02	-2.49559e+00
2.97380e+00	-7.62393e-01	9.72196e-01	-6.69767e-01
3.55568e+00	-1.59217e+00	3.86524e+00	5.77391e-01
1.73176e+00	-2.40495e+00	2.97518e+00	-9.67079e-01
4.67746e+00	7.50719e-01	1.47438e+00	-1.99080e+00
4.56010e-01	-2.09509e+00	1.72951e+00	-2.20878e+00
2.46022e+00	-1.93031e+00	1.57030e+00	1.50170e-01
3.29499e+00	-1.61360e+00	4.15074e+00	1.55942e+00
7.44627e-01	-2.28146e+00	3.12483e+00	-1.08836e+00
4.47978e+00	-2.43976e+00	4.10185e+00	-8.35019e-01
4.54696e+00	-7.98038e-01	3.68115e+00	2.31436e+00
5.71810e-01	-3.83242e-01	8.84452e-03	-2.41313e+00
8.71784e-01	-2.40686e+00	7.16331e-01	1.47902e+00
3.63743e+00	-2.41642e+00	2.43251e+00	-8.78113e-01
4.77114e-02	-2.49651e+00	6.46311e-01	-1.79569e+00
7.84378e-01	-2.43652e+00	2.19472e+00	2.31956e+00
2.51544e+00	-2.46285e+00	2.79741e+00	2.09602e-01
1.26297e+00	-2.41413e+00	3.04997e-01	-1.26616e+00
3.21038e+00	-5.25194e-01	2.96105e+00	-4.64634e-01
5.32435e-02	-5.56360e-01	1.92487e+00	-1.33987e+00
2.44115e+00	-1.62919e+00	2.44075e+00	-9.53802e-02
3.20094e-01	-2.32883e+00	8.06046e-01	-1.57145e+00
3.07106e+00	-2.29051e+00	2.10683e+00	3.34377e-01
2.35162e+00	-2.24121e+00	1.93379e+00	-9.56940e-01
9.33504e-02	-2.40284e+00	3.32700e-01	5.72035e-01
8.56000e-01	-2.27124e+00	2.95202e-01	-1.43218e+00
1.96465e+00	-1.43870e+00	2.17425e+00	4.11611e-02
1.62700e+00	-2.47256e+00	5.90957e-01	-1.60794e+00
9.00157e-01	-2.44461e+00	2.24340e+00	-7.29334e-01
3.23863e+00	-9.69859e-01	3.36684e+00	4.93929e-01
3.93860e+00	-9.43437e-01	6.79634e-01	-2.06194e+00
1.78191e+00	-1.46670e+00	4.63719e+00	-2.15581e-01
2.22269e+00	-2.10076e+00	4.17928e+00	1.83676e+00
3.79854e+00	-2.91024e-01	3.73268e+00	1.45507e+00
3.11689e+00	8.22277e-01	2.83920e+00	-7.85829e-03
3.79241e+00	-1.11732e-01	4.15890e+00	-1.00070e+00
4.07860e+00	1.59593e-01	1.52615e+00	2.50235e-01
4.65714e+00	-1.88711e+00	2.93172e+00	-1.86304e+00
3.57276e+00	-2.41950e+00	7.49390e-03	-2.36662e+00
4.21751e+00	-1.69121e+00	1.42229e+00	1.89998e-01
4.82822e+00	-2.20200e+00	2.35306e-01	-2.28845e+00
2.55301e+00	-1.60513e+00	2.99866e+00	-1.11580e+00
2.05997e+00	-2.26111e+00	3.60053e-01	-2.07206e+00
2.93338e+00	-2.26653e+00	1.30922e+00	-1.65616e+00
1.13635e-01	-3.66077e-01	3.90173e+00	1.27209e+00
7.19532e-01	-2.17244e+00	1.29760e+00	-1.50390e+00
1.65955e-01	-2.23995e+00	2.80868e+00	2.84439e-01
1.47179e+00	-2.43939e+00	1.93228e-01	-2.09937e+00
4.10388e+00	-6.39187e-01	2.35061e+00	-2.22667e+00
2.09676e-01	-2.31931e+00	2.02730e-02	-1.61990e+00
2.18264e+00	-2.49235e+00	4.06809e+00	-2.10751e+00
1.11643e+00	-2.47511e+00	2.34455e+00	2.43550e-01
6.02755e-01	-2.42891e+00	1.42914e+00	1.52895e+00
3.57155e+00	-2.00603e+00	3.40764e+00	-1.14655e+00
2.14242e+00	-1.82886e+00	1.47416e+00	-5.13254e-01
2.03459e+00	-2.14746e+00	7.20920e-01	-1.85197e+00
4.82293e+00	-2.16162e+00	2.58184e+00	-3.14134e-01
2.53438e+00	-1.98628e+00	5.14445e-01	-1.75378e+00
3.50779e+00	-2.32499e+00	3.78575e+00	-5.72219e-01
1.33539e+00	-1.99222e+00	4.83913e+00	-2.18662e+00
4.02491e+00	7.39435e-01	3.27335e+00	1.48011e+00
1.21050e+00	-2.31671e+00	4.07924e+00	1.30589e+00
1.97331e-01	-2.41747e+00	4.49838e+00	2.00278e-01
3.44804e+00	-1.96205e+00	1.87349e+00	1.80315e+00
3.91325e+00	1.37228e+00	1.89072e+00	-4.18351e-01
1.11951e+00	-2.40717e+00	7.79156e-01	-1.36503e+00
2.82081e+00	-2.78942e-01	4.42829e+00	-1.26894e+00
1.21565e+00	4.49163e-01	1.28919e+00	-9.58798e-01
1.51216e+00	5.38847e-01	3.25110e-01	-2.18157e+00
4.45478e+00	-1.96208e+00	1.83613e+00	-1.59997e+00
3.89810e+00	-1.84333e+00	2.11442e+00	2.05633e+00
1.70290e+00	-2.38101e+00	4.52746e+00	-2.23371e+00
1.54345e+00	-2.27589e+00	7.29658e-01	2.62951e-01
3.84729e+00	1.50712e+00	2.88580e+00	8.03142e-01
4.42286e+00	-2.30772e+00	2.77586e+00	-1.51447e+00
