# No. of particles = 100 
# Proton - Solar wind	Electron - Solar wind	
1.40361e+00	-2.07630e+00	9.59994e-02	-1.92795e+00
3.90209e+00	-1.87741e+00	1.23396e+00	-1.80272e+00
1.63466e+00	-1.30360e+00	3.93323e+00	7.29858e-01
1.27905e+00	-2.30466e+00	3.20389e+00	-1.05493e+00
1.13404e+00	-1.61043e+00	2.19422e-01	-1.87424e+00
1.28746e-01	-2.28183e+00	1.52456e-01	-1.82476e+00
3.77159e+00	-2.01839e+00	8.22526e-01	-4.18879e-01
4.85013e+00	-1.95370e+00	7.48801e-01	-1.99618e+00
4.83838e+00	-1.63238e+00	3.06486e+00	-1.59797e+00
2.82461e+00	-2.12889e+00	4.52384e+00	2.27689e+00
1.33474e+00	-2.12351e+00	3.71494e-01	-1.38489e+00
8.14774e-02	-2.35163e+00	1.55396e+00	-7.16053e-01
3.39623e+00	4.80417e-02	3.14329e+00	9.17117e-02
2.57392e+00	-2.16295e+00	2.79577e+00	7.92242e-01
1.83739e+00	-2.37655e+00	2.21955e-01	-2.12891e+00
6.47433e-02	3.46739e-01	2.94701e+00	7.51056e-01
2.04182e+00	-6.06202e-01	2.05128e+00	2.02671e-01
1.26203e+00	-2.26076e+00	2.91327e+00	-1.30989e+00
5.10012e-01	-2.24724e+00	3.81829e+00	-7.08127e-01
4.62508e+00	-2.37482e+00	2.05476e+00	7.55554e-01
3.46548e+00	-1.77989e+00	2.88797e+00	7.99176e-01
3.69511e+00	-1.88821e+00	1.31845e-01	-6.77213e-01
4.63472e+00	1.35546e-01	1.51183e+00	-6.76035e-01
3.17119e+00	-2.05935e+00	6.64578e-01	-1.91602e+00
2.16251e+00	-1.26803e+00	2.31515e+00	-5.24314e-01
1.23215e+00	-2.31340e+00	1.47171e+00	-1.47380e+00
3.34656e+00	-2.43362e+00	1.32798e+00	-3.78970e-01
9.83016e-01	-2.42142e+00	1.94514e-01	4.95090e-02
1.54459e+00	-2.04637e+00	1.20589e+00	-2.14942e+00
2.27177e+00	1.96553e-01	1.12265e-02	-2.23803e+00
3.06196e+00	-2.00505e+00	2.01161e-01	-2.35299e+00
3.49447e+00	-2.28723e+00	4.12704e+00	4.72797e-01
3.75208e+00	-2.05049e+00	4.79241e+00	-1.27368e+00
2.41679e-01	-2.47162e+00	3.93215e+00	-8.62954e-01
3.14439e+00	-2.35254e+00	1.73453e+00	6.09761e-01
1.20538e-01	-2.26677e+00	2.62739e-01	-2.08023e+00
1.62509e+00	-2.45410e+00	4.04057e+00	1.49271e-01
3.19590e+00	-1.90561e+00	5.83059e-01	-1.74841e+00
3.51145e+00	-3.65600e-01	3.09939e-01	-1.49595e+00
2.75211e+00	-1.85164e+00	3.54991e+00	-2.26198e-01
4.23965e+00	-1.99516e+00	3.73049e+00	-1.54333e+00
2.86231e+00	-2.37901e+00	2.16608e+00	-1.98634e+00
4.32640e+00	-4.38019e-01	7.99747e-01	1.73189e+00
8.92462e-01	-2.18658e+00	1.90046e-01	-2.58854e-01
3.41731e+00	-1.38918e+00	6.75711e-01	1.90266e+00
6.02116e-01	-2.39767e+00	1.13085e+00	9.56464e-01
3.33892e+00	-8.24079e-01	4.89023e+00	-9.20878e-01
4.93119e+00	-2.02831e+00	4.43910e+00	-1.53723e+00
1.54507e+00	-2.24731e+00	8.68536e-02	-1.66069e+00
2.86085e+00	-1.76709e+00	1.68719e+00	-1.07457e+00
4.83914e+00	-2.31438e+00	4.35644e+00	8.24433e-01
4.64291e+00	-1.82451e+00	2.42197e+00	-1.43169e+00
2.86054e+00	-1.18978e+00	2.44815e+00	-2.46128e-01
1.61372e+00	1.57089e-01	1.98464e+00	-1.18881e+00
8.36474e-01	-2.13709e+00	2.49556e+00	8.82715e-01
2.11856e+00	-1.60918e+00	1.05357e+00	-2.07756e+00
4.24932e+00	-1.83409e+00	4.00290e+00	-2.11388e+00
4.04201e+00	-2.37342e+00	4.34710e+00	-1.70688e+00
7.21315e-01	1.73713e-01	4.92095e+00	-1.42427e+00
1.14059e+00	-2.32012e+00	4.37201e+00	1.56561e+00
2.06055e+00	7.86141e-02	4.89066e+00	-1.80293e-01
2.82082e+00	-2.24197e+00	1.97403e+00	-2.06158e+00
2.59563e+00	-2.44268e+00	2.11815e+00	-5.89472e-01
5.78157e-01	-2.22077e+00	4.44432e+00	1.48117e+00
1.62982e+00	-2.39286e+00	1.26192e+00	-1.64647e+00
4.63939e+00	-2.33292e+00	7.42061e-01	-2.10184e+00
3.63264e+00	2.31295e-01	3.53038e+00	-5.28610e-01
4.31531e+00	-2.42966e+00	2.36898e+00	-1.27972e+00
4.68114e+00	-2.25379e+00	2.94475e+00	-2.35041e-01
3.55814e+00	-1.57572e+00	2.16378e+00	-1.54756e+00
4.17026e+00	-9.00569e-01	8.37186e-01	-2.38150e+00
3.90930e+00	-7.75219e-01	1.88095e+00	-1.26020e+00
5.49597e-01	-2.04582e+00	1.94107e+00	-2.95088e-01
1.98455e+00	-2.41476e+00	4.15735e+00	-1.25285e+00
2.07468e+00	-2.35543e+00	4.76560e+00	-1.20957e+00
1.30413e+00	5.78463e-01	2.93416e+00	-1.32495e+00
4.25540e+00	-1.70454e+00	1.16872e+00	-6.11681e-01
3.21962e+00	4.15345e-01	1.58515e+00	-8.43818e-01
1.92734e+00	-2.34456e+00	8.25288e-01	-1.05782e+00
3.62370e-01	-2.44465e+00	1.33948e+00	-6.92385e-01
4.45001e+00	-2.08036e+00	3.09124e+00	-1.73924e+00
7.75862e-02	-2.27986e+00	2.17915e+00	-1.25037e+00
1.47408e+00	3.31642e-01	1.39960e+00	1.93706e+00
3.27999e-02	-2.26407e+00	1.61726e+00	8.41932e-01
4.46349e+00	-4.45416e-01	1.45600e+00	-1.44710e+00
1.33210e+00	-3.72402e-01	5.06771e-01	-1.82862e+00
4.76341e+00	-2.06715e+00	2.02736e-01	3.11603e-02
3.24864e+00	-2.31916e+00	2.04058e-01	-1.74735e+00
6.15600e-01	-2.28970e+00	1.68547e+00	-1.01058e+00
6.17293e-01	-2.46712e+00	3.99340e+00	-1.71609e+00
1.15503e+00	-2.44104e+00	1.35922e+00	-1.43599e+00
4.36823e+00	-1.24395e+00	1.28516e+00	-3.35155e-01
1.20318e-01	-2.37046e+00	3.03627e+00	-5.20236e-01
1.44970e+00	1.56489e+00	4.96731e+00	-1.10304e+00
2.77294e+00	-2.34856e+00	4.22355e+00	-1.50484e+00
1.43375e+00	-2.40875e+00	4.67925e+00	-1.64737e+00
4.99353e+00	-1.36392e+00	1.29637e+00	-1.80421e+00
4.00893e+00	-2.29563e+00	1.38501e+00	2.42438e+00
1.17256e+00	-2.37467e+00	1.99120e-01	-2.33091e+00
2.52664e+00	-8.11716e-01	3.48858e+00	-5.12153e-01
