# No. of particles = 100 
# Proton - Solar wind	Electron - Solar wind	
1.75143e+00	-2.17230e+00	1.96185e+00	-5.46299e-01
3.59401e+00	-1.42046e+00	2.06283e+00	-2.40108e+00
4.64924e+00	-6.91194e-01	3.29295e+00	-1.19897e+00
1.54186e-02	-2.34730e+00	3.32540e-01	-2.37538e+00
6.41501e-01	-2.16097e+00	1.61808e+00	-7.46587e-01
2.17254e+00	-2.44471e+00	3.60075e+00	3.92824e-01
1.91276e+00	-2.34410e+00	4.44673e+00	1.20170e+00
8.12985e-01	-2.47615e+00	1.72535e+00	-1.24009e+00
4.33678e+00	-1.65320e+00	2.74150e+00	6.57453e-01
1.62656e+00	-2.41396e+00	3.00808e-01	-4.16917e-01
4.85609e-01	-2.28321e+00	1.28510e+00	-1.68109e+00
2.10936e+00	-1.69172e+00	1.65767e+00	-1.23764e+00
1.16345e+00	-2.28837e+00	4.02429e+00	4.66299e-01
4.19410e-01	-2.35063e+00	3.26750e-01	-2.10804e+00
6.52398e-01	-2.40157e+00	2.71669e+00	-9.33875e-01
3.59318e+00	-1.88461e+00	5.03290e-01	8.75200e-01
1.02129e+00	-2.38245e+00	1.67975e+00	-6.16618e-01
2.59371e+00	-3.86129e-01	7.71634e-01	-5.92271e-01
3.53721e+00	-1.00644e+00	2.49552e+00	9.84324e-02
4.02239e+00	-2.32614e+00	4.10238e+00	1.20652e+00
1.79824e+00	-2.27652e+00	4.48103e+00	-7.96583e-01
1.52690e+00	-2.34627e+00	3.12590e+00	9.64373e-01
2.78501e+00	-2.27922e+00	6.32371e-01	-1.69352e+00
2.40071e+00	-2.10487e+00	2.56719e+00	1.91741e-01
1.62834e+00	-2.34799e+00	1.34838e+00	-2.30181e+00
9.81428e-01	-2.30993e+00	2.31429e+00	-5.08465e-01
2.44442e+00	-2.43979e+00	7.91783e-01	-1.75234e+00
5.41617e-01	2.15815e-02	3.42636e+00	1.84187e+00
2.59855e+00	-2.04035e+00	9.74309e-01	1.24936e+00
1.82762e+00	-2.29494e+00	2.93715e+00	-2.32068e+00
2.44342e+00	-2.15754e+00	4.22154e+00	-1.08775e+00
3.17232e+00	-2.05780e+00	2.81484e-01	1.47484e+00
5.80572e-01	-2.42716e+00	6.36851e-02	1.59291e+00
1.67788e+00	-1.36141e-01	4.59100e+00	-1.05221e+00
2.31687e+00	-2.27213e+00	1.60538e+00	2.02338e+00
2.20097e+00	-2.31338e+00	3.04415e+00	-6.56834e-01
2.74669e+00	-7.73973e-03	3.27875e+00	-1.28082e-01
2.89060e+00	-1.01201e+00	8.43320e-01	-2.37731e+00
1.93913e+00	-4.76377e-01	2.00173e+00	-8.95610e-01
2.66975e+00	-2.34472e+00	4.53733e-01	-2.87572e-01
4.77361e+00	-8.22905e-01	1.29975e+00	-2.27598e+00
9.00358e-01	-2.26035e+00	4.19124e+00	-1.10212e+00
7.66832e-01	-2.16519e+00	2.18729e+00	-1.44301e+00
2.73386e+00	4.28292e-01	2.72668e+00	1.50239e+00
2.64184e+00	-8.52867e-01	3.44908e+00	-1.96182e+00
1.56954e+00	-1.74625e+00	3.63659e+00	-1.25618e-01
2.17534e+00	-5.00438e-01	3.86846e+00	1.28156e-01
2.88717e+00	1.32093e-01	2.87912e+00	1.51622e+00
1.78890e+00	8.42461e-01	7.11088e-01	-1.41007e+00
2.12282e+00	-2.28273e+00	4.61981e+00	-6.41763e-01
3.61589e+00	-1.51970e+00	3.35058e+00	1.32136e+00
5.01377e-01	-2.53654e-02	3.56203e+00	1.91227e+00
1.40366e+00	-2.20054e+00	2.20991e+00	-2.34886e+00
1.28960e+00	-7.27431e-01	4.91902e+00	5.99412e-01
1.19996e+00	-2.45094e+00	4.97328e-01	-5.50152e-01
1.43252e+00	4.67207e-01	3.69155e+00	5.37452e-02
1.68445e+00	1.65884e+00	2.56840e+00	7.91556e-01
2.97613e+00	-3.45743e-01	3.27026e-01	-2.47592e+00
1.86291e+00	-2.24695e+00	1.93500e-02	-2.34241e+00
2.08018e+00	-8.22615e-01	3.89281e+00	-6.57946e-01
1.95812e+00	3.05162e-01	5.02288e-01	-1.13404e+00
7.02468e-01	-2.28758e+00	4.74873e+00	1.43163e+00
9.97918e-01	4.19527e-01	1.10795e+00	1.04895e+00
2.34597e+00	-7.73747e-01	7.27908e-01	-2.17031e+00
1.51411e+00	-1.36227e+00	8.83098e-01	6.68797e-01
2.71137e+00	-2.43495e+00	3.78806e-01	2.13881e+00
1.58382e+00	4.58844e-01	3.04485e+00	-1.21272e+00
1.59611e+00	-2.17502e+00	4.64432e+00	-1.91456e+00
3.67546e+00	-3.64131e-01	9.25195e-01	-1.18625e+00
2.79186e+00	-1.09613e+00	1.12664e+00	-2.41835e+00
2.29624e+00	-4.89761e-01	1.09264e+00	-2.21160e+00
1.95622e+00	-2.25572e+00	3.62906e-01	-2.23519e+00
2.64610e+00	-4.20338e-01	8.19519e-02	-2.35865e+00
1.29617e+00	-2.24156e+00	5.24558e-01	-2.24996e+00
2.42607e+00	6.63701e-01	3.85026e+00	1.99950e+00
3.32295e+00	7.79493e-01	2.72682e+00	7.13085e-02
3.36401e+00	8.68267e-01	1.49043e+00	-2.42050e+00
3.08208e+00	-2.42948e+00	3.43053e+00	-5.49261e-01
7.96539e-01	1.50949e-02	4.10317e+00	2.36742e+00
3.51560e+00	-2.31029e+00	5.78328e-01	-2.06201e+00
2.74248e+00	1.65599e+00	1.15667e+00	-2.04446e+00
5.00005e-01	-2.22095e+00	2.90026e+00	-8.55549e-01
1.33023e+00	-2.30496e+00	3.22820e+00	1.45720e+00
2.18737e+00	-1.92049e+00	4.74470e+00	-1.04806e+00
1.90545e-01	-2.32468e+00	3.61673e+00	-4.69644e-01
1.57722e+00	-5.31506e-01	3.01158e+00	1.68054e-01
1.76721e+00	4.58947e-01	4.48669e-01	1.35555e+00
1.94266e+00	-1.99382e+00	4.88652e+00	-7.27159e-01
2.96956e+00	-1.66821e+00	1.65265e+00	2.49064e+00
8.03092e-01	-2.49532e+00	2.31681e+00	-1.38927e-01
2.75846e+00	-2.19568e+00	4.07572e+00	3.79537e-01
2.18350e+00	-1.77056e+00	3.40299e+00	-2.36009e+00
1.71207e+00	6.74139e-02	1.22871e+00	-1.70393e+00
1.70715e+00	-2.44486e+00	9.40885e-01	2.33416e+00
9.30745e-01	3.71526e-01	5.09816e-02	-2.07642e+00
1.66860e+00	5.66752e-01	4.48937e+00	-7.28582e-01
2.08592e+00	5.70380e-01	3.33394e+00	1.00746e+00
1.36263e+00	-2.38010e+00	7.45828e-01	-2.01990e+00
2.45056e+00	-2.28652e+00	2.00194e+00	1.67087e+00
2.46346e+00	-2.38899e+00	1.60691e+00	1.14493e+00
