# No. of particles = 100 
# Proton - Solar wind	Electron - Solar wind	
2.41578e+00	-2.15338e+00	3.14918e+00	-1.09702e+00
4.62499e+00	-2.40090e+00	1.01751e-01	-2.48891e+00
2.86874e+00	-2.19764e+00	7.41464e-01	-1.78546e+00
1.73690e+00	-2.45762e+00	2.57802e+00	-1.37997e+00
1.64058e+00	-2.30580e+00	3.79868e+00	1.11673e-01
2.77588e+00	-1.60671e+00	1.00453e+00	-2.46535e+00
4.95565e+00	-2.27569e+00	2.93341e-01	-2.24326e+00
3.15015e+00	-1.48303e-01	2.57221e+00	5.08577e-01
1.41489e+00	-2.40892e+00	1.39845e+00	1.88085e+00
2.69312e+00	-1.85700e+00	3.18746e+00	-3.08857e-01
2.53286e+00	-2.39099e+00	8.69142e-02	-8.03824e-01
2.13050e+00	-2.25243e+00	2.45029e+00	-6.84362e-01
3.49707e+00	-2.09915e-01	4.64686e+00	-1.96962e+00
3.23780e+00	7.73472e-01	2.73935e-01	-2.90508e-03
2.48342e+00	-2.44307e+00	1.70768e+00	-2.44481e+00
1.95905e+00	-1.58376e+00	1.27911e+00	1.31030e+00
2.35766e+00	-1.82143e+00	4.70065e+00	1.50951e+00
2.12797e+00	-1.21426e+00	3.80821e+00	2.38178e+00
5.45060e-01	-2.23689e+00	2.15946e+00	-5.23105e-01
7.58129e-01	-2.13811e+00	9.75008e-01	2.53903e-01
1.69966e+00	-2.29655e+00	2.72767e+00	-1.91871e+00
9.47043e-01	-2.26243e+00	6.40807e-01	-2.41991e+00
4.42148e+00	-2.01555e+00	4.52214e+00	-1.30676e+00
2.67778e-01	-2.38837e+00	1.14649e+00	1.20416e+00
3.04341e+00	-1.97651e+00	1.31396e+00	1.68339e+00
4.61442e+00	-2.09206e+00	2.54207e+00	5.70237e-01
2.42226e+00	-1.09187e+00	4.40552e+00	4.21362e-01
2.46038e+00	-1.81723e+00	5.86822e-01	-2.21290e+00
7.36030e-01	-2.46904e+00	4.17533e+00	2.21923e+00
3.58826e+00	6.41836e-01	1.70896e+00	1.37673e+00
4.78926e+00	-1.03473e+00	1.00059e+00	-1.02324e+00
1.76117e+00	-2.04790e+00	4.28839e-01	-1.32329e+00
2.38974e+00	-1.82804e+00	4.35066e+00	-8.50992e-01
4.78174e+00	-2.08980e+00	3.97255e+00	1.76528e+00
3.47013e+00	-2.44251e+00	3.00130e+00	1.73224e+00
3.82213e+00	-1.04992e+00	3.27626e-01	-2.15239e+00
4.37785e+00	-1.72696e+00	4.22141e+00	-1.67372e+00
4.79426e+00	-1.98882e+00	3.60162e+00	1.37836e+00
2.72844e+00	-2.41390e+00	3.81209e+00	2.40720e-01
4.03337e+00	-2.28098e+00	3.52305e+00	2.29141e+00
4.78182e+00	-1.77500e+00	7.62647e-01	2.99816e-01
1.31850e+00	-2.45112e+00	1.97974e+00	1.16197e+00
2.19778e-01	-2.32244e+00	4.43696e-01	-2.41647e+00
2.24621e+00	-1.15879e+00	1.18891e+00	1.70066e+00
4.13009e+00	-2.26257e-01	3.24363e+00	1.60862e+00
1.42315e+00	-1.88297e+00	7.50923e-01	1.08400e+00
4.13663e-01	-2.48013e+00	2.11691e+00	1.34313e+00
2.05550e+00	-2.32507e+00	1.72064e+00	-1.04749e+00
1.25727e+00	-2.34051e+00	2.16695e+00	-1.70597e-01
3.95012e+00	-2.22793e+00	3.02797e+00	-1.81017e+00
1.41690e-01	-2.42406e+00	3.09166e+00	5.94239e-01
8.49755e-01	-2.03900e+00	4.13271e+00	6.27265e-01
6.37963e-01	-2.49216e+00	2.22006e+00	-1.48738e+00
4.83199e+00	2.75873e-01	3.09231e-01	-2.05432e+00
2.37525e+00	-1.39682e+00	4.69281e+00	4.44396e-01
2.84200e+00	-8.98279e-01	3.07982e+00	1.16069e+00
8.81837e-01	-1.91875e+00	5.23353e-01	-2.28578e+00
1.32671e+00	-2.15303e+00	1.73077e+00	1.34248e+00
2.43845e+00	-4.30463e-01	2.50764e+00	1.00586e+00
2.08425e+00	8.11270e-01	4.01684e+00	8.37067e-01
2.73576e+00	1.58785e-01	2.96742e+00	-7.13440e-01
3.20257e+00	6.97497e-02	4.87579e+00	-1.99810e+00
3.57919e+00	-2.02592e+00	8.94531e-01	-2.34979e+00
2.43252e+00	-2.42782e+00	8.63843e-01	-1.78914e+00
3.08005e+00	-1.90365e+00	2.32670e+00	3.43124e-01
4.09482e+00	-2.22188e+00	2.63218e+00	2.66323e-01
1.58309e+00	-1.84535e+00	9.55332e-01	-6.15862e-01
1.05879e+00	-2.26922e+00	6.82845e-01	-1.01289e+00
1.93023e+00	-2.26936e+00	5.71729e-01	-2.31064e+00
4.15010e+00	-2.01094e+00	3.20356e+00	1.95297e+00
1.06462e+00	-2.43300e+00	1.93446e+00	-1.93606e+00
4.79286e-01	-2.36556e+00	2.23128e+00	-4.41063e-01
5.75703e-01	-2.45622e+00	1.94010e+00	-8.04054e-02
3.02741e+00	-6.71417e-01	5.72607e-01	-1.67901e+00
3.82817e+00	-1.90979e+00	3.05881e+00	-1.50537e+00
1.34891e+00	-2.46954e+00	3.70037e+00	-1.19210e+00
1.71752e-01	-2.43388e+00	9.84059e-01	-1.61559e+00
4.49026e+00	-2.23755e+00	4.14233e+00	-3.21428e-02
2.69985e+00	-2.11411e+00	2.50306e+00	-1.46916e+00
1.22623e+00	-2.01612e+00	8.81667e-01	1.74825e+00
6.73240e-01	-2.31644e+00	3.05753e-01	-2.02534e+00
3.87555e+00	-2.18360e+00	3.94315e+00	-1.48871e+00
1.70740e+00	-2.15316e+00	4.19228e+00	2.11657e+00
1.67248e+00	-2.34635e+00	4.35976e+00	-5.59321e-01
1.53170e-01	-2.46302e+00	2.83159e-01	-2.25014e+00
2.79401e+00	5.74664e-01	2.49657e+00	1.11028e+00
3.77024e-01	-2.29350e+00	1.28743e+00	-1.27769e+00
8.21693e-01	-2.40276e+00	3.88035e+00	1.66175e+00
2.40365e+00	-2.07881e+00	1.59352e-01	1.30840e+00
2.72672e+00	1.22253e+00	3.40885e-01	-2.07934e+00
4.99461e+00	-2.38184e+00	1.96362e-01	-1.82095e+00
1.85338e+00	-1.57010e-01	1.41131e+00	2.22784e+00
4.11188e-01	4.87917e-01	3.34427e+00	8.71863e-01
7.08752e-01	4.59970e-01	8.48972e-01	1.30692e+00
3.51352e+00	-2.01839e+00	2.80861e-01	-2.31183e+00
2.75640e+00	-2.00071e+00	9.88675e-01	-1.58654e+00
8.07322e-01	-2.31551e+00	1.73689e+00	-2.23156e+00
3.96090e-01	-2.30398e+00	4.14636e+00	-1.25992e-01
2.83975e+00	1.48828e+00	3.25685e+00	-5.61724e-01
3.42062e+00	-2.32402e+00	1.98772e-01	-2.49848e+00
