# No. of particles = 100 
# Proton - Solar wind	Electron - Solar wind	
2.92712e+00	-1.76815e+00	4.00647e+00	-1.13391e+00
4.84850e+00	-1.18761e+00	2.42059e+00	2.93472e-01
3.65848e+00	-1.75115e+00	2.36002e+00	-6.27573e-01
4.26560e+00	-1.79738e+00	5.25077e-02	-6.90387e-01
1.99829e+00	-2.38603e+00	3.22358e-01	-2.21804e+00
4.28257e+00	-2.49976e+00	2.69651e+00	-9.95317e-01
3.71825e-01	-2.35901e+00	1.37004e+00	-1.54330e+00
1.94392e+00	-2.11470e+00	8.33739e-01	-1.92686e+00
5.75471e-01	-2.35666e+00	2.48466e+00	-9.64426e-01
3.84060e+00	-1.77231e+00	3.44978e-01	1.12020e+00
3.77634e+00	1.09732e+00	1.66450e+00	5.34686e-01
4.07295e+00	-2.33534e+00	3.66887e-01	-1.86182e+00
7.78370e-01	-1.72779e+00	3.14055e+00	-1.25538e+00
2.84026e+00	-2.39822e+00	8.50823e-01	-9.41789e-01
3.21679e+00	-1.40952e+00	2.97722e+00	-1.32587e+00
9.73009e-01	-2.10907e+00	4.31131e+00	-1.05775e-01
3.13828e+00	-2.47686e+00	2.17136e+00	-1.93091e+00
2.49751e+00	-2.17409e+00	1.02156e+00	-6.31733e-02
1.09240e+00	-2.48745e+00	3.25714e+00	7.37974e-01
2.79438e+00	-2.34743e+00	3.01813e+00	-7.99240e-01
4.17692e+00	-1.92205e+00	3.70488e+00	-1.88657e+00
3.95511e+00	-2.06801e+00	1.58536e+00	-1.54643e+00
7.02123e-01	-2.08979e+00	4.39310e-01	-1.88970e+00
4.32463e+00	-2.08249e+00	1.47202e+00	-1.00084e+00
3.43867e+00	-2.26461e+00	4.79878e+00	5.04815e-01
2.45311e+00	-1.58648e+00	2.76999e-01	-2.30347e+00
4.33648e+00	-2.24529e+00	3.03606e+00	-1.40412e-01
2.66852e+00	-2.10766e+00	4.90269e+00	3.38009e-01
4.53713e+00	-1.46645e+00	1.27865e+00	1.14684e+00
3.42884e+00	-3.07676e-01	1.78085e+00	1.60405e+00
3.95731e+00	-1.33767e+00	3.52636e-01	1.21430e+00
4.58809e+00	-2.42264e+00	7.79451e-01	-1.09979e+00
1.43810e+00	-2.25401e+00	2.24813e+00	5.51459e-01
1.66425e+00	-1.99538e+00	1.06780e+00	-2.13457e+00
4.34804e+00	-2.32626e+00	2.86184e+00	2.35856e+00
4.14144e+00	2.66802e-01	4.15720e+00	2.11946e+00
4.60638e+00	6.33222e-01	2.55708e+00	-1.68820e+00
4.18946e+00	-1.78234e+00	1.08148e+00	2.24880e+00
4.33732e+00	-4.91778e-01	3.71595e+00	7.43897e-01
9.55706e-02	-2.45209e+00	2.36599e-02	-2.27548e+00
8.33368e-01	-2.34157e+00	1.67398e+00	5.11418e-03
3.87098e+00	-7.23053e-01	1.13577e+00	-7.79853e-01
4.66250e-01	-2.38400e+00	4.00293e-01	-1.68641e+00
1.99486e+00	-2.05422e+00	1.47353e+00	-5.14976e-01
3.93802e+00	-1.11153e+00	1.29779e+00	-2.05267e+00
2.47079e+00	6.72734e-02	1.99584e+00	-1.65519e+00
4.31844e+00	-2.29700e+00	1.24755e+00	1.88859e+00
1.59330e+00	-2.31338e+00	5.20527e-02	-7.81314e-01
3.25386e+00	-2.22035e+00	2.10287e+00	1.57888e+00
4.16029e+00	-2.44826e+00	6.60339e-01	-2.44130e+00
8.50996e-01	-2.26003e+00	3.91133e+00	5.60405e-01
9.38242e-01	-2.33902e+00	8.06700e-01	-1.84604e+00
3.82924e+00	-3.50283e-01	3.92221e+00	-5.20118e-01
1.29293e+00	-2.44078e+00	2.01092e+00	1.53354e+00
2.72347e+00	-1.70873e+00	1.17714e+00	-5.30243e-01
2.91175e+00	-1.92051e+00	1.65505e+00	2.15460e+00
4.56584e+00	-2.20932e+00	3.87220e+00	-7.27161e-01
4.28320e-01	-2.41728e+00	3.46308e-01	-1.33862e+00
3.87708e+00	-1.11190e+00	3.72790e+00	-1.81779e+00
2.18034e+00	-5.00845e-01	2.44384e+00	1.17052e+00
3.49586e+00	-1.62339e+00	2.84194e+00	-1.25638e+00
3.93456e+00	-1.62059e+00	2.00993e-03	-1.79763e+00
3.63072e+00	-2.47861e+00	3.84782e+00	-8.42424e-01
8.83669e-01	-2.39648e+00	2.21584e+00	-1.51097e+00
2.69396e+00	-2.29998e+00	4.22274e+00	-1.37686e-01
4.89315e+00	5.60785e-01	4.68836e+00	6.55632e-01
3.75988e+00	-1.98392e+00	1.16211e+00	-6.71262e-01
6.32125e-01	-2.27550e+00	1.37143e+00	-1.26996e+00
9.59392e-01	-2.31487e+00	2.01021e+00	8.37327e-01
4.43148e+00	2.02017e+00	2.09114e+00	-2.19906e+00
1.56048e-01	-2.34684e+00	1.09312e+00	1.76632e+00
4.53284e+00	-2.15326e+00	2.12818e+00	-8.35417e-02
4.97574e+00	7.06252e-01	2.58734e+00	-8.49073e-01
2.89740e+00	-1.37884e+00	4.08406e+00	-2.04130e+00
3.46806e+00	-1.67724e+00	8.47791e-01	-5.79432e-01
2.28046e-01	-2.39367e+00	2.47327e+00	-1.36431e+00
9.23157e-03	-2.35876e+00	1.32740e+00	-3.86477e-01
4.78815e+00	-2.14121e+00	2.09900e-02	-1.54114e+00
2.73387e+00	8.05899e-01	4.55320e-01	8.30039e-01
1.17210e+00	-1.98321e+00	2.14937e-01	-1.87659e+00
5.13265e-01	-2.22730e+00	4.88887e+00	4.28494e-03
1.55350e+00	-1.90308e+00	2.36391e+00	-1.49539e+00
2.94764e+00	-6.33705e-01	3.06246e-01	-1.84776e+00
1.51257e+00	-1.95226e+00	2.98950e+00	-1.58279e+00
1.06745e+00	-1.84237e+00	3.09907e-01	1.88645e+00
3.09454e+00	-1.93828e+00	4.81118e+00	-1.17223e-01
2.37234e+00	-2.28478e+00	9.96961e-01	-1.95944e+00
4.27417e+00	-3.05990e-01	4.74329e+00	1.57320e+00
8.45844e-01	-3.17177e-01	6.32134e-01	2.41580e+00
2.53440e+00	-2.31937e+00	3.79108e+00	-8.60667e-01
2.63492e+00	-2.42419e+00	2.52402e+00	1.68536e+00
4.69252e+00	-1.78932e+00	3.84459e+00	-4.77369e-01
2.69118e+00	9.99483e-01	3.58099e+00	-2.33225e+00
3.59611e+00	-2.39705e+00	6.32566e-02	2.05825e+00
3.73893e+00	-7.07611e-01	6.60286e-01	-6.57996e-03
3.01196e+00	-2.13231e+00	3.08887e-03	-2.22514e+00
4.57057e+00	-1.94074e+00	2.72747e+00	-1.85737e+00
3.90384e+00	-2.49908e+00	1.67288e+00	8.67377e-03
6.63894e-01	-2.14475e+00	3.65164e+00	1.02575e+00
3.83363e+00	-6.99709e-01	4.24171e-01	-4.49109e-01
