# No. of particles = 100 
# Proton - Solar wind	Electron - Solar wind	
4.24579e+00	-1.86608e+00	2.92579e-01	-5.41486e-01
1.01955e+00	-2.38399e+00	4.46325e+00	1.11942e+00
4.60976e+00	-2.06219e+00	7.88960e-02	-1.63463e+00
3.45589e+00	-2.46274e+00	7.17364e-01	2.33163e-01
3.41083e+00	-2.11767e+00	2.01552e+00	-2.25420e+00
3.53692e+00	-1.41203e+00	1.15048e+00	-1.80623e+00
1.06977e+00	-2.29143e+00	2.35994e+00	7.75578e-01
4.31765e+00	6.76988e-01	4.82166e-01	-1.43365e+00
2.74061e+00	-2.34483e+00	1.42892e+00	-2.46582e+00
4.07299e+00	-1.66154e+00	9.09140e-01	-2.20665e+00
4.40131e+00	-2.47275e+00	8.03763e-02	-2.33693e+00
3.71387e+00	-2.21054e+00	2.40746e-02	-2.16955e+00
1.85263e-01	-2.45070e+00	6.20947e-03	-2.33641e+00
4.80404e+00	1.22910e+00	2.07706e+00	3.55834e-01
4.26348e+00	-2.47473e+00	3.36031e-01	8.77785e-02
3.90649e+00	-9.08232e-01	9.80370e-01	-1.00992e+00
3.66605e+00	-1.42981e+00	8.35966e-01	-1.11398e+00
3.69565e+00	-1.35830e+00	2.44322e+00	-4.34018e-01
2.31694e+00	-1.67348e+00	3.36123e+00	-8.64279e-01
2.57706e+00	-1.68355e+00	1.76771e-01	-2.09952e+00
3.70536e+00	-2.37299e+00	1.68396e+00	2.10257e+00
2.22276e+00	-2.14637e+00	8.36415e-01	-2.18693e+00
7.19856e-01	-2.21628e+00	1.21415e-01	-2.14576e+00
1.85620e+00	-2.40619e+00	9.06013e-01	-1.34560e+00
4.84483e+00	-1.73209e+00	2.37715e+00	-8.83857e-01
7.37564e-01	-2.01245e+00	2.92498e-01	-2.24252e+00
3.35277e+00	-5.36079e-01	1.10273e+00	1.63302e-01
4.30759e+00	-1.43762e+00	1.47951e+00	-1.90053e+00
2.41542e+00	-2.36111e+00	4.89618e+00	1.89177e-01
3.35217e-01	-2.33241e+00	4.75636e+00	-1.05498e+00
1.10848e+00	-1.91309e+00	8.84824e-01	-1.96253e+00
2.94035e+00	-1.84968e+00	2.17481e+00	1.36420e+00
3.91646e+00	-1.46637e+00	5.48507e-01	-1.81614e+00
1.44653e+00	-2.28183e+00	6.24557e-01	-7.18008e-01
1.62297e-01	-2.30695e+00	2.61857e+00	1.37555e+00
5.56343e-02	-2.46449e+00	7.87268e-01	-1.36148e+00
1.21739e+00	-4.55689e-01	3.24201e+00	-5.94439e-01
1.58919e+00	-2.41237e+00	1.88075e+00	-1.14952e+00
4.26151e+00	-2.41799e+00	6.71953e-01	-2.21399e+00
4.91818e-01	-2.41333e+00	1.10053e+00	-1.39378e+00
1.48635e+00	-2.40714e+00	1.05690e-01	-2.19212e+00
3.33723e+00	-2.47060e+00	1.16090e+00	8.89623e-01
1.97921e+00	-2.47753e+00	8.72763e-01	-2.09227e+00
3.87248e+00	-9.00991e-02	4.40732e+00	-2.33205e+00
1.04727e+00	-7.78900e-01	2.47492e+00	-1.41649e+00
3.14029e+00	-1.45518e+00	2.96356e+00	1.21685e+00
1.03587e+00	-2.29333e+00	6.23691e-01	-2.13079e+00
3.76831e+00	-2.26640e+00	1.49685e+00	-1.84621e+00
3.10307e+00	-2.17297e+00	1.14077e+00	-9.60545e-01
8.91891e-01	-2.19515e+00	4.27167e+00	1.44584e+00
1.34643e+00	-2.16681e+00	6.64599e-01	-1.18134e+00
2.73001e+00	-1.02672e+00	4.48942e+00	2.17298e-01
2.30604e+00	-2.45933e+00	2.56205e+00	1.19299e+00
1.78992e+00	-2.42576e+00	3.67861e+00	-7.51115e-02
3.83157e+00	-6.76627e-01	1.69384e+00	5.09701e-01
4.69142e+00	-9.74385e-01	3.31786e+00	-6.70023e-01
2.39967e+00	-1.15646e+00	1.70760e-01	-1.65865e+00
2.83799e+00	-2.06495e+00	1.04488e+00	-2.46684e+00
4.73210e+00	-1.95364e-01	4.66330e+00	1.77522e+00
3.82593e+00	8.29826e-01	4.40057e+00	-2.05870e+00
4.51768e+00	-2.97569e-01	2.66775e+00	-2.39750e+00
4.67992e+00	2.21183e-01	4.50675e-01	-2.33804e+00
3.21326e-01	-2.34094e+00	4.25099e+00	-1.49414e+00
4.35558e+00	-2.41361e+00	3.53270e+00	-6.08358e-01
4.99846e+00	-1.54538e+00	5.86725e-01	-2.70284e-01
4.00032e-01	-2.44543e+00	1.03049e+00	1.49578e+00
3.21915e+00	-1.44043e+00	3.12673e+00	-8.36340e-02
2.74741e+00	-2.25559e+00	1.97202e-01	-2.04505e+00
3.62214e+00	-2.26422e+00	3.65584e+00	1.11592e+00
1.02396e+00	-5.38029e-01	5.27710e-01	-1.58308e+00
1.39031e+00	-2.12575e+00	3.05708e+00	1.77076e+00
9.14060e-01	-2.12588e+00	8.84405e-01	-1.97391e+00
2.08703e+00	-2.42813e+00	4.52803e+00	7.78384e-01
4.84280e+00	-6.17081e-01	2.99329e+00	1.18795e+00
9.55004e-01	-2.29429e+00	3.87397e+00	1.51362e+00
5.15133e-01	-2.43478e+00	3.82850e+00	-1.52894e+00
1.02400e-01	-2.35660e+00	8.95945e-01	-1.79036e+00
1.34278e+00	-2.44347e+00	4.79852e+00	1.41571e+00
4.16995e+00	-1.93178e+00	4.00152e+00	-1.02363e+00
2.77159e+00	-1.70050e+00	1.05214e+00	4.14109e-01
2.96934e+00	-2.03156e+00	2.98722e+00	-1.30003e+00
5.21447e-01	-2.41690e+00	4.93544e+00	1.31685e+00
3.10233e+00	-1.87175e+00	7.83866e-01	-1.23217e+00
4.76782e+00	-2.31013e+00	3.52992e+00	-5.93800e-01
2.14712e+00	-1.66905e+00	2.49606e+00	2.06582e+00
4.87002e+00	8.52601e-01	3.65563e+00	1.71312e+00
1.78277e+00	-2.33301e+00	3.29266e+00	1.05368e+00
6.72839e-01	-2.16348e+00	1.40043e+00	-2.01020e+00
4.16497e+00	-1.88184e+00	3.97323e-01	8.35153e-02
4.72779e+00	1.47512e+00	2.92279e+00	4.06616e-01
1.88937e+00	-2.45956e+00	3.64131e-02	-1.19106e+00
3.48513e+00	-3.62721e-01	1.86204e+00	-8.40219e-01
1.76793e+00	4.22526e-01	3.42970e+00	-7.37686e-01
2.06385e+00	5.92926e-01	8.09299e-01	-8.35608e-02
1.13274e-01	-2.26141e+00	1.36564e+00	-2.26345e+00
4.68196e+00	-1.73526e+00	5.61721e-01	-2.30781e+00
2.31780e+00	-2.42613e+00	8.83584e-01	-1.66145e-01
2.33124e+00	-2.25679e+00	1.74610e+00	-5.65653e-01
4.53894e+00	1.52007e+00	3.93750e-01	2.25708e-01
1.97234e-01	4.48177e-01	5.72464e-01	4.50277e-01
