# No. of particles = 100 
# Proton - Solar wind	Electron - Solar wind	
4.29398e+00	-1.77840e+00	3.40291e-01	2.10243e+00
1.21852e+00	-1.97031e+00	4.31317e+00	9.70734e-01
1.29984e+00	-2.16317e+00	1.27517e+00	1.27361e+00
2.95814e-01	-2.48081e+00	3.12495e+00	-1.67250e-01
2.95193e+00	-8.54262e-01	6.99926e-01	-1.29999e+00
6.62218e-02	-2.38214e+00	2.13124e+00	-1.13410e+00
4.63567e+00	-2.39099e+00	5.85834e-01	3.53002e-02
2.66761e+00	-1.87599e+00	1.48803e+00	-2.02459e+00
1.90054e+00	-2.14799e+00	1.82924e+00	2.29918e+00
4.36511e+00	-2.35743e+00	4.86169e+00	-1.57742e+00
1.77842e+00	-9.55024e-01	4.56799e+00	-1.56838e+00
4.85048e+00	-7.40196e-01	3.89457e+00	8.81532e-01
2.97636e+00	-1.88737e+00	7.96428e-01	-7.15964e-01
3.26249e+00	-2.16138e+00	1.04315e+00	-2.21098e+00
3.66150e+00	-2.38701e+00	2.77964e+00	-3.67918e-01
1.59697e+00	-2.15423e+00	2.82334e-01	-2.17799e+00
3.86989e+00	-2.15592e+00	4.36888e+00	1.65167e+00
1.47135e+00	-2.36286e+00	4.86727e+00	-1.60759e+00
1.80632e+00	-2.00345e+00	1.64400e+00	-1.86671e+00
8.16070e-01	-2.32623e+00	3.55505e+00	-1.50915e+00
4.68393e+00	-2.30217e+00	3.02178e+00	7.74413e-01
4.43861e+00	-2.47631e+00	2.20797e+00	1.32953e+00
3.72356e-01	-2.06650e+00	3.07367e+00	1.01558e+00
4.95456e+00	-1.64167e+00	1.49668e+00	-1.26079e+00
4.29053e+00	-2.24199e+00	7.06106e-01	-1.93673e+00
3.06385e+00	-2.07743e+00	1.75582e+00	-1.83388e+00
1.65508e-01	-2.23745e+00	8.99372e-01	-2.23371e-01
3.86257e+00	6.22340e-01	2.13118e-01	-2.30745e+00
3.37164e-01	-2.41695e+00	3.28025e+00	1.43218e+00
4.25529e+00	-2.29565e+00	1.06167e+00	-1.67263e+00
1.35741e-01	-2.30207e+00	9.64461e-01	1.20042e+00
4.11866e-01	-2.24312e+00	2.45547e+00	6.45886e-01
2.63923e+00	-2.36403e+00	2.98972e+00	-2.02896e+00
4.87815e+00	-2.03530e-01	9.16910e-01	8.54252e-01
1.36144e-01	-2.46627e+00	8.70417e-01	-4.29122e-01
4.39293e+00	-2.16210e+00	3.31393e+00	-4.18895e-01
5.43804e-01	-2.44939e+00	2.14717e+00	7.18610e-01
3.37391e-01	-2.21257e+00	2.92796e+00	-1.28264e+00
4.71067e+00	8.20744e-03	1.96893e-02	-1.17045e+00
8.49589e-01	-2.29599e+00	2.93724e+00	5.57509e-03
2.29049e+00	-1.81425e+00	8.44683e-01	-2.43666e+00
4.58734e+00	-1.32719e+00	1.06475e+00	1.52653e-01
4.42891e+00	-2.22410e-01	1.14389e+00	-1.96778e+00
1.57066e+00	-1.91365e+00	1.20601e+00	-2.03415e+00
4.72416e+00	5.55141e-01	1.71169e+00	1.56773e+00
4.06850e+00	-7.76191e-01	2.01340e-01	-6.95683e-02
5.83654e-02	-2.27751e+00	2.97992e-01	-2.34502e+00
4.02478e+00	3.64662e-01	1.60217e+00	-1.26500e+00
4.20269e+00	7.35718e-01	3.02048e+00	9.35861e-01
4.75955e+00	-2.08516e+00	4.84023e+00	-3.34252e-01
1.69728e+00	-1.17425e+00	3.81037e-01	1.88192e+00
2.56053e+00	1.89189e-01	6.68156e-01	-1.84685e+00
3.88886e+00	-1.60553e+00	3.98516e-01	1.30070e-01
3.39898e+00	-2.13639e-01	4.70724e+00	-1.04877e-01
2.18556e+00	-2.45620e+00	9.84937e-01	-9.77640e-01
3.42952e+00	7.09650e-01	4.69821e+00	-6.20348e-01
4.27412e-01	-2.27966e+00	1.64015e+00	2.25063e+00
9.22847e-01	-8.32823e-02	2.71472e+00	-1.59639e+00
4.60509e+00	-2.14412e+00	6.21452e-01	-2.48884e+00
3.74870e+00	4.12972e-01	3.72956e+00	-1.20352e+00
4.50211e+00	2.82647e-01	1.67263e+00	2.39899e+00
4.44338e+00	-1.43149e+00	1.58521e+00	-2.13548e+00
3.78318e+00	4.76600e-02	2.27006e+00	-2.21565e+00
4.64407e+00	9.69517e-01	2.66775e-01	-2.48435e+00
1.12264e+00	-2.41541e+00	1.87734e+00	4.47839e-02
4.29081e-01	-6.89477e-01	1.13958e+00	-5.84971e-01
4.17266e+00	-5.81157e-03	2.82005e+00	1.01552e+00
3.99675e+00	-1.83260e+00	1.33049e+00	-1.85025e+00
1.75245e+00	9.48873e-01	3.95146e-01	9.02669e-01
4.13516e-01	-2.42564e+00	2.83662e+00	-1.22042e+00
5.05661e-01	-5.31222e-01	2.51929e+00	-1.89821e+00
2.81224e-02	-2.34267e+00	9.24494e-01	8.15141e-01
4.45831e-01	1.41480e+00	4.28004e+00	-1.78653e-01
3.62421e+00	-2.05112e+00	4.91635e-01	-2.44860e+00
6.60750e-01	-2.46562e+00	3.19232e+00	-4.16105e-01
7.26581e-03	-2.31921e+00	3.64430e-01	-1.74612e+00
1.33468e+00	-2.39593e+00	9.30240e-01	-1.11324e+00
8.48760e-01	-2.34082e+00	4.50729e-01	-2.15311e+00
3.43583e+00	-1.40820e+00	2.44471e-01	-1.64596e+00
1.46197e+00	1.37908e-01	2.14194e+00	-2.28294e+00
5.49677e-01	1.19990e+00	1.97850e-01	-1.38170e+00
3.26603e+00	-2.13323e+00	1.13329e+00	-1.57108e+00
4.08071e+00	-2.17172e+00	2.11943e+00	9.40237e-01
4.97564e+00	-1.10371e+00	4.67626e+00	-2.28489e+00
2.48640e+00	-1.95090e+00	7.53959e-01	-1.29991e+00
4.98776e+00	-4.95009e-01	9.32431e-01	1.38422e+00
4.49778e+00	4.57589e-01	1.96267e-01	-1.75225e+00
6.96152e-02	-3.09118e-01	4.02404e+00	-1.11989e+00
4.04145e-01	-2.35638e+00	2.84696e+00	2.46991e+00
2.89251e+00	-2.11955e+00	2.62631e+00	-2.13560e+00
1.47620e-01	-2.40692e+00	1.22923e+00	-8.47536e-01
4.88346e+00	-1.16191e+00	4.01517e+00	-8.14299e-02
8.99485e-02	8.85477e-02	3.26803e-02	4.81737e-01
4.52278e+00	-2.41536e+00	1.22482e+00	-1.76604e+00
4.33284e+00	4.67195e-01	4.79144e+00	1.97119e-01
3.90301e+00	7.61658e-01	3.56801e+00	1.41160e+00
3.89431e-02	-2.33888e+00	1.27943e+00	-8.13542e-01
2.36158e+00	-2.42399e+00	3.13631e+00	-1.92018e+00
2.89148e-01	-2.29729e+00	8.98591e-01	-1.04848e+00
2.59082e-01	-3.23601e-01	1.53533e+00	1.38842e+00
