# No. of particles = 100 
# Proton - Solar wind	Electron - Solar wind	
4.18800e+00	-1.06999e+00	3.75698e-01	-1.68910e+00
1.00146e+00	-2.18149e+00	3.64711e+00	-1.75675e-01
2.79251e+00	-2.23196e+00	2.65401e+00	7.47176e-01
1.48579e+00	-2.32210e+00	4.77870e+00	1.61604e+00
1.70755e+00	-4.32877e-01	3.20066e+00	2.28288e+00
3.89207e-01	-2.46730e+00	4.72700e+00	-4.55402e-01
4.69593e+00	-2.35596e+00	1.85427e-01	1.27845e+00
2.10530e+00	-2.19460e+00	2.23324e-02	-2.38195e+00
5.92683e-01	-2.31435e+00	1.03126e+00	8.65887e-02
1.75815e+00	-1.90377e+00	3.58375e+00	5.12286e-02
3.93188e+00	-1.71526e+00	1.13288e+00	-1.15763e+00
2.28609e+00	-2.32449e+00	1.76055e+00	-1.21483e-01
3.75206e+00	-2.09021e+00	1.58522e+00	-1.04556e+00
3.76397e+00	-1.76168e+00	4.01840e+00	2.36701e+00
2.79384e+00	-1.44496e-01	2.89982e+00	-7.67960e-01
4.83926e-02	-2.47286e+00	1.46130e+00	-1.91956e+00
1.73615e+00	-2.48591e+00	3.88384e+00	2.25806e+00
4.31067e-01	-2.35957e+00	2.17596e+00	-1.12806e+00
1.63101e+00	-2.45367e+00	1.65392e-01	-2.25132e+00
1.03279e+00	-2.12179e+00	2.15847e+00	-4.68774e-01
2.32897e+00	-2.20692e+00	3.69714e-02	-9.89624e-01
4.97800e+00	-1.89788e+00	1.59913e-01	-1.52947e+00
3.87047e+00	-1.22587e+00	3.72252e+00	-6.82017e-01
3.34505e-01	-2.36013e+00	2.34032e-01	8.97691e-01
3.45658e+00	-1.32145e+00	2.26500e+00	-1.98519e+00
3.36567e+00	-1.26312e+00	2.95950e+00	3.85087e-02
3.28898e-01	-2.38052e+00	4.29430e+00	4.47700e-01
2.81177e+00	-1.12287e+00	3.01979e+00	1.67958e+00
1.07265e+00	-2.41750e+00	1.97674e+00	-2.35690e+00
5.63786e-01	-2.34799e+00	2.72594e+00	4.74625e-01
4.56941e+00	-9.46948e-01	4.43885e+00	-5.96789e-01
7.11236e-01	-2.25325e+00	3.57134e+00	-1.65072e+00
2.09469e+00	-1.93994e+00	1.52104e+00	-1.61470e+00
1.44451e-01	-2.46157e+00	1.37844e+00	1.87406e-01
4.00359e+00	-2.13053e+00	2.34973e+00	-4.14995e-01
3.43399e+00	-1.52851e+00	5.99732e-01	-9.87365e-03
4.64129e+00	-8.40223e-01	1.24406e+00	-2.38895e+00
3.82508e-01	-2.40786e+00	4.74364e+00	1.07768e+00
2.16027e+00	-2.23313e+00	3.74161e+00	2.35942e+00
3.45841e-01	4.39761e-01	3.56740e+00	-2.03915e+00
1.16731e-01	-2.28200e+00	2.83156e+00	-1.88653e+00
2.86816e+00	-8.19756e-02	1.91429e+00	-2.20744e+00
3.43312e+00	-1.19774e+00	4.90970e+00	2.48265e+00
2.16177e+00	-2.19830e+00	5.71261e-01	-2.20673e+00
9.91731e-01	-2.31281e+00	1.86769e-01	-2.38391e+00
7.42739e-01	-2.60153e-01	1.78638e+00	-1.17507e+00
4.83242e+00	-2.10951e+00	1.63851e+00	-1.51940e+00
2.34353e+00	-2.44317e+00	4.96473e+00	2.17178e+00
2.27855e+00	-1.34863e-01	2.27099e+00	-1.40850e-01
1.23174e-01	-2.35682e+00	4.39560e+00	-1.66336e-01
3.94800e+00	-1.61458e+00	7.15367e-01	2.23645e+00
1.04809e+00	-2.19448e+00	2.60166e+00	1.61821e+00
7.12921e-01	2.43902e-01	2.91072e+00	4.76279e-01
1.09497e+00	-1.89791e+00	4.40179e-01	-6.82254e-01
2.94285e+00	-2.28625e+00	1.36709e+00	1.15789e-01
3.86258e+00	-1.14678e+00	2.52430e+00	4.08376e-01
8.33316e-01	-2.32241e+00	3.17458e+00	1.56687e+00
1.05793e+00	-2.47476e+00	2.36253e+00	-2.27546e+00
3.01579e+00	-2.05386e+00	1.57858e+00	-2.09453e+00
1.84747e+00	-1.31880e+00	1.47842e+00	1.88253e+00
3.51354e+00	-8.49614e-01	3.46563e+00	-1.71218e+00
3.80138e+00	-2.36234e+00	3.04208e+00	-1.27980e+00
3.46558e+00	-1.79642e+00	3.12286e+00	1.80885e+00
2.68539e+00	-1.75552e+00	1.07801e+00	-1.45918e+00
3.86203e+00	-3.30764e-01	1.02093e+00	-1.26007e+00
2.39148e+00	-7.43696e-02	3.52119e-01	-2.30268e+00
2.14730e+00	-1.09204e+00	4.80252e+00	-2.48247e+00
1.54192e+00	-2.71563e-01	4.75130e-01	-1.02170e+00
2.32549e+00	-1.45644e+00	1.23734e+00	2.45211e+00
5.08836e-01	-2.34131e+00	2.61220e-01	-2.45787e+00
4.94815e+00	-1.87981e+00	1.62500e+00	-9.54470e-02
4.88209e+00	-1.52122e+00	1.37020e-01	-2.28405e+00
4.43677e-01	-1.40561e-02	6.62973e-01	-2.03555e+00
3.95983e+00	-4.15753e-01	4.68511e-01	-4.57464e-01
4.90832e+00	-2.16609e+00	5.80634e-01	1.50021e+00
4.47442e+00	-1.77157e+00	2.00009e+00	1.08804e+00
3.68340e+00	-2.25887e+00	3.35238e+00	-8.21651e-01
2.86656e-01	-2.27784e+00	3.13958e+00	-1.63079e+00
2.98461e+00	3.83728e-01	4.90306e+00	-1.80237e+00
1.23098e+00	-2.14426e+00	5.03190e-01	-2.49477e+00
1.90757e+00	-2.29966e+00	9.76105e-02	-1.31189e-01
4.28566e+00	-2.46174e+00	6.24503e-02	-1.84011e+00
1.67427e+00	-1.80944e-01	4.30663e-01	2.57001e-01
3.74864e+00	5.83005e-01	2.10716e+00	-1.07607e+00
1.51540e+00	1.95034e-01	1.59082e+00	-1.55187e+00
3.13639e+00	-1.92676e+00	4.19139e+00	1.79193e+00
4.81832e+00	-2.42595e+00	2.43490e+00	1.03462e-01
3.19493e+00	-8.16727e-01	1.57983e+00	-1.19179e+00
2.55138e+00	-2.43795e+00	1.31317e+00	3.38691e-01
2.37077e+00	-2.32388e+00	2.18199e+00	8.14673e-01
3.73987e+00	-1.42574e+00	1.27765e+00	7.68389e-01
2.72419e-01	-9.02186e-01	6.75890e-01	-9.83592e-01
4.69618e+00	2.80451e-01	4.06630e-02	-1.08519e+00
4.99014e+00	8.78499e-01	6.50839e-01	-4.65558e-01
3.85470e+00	-2.23294e+00	2.58291e+00	2.31824e+00
4.22583e+00	-4.30946e-01	2.12750e+00	-3.94409e-01
3.55014e+00	-2.40490e+00	2.93266e+00	6.50343e-01
1.35589e+00	-1.96099e-01	1.14012e+00	-1.66805e+00
3.37210e+00	5.84517e-01	2.27684e+00	-1.08041e+00
5.93733e-01	-2.36932e+00	5.65652e-01	-1.29232e+00
