# No. of particles = 100 
# Proton - Solar wind	Electron - Solar wind	
1.99134e+00	-1.98817e+00	1.64595e+00	-2.28575e+00
3.91807e+00	-1.38835e+00	3.64747e+00	3.98888e-01
3.05453e+00	-1.85644e+00	2.12080e+00	1.52214e+00
3.24893e+00	-1.97215e+00	2.09560e+00	1.84281e+00
7.98708e-01	-2.34101e+00	2.39534e+00	1.75576e+00
3.20227e+00	-2.46902e+00	2.41606e+00	-1.08699e+00
3.79501e-01	-2.46334e+00	3.01654e+00	-1.07957e+00
1.13845e+00	-2.15937e+00	1.37881e-01	-1.99845e-01
4.79490e+00	-1.92052e+00	3.75514e+00	1.81095e+00
2.68070e+00	-1.95284e+00	4.02345e+00	-2.22036e+00
3.26409e+00	5.71546e-01	1.47638e+00	8.38695e-01
2.99117e+00	-2.36860e+00	4.61961e-01	-7.69589e-01
5.33213e-02	-2.21959e+00	2.30021e-01	-2.47935e+00
1.63493e+00	-2.38671e+00	2.75152e+00	-3.70913e-01
2.06278e+00	-1.73121e+00	1.23651e+00	-2.46472e+00
4.72425e+00	-1.63342e+00	1.19414e+00	-1.63083e+00
2.05403e+00	-2.48143e+00	2.47528e+00	2.65257e-03
1.49135e+00	-2.22979e+00	1.31244e+00	-1.45864e+00
1.48763e-01	-2.48259e+00	5.35711e-01	-2.27773e+00
2.28742e+00	-2.34181e+00	1.70015e+00	-1.33374e+00
3.02698e+00	-2.03085e+00	1.87091e+00	-4.62779e-02
2.80722e+00	-2.11465e+00	2.82206e-03	1.08303e+00
4.50375e+00	-2.91592e-01	5.51806e-01	-3.91775e-02
3.20114e+00	-2.13331e+00	1.36625e+00	-5.55755e-01
2.37547e+00	-2.30165e+00	8.03166e-01	-1.90344e+00
8.74906e-01	-2.05750e+00	2.76903e+00	2.32820e-01
3.26805e+00	-2.24266e+00	3.41736e+00	-2.20448e+00
1.78745e+00	-2.19127e+00	4.00116e+00	-4.98231e-01
3.46132e+00	-1.70976e+00	1.91322e+00	-1.51650e+00
2.33503e+00	-3.58033e-01	5.32748e-01	-2.17715e+00
2.97845e+00	-1.58443e+00	4.83079e+00	2.08545e+00
3.51814e+00	-2.37522e+00	3.24323e+00	-3.58584e-01
7.97266e-01	-2.31041e+00	3.12264e+00	-8.23923e-01
6.61433e-01	-2.33462e+00	1.96657e+00	-2.22941e+00
3.18545e+00	-2.30129e+00	1.42729e-01	-2.39829e+00
2.85049e+00	3.45199e-01	2.11207e+00	-2.68342e-01
3.37468e+00	6.12372e-01	2.92924e-01	-1.66180e+00
3.20302e+00	-1.89228e+00	9.29850e-01	1.87272e+00
3.14360e+00	-4.58185e-01	1.88411e+00	-5.47141e-01
3.99243e+00	-2.28799e+00	4.30557e-01	-1.27779e+00
4.89902e+00	-9.74312e-01	3.47319e-01	-2.24482e+00
2.56292e+00	-1.27228e+00	1.25412e-01	-2.16758e+00
1.86261e+00	-2.45162e+00	2.99832e+00	-1.53932e+00
9.38835e-01	-2.31981e+00	3.94383e+00	1.34557e+00
2.83186e+00	-1.04481e+00	3.38405e+00	2.49617e+00
1.63620e+00	3.69026e-02	2.81956e-01	-5.18574e-01
3.22714e+00	-2.29147e+00	1.55335e+00	-1.08780e+00
6.68945e-01	-2.39150e+00	3.28779e+00	-2.02305e+00
2.19101e+00	-2.23283e+00	9.78887e-01	-2.26907e+00
3.02816e+00	-2.38728e+00	4.63943e-02	-1.29866e+00
4.75676e+00	-1.61817e+00	2.84385e-01	-1.38864e+00
4.92274e+00	4.36616e-01	1.17659e-01	-2.37417e+00
2.50146e+00	-1.12683e+00	2.79604e+00	1.16796e+00
3.79401e-01	-2.37236e+00	4.94425e+00	3.61798e-01
1.94321e+00	-1.92109e+00	3.93834e-02	-1.73988e+00
1.38202e+00	-2.21776e+00	2.44517e+00	-1.60439e+00
3.50568e+00	-2.22631e+00	2.97123e+00	-2.02049e+00
4.32216e+00	-1.46619e+00	3.46108e-01	-2.07758e+00
2.77852e+00	-1.49677e+00	3.40740e+00	-1.07737e+00
1.07565e+00	-4.31391e-01	4.75125e+00	2.45655e+00
2.47223e+00	-1.87112e+00	3.70591e+00	-1.84910e+00
2.81548e+00	-1.81386e+00	8.43307e-01	-1.05683e+00
2.33210e+00	-2.47044e+00	4.43495e+00	-2.30249e+00
4.60831e+00	-3.23856e-01	2.52252e+00	-2.21229e+00
1.64280e+00	-2.34145e+00	1.31223e+00	2.13394e-01
3.74908e+00	2.40530e-01	1.46721e+00	-1.68461e+00
2.54555e+00	-2.13854e+00	4.40814e-01	-3.17352e-01
1.93404e+00	-2.49176e+00	1.22893e+00	-3.98508e-01
4.93715e+00	1.30949e+00	4.21308e-01	-1.57838e+00
3.18604e+00	1.69336e+00	3.08877e-01	-1.66185e-01
3.98076e+00	-1.08985e-01	1.12636e-01	-2.28306e+00
3.37891e+00	-2.20109e+00	1.86601e+00	2.26436e+00
3.81486e+00	8.87755e-01	4.16789e-01	-1.31499e+00
1.69261e+00	-1.24348e+00	2.57277e+00	-2.26732e+00
2.44254e+00	-1.86045e+00	3.60413e-01	-5.33147e-01
3.90604e+00	-1.73298e+00	4.45758e+00	-3.00426e-02
1.45237e+00	-2.42977e+00	2.49572e+00	-1.33834e+00
3.77876e+00	-2.19136e+00	8.49519e-01	6.44272e-01
1.59641e+00	7.18241e-01	6.94390e-01	1.35148e+00
4.77916e+00	-7.56096e-02	3.77100e+00	-7.14926e-01
4.30220e+00	1.13742e-01	4.21824e+00	2.22522e+00
5.82188e-01	-2.12100e+00	1.21619e+00	-3.38305e-01
1.98743e+00	-5.15465e-01	3.53138e-01	-2.34234e+00
5.37057e-01	-2.30935e+00	8.07335e-01	3.28781e-01
1.27073e-01	-2.22913e+00	2.80086e-01	9.88121e-01
2.30053e+00	-2.05087e+00	4.36040e+00	-1.20827e+00
1.70986e+00	-2.34661e+00	4.77474e+00	1.33757e+00
3.19684e+00	-3.06926e-01	3.07631e+00	-1.95529e+00
4.49634e+00	-2.19233e+00	2.52395e+00	-1.23159e+00
1.31917e+00	-2.28806e+00	2.99348e-01	-2.17792e+00
1.43205e+00	-2.46022e+00	1.99337e+00	1.30129e+00
3.45805e+00	-1.95553e+00	3.92813e-02	-2.47963e+00
2.02474e+00	7.65910e-01	3.49377e+00	-1.86359e+00
2.56383e+00	-2.42376e+00	3.44173e-01	1.08522e+00
2.64284e+00	-4.07345e-01	2.94650e+00	-1.69600e+00
1.87707e+00	-2.17703e+00	3.00828e+00	-2.30847e+00
3.40988e+00	-2.04232e+00	7.87847e-01	-2.41788e+00
3.50867e+00	-2.47837e+00	3.19084e+00	1.09644e-01
4.24281e+00	-1.96132e+00	3.35486e+00	7.98550e-01
2.91771e+00	-6.03547e-01	3.33998e+00	1.51145e+00
