# No. of particles = 100 
# Proton - Solar wind	Electron - Solar wind	
4.99070e+00	-1.74912e+00	2.57290e+00	-4.93257e-01
1.55935e+00	-2.41848e+00	8.59593e-01	2.60292e-01
2.65784e-01	-2.22429e+00	4.29223e+00	-9.04655e-01
4.15568e+00	-2.46445e+00	1.85280e+00	-3.39983e-01
4.13168e+00	-2.04100e+00	1.32281e+00	-8.75259e-01
3.84685e+00	-1.33290e+00	1.86640e+00	-1.43423e+00
1.75339e+00	-2.30296e+00	2.67589e+00	5.67806e-01
4.79282e+00	1.01274e+00	1.36800e+00	-2.09467e+00
3.28034e+00	-2.31900e+00	1.49169e+00	-6.77303e-01
4.63474e+00	-1.58197e+00	4.86977e+00	-1.28348e+00
1.77296e-01	-2.29412e+00	1.56387e+00	-5.54632e-01
4.35852e+00	-2.19316e+00	7.21768e-01	-1.04730e+00
8.57769e-01	-2.38201e+00	8.48080e-01	2.71502e-01
5.95449e-01	-2.39735e+00	6.73726e-01	-5.74668e-01
4.98811e+00	-2.48709e+00	9.91583e-01	9.57529e-01
4.69957e+00	-6.33107e-01	2.51908e+00	1.88268e+00
4.19883e+00	-1.27047e+00	2.46095e-01	9.73907e-01
4.33407e+00	-1.41703e+00	3.17482e+00	-2.14913e+00
3.03816e+00	-1.44413e+00	4.45190e+00	-1.15777e+00
3.31753e+00	-1.49869e+00	4.00903e+00	-6.50889e-01
4.52190e+00	-2.40363e+00	9.13121e-01	-1.11960e+00
2.74213e+00	-2.09946e+00	1.39100e+00	2.00794e+00
1.31378e+00	-2.02960e+00	1.16433e+00	5.29324e-01
2.50283e+00	-2.41429e+00	2.78438e+00	8.83507e-01
5.36948e-01	-2.25873e+00	3.74493e+00	-1.65932e+00
1.23301e+00	-1.87131e+00	9.18905e-01	-1.88960e+00
3.73194e+00	-3.09564e-01	8.72733e-01	-1.55850e+00
5.14729e-02	-2.23926e+00	1.48497e+00	8.27390e-01
3.09909e+00	-2.31772e+00	4.92306e+00	1.04998e+00
9.07494e-01	-2.40221e+00	6.07720e-01	2.05424e+00
1.76089e+00	-1.73110e+00	4.18576e-01	-2.26639e+00
3.42066e+00	-1.76923e+00	3.74533e-01	-2.31981e+00
4.53806e+00	-1.31915e+00	3.57508e+00	1.51955e+00
2.14841e+00	-2.28262e+00	1.23655e+00	1.65432e+00
8.86529e-01	-2.27309e+00	1.17623e+00	-1.69072e+00
6.92726e-01	-2.28777e+00	2.07695e+00	5.65533e-01
1.86296e+00	-5.28140e-01	6.46100e-01	-2.04093e-01
2.30659e+00	-2.41845e+00	1.71329e+00	-1.56497e+00
4.88558e+00	-2.41924e+00	5.93316e-01	-2.36093e+00
1.02790e+00	-2.47973e+00	1.56681e+00	-1.27563e+00
2.18832e+00	-2.37833e+00	2.46273e+00	-3.17061e-01
4.15904e+00	-2.47834e+00	2.46920e-01	-1.84723e+00
4.48203e-01	-2.26286e+00	4.67102e-01	-7.51218e-01
4.53459e+00	3.44932e-01	1.25938e+00	-1.68669e+00
2.04129e+00	-1.00147e+00	3.62279e+00	-1.97741e+00
3.83958e+00	-1.28131e+00	6.23851e-01	1.27626e+00
1.75161e+00	-2.25824e+00	2.40432e+00	-1.07619e+00
4.46563e+00	-2.24208e+00	2.84977e-01	-2.25112e+00
3.85465e+00	-2.10489e+00	1.84157e+00	1.83638e+00
1.69039e+00	-1.98771e+00	4.33832e+00	1.10179e+00
1.83684e+00	-2.06269e+00	1.20115e+00	1.38061e+00
3.49523e+00	-6.14609e-01	6.11560e-01	-2.09622e+00
2.98509e+00	-2.44671e+00	8.00996e-01	1.60172e+00
2.67968e+00	-2.40753e+00	3.72745e-01	-2.34546e+00
4.42469e+00	-3.83235e-01	1.52933e+00	-6.28513e-01
5.28048e-01	-2.45505e+00	4.06562e+00	1.15188e+00
3.01716e+00	-8.46155e-01	2.69237e-01	2.23871e+00
3.45341e+00	-2.02939e+00	2.84664e+00	1.09728e+00
4.26817e-01	-2.29379e+00	5.66742e-01	-6.72093e-02
4.53490e+00	8.37227e-01	1.01002e+00	2.27038e+00
2.55074e-01	-2.30172e+00	7.15373e-01	-1.58859e-01
3.79714e-01	-2.41272e+00	8.32822e-01	-1.37127e+00
9.14262e-01	-2.23792e+00	1.82161e-01	-2.38059e+00
1.09066e-01	-2.25414e+00	3.35295e+00	-1.27891e+00
8.44519e-01	-2.09408e+00	3.81510e+00	-5.87977e-01
1.00482e+00	-2.48320e+00	4.77336e-02	-2.30610e+00
3.88546e+00	-1.27586e+00	5.63649e-01	-7.65683e-01
3.43493e+00	-2.25038e+00	4.16013e-01	-1.55935e+00
4.31097e+00	-2.26178e+00	3.58143e+00	2.15341e+00
1.93427e+00	-7.09982e-01	1.85531e+00	1.10795e+00
2.06106e+00	-2.07930e+00	1.50044e+00	-1.09812e+00
1.66211e+00	-2.01199e+00	6.32665e-01	-2.41690e+00
2.70227e+00	-2.41749e+00	3.21564e+00	-1.51095e+00
6.12532e-01	1.32753e-01	4.61604e+00	-3.27173e-01
1.70030e+00	-2.26965e+00	9.64983e-01	-2.37533e+00
1.26152e+00	-2.30942e+00	8.04441e-01	-3.01149e-01
7.77585e-01	-2.33746e+00	4.94364e+00	1.68539e-01
2.08281e+00	-2.45866e+00	3.49380e+00	2.27783e-01
4.76835e+00	-1.85755e+00	4.30156e+00	-1.07564e+00
3.40081e+00	-1.57229e+00	9.72986e-01	-6.15543e-01
3.90425e+00	-1.91588e+00	2.73393e+00	-1.27104e+00
1.23109e+00	-2.42447e+00	3.70128e-01	2.04956e+00
3.67049e+00	-1.75737e+00	1.05008e+00	-8.80653e-01
4.89614e-01	8.85636e-02	3.08835e+00	-8.70496e-01
2.95874e+00	-1.34579e+00	2.27397e+00	2.30923e+00
2.42689e-01	-2.30553e+00	4.02544e+00	1.85794e+00
2.35504e+00	-2.34975e+00	4.85736e+00	1.92986e+00
1.14827e+00	-1.90967e+00	2.16160e+00	-1.98746e+00
4.88192e+00	-1.80166e+00	2.66475e-01	-2.50830e-01
7.38429e-01	-2.36789e+00	2.84477e-01	4.53172e-01
1.92173e-01	-2.34924e+00	3.26072e+00	-8.62736e-01
4.14957e+00	-4.46335e-01	7.32642e-01	-1.76002e+00
2.32024e+00	3.95786e-01	1.07909e+00	-1.12300e+00
2.61563e+00	6.46840e-01	3.81803e+00	-9.95962e-01
8.18705e-01	-2.25541e+00	1.61972e+00	7.72315e-01
5.16739e-01	-3.87530e-01	3.79044e-01	-1.84291e+00
2.93271e+00	-2.47182e+00	2.49833e+00	8.16831e-01
3.11904e+00	-2.23808e+00	4.34247e+00	2.36846e+00
2.48455e-01	4.63664e-01	8.04079e-01	-2.05626e+00
1.33236e+00	2.83502e-01	1.45077e+00	-1.93621e+00
