# No. of particles = 100 
# Proton - Solar wind	Electron - Solar wind	
3.61624e+00	-1.60610e+00	1.26827e+00	1.10634e+00
6.58199e-01	-2.21776e+00	2.16393e-01	-2.45254e+00
4.10304e+00	-1.67365e+00	2.22697e+00	6.81428e-01
2.09401e-03	-2.26714e+00	1.93454e+00	2.30531e+00
2.88121e+00	-2.41955e+00	7.99369e-01	-2.27197e+00
1.12665e+00	-2.35835e+00	4.26359e-01	-2.20870e+00
4.62315e-01	-2.31946e+00	1.96728e+00	-1.95802e+00
2.53647e+00	-2.08188e+00	3.93071e+00	9.75160e-01
1.44414e+00	-2.20891e+00	4.59767e+00	-1.69381e+00
4.69444e+00	-1.63945e+00	2.73380e-01	-2.41567e+00
4.15335e+00	1.48447e+00	4.41979e+00	2.47163e+00
4.86925e+00	-2.31091e+00	3.13228e+00	1.80872e+00
1.31214e+00	-1.36584e+00	7.59980e-01	-2.26758e+00
3.72756e+00	-2.40753e+00	1.97614e+00	6.59294e-01
4.06637e+00	-1.17260e+00	4.60088e+00	1.42426e+00
1.93538e+00	-1.97052e+00	3.83697e+00	-1.49880e+00
3.93642e+00	-2.47400e+00	9.22879e-01	-1.77744e+00
3.23811e+00	-2.13377e+00	1.43600e-01	-2.34957e+00
1.78703e+00	-2.49054e+00	4.29576e+00	1.73624e+00
3.16762e+00	-2.35238e+00	3.75179e+00	-5.14119e-01
2.75148e-02	-2.48422e+00	1.11696e+00	1.18270e+00
4.80010e+00	-2.03379e+00	1.34525e-01	8.71763e-01
1.50384e+00	-1.63621e+00	2.51786e+00	-4.93267e-02
1.57968e-01	-2.48104e+00	1.60523e+00	-1.00296e+00
4.22139e+00	-2.23748e+00	2.75871e-01	-2.47942e+00
3.61478e+00	-1.23962e+00	8.02776e-01	-2.12538e+00
1.32491e-01	-2.38015e+00	1.91458e+00	6.35160e-02
3.31716e+00	-2.04661e+00	4.58939e+00	8.73888e-01
4.02403e-01	-2.40708e+00	1.82277e+00	-2.30112e+00
4.23377e+00	-2.70715e-01	7.72265e-01	-1.48263e+00
4.67784e+00	-1.15600e+00	2.05000e+00	5.89851e-01
3.86140e-01	-2.28658e+00	1.91199e+00	-8.35356e-01
1.90974e+00	-2.21221e+00	8.53231e-01	1.52962e+00
2.40208e+00	-1.74553e+00	1.09019e+00	-1.27694e+00
1.77541e-01	-2.23074e+00	7.08738e-01	-5.15486e-01
1.21769e-01	-2.30524e+00	1.09252e-01	-2.16453e+00
4.18265e-01	-2.49797e+00	6.22836e-01	-1.46842e+00
4.91557e+00	-1.70146e+00	2.21358e+00	-5.55579e-01
2.71920e-01	-2.49514e+00	6.24645e-01	-2.24355e+00
5.74400e-01	-2.48407e+00	2.77312e-01	-1.90713e+00
1.52765e+00	-2.27048e+00	4.81834e+00	7.35654e-01
4.83381e+00	-3.18832e-01	1.89959e+00	2.52134e-01
1.25324e+00	-1.98752e+00	5.40162e-02	-2.46265e+00
2.77178e+00	-1.85882e+00	4.89577e+00	-2.34527e+00
4.75223e+00	-1.16057e+00	1.07703e+00	-2.28400e-01
3.08514e+00	8.96268e-02	3.99206e+00	-1.65922e+00
1.25972e-01	-4.94210e-01	2.52286e+00	-2.28166e+00
2.27360e+00	-2.25564e+00	8.90100e-01	-1.26305e+00
4.03637e+00	-2.21135e+00	2.48227e+00	-1.54411e+00
4.99366e+00	-2.49316e+00	1.46073e+00	-1.10274e+00
1.66376e+00	-2.27060e+00	4.09368e+00	-1.01776e+00
1.69308e+00	-2.23395e+00	1.21925e+00	-4.69972e-02
4.80656e+00	2.21154e-01	4.77780e-01	-2.06244e+00
1.96537e+00	-2.49074e+00	2.75297e+00	-5.19436e-01
3.29802e+00	-1.55237e+00	1.91415e+00	-1.85466e+00
4.03803e+00	-1.70178e+00	2.06799e+00	-1.19816e+00
4.36007e-01	-2.36223e+00	4.93155e+00	1.19576e+00
1.16502e+00	-2.40759e+00	3.64126e+00	-1.01975e+00
4.68568e+00	-8.28587e-01	2.00281e+00	-2.32711e+00
2.99359e+00	-5.51828e-01	3.66697e-01	-1.86314e+00
4.24935e+00	-1.44095e+00	1.49664e+00	2.24033e-01
4.75831e+00	-1.47832e+00	4.69850e+00	-3.52939e-01
4.58666e+00	-2.48484e+00	2.10574e+00	1.13739e+00
1.84397e+00	-2.40979e+00	6.52426e-01	-1.20496e+00
3.46778e+00	-2.27028e+00	2.17335e-01	-2.38068e+00
8.46950e-01	-2.44061e+00	2.84155e-01	-2.29462e+00
4.65385e+00	-1.87019e+00	3.06720e+00	2.69432e-01
1.38291e+00	-2.30596e+00	2.46925e+00	-7.58256e-01
1.71786e+00	-2.30191e+00	2.56622e-02	-2.24510e+00
3.18620e-01	-2.23449e+00	4.97909e+00	-5.94050e-01
9.74637e-01	-2.05221e+00	3.73264e+00	6.68826e-01
3.96447e-01	3.35335e-01	2.69045e+00	-1.32741e-01
8.41980e-01	-2.36403e+00	2.86148e-01	-1.59812e+00
3.78451e+00	-1.47822e+00	1.64589e-01	-1.35486e+00
4.22300e+00	-1.54230e+00	1.35698e+00	-1.01337e+00
1.10296e+00	-2.45769e+00	5.91647e-01	1.50511e+00
2.89882e-01	-2.38484e+00	3.26857e+00	-1.48930e+00
4.91408e-01	1.51373e-01	4.59135e+00	9.78892e-01
3.57105e+00	8.70289e-01	2.17562e+00	1.73607e+00
2.24154e+00	-1.71568e+00	1.96354e-01	-2.49967e+00
1.31573e+00	-2.19684e+00	1.36507e+00	-1.13539e+00
2.26819e+00	-1.74250e+00	2.74542e-01	3.12993e-01
3.65452e+00	-7.20680e-01	4.87442e+00	1.33637e-01
2.23039e+00	-1.68926e+00	4.38461e+00	-1.39817e+00
1.75972e+00	-1.55767e+00	7.15151e-01	-9.79341e-01
3.67934e+00	-1.85532e+00	2.12121e-01	-2.09490e+00
2.85990e+00	-2.24009e+00	2.65584e+00	-1.08138e+00
6.63082e-02	-2.32620e+00	1.05288e+00	-7.79434e-01
1.81840e+00	-1.67513e-01	1.05154e+00	-1.36086e+00
3.42893e+00	-2.34334e+00	2.00824e+00	-1.94202e+00
3.52038e+00	-2.39876e+00	2.84699e+00	2.10572e+00
6.45781e-01	-2.29195e+00	1.62670e+00	-4.09536e-01
3.18172e+00	1.17123e+00	3.33179e+00	-1.25795e+00
4.35600e+00	-2.37755e+00	2.55528e-01	1.69314e-01
4.54572e+00	-9.28675e-01	4.30813e+00	1.68058e+00
3.84756e+00	-2.09961e+00	7.54435e-01	-2.03060e+00
5.71327e-01	-2.32988e+00	3.92726e+00	-1.21421e+00
7.75060e-01	-2.41988e+00	1.75879e+00	1.03490e+00
1.78741e+00	-1.79174e+00	1.15567e-01	-2.18693e+00
4.50778e+00	-7.70527e-01	8.06565e-01	-7.67389e-01
