# No. of particles = 100 
# Proton - Solar wind	Electron - Solar wind	
4.97291e-01	-2.34022e+00	3.46484e+00	-2.48893e+00
2.43243e+00	-1.70854e+00	2.36293e+00	-1.82487e+00
2.08917e+00	-2.02497e+00	1.08977e-01	-1.21629e+00
1.62419e+00	-2.25169e+00	7.99886e-01	-2.13730e+00
4.14565e+00	-1.78939e-01	3.40512e+00	-2.38157e+00
1.47673e+00	-2.42108e+00	3.98369e-01	-1.90755e+00
8.08180e-01	-2.40714e+00	1.09301e+00	1.24129e+00
4.71205e+00	-1.59468e+00	1.74222e+00	-1.44814e+00
3.20231e+00	-2.04557e+00	1.31833e+00	4.50500e-01
8.28146e-01	-2.24104e+00	5.98487e-01	-1.79404e+00
2.44641e+00	-2.68565e-01	9.74877e-01	-2.03724e+00
1.26315e+00	-2.42177e+00	1.12491e+00	4.62440e-01
3.91304e+00	-1.68065e+00	3.22636e+00	-1.43479e+00
4.73103e+00	-2.06424e+00	4.40863e-01	-1.77705e+00
2.20282e-01	-2.24531e+00	4.08130e+00	3.61510e-01
3.00357e+00	-1.92013e+00	1.38651e+00	1.62803e+00
3.22265e-01	-2.49028e+00	1.56918e+00	1.27523e-04
3.57006e+00	-2.48915e+00	4.69453e-01	-2.34130e+00
3.32530e+00	-1.53924e+00	6.93606e-01	-2.44989e+00
1.47787e+00	-2.33330e+00	3.73877e+00	-6.97511e-01
1.18957e+00	-2.20476e+00	2.46531e+00	1.95400e+00
9.73562e-01	-2.18903e+00	1.81240e+00	-8.08106e-01
2.23013e+00	-1.26834e+00	1.98665e-01	-2.06296e+00
1.40598e+00	-2.21501e+00	1.69367e+00	-4.79338e-01
6.77568e-01	-2.36107e+00	2.84400e+00	5.32905e-01
4.13968e+00	-1.95793e+00	3.70405e+00	-2.27346e+00
1.56105e+00	-2.23948e+00	1.09421e+00	1.35867e+00
3.80254e-01	-2.32632e+00	1.99903e+00	-1.90533e+00
1.74252e+00	-2.09851e+00	3.20198e+00	-4.92025e-01
5.87698e-01	-4.38580e-01	3.43656e+00	-1.96606e+00
1.41453e+00	-1.97900e+00	4.31047e+00	1.48885e+00
1.80901e+00	-2.30195e+00	5.88808e-01	-3.57945e-01
4.49798e+00	-2.43867e+00	7.39298e-01	-4.61275e-01
7.39022e-01	-2.47789e+00	3.40155e+00	2.28551e+00
1.32815e+00	-2.26211e+00	9.76088e-01	-2.48917e+00
7.88521e-01	4.69838e-01	2.89017e+00	-2.16700e+00
1.40801e+00	5.78793e-01	9.57936e-02	-2.48533e+00
1.62650e+00	-2.06818e+00	2.03696e-01	-2.00682e+00
1.23706e+00	-4.04345e-01	1.48493e+00	-5.43668e-03
2.26306e+00	-2.29196e+00	1.78927e+00	-1.57182e+00
3.46387e+00	-1.43682e+00	2.16964e+00	-4.48082e-03
4.74031e-01	-2.14994e+00	2.35647e-01	1.08238e+00
5.51055e-01	-2.35577e+00	2.39265e+00	1.05983e+00
3.58246e+00	-1.20899e+00	2.84556e+00	2.08149e+00
1.06500e+00	-9.38362e-01	3.08938e-01	-2.33254e+00
3.02647e-01	-1.21420e-02	3.98388e+00	-1.18279e+00
1.48367e+00	-2.28358e+00	4.73802e+00	-1.75701e+00
4.61235e+00	4.84849e-01	9.73700e-01	-2.16056e+00
4.93826e-01	-2.25345e+00	8.47544e-02	-2.34346e+00
1.21969e+00	-2.29006e+00	1.16289e+00	-1.40134e+00
3.07339e+00	-1.37432e+00	1.59803e+00	1.85125e+00
3.62350e+00	3.00384e-01	1.11770e+00	-1.36830e-01
3.80917e-01	-2.36750e+00	8.59665e-01	-1.33566e+00
4.48859e+00	5.14789e-02	2.72928e+00	1.29314e+00
6.97524e-01	-2.26083e+00	4.35032e+00	-2.15742e+00
4.46088e+00	8.35097e-01	9.99686e-01	1.45935e+00
1.81200e+00	-2.25513e+00	1.23544e+00	8.03953e-01
2.45134e+00	-7.05562e-01	3.92258e+00	1.28984e+00
1.02381e+00	-2.11191e+00	1.27067e+00	-7.69226e-01
4.61050e+00	1.05128e+00	7.72573e-01	-2.02713e+00
8.37794e-01	-2.26674e+00	6.70420e-01	-3.68495e-01
1.02778e+00	-2.12268e+00	3.75741e+00	-1.32969e+00
2.57954e-01	-2.45805e+00	5.39932e-01	6.83213e-01
1.66927e+00	-8.46860e-02	3.38717e+00	5.70760e-01
2.54022e+00	-2.49777e+00	3.95011e+00	-1.90774e+00
1.92221e+00	-2.71163e-01	1.89563e+00	-9.92233e-01
6.06269e-01	-2.38537e+00	1.05887e+00	-1.25881e+00
2.54595e-01	-2.45842e+00	2.19171e-01	-1.16387e+00
3.18487e+00	1.11166e+00	1.10816e+00	-1.25675e+00
1.19706e+00	1.17204e+00	1.38138e+00	1.62960e+00
2.06851e+00	-3.41402e-01	3.51961e+00	-6.82007e-01
1.53531e+00	-2.27870e+00	1.90339e+00	8.05981e-01
1.96119e+00	1.17757e+00	1.65008e+00	-6.46843e-02
4.82639e+00	-1.95236e+00	1.79631e-01	-3.51304e-01
8.05144e-01	-2.15310e+00	2.06291e-01	-2.22825e+00
1.76096e+00	-2.05520e+00	1.53856e+00	1.41560e+00
2.68809e+00	-2.49425e+00	1.38447e+00	-2.09896e+00
2.16654e+00	-2.27319e+00	2.80277e+00	-1.92138e+00
4.79955e+00	-2.14324e+00	1.47452e+00	-4.62426e-01
2.95380e+00	4.16110e-02	1.28271e+00	-1.91489e+00
2.23692e+00	7.11543e-01	1.31721e+00	-4.56396e-01
4.69482e+00	-2.08835e+00	8.47080e-01	-5.32124e-01
4.53395e-01	-3.26473e-01	2.03815e+00	-7.73338e-01
5.30915e-01	-2.35096e+00	2.60397e+00	-1.43096e+00
3.67216e+00	-1.75840e+00	1.06422e+00	-3.74389e-01
1.03296e+00	-2.23078e+00	2.04164e+00	-1.16392e+00
6.51714e-01	-2.44728e+00	4.55694e+00	-1.35566e+00
1.47612e+00	-3.08311e-01	2.24724e+00	1.13867e+00
2.24459e+00	-2.28211e+00	8.32614e-01	-7.54337e-01
4.40826e+00	-1.96143e+00	1.12860e+00	-1.16838e+00
1.43506e+00	-2.47339e+00	1.90173e+00	1.71210e-01
1.48559e+00	-2.22132e+00	4.61468e+00	1.62724e+00
9.60075e-01	3.93131e-01	3.89122e+00	-9.66256e-01
9.15101e-01	-2.46618e+00	1.26717e+00	-5.04888e-01
8.92067e-01	7.19149e-02	5.76225e-01	-1.84039e+00
6.45933e-02	-2.24977e+00	1.47231e+00	-1.59261e+00
1.55524e+00	-2.20519e+00	5.05752e-01	-1.59128e-01
2.87749e+00	-2.44772e+00	2.86863e-01	-8.48748e-01
2.06730e+00	-2.14575e+00	3.41071e+00	9.23550e-02
1.45476e+00	-4.49750e-01	4.17429e-01	-1.93120e+00
