# No. of particles = 100 
# Proton - Solar wind	Electron - Solar wind	
1.82600e-01	-2.23548e+00	4.45100e+00	-2.51456e-01
2.53919e+00	-2.02050e+00	3.04793e-01	2.36360e+00
2.19889e-01	-1.57967e+00	5.91367e-01	-1.20507e+00
2.33060e-01	-2.24058e+00	1.42485e+00	-2.07370e+00
4.88011e+00	-2.49801e+00	3.77412e+00	-1.39426e+00
3.60898e+00	-2.03440e+00	3.69031e+00	2.08876e+00
2.38098e+00	-2.14495e+00	2.05747e+00	1.57906e+00
3.87733e+00	-2.00757e+00	6.04726e-01	-2.47329e+00
3.41134e+00	-1.87463e+00	1.13795e+00	-2.03993e+00
1.46464e+00	-2.19114e+00	9.72600e-01	-8.30626e-01
2.30589e-03	-2.23277e+00	4.35818e-01	-1.22674e+00
2.12109e+00	-2.42179e+00	3.57668e-01	-2.18941e+00
2.52024e+00	-5.46404e-01	1.36613e-01	-2.33755e+00
8.53580e-01	-2.21052e+00	1.57386e+00	-6.87079e-01
6.70556e-01	-2.36772e+00	5.65439e-01	-2.05728e+00
4.11454e+00	-1.65707e+00	1.67580e+00	2.38120e+00
7.37289e-01	-6.05851e-01	4.78020e+00	5.45654e-01
4.91481e+00	-2.04423e+00	1.53317e+00	1.67086e+00
3.35977e+00	-2.49795e+00	2.32587e+00	-1.62008e+00
4.01251e+00	-2.36546e+00	3.75705e-01	-1.64692e+00
1.99423e+00	-2.01598e+00	1.80235e+00	-7.17715e-01
2.04636e+00	-2.06343e+00	4.67119e+00	2.32102e+00
3.31892e+00	-6.09205e-01	4.11737e+00	-3.84029e-01
1.90473e+00	-2.23663e+00	1.33871e+00	-1.30384e+00
9.40876e-01	-1.85862e+00	2.92316e+00	-4.48295e-01
4.83614e-01	-2.36186e+00	1.59736e+00	-1.23533e+00
1.99571e+00	-2.41103e+00	4.61639e+00	-7.25781e-02
4.78569e+00	-1.90963e+00	5.78501e-01	-1.69825e+00
5.25004e-01	-2.26192e+00	1.23427e+00	2.11354e+00
8.95941e-01	1.87290e-01	1.37929e+00	-2.18474e+00
1.61376e+00	-2.11598e+00	1.06427e+00	-2.37561e+00
2.18813e+00	-2.28694e+00	2.83078e+00	-9.38905e-01
2.97782e+00	-2.11780e+00	9.97570e-01	-7.12075e-01
4.07179e+00	-1.18010e+00	2.64270e+00	1.48842e+00
1.89741e+00	-2.30126e+00	4.44399e-01	-2.39676e+00
3.02752e+00	-2.25198e+00	1.82893e+00	5.68634e-01
2.76777e-01	-2.45581e+00	2.67418e+00	-1.40395e+00
1.80994e+00	-2.08314e+00	3.49717e+00	-1.29666e+00
2.02038e+00	-3.39383e-02	3.69864e-01	-2.24429e-01
1.16340e+00	-2.08723e+00	1.10334e+00	1.70983e+00
3.09979e+00	-2.11014e+00	3.53822e+00	-1.73167e+00
1.59930e+00	-2.42254e+00	4.04038e+00	-1.16396e+00
3.03478e+00	-1.08956e+00	2.96609e+00	-1.54420e+00
4.52956e+00	-1.41660e+00	3.94805e+00	-1.89146e+00
1.85906e+00	-1.87351e+00	4.02886e+00	-1.42257e+00
4.47623e+00	1.40369e-01	2.34961e+00	-1.31201e+00
1.98837e+00	-6.85199e-01	1.82825e+00	-1.91465e+00
3.81381e+00	-2.12397e+00	3.42397e+00	-2.03948e+00
5.96589e-01	-2.26910e+00	4.34450e+00	-1.32863e+00
1.70057e+00	-2.07631e+00	2.34099e+00	-4.68484e-01
3.50430e+00	-2.29507e+00	2.56725e-02	-2.48526e+00
3.40263e+00	-1.99631e+00	6.45671e-01	-3.38730e-01
1.59389e+00	-1.73223e+00	1.98283e+00	-4.49916e-02
9.01289e-01	1.30611e-01	1.19811e+00	-1.43253e+00
4.59903e+00	-1.19744e+00	4.52154e+00	-1.20350e+00
9.75278e-01	-2.06953e+00	1.16770e+00	1.00659e-01
2.64703e+00	-2.05606e+00	3.11493e+00	1.24732e+00
2.83293e+00	-2.38654e+00	2.88548e+00	-9.98887e-04
3.06896e-01	-2.40605e+00	2.15234e+00	-1.73303e+00
4.83535e+00	-6.66804e-01	2.15119e+00	2.19929e+00
8.97209e-01	-1.39715e-01	1.26783e+00	-1.95539e+00
1.53907e+00	-2.24679e+00	4.04525e+00	-1.66834e+00
1.37223e+00	-2.42866e+00	4.57383e+00	-8.51410e-02
4.01830e+00	-2.43891e+00	1.19253e+00	4.82117e-01
2.44711e-01	-2.36811e+00	2.76126e+00	1.44163e+00
3.04550e+00	-2.37665e+00	4.07890e+00	-1.67098e+00
1.93683e+00	2.63581e-01	1.05833e+00	-4.37784e-01
3.08285e+00	-2.37604e+00	2.82549e+00	-2.99412e-01
3.43545e+00	-2.27301e+00	1.70288e+00	-2.93647e-01
2.19674e+00	-1.85284e+00	2.64052e-01	-2.11391e+00
2.82746e+00	-1.38488e+00	3.73262e+00	1.44484e+00
2.43260e+00	-3.08488e-01	6.53322e-01	-1.33218e+00
2.81203e+00	-2.46363e+00	4.17937e-01	1.14706e+00
6.99853e-01	-2.39905e+00	1.24700e+00	-2.17285e+00
8.92736e-01	-2.38997e+00	2.93976e+00	-2.28889e+00
1.73036e-01	5.91552e-01	2.70037e-01	2.76301e-01
2.58917e+00	-1.99060e+00	8.08744e-01	-5.93802e-01
2.07312e+00	3.04677e-01	1.99798e-01	-2.12416e+00
4.84300e-01	-2.37822e+00	1.86357e+00	-4.82713e-01
4.66241e+00	-1.11018e+00	4.02194e+00	-2.21196e+00
3.13267e+00	-2.12851e+00	2.08162e-01	-2.11384e+00
3.88590e+00	-1.37923e+00	4.01668e+00	1.13560e+00
2.68641e-01	-2.48291e-01	3.59540e+00	1.93086e+00
3.85518e+00	-1.09423e+00	2.65781e+00	2.01030e+00
3.32712e+00	-9.13133e-01	8.63531e-01	6.23433e-02
2.76069e-03	-2.56765e-01	1.09939e-02	-2.06640e+00
3.96321e+00	-2.13993e+00	1.91365e+00	-1.19269e+00
1.91110e+00	-2.32202e+00	2.88397e+00	-2.08476e+00
4.02002e+00	1.71379e-01	4.95591e+00	-2.32762e+00
4.69214e-01	-2.45045e+00	3.65706e+00	6.99768e-01
3.05106e-01	-2.45303e+00	4.02485e+00	2.09751e+00
2.80416e+00	-1.68462e+00	3.90453e+00	-6.15615e-01
4.29235e+00	1.55927e+00	1.25130e+00	-1.39604e+00
5.23693e-01	1.56809e+00	2.34787e+00	3.27565e-01
1.41089e+00	-2.30145e+00	6.13240e-01	-2.17826e+00
9.26314e-02	-2.49127e+00	3.36815e+00	-1.89770e+00
3.13506e+00	-1.77004e+00	3.01676e-01	-2.18495e+00
2.64992e+00	-2.34720e+00	4.18048e+00	2.11288e-01
4.33123e+00	-9.93083e-01	1.79424e+00	1.29882e+00
1.22108e+00	-1.61220e+00	1.82629e+00	-1.81900e+00
