# No. of particles = 100 
# Proton - Solar wind	Electron - Solar wind	
3.39998e+00	-1.91684e+00	2.12540e+00	1.96412e+00
3.92014e-01	-2.14866e+00	1.79838e+00	-9.16998e-01
7.62449e-01	-2.25743e+00	4.69863e+00	3.28009e-01
1.07877e+00	-2.36985e+00	2.48976e+00	-1.15775e+00
2.13930e+00	-1.31388e+00	3.61717e+00	1.62348e+00
3.73662e+00	-2.49260e+00	2.39633e-01	-2.40554e+00
3.67812e+00	-2.37402e+00	1.13411e-01	-1.07756e+00
1.27570e+00	-2.06776e+00	1.23219e-01	-2.12122e+00
1.01427e+00	-2.21816e+00	2.40523e+00	1.83922e+00
3.40212e+00	-2.37656e+00	2.82470e+00	-2.15351e+00
1.32366e+00	-1.42215e+00	8.75877e-02	-9.90766e-01
3.88660e+00	-1.07486e+00	1.23237e+00	-1.54627e+00
2.33883e+00	-2.02843e+00	2.45250e-01	-2.30830e+00
2.26268e+00	-2.22769e+00	2.71502e+00	9.34112e-01
2.60335e+00	-2.39219e+00	3.00563e-01	-2.49228e+00
6.39206e-01	-2.31394e+00	1.06911e+00	-2.19302e+00
2.86826e+00	-2.23559e+00	2.30626e+00	1.63776e+00
4.24360e-02	-2.27777e+00	1.21132e+00	2.44942e+00
7.72141e-01	-2.31971e+00	3.17170e+00	-6.95229e-01
3.65517e-01	-2.32193e+00	4.20596e+00	4.97225e-01
3.66912e+00	-2.29272e+00	3.48021e+00	1.60375e-01
3.41473e+00	-2.42977e+00	2.24020e+00	1.95015e+00
4.38241e+00	-2.29272e+00	2.01977e+00	1.62237e-01
4.05627e+00	-1.80454e+00	9.74727e-01	-1.96380e+00
3.35442e+00	-2.27868e+00	1.78408e+00	2.03390e+00
2.33153e+00	-2.15916e+00	5.82981e-01	-9.40123e-01
4.21718e+00	-2.44268e+00	1.50976e-01	-1.46106e+00
2.69463e+00	4.11159e-01	3.62112e-01	-2.47682e+00
4.37535e+00	-1.88486e+00	3.73146e-02	-7.67057e-01
3.40163e+00	-2.29481e+00	2.19375e+00	-1.94271e-01
4.18798e+00	-2.01697e+00	4.95426e-01	-2.02338e+00
4.85418e+00	-1.95629e+00	1.55577e+00	-2.48943e+00
1.37371e+00	-2.31313e+00	1.17935e+00	2.28357e+00
3.75284e+00	-1.79870e-01	1.48102e+00	1.61057e+00
4.41146e+00	-2.29833e+00	3.97489e+00	1.16045e+00
3.62206e+00	-2.21495e+00	1.25382e+00	-1.67761e+00
4.52400e+00	5.22165e-02	8.40312e-01	-1.29988e+00
4.47111e+00	-3.43254e-01	1.32758e+00	-1.14486e+00
3.73613e+00	-1.62227e-01	3.18374e+00	6.79237e-01
4.85978e+00	-2.23381e+00	1.94714e+00	-1.56629e+00
1.49155e+00	-2.07133e+00	4.67958e-01	-2.35519e+00
3.29101e+00	-1.65551e+00	7.30618e-01	-6.09080e-01
3.14118e+00	-9.05648e-01	1.97528e+00	1.53038e+00
2.00873e-01	-2.39348e+00	1.05186e-01	-2.39057e+00
3.99196e+00	6.00540e-02	2.58289e-01	-2.42839e+00
3.18995e+00	-1.11746e+00	2.96074e+00	-2.10758e+00
4.03958e+00	-5.52743e-01	8.35786e-01	-8.02788e-01
3.62481e+00	2.82904e-01	3.15833e-01	-2.38324e+00
3.35396e+00	7.73297e-01	1.87222e+00	2.39872e-01
3.83220e+00	-2.15445e+00	9.74838e-01	-2.01849e+00
7.60244e-01	-1.03766e+00	1.71321e+00	1.96623e+00
1.83654e+00	1.13673e-01	9.55572e-01	1.54708e+00
3.01515e+00	-1.81491e+00	8.08722e-01	-2.03729e+00
2.65715e+00	-3.94253e-01	4.71836e+00	-2.30743e-01
1.27358e+00	-2.36001e+00	3.52107e-01	-1.32746e+00
2.72725e+00	6.24393e-01	1.62802e+00	-1.83822e+00
3.24747e+00	2.31028e+00	2.27274e+00	1.81098e+00
4.88660e+00	-5.33707e-01	4.23357e+00	-5.19840e-01
3.64073e+00	-2.17994e+00	5.68338e-01	2.38049e+00
3.16199e+00	-2.14975e-02	2.44529e+00	-1.63107e+00
3.60761e+00	2.90651e-01	1.61839e+00	-1.62287e+00
3.12809e+00	-1.73271e+00	1.84823e-01	-2.32981e+00
2.80359e+00	1.78508e-01	5.96897e-01	-1.63450e+00
3.83600e+00	3.56595e-01	1.77951e+00	-1.14698e+00
1.57474e-01	-2.35951e+00	4.76937e-01	-8.35181e-01
4.46006e+00	-2.38955e+00	1.75825e-01	-1.91325e+00
3.26226e+00	1.57587e-01	2.29916e+00	-2.75885e-01
3.15276e+00	-1.95301e+00	2.54439e+00	-2.12697e+00
7.77224e-01	8.37496e-01	1.44716e-01	-1.32763e+00
4.57498e+00	-1.06511e+00	7.24709e-01	-2.19625e+00
4.39993e+00	-3.75246e-01	1.99294e+00	-2.30046e+00
3.95012e+00	-2.24403e+00	1.46743e+00	1.36030e+00
4.43826e+00	-4.46232e-01	4.13668e+00	2.36292e+00
2.80566e+00	-2.11818e+00	1.77932e+00	-1.74854e+00
4.59308e+00	1.53682e+00	2.47484e+00	-1.68981e+00
4.33439e-01	-2.41292e+00	2.79654e+00	1.22984e+00
4.13195e-01	-2.32931e+00	3.58909e+00	4.53059e-01
4.95209e+00	-2.44487e+00	8.86803e-01	-9.98890e-01
2.50770e+00	-9.07592e-01	1.77007e+00	-1.18935e+00
4.46313e-01	2.03677e-01	3.58841e-01	-1.54209e+00
4.49736e+00	1.72241e+00	2.79510e+00	-1.56860e-01
2.29329e+00	-2.16394e+00	1.77665e-01	-2.33428e+00
3.11362e+00	-2.21826e+00	2.13078e+00	-4.88369e-01
3.99501e+00	-1.39094e+00	3.08594e+00	-1.05878e+00
1.67914e+00	-2.08218e+00	1.60090e-01	-2.02145e+00
3.78853e+00	-5.07900e-01	4.69093e-01	-1.16187e+00
3.53764e+00	4.58133e-01	8.77359e-01	1.11403e+00
3.97624e+00	-1.74250e+00	2.11163e+00	-1.61840e+00
4.74725e+00	-1.21132e+00	1.21714e+00	-9.20302e-02
1.86057e+00	-2.22756e+00	4.19754e+00	-4.54672e-01
4.29787e+00	-2.07160e+00	3.36979e-01	-1.83032e+00
3.93392e+00	-1.37598e+00	2.31722e+00	3.60682e-01
3.95778e+00	-4.79362e-01	3.73538e+00	6.11573e-01
3.53266e+00	-2.42500e+00	5.87469e-01	-2.38113e+00
3.13639e+00	4.33585e-01	1.00800e+00	2.34379e+00
3.11729e+00	6.93165e-01	4.00557e+00	1.89971e+00
4.00571e+00	1.88382e-01	3.73423e+00	-6.28239e-01
2.01031e+00	-2.40837e+00	1.27779e+00	-1.70550e+00
4.25331e+00	-2.20609e+00	6.16264e-01	-9.76889e-01
4.31764e+00	-2.41145e+00	1.33855e+00	-1.59159e+00
