# No. of particles = 100 
# Proton - Solar wind	Electron - Solar wind	
2.82130e+00	-1.89132e+00	4.36090e+00	-7.18753e-01
4.31773e-01	-2.43257e+00	2.28145e+00	-1.01833e+00
3.27764e+00	-9.82779e-01	9.34704e-01	-7.92165e-01
2.49346e+00	-2.37878e+00	1.29113e-01	-2.48559e+00
2.48717e+00	-7.05268e-01	2.39377e+00	-9.63000e-01
8.09241e-01	-2.10843e+00	4.85458e+00	-9.69466e-01
3.86644e-01	-2.23929e+00	1.98005e+00	1.78522e+00
1.31731e-01	-2.28250e+00	2.41490e+00	1.58295e-02
1.76138e+00	-1.89179e+00	4.03508e-01	1.53671e+00
4.40350e+00	-2.05711e+00	3.19092e+00	-2.63036e-02
2.88176e+00	-1.99650e+00	1.81008e-01	-2.12610e+00
2.15065e+00	-2.39038e+00	2.47645e+00	1.17092e+00
4.41331e+00	7.38131e-01	1.60790e+00	-4.40625e-01
4.57099e+00	-2.10817e+00	4.16841e+00	1.47436e+00
3.19191e+00	-2.38615e+00	1.97985e+00	-2.13383e+00
1.84988e+00	5.95077e-01	1.24467e+00	-6.87224e-01
3.55600e+00	-6.07207e-01	2.65403e+00	-1.98842e+00
2.83691e+00	-2.19089e+00	2.86492e+00	-2.66132e-03
1.81415e+00	-2.18711e+00	1.87214e+00	2.11691e+00
8.15463e-01	-2.45992e+00	1.94587e+00	-5.33854e-01
1.78296e-01	-2.31311e+00	4.13423e+00	1.70672e+00
6.68403e-01	-2.11330e+00	6.83186e-01	-2.05759e+00
1.01752e+00	-2.39929e+00	1.36415e+00	-2.04389e+00
4.64165e+00	-1.85359e+00	2.50750e+00	-1.19547e+00
3.58036e+00	-5.82457e-01	3.35803e+00	-5.71547e-01
2.10122e+00	-2.25674e+00	5.40768e-01	-2.36889e+00
4.91478e+00	-2.46002e+00	3.27847e+00	-1.44877e+00
2.65306e+00	-2.41305e+00	2.25625e+00	-5.70861e-01
2.72836e+00	-1.79578e+00	1.46619e+00	-9.51293e-01
3.86891e+00	2.07178e-01	1.70081e+00	6.90521e-01
4.74343e+00	-1.87621e+00	1.96807e+00	1.73041e+00
3.26723e-03	-2.28311e+00	1.10334e-01	-2.48325e+00
4.65063e+00	-1.97252e+00	4.06601e+00	-1.44865e+00
1.40848e+00	-2.37219e+00	3.60242e+00	-1.68787e+00
4.59208e+00	-2.41253e+00	1.91513e+00	-1.86679e+00
6.62836e-01	-2.14982e+00	3.61461e+00	5.88459e-01
3.19037e+00	-2.45151e+00	2.97798e-02	-2.48734e+00
4.80498e+00	-1.69937e+00	7.51140e-01	-1.11964e+00
2.64919e-01	-2.32151e+00	3.20446e+00	-1.22706e+00
4.59642e+00	-1.57793e+00	7.01299e-01	2.16761e+00
6.01691e-01	-2.19170e+00	3.03170e-01	-1.91162e+00
4.32860e+00	-2.32987e+00	3.26318e+00	-2.40963e+00
7.44241e-01	-2.49005e+00	4.82048e-01	9.08047e-01
2.54168e+00	-1.98155e+00	1.59971e+00	-2.42277e+00
1.65462e-01	-4.09601e-01	1.97780e+00	1.59129e-01
2.08490e+00	-2.39748e+00	4.17348e+00	2.41215e-01
4.90706e+00	-9.85124e-01	5.95167e-01	-2.44632e+00
1.90252e+00	-2.37348e+00	3.76662e+00	1.89418e+00
2.64624e+00	-2.22166e+00	1.37901e-01	-1.86921e+00
4.20781e+00	-1.40785e+00	2.49269e-01	-2.41905e+00
1.22309e+00	-1.89072e+00	1.10255e+00	-2.09329e+00
1.00188e+00	-2.32623e+00	3.46523e+00	-2.04410e+00
4.33068e+00	-5.59794e-01	2.11435e+00	5.70615e-02
2.44105e+00	1.87586e-01	1.35910e+00	-1.14258e+00
2.75454e+00	-1.72253e+00	3.98910e+00	1.09196e+00
3.44547e+00	-1.07433e+00	4.53579e+00	1.52070e+00
1.05399e+00	-2.17832e+00	4.29133e+00	3.27007e-01
7.26902e-01	8.00915e-01	4.40101e-01	-1.65252e+00
2.34346e+00	-2.00045e-01	8.74987e-02	4.53204e-01
2.65250e+00	-2.18243e+00	3.47799e+00	1.11340e+00
3.41103e+00	3.31940e-01	4.09068e+00	1.54670e+00
4.30887e+00	-2.23730e+00	1.36748e+00	-2.23467e+00
4.01585e+00	-2.46077e+00	3.37788e+00	-4.94637e-01
2.36312e+00	-2.16262e+00	4.92633e+00	2.15991e+00
3.23781e+00	-2.42099e+00	1.64820e+00	-6.82987e-01
8.97989e-01	-2.30822e+00	1.89603e+00	-2.12539e+00
7.10611e-01	7.93519e-02	3.32725e-02	-2.29586e+00
1.28410e-01	-2.42213e+00	2.94559e+00	5.31559e-01
1.62138e+00	-2.24746e+00	1.62228e+00	1.61121e-01
1.18746e-01	-2.42785e+00	6.22314e-01	1.96074e+00
6.43274e-01	2.57751e-01	3.66333e+00	-3.44300e-02
6.13166e-01	-3.89296e-01	3.51280e+00	2.42570e+00
1.84055e+00	-1.61375e+00	2.20795e+00	-2.11790e+00
3.47590e+00	-2.43251e+00	4.76432e-01	-1.89090e+00
3.44665e+00	-2.31499e+00	2.69514e-01	2.04724e+00
2.61738e+00	5.63226e-01	1.30394e+00	1.47002e-01
9.19458e-01	-2.29694e+00	1.39442e+00	-1.54209e+00
4.55064e+00	5.43544e-01	3.53605e+00	1.77468e+00
3.60244e+00	-2.30498e+00	2.36587e+00	2.29358e+00
1.56067e+00	2.35209e-02	9.09378e-01	1.21464e+00
9.98166e-01	-2.25380e+00	1.31986e+00	-2.38663e+00
1.38811e-01	-2.46087e+00	3.31231e+00	2.30714e+00
2.87381e+00	1.00464e+00	1.00771e+00	-1.67743e+00
1.54722e+00	-2.26303e+00	3.25478e+00	-6.74293e-02
8.64138e-01	-2.00827e+00	6.75864e-02	-2.35809e+00
2.87528e+00	-5.07063e-01	6.43177e-01	5.71085e-01
1.12216e+00	-5.53585e-01	4.02434e+00	8.00326e-01
4.80144e+00	-2.31600e+00	2.74889e-01	-1.76032e+00
2.47474e+00	-2.17789e+00	2.26548e+00	3.99517e-01
2.46784e+00	-2.28399e+00	2.84763e+00	-1.35204e+00
2.14174e+00	-2.42661e+00	3.70265e+00	4.53350e-01
1.41322e+00	-2.40834e+00	2.30242e-01	-2.33779e+00
8.17686e-01	-2.35195e+00	1.60606e+00	-1.55637e+00
2.52498e+00	1.56133e+00	4.63802e-01	6.01276e-01
4.35417e+00	-2.40463e+00	7.41485e-01	-1.65680e+00
2.99072e+00	-2.31247e+00	1.76959e+00	-2.15122e+00
1.51248e+00	-2.35186e+00	2.45211e+00	-1.18002e+00
7.89740e-01	-2.21309e+00	2.37295e+00	5.16193e-01
3.06609e+00	-2.14533e+00	4.79619e-01	2.03066e-01
4.04200e+00	1.17557e-01	6.24208e-01	-6.57760e-01
