# No. of particles = 100 
# Proton - Solar wind	Electron - Solar wind	
1.24095e-01	-2.46127e+00	3.79688e+00	3.36536e-01
1.62976e+00	-2.42301e+00	1.36102e+00	2.11566e+00
3.42366e-01	-2.22453e+00	3.84622e-01	-2.25347e+00
4.24695e+00	-2.46470e+00	2.24465e+00	7.61600e-02
4.22571e+00	-2.03102e+00	1.76911e+00	-4.06951e-01
3.88727e+00	-1.32259e+00	1.96237e+00	-1.40032e+00
1.84256e+00	-2.30449e+00	3.07910e+00	1.07175e+00
4.85480e+00	1.05653e+00	2.30104e+00	-1.81110e+00
3.35074e+00	-2.31566e+00	1.92751e+00	-1.94233e-01
4.70802e+00	-1.57159e+00	3.82870e-01	-2.42377e+00
2.91104e-01	-2.27656e+00	2.19998e+00	3.56015e-01
4.44261e+00	-2.19092e+00	1.18706e+00	-8.48343e-02
9.45486e-01	-2.37307e+00	9.70899e-01	5.95711e-01
6.91489e-01	-2.37803e+00	1.12353e+00	7.90626e-01
7.26969e-02	-2.63908e-01	3.82298e-01	1.11533e+00
4.80302e+00	-5.97217e-01	2.73843e+00	2.24452e+00
4.26832e+00	-1.24969e+00	2.77331e-01	2.18292e+00
4.41735e+00	-1.42469e+00	4.02716e+00	-2.10801e+00
3.13222e+00	-1.41422e+00	4.56567e-01	-2.38189e+00
3.41409e+00	-1.47458e+00	4.69180e+00	-3.64702e-01
4.62841e+00	-2.40764e+00	1.50713e+00	-3.14506e-03
2.80987e+00	-2.09335e+00	1.10026e-01	-2.45772e+00
1.39124e+00	-2.00526e+00	1.41603e+00	5.19644e-01
2.58717e+00	-2.41538e+00	3.04294e+00	1.19056e+00
6.25450e-01	-2.23031e+00	4.59951e+00	-1.49660e+00
1.29762e+00	-1.85290e+00	1.00781e+00	-1.82904e+00
3.78140e+00	-2.80009e-01	1.50383e+00	-1.87839e+00
1.35129e-01	-2.20539e+00	2.03667e+00	1.96130e+00
3.18826e+00	-2.31208e+00	2.46462e-01	-2.14700e+00
9.82138e-01	-2.41133e+00	1.22782e-01	-2.22617e+00
1.84598e+00	-1.70736e+00	5.01445e-01	-2.24988e+00
3.48330e+00	-1.75875e+00	6.11100e-01	-2.15127e+00
4.61915e+00	-1.29995e+00	2.52880e+00	1.58860e+00
2.23996e+00	-2.28275e+00	1.32141e+00	1.96083e+00
9.80993e-01	-2.26868e+00	1.71982e+00	-9.86870e-01
7.75824e-01	-2.26473e+00	2.26320e+00	8.20199e-01
1.94716e+00	-5.37591e-01	7.17112e-01	2.07921e-01
2.40017e+00	-2.41927e+00	3.83396e+00	-7.21297e-01
4.96698e+00	-2.41941e+00	1.06211e+00	-2.37704e+00
1.09782e+00	-2.48842e+00	1.62770e+00	-1.27435e+00
2.27988e+00	-2.37461e+00	2.76663e+00	-6.38935e-02
4.26623e+00	-2.47938e+00	6.85130e-01	-6.60046e-01
5.38681e-01	-2.23057e+00	7.76136e-01	2.76797e-01
4.62095e+00	4.01678e-01	1.95692e+00	-1.35209e+00
2.17095e+00	-1.03051e+00	4.64810e+00	-1.90575e+00
3.93079e+00	-1.25864e+00	1.20818e+00	2.30047e+00
1.84497e+00	-2.25368e+00	2.62784e+00	-9.43958e-01
4.55659e+00	-2.23893e+00	1.32028e+00	-1.03352e+00
3.95268e+00	-2.09603e+00	3.45928e-01	-2.44499e+00
1.79454e+00	-1.96066e+00	4.20850e-01	-2.30013e+00
1.90080e+00	-2.04912e+00	4.55989e+00	-1.22973e+00
3.59502e+00	-5.60858e-01	1.04662e+00	-1.56464e+00
3.07366e+00	-2.44510e+00	7.99357e-01	-2.18616e+00
2.79573e+00	-2.40518e+00	2.63589e-01	-2.40717e-01
4.50207e+00	-3.44961e-01	2.89068e+00	1.04777e+00
6.42157e-01	-2.47987e+00	4.74816e+00	1.75500e+00
3.09769e+00	-8.05688e-01	8.27181e-02	-2.32202e+00
3.53368e+00	-2.02476e+00	4.24604e+00	1.64267e+00
5.05291e-01	-2.28651e+00	6.54674e-01	5.41409e-01
4.62738e+00	8.38197e-01	1.08594e+00	8.59490e-01
3.53833e-01	-2.25770e+00	1.15543e+00	-6.58888e-02
4.83409e-01	-2.41112e+00	1.50215e-01	-2.45349e+00
9.91600e-01	-2.22450e+00	4.51537e-01	-1.83257e+00
1.87149e-01	-2.23902e+00	4.53342e+00	-1.62106e+00
9.35958e-01	-2.04064e+00	8.48577e-01	-2.21089e-01
1.08371e+00	-2.48815e+00	1.19602e+00	-2.21864e+00
3.97236e+00	-1.25440e+00	7.16539e-01	1.35139e-01
3.52460e+00	-2.24972e+00	5.94748e-01	-5.93453e-01
4.40082e+00	-2.26148e+00	4.19057e+00	8.53922e-01
2.05301e+00	-7.32415e-01	2.05890e+00	1.45512e+00
2.14855e+00	-2.07325e+00	2.10520e+00	-5.98473e-01
1.75968e+00	-1.99714e+00	2.19163e+00	-1.43200e+00
2.78252e+00	-2.41614e+00	3.70581e+00	-1.40827e+00
7.13937e-01	1.16115e-01	4.27329e+00	-1.74246e-01
1.79751e+00	-2.26646e+00	4.52460e+00	8.98707e-01
1.35887e+00	-2.29309e+00	1.71510e-01	-5.79588e-01
8.65651e-01	-2.33498e+00	1.71570e+00	-2.18831e+00
2.17933e+00	-2.46068e+00	4.39478e+00	9.81580e-01
4.84641e+00	-1.84788e+00	4.31728e+00	-1.08873e+00
3.48287e+00	-1.55557e+00	1.50301e+00	5.87379e-01
4.02619e+00	-1.90080e+00	2.26680e+00	-1.61128e+00
1.32365e+00	-2.42548e+00	4.21674e-01	2.06800e+00
3.74460e+00	-1.74246e+00	1.06433e+00	-8.22961e-01
5.88350e-01	1.03541e-01	3.04063e+00	-9.10145e-01
3.06459e+00	-1.30362e+00	2.67685e-01	-2.30897e+00
3.30399e-01	-2.29405e+00	4.06775e+00	1.87576e+00
2.42969e+00	-2.35196e+00	4.60108e+00	1.06188e+00
1.21028e+00	-1.87656e+00	4.73890e+00	-1.50787e+00
4.97545e+00	-1.79121e+00	2.98522e-01	5.10822e-01
8.81565e-01	-2.38934e+00	3.96097e-01	5.71203e-01
2.99710e-01	-2.32125e+00	3.75222e+00	-8.78751e-01
4.23625e+00	-4.57231e-01	1.64969e+00	-9.50369e-01
2.39227e+00	3.92291e-01	2.18002e+00	-2.08168e+00
2.68759e+00	6.53866e-01	4.61456e+00	-7.18882e-01
9.10716e-01	-2.25464e+00	2.21610e+00	2.02322e+00
6.29112e-01	-3.88874e-01	8.80951e-01	-6.17645e-01
3.01292e+00	-2.47782e+00	3.51926e+00	1.00681e+00
3.22179e+00	-2.23567e+00	1.37396e+00	-2.03460e+00
3.43106e-01	4.67324e-01	1.18665e+00	-1.90965e+00
1.48043e+00	2.62021e-01	1.80034e+00	-1.78934e+00
