# No. of particles = 100 
# Proton - Solar wind	Electron - Solar wind	
3.24177e+00	-2.02377e+00	2.13182e-01	-9.99126e-01
2.91955e-01	-2.33830e+00	2.41229e+00	-1.72123e+00
3.65450e+00	-2.13655e+00	1.62808e+00	-3.74241e-01
2.51272e+00	-2.46019e+00	2.56160e+00	-7.41550e-01
2.43949e+00	-2.22101e+00	2.27814e+00	-1.65503e+00
3.11935e+00	-1.51885e+00	3.26887e-01	-2.32898e+00
1.48325e-01	-2.27653e+00	3.28431e+00	1.02010e+00
3.67719e+00	2.24238e-01	2.28179e-01	-1.81436e+00
2.01320e+00	-2.38005e+00	6.25912e-02	-2.03841e+00
3.31594e+00	-1.76883e+00	4.12495e+00	-9.99035e-01
3.37615e+00	-2.42798e+00	2.80708e+00	-4.75792e-01
2.84512e+00	-2.23372e+00	4.04533e+00	-1.81995e+00
4.26004e+00	2.64549e-01	5.35641e-01	-1.31355e+00
3.94463e+00	9.79102e-01	2.23206e+00	4.37549e-01
3.28681e+00	-2.45748e+00	2.80565e+00	-3.89387e-02
2.83784e+00	-1.27886e+00	3.83756e+00	-1.60422e+00
2.94815e+00	-1.64470e+00	8.08496e-02	-2.46883e+00
2.83538e+00	-1.27925e+00	4.57429e+00	1.27731e-01
1.34470e+00	-1.98257e+00	2.06197e-01	-2.14853e+00
1.57900e+00	-1.93287e+00	3.31308e+00	-2.03952e+00
2.60487e+00	-2.33130e+00	1.38956e-01	-2.44183e+00
1.52276e+00	-2.20998e+00	4.92492e+00	2.74745e-03
4.19296e-02	-2.49598e+00	3.87334e+00	1.83640e+00
9.84668e-01	-2.39610e+00	3.24298e+00	2.17883e+00
3.85642e+00	-1.86622e+00	3.65177e+00	-2.55258e-01
6.96305e-02	-2.20274e+00	1.45897e-02	-2.41550e+00
2.84203e+00	-8.41104e-01	4.91085e+00	2.21830e-01
3.29412e+00	-1.64594e+00	3.08990e+00	-1.36613e-01
1.49397e+00	-2.42023e+00	2.28762e+00	-1.35529e+00
4.41733e+00	7.24719e-01	3.30519e-01	-2.27905e+00
2.29052e-01	-2.15840e+00	4.82569e-01	-2.34637e+00
2.29325e+00	-1.95838e+00	1.30356e+00	-2.20870e-01
3.07881e+00	-1.66484e+00	1.81799e+00	-7.83122e-01
5.00491e-01	-2.28143e+00	6.70076e-01	-2.13309e+00
4.23867e+00	-2.44050e+00	1.36227e+00	-1.92911e+00
4.37388e+00	-8.58150e-01	2.90149e+00	1.20943e+00
3.47243e-01	-3.58053e-01	4.07964e+00	-4.39906e-01
6.22254e-01	-2.40507e+00	4.54353e+00	-2.79387e-01
3.42036e+00	-2.41584e+00	1.50822e+00	-6.44686e-01
4.79801e+00	-2.28176e+00	4.79846e-01	-2.01544e+00
5.40215e-01	-2.44689e+00	1.81789e+00	1.83520e+00
2.22960e+00	-2.46009e+00	3.36364e+00	2.06381e-02
1.01385e+00	-2.39215e+00	4.11964e+00	-7.00459e-01
2.98009e+00	-6.76521e-01	1.55848e+00	-1.37443e+00
4.82304e+00	-1.93986e-01	1.24626e-01	1.95491e+00
2.19800e+00	-1.68976e+00	5.59062e-02	-2.43290e+00
7.11236e-02	-2.34126e+00	2.01872e-01	7.55990e-01
2.82854e+00	-2.29882e+00	2.88155e-01	-1.98400e+00
2.09027e+00	-2.26494e+00	7.18117e-01	-1.82116e+00
4.81548e+00	-2.21090e+00	2.20082e-01	-1.04045e+00
6.85420e-01	-2.30764e+00	4.30287e+00	1.21505e+00
1.69840e+00	-1.58203e+00	1.40567e+00	-3.80060e-02
1.39081e+00	-2.47719e+00	4.64483e+00	-1.29557e+00
5.90678e-01	-2.45130e+00	1.76043e+00	-1.03634e+00
3.03242e+00	-1.07184e+00	1.35547e+00	-2.17854e+00
3.67675e+00	-9.32656e-01	5.46646e-04	-2.32428e+00
1.56697e+00	-1.57463e+00	3.62365e+00	-7.43147e-01
2.00870e+00	-2.11324e+00	4.54906e+00	1.89266e+00
3.47379e+00	-3.24297e-01	3.44656e+00	1.32656e+00
2.87026e+00	8.19669e-01	4.56983e+00	-1.27476e+00
3.54012e+00	-4.70962e-02	2.03364e+00	-1.64728e+00
3.86942e+00	1.38151e-01	6.13320e-01	1.07479e+00
4.39974e+00	-1.92029e+00	2.48988e+00	-1.96386e+00
3.30046e+00	-2.42151e+00	4.12794e+00	-1.86269e+00
3.94587e+00	-1.74196e+00	9.30481e-01	-9.12286e-01
4.65311e+00	-2.20677e+00	5.87986e-01	6.69680e-01
2.32134e+00	-1.66248e+00	2.07191e+00	-1.56272e+00
1.82087e+00	-2.26304e+00	2.71568e+00	-5.38952e-01
2.69382e+00	-2.26726e+00	2.05500e+00	-1.39042e+00
4.85422e+00	-1.93782e+00	2.19639e+00	-1.91996e+00
4.86220e-01	-2.18873e+00	1.73113e+00	-1.93390e+00
1.26436e+00	-2.48590e+00	6.11141e-01	-2.08282e+00
1.25780e+00	-2.44335e+00	1.25529e+00	8.60975e-02
3.84685e+00	-6.46872e-01	4.60395e+00	-7.72045e-01
4.92753e+00	-1.76553e+00	2.72959e+00	7.31404e-03
1.98354e+00	-2.48693e+00	6.39721e-01	-2.36529e+00
8.90834e-01	-2.46515e+00	4.07384e+00	3.20496e-02
3.45353e-01	-2.42400e+00	5.14043e-01	4.20115e-01
3.36338e+00	-2.03187e+00	3.20026e+00	-1.18807e+00
1.92360e+00	-1.87355e+00	4.15692e-01	-1.86900e+00
1.70947e+00	-2.18779e+00	7.49890e-01	-2.34687e+00
4.59671e+00	-2.16690e+00	1.80286e+00	-8.79389e-01
2.33686e+00	-2.02614e+00	3.96993e-01	-2.00388e+00
3.06951e+00	-2.33015e+00	3.85915e+00	-5.94255e-01
1.05306e+00	-2.10460e+00	3.13480e+00	-1.45552e+00
3.73094e+00	7.00095e-01	3.10665e+00	1.38525e+00
1.01146e+00	-2.31110e+00	4.71721e+00	1.93635e+00
1.53233e+00	-2.49718e+00	1.93945e+00	1.86879e+00
3.19864e+00	-1.98997e+00	1.90972e+00	1.58191e+00
3.62990e+00	1.33653e+00	3.32260e+00	1.38349e-01
8.51738e-01	-2.38903e+00	3.13496e+00	2.04483e-01
2.58974e+00	-2.49803e-01	2.90159e+00	-1.60957e+00
1.02355e+00	4.58407e-01	3.21124e+00	2.25937e+00
1.32030e+00	5.20018e-01	2.61298e+00	3.40877e-01
4.23001e+00	-1.97556e+00	4.68418e+00	2.01875e+00
3.62545e+00	-1.88094e+00	1.34121e+00	-1.10872e+00
1.48902e+00	-2.36534e+00	3.86712e+00	-2.17164e+00
1.26944e+00	-2.28255e+00	3.76610e+00	-2.47064e+00
3.60669e+00	1.50264e+00	6.26770e-01	-9.09787e-02
4.18352e+00	-2.31168e+00	3.67909e+00	-9.07696e-01
