# No. of particles = 100 
# Proton - Solar wind	Electron - Solar wind	
3.39671e+00	-1.81641e+00	1.29888e+00	1.42628e+00
1.02058e+00	-2.42815e+00	2.80036e+00	-7.50631e-01
3.94474e+00	-8.52597e-01	1.96312e+00	1.14121e+00
2.98640e+00	-2.40884e+00	1.81832e-02	-1.73432e+00
3.03643e+00	-3.37720e-01	4.62060e+00	8.68128e-01
1.08542e+00	-2.03800e+00	3.50715e+00	2.01353e+00
1.02830e+00	-2.24433e+00	9.78689e-01	-9.32539e-01
5.55588e-01	-1.98279e+00	2.42442e+00	1.71673e-01
2.55057e+00	-1.63552e+00	9.05639e-01	2.05839e+00
5.12244e-02	-2.39797e+00	4.46353e+00	-1.41977e-01
3.50969e+00	-1.94518e+00	2.81820e-01	-1.88860e+00
2.99059e+00	-2.40572e+00	2.95975e+00	1.94441e+00
4.82618e+00	1.01819e+00	2.04524e+00	-4.01942e-01
3.66218e-01	-2.41534e+00	4.72701e+00	1.79856e+00
3.74177e+00	-2.39010e+00	2.07214e-01	-2.22280e+00
2.57454e+00	6.95938e-01	3.47681e-01	-1.13393e+00
4.17075e+00	-6.07753e-01	2.01628e+00	-2.04010e+00
3.47616e+00	-2.16281e+00	6.48578e-01	-1.33027e+00
2.34361e+00	-2.16255e+00	4.55445e+00	3.96260e-01
1.51600e+00	-2.46070e+00	2.20671e+00	-6.07685e-01
1.29701e-01	-2.43758e+00	4.67100e+00	2.03030e+00
1.51927e+00	-1.88522e+00	2.77811e+00	-1.03065e+00
1.49559e+00	-2.34521e+00	4.27665e+00	-1.54113e+00
3.25997e-01	-2.38597e+00	4.37030e+00	-9.88893e-02
4.15595e+00	-3.04259e-01	1.15243e-01	-2.45358e+00
2.45399e+00	-2.23349e+00	3.92370e+00	-1.08404e+00
3.56683e-01	-2.32538e+00	4.71286e+00	1.18708e-01
3.33097e+00	-2.40984e+00	2.92714e-02	-2.34986e+00
3.20880e+00	-1.69419e+00	3.22971e+00	-7.02079e-01
4.51723e+00	2.11637e-01	5.72993e-01	-2.02289e+00
6.57396e-01	-2.36571e+00	4.68264e+00	-1.31587e+00
6.30395e-01	-2.35495e+00	7.93420e-01	-9.48997e-01
1.61190e-02	-2.33392e+00	1.58534e+00	2.19066e+00
1.88215e+00	-2.33199e+00	4.45235e+00	-1.33197e+00
2.57066e-01	-2.42584e+00	6.02276e-01	-2.95483e-02
1.10661e+00	-1.99529e+00	4.54071e-01	1.49991e+00
3.82578e+00	-2.45055e+00	3.19734e+00	-1.97400e+00
4.84161e-01	-2.41522e+00	1.04023e+00	-8.40333e-01
1.03944e+00	-2.40280e+00	2.47851e+00	-1.76726e+00
2.70264e-01	-2.27760e+00	7.77805e-01	-2.59700e-01
1.18887e+00	-2.13319e+00	1.42411e+00	2.14639e-01
4.92387e+00	-2.31002e+00	8.74856e-01	-1.70419e+00
4.22394e-01	-2.36407e+00	1.40184e+00	5.11958e-01
3.21095e+00	-1.89852e+00	2.11751e-01	-2.16025e+00
7.22018e-01	-3.83931e-01	1.37173e-01	-2.40192e+00
2.68681e+00	-2.39699e+00	4.41440e+00	9.40974e-01
6.87420e-01	-3.53567e-01	3.62650e-01	-1.88272e+00
2.71555e+00	-2.33493e+00	1.16462e+00	-1.24387e+00
3.09317e+00	-2.21141e+00	2.49304e+00	-4.00462e-01
4.75471e+00	-1.26194e+00	2.68346e+00	-2.06364e+00
1.77981e+00	-1.64446e+00	7.66218e-01	2.31904e-01
1.70656e+00	-2.32167e+00	2.72607e+00	2.07471e-01
4.92742e+00	-3.04038e-01	1.23611e+00	-1.29757e+00
2.77685e+00	2.00073e-01	3.89149e-01	4.12623e-01
3.53306e+00	-1.55438e+00	1.96759e+00	-3.16425e-01
3.98421e+00	-8.57190e-01	3.47542e+00	7.34075e-01
1.76659e+00	-2.13605e+00	8.15266e-02	-2.31404e+00
1.63838e+00	1.11416e+00	3.55766e-01	1.72502e+00
3.00192e+00	-3.51652e-01	2.81626e-01	5.04099e-01
3.26615e+00	-2.12675e+00	9.54287e-01	1.59498e+00
3.95917e+00	4.34969e-01	2.24753e+00	3.11281e-01
4.91300e+00	-2.23550e+00	1.86870e-01	-8.83285e-01
4.59238e+00	-2.46845e+00	9.90669e-01	-1.53630e+00
3.08757e+00	-2.13897e+00	3.75348e+00	6.82940e-01
3.89057e+00	-2.43246e+00	2.99484e-01	-2.40494e+00
1.34695e+00	-2.29604e+00	2.30889e+00	-2.42363e+00
1.67269e+00	2.00250e-02	1.14699e+00	-2.37674e+00
9.99329e-01	-2.49400e+00	1.79224e+00	-1.23613e+00
2.46960e+00	-2.23100e+00	2.64703e+00	-3.39659e-01
6.84796e-01	-2.36943e+00	1.40781e+00	-5.73662e-01
1.19583e+00	6.44524e-01	8.11862e-01	9.28176e-01
1.30397e+00	-3.36468e-01	4.75607e+00	-2.42017e-01
2.36461e+00	-1.43839e+00	4.57464e+00	-1.77102e+00
4.08130e+00	-2.43970e+00	5.65315e-01	-2.35035e+00
4.00359e+00	-2.29858e+00	4.12504e+00	-1.25575e+00
3.15041e+00	5.57018e-01	1.80672e+00	5.08162e-01
1.51818e+00	-2.29568e+00	3.35698e+00	1.60204e+00
1.12244e-01	-2.28029e+00	3.80244e-01	-5.15323e-01
4.28245e+00	-2.28895e+00	3.10191e-01	-2.33493e+00
2.25691e+00	3.49464e-02	3.73587e+00	-1.98285e+00
1.63393e+00	-2.24266e+00	1.02225e+00	1.33176e+00
3.26481e-01	-2.26548e+00	6.42535e-01	-7.35465e-02
3.44199e+00	1.27779e+00	2.40364e+00	-8.79616e-01
2.16202e+00	-2.26265e+00	3.03151e+00	-1.03313e+00
1.45560e+00	-1.76653e+00	3.93423e+00	-5.12929e-01
3.50164e+00	-5.61653e-01	1.85443e-01	2.98673e-01
1.73062e+00	-5.93767e-01	6.70022e-01	-2.44461e+00
6.37387e-01	1.49481e-01	1.65375e-01	-2.34617e+00
3.22930e+00	-2.13255e+00	1.36095e+00	-2.30570e+00
3.21896e+00	-2.20966e+00	3.26700e+00	2.03155e+00
2.54227e+00	-2.42033e+00	2.27152e+00	1.08457e+00
2.29488e+00	-2.46034e+00	3.47059e-01	-2.02973e+00
1.48288e+00	-2.31714e+00	2.38289e-01	-1.02497e+00
2.96142e+00	1.55994e+00	2.57645e+00	1.43117e+00
4.99608e+00	-2.42748e+00	3.52190e+00	1.73320e+00
3.62274e+00	-2.27364e+00	1.11604e+00	4.56580e-01
2.12968e+00	-2.34720e+00	4.92879e-01	-1.90276e+00
1.43335e+00	-1.90267e+00	4.89262e+00	1.07904e+00
3.83474e+00	-2.05249e+00	1.93098e-01	-2.28458e+00
4.65727e+00	4.94795e-01	3.80492e+00	2.59305e-01
