# No. of particles = 100 
# Proton - Solar wind	Electron - Solar wind	
2.28789e+00	-1.96088e+00	2.27667e+00	-1.50397e+00
4.88870e+00	-1.77373e+00	1.88330e+00	-1.19555e+00
2.65947e+00	-1.10348e+00	2.83209e-01	-2.39726e+00
2.03655e+00	-2.35079e+00	3.15952e+00	-1.35601e+00
1.97807e+00	-1.04589e+00	3.31454e+00	1.28178e+00
5.53234e-01	-2.17364e+00	5.58890e-02	-1.24164e+00
4.77834e+00	-1.92685e+00	1.88570e-01	-2.29105e+00
7.56894e-01	-2.46437e+00	4.60328e+00	3.98255e-01
1.02998e+00	-2.12936e+00	4.76583e+00	-1.28503e+00
3.80941e+00	-2.08405e+00	3.47246e+00	1.34053e+00
2.29969e+00	-2.04423e+00	1.05288e-01	5.98360e-01
1.37215e+00	-2.37577e+00	2.11690e+00	4.04639e-01
4.03063e+00	4.78521e-01	4.45969e+00	2.07573e+00
3.81958e+00	-2.12870e+00	3.58623e+00	1.25875e+00
2.68229e+00	-2.38255e+00	4.84672e+00	-1.57432e-01
1.17826e+00	5.01636e-01	3.40388e-01	-1.90629e+00
2.98636e+00	-6.06746e-01	2.55093e+00	-1.04946e+00
2.24437e+00	-2.21707e+00	5.12040e-01	-1.88727e+00
1.32348e+00	-2.20972e+00	3.82681e+00	-1.97732e+00
1.66179e-01	-2.45890e+00	7.10539e-01	-1.55180e+00
4.53070e+00	-1.60883e+00	3.58038e+00	1.40773e+00
4.88876e+00	-1.76124e+00	2.02688e-01	2.33253e+00
5.74408e-01	-2.44928e+00	5.01261e-02	-2.47012e+00
4.08832e+00	-1.93098e+00	9.02196e-01	-2.12731e+00
3.04700e+00	-8.40336e-01	1.44079e+00	-1.65909e+00
1.77425e+00	-2.27802e+00	1.89488e+00	-1.83768e+00
4.32475e+00	-2.45018e+00	3.57114e+00	-2.39110e+00
2.02472e+00	-2.41607e+00	6.87763e-02	-2.48521e+00
2.28297e+00	-1.89005e+00	4.61629e+00	3.25958e-01
3.26805e+00	2.03133e-01	2.19110e-01	-5.82781e-01
4.11072e+00	-1.92466e+00	2.33868e+00	8.51327e-03
4.44037e+00	-2.28759e+00	1.60207e+00	1.15983e+00
4.31254e+00	-2.00187e+00	1.27136e+00	-3.93138e-01
9.69485e-01	-2.40944e+00	7.67376e-01	1.20233e+00
4.04739e+00	-2.38997e+00	4.51292e+00	-7.90006e-01
2.51517e-01	-2.29288e+00	8.12754e-01	-2.07139e+00
2.60145e+00	-2.45247e+00	1.17367e+00	-1.70750e+00
4.19951e+00	-1.77694e+00	6.83525e-01	-1.26542e+00
4.59126e+00	-6.05477e-01	6.33513e-01	-2.07511e+00
3.90246e+00	-1.68088e+00	4.54537e-01	-3.58525e-01
5.74625e-02	-2.24573e+00	2.94692e+00	2.28553e+00
3.77691e+00	-2.34822e+00	3.87954e+00	1.57563e+00
2.43152e-01	-2.49799e+00	3.38757e+00	-2.27974e+00
1.92120e+00	-2.05863e+00	3.65748e+00	-5.14796e-01
4.54556e+00	-1.03849e+00	4.55904e+00	3.96336e-01
1.52702e+00	-2.39752e+00	1.43296e+00	5.62261e-01
4.31699e+00	-9.24547e-01	3.43048e+00	-1.58001e+00
1.14899e+00	-2.40887e+00	4.28824e+00	1.65817e+00
2.23193e+00	-2.23122e+00	1.66555e+00	-1.29469e+00
3.70101e+00	-1.54302e+00	2.80214e+00	-2.13496e+00
7.07084e-01	-2.11906e+00	5.74328e-01	-1.61629e+00
3.48739e-01	-2.33033e+00	1.05783e+00	-7.09904e-01
3.77762e+00	-7.96845e-01	4.26006e+00	-7.49605e-01
2.12978e+00	1.76107e-01	2.75593e-01	1.95621e-01
2.03290e+00	-1.87846e+00	2.15796e+00	-4.77270e-01
2.94627e+00	-1.27561e+00	1.29314e+00	1.34020e+00
3.93492e-01	-2.21747e+00	8.81345e-01	-2.31564e+00
4.91750e+00	-2.36494e+00	6.73274e-02	-1.01667e+00
1.73314e+00	-5.93763e-02	1.27383e+00	2.35161e-01
2.08366e+00	-2.23413e+00	2.02637e+00	-1.61049e+00
2.90299e+00	2.36555e-01	4.87983e+00	1.55381e+00
3.74898e+00	-2.23894e+00	4.60016e-01	-2.19301e+00
3.48151e+00	-2.45374e+00	1.93795e+00	-1.81943e+00
1.69157e+00	-2.18448e+00	3.92545e+00	9.53813e-01
2.63282e+00	-2.41041e+00	4.00153e-01	-2.51516e-01
4.81848e-01	-2.31934e+00	1.46611e+00	-2.11527e+00
4.86049e+00	2.07521e-01	7.65549e-01	7.41946e-01
2.30630e-01	-2.32309e+00	3.40331e+00	3.77748e-01
8.35257e-01	-2.26263e+00	3.14313e+00	-9.46354e-01
4.54377e+00	-1.37501e+00	1.63084e+00	1.32980e-03
1.31119e-01	-1.00695e-01	1.51112e+00	2.35110e+00
4.97857e+00	-1.11283e+00	1.54669e-01	-2.13495e+00
1.35485e+00	-1.77636e+00	2.17525e-01	-2.36766e+00
2.91480e+00	-2.42583e+00	2.78674e-01	1.17653e+00
2.93047e+00	-2.33021e+00	1.00534e+00	1.16326e+00
2.12326e+00	5.68978e-01	2.67157e+00	1.49783e-01
3.64517e-01	-2.29795e+00	3.64704e+00	-2.17086e+00
4.04985e+00	4.95333e-01	2.71586e+00	7.93124e-01
2.97222e+00	-2.31988e+00	1.71618e+00	9.65981e-01
9.15420e-01	1.30996e-02	2.61417e+00	1.80936e+00
4.08887e-01	-2.26404e+00	1.72174e+00	-1.19770e+00
1.16149e+00	-2.43118e+00	3.74489e-01	-2.03359e+00
2.34715e+00	7.51448e-01	9.19252e-02	-8.01052e-01
9.77434e-01	-2.26333e+00	5.52617e-02	-2.07555e+00
3.15896e-01	-2.23231e+00	5.33936e-01	-1.26209e+00
2.29474e+00	-4.56393e-01	3.63059e+00	-1.01753e+00
5.58107e-01	-5.16298e-01	5.99554e-01	1.14948e+00
4.21720e+00	-2.31724e+00	2.06261e+00	5.89515e-01
1.77528e+00	-2.21992e+00	2.25966e+00	1.30269e-01
1.77161e+00	-2.35283e+00	4.60018e+00	1.80390e-01
1.77050e+00	-2.43200e+00	6.56010e-01	1.27212e+00
5.96071e-01	-2.36008e+00	5.72807e-02	-2.48875e+00
2.01144e-01	-2.38398e+00	4.49686e+00	1.55009e-02
2.12038e+00	1.56265e+00	1.94641e+00	1.98656e+00
3.75924e+00	-2.38339e+00	2.97998e+00	3.90268e-01
2.40492e+00	-2.34861e+00	4.06033e+00	-5.29589e-01
9.40472e-01	-2.35613e+00	2.44657e+00	-7.93439e-01
4.99294e+00	-2.25912e+00	4.70595e-01	1.61412e+00
2.35366e+00	-2.23152e+00	1.90563e+00	-2.47936e+00
3.47182e+00	-2.32044e-01	2.48788e+00	1.57361e+00
