# No. of particles = 100 
# Proton - Solar wind	Electron - Solar wind	
1.38801e+00	-2.40710e+00	1.49178e-01	6.91286e-01
1.73836e-01	-2.40137e+00	8.25228e-01	5.09694e-01
3.09198e-02	-2.38309e+00	3.85862e+00	1.55860e+00
1.67869e+00	-2.32039e+00	1.15611e+00	-2.00824e+00
9.44425e-01	-2.49355e+00	2.49150e+00	-7.12108e-01
1.56956e+00	-2.21907e+00	1.16213e+00	-1.73884e+00
1.40327e+00	-2.30630e+00	1.29032e+00	8.87750e-01
1.92745e+00	-2.40526e+00	3.31152e+00	5.29926e-01
3.28687e+00	-1.45719e+00	2.55999e+00	8.55146e-01
3.08426e-02	-2.31479e+00	2.37733e-01	-2.42623e+00
4.63791e+00	-1.85885e+00	1.26892e-01	-2.45707e+00
7.68948e-01	-2.14455e+00	1.37908e+00	7.87395e-01
6.07769e-01	-2.39210e+00	3.37328e+00	-2.02308e-01
5.55337e-01	-2.30500e+00	3.44690e+00	7.85711e-02
1.68935e+00	-1.47846e+00	2.47683e+00	-9.32577e-01
1.43436e+00	-1.81634e+00	4.25890e+00	-4.74739e-02
1.53433e+00	-2.39762e+00	1.06835e+00	-2.35275e+00
1.46701e+00	-2.10986e+00	8.38385e-01	-2.94127e-01
1.75908e+00	-1.23211e+00	9.35362e-02	3.23313e-01
2.48617e+00	-1.95549e+00	7.10519e-01	-2.25300e+00
1.34332e+00	-2.06772e+00	4.93716e-01	-2.39066e+00
1.27810e+00	-2.04429e+00	4.75451e+00	3.79838e-01
1.83374e+00	-1.93582e+00	3.00251e+00	-7.99348e-01
1.52309e+00	-2.11085e+00	1.67095e+00	8.43437e-01
1.40180e+00	-1.93234e+00	3.02136e+00	-1.71399e+00
2.17816e+00	-1.09373e+00	9.70169e-01	-9.01825e-01
1.56394e+00	-1.54416e+00	2.33480e+00	-1.18431e+00
1.72112e+00	-1.90301e+00	3.82655e+00	-7.90099e-01
1.62149e+00	-1.79194e+00	4.45546e+00	1.22385e+00
1.44339e+00	-1.25535e+00	4.21236e+00	-1.31710e+00
1.44060e+00	-1.92395e+00	1.31257e+00	-9.62919e-01
1.94996e+00	-1.13254e+00	6.90306e-02	-2.25635e+00
1.85229e+00	-1.34916e+00	1.93439e+00	2.43274e+00
1.20617e+00	-1.67468e+00	2.45386e+00	-1.59735e+00
1.41043e+00	-1.62423e+00	4.62754e-01	-2.06578e+00
1.67570e+00	-1.55842e+00	4.45759e-01	1.31211e-01
1.44522e+00	-1.72950e+00	1.50811e-02	-2.36092e+00
1.89989e+00	-6.85119e-01	4.84039e+00	-9.21520e-02
1.40028e+00	-9.74589e-01	2.73396e+00	3.86513e-02
1.47722e+00	-9.90998e-01	2.05473e+00	-1.87787e+00
2.34033e+00	-8.38347e-01	3.11623e-01	-9.23815e-02
1.41954e+00	-1.29032e-01	1.79060e+00	4.66965e-01
1.12734e+00	-8.99721e-01	3.98030e-01	-2.33601e+00
1.41255e+00	1.93120e-01	3.65813e+00	-1.05911e+00
1.88314e+00	-4.36235e-01	1.75382e+00	2.21718e+00
1.35335e+00	-3.90241e-01	1.48290e+00	-1.23949e+00
1.44646e+00	-6.23154e-01	2.40313e+00	-9.69278e-02
5.84319e-01	-3.36079e-01	2.07757e+00	1.40532e+00
1.42866e+00	1.78841e-02	2.76064e-01	-2.95258e-01
1.69227e+00	-1.63053e-01	8.78722e-01	1.58358e-01
1.59100e+00	4.82309e-02	7.11248e-01	-1.91403e+00
1.15216e+00	3.98331e-01	3.50744e+00	9.25221e-01
1.26413e+00	1.85979e-01	1.16005e+00	-2.28275e+00
1.36405e+00	3.08121e-01	2.49008e+00	-1.48530e+00
1.14984e+00	2.52494e-02	8.74063e-01	8.37328e-01
1.32403e+00	9.44956e-01	3.96100e-01	-4.09782e-01
1.39682e+00	2.01209e-01	2.68682e+00	-2.48185e-01
1.67998e+00	2.11206e-01	1.79445e+00	1.17288e+00
1.62827e+00	-1.32128e-01	3.15172e+00	1.47564e+00
2.19923e+00	3.68921e-01	6.96386e-02	-2.40614e+00
1.45639e+00	2.05856e-01	2.47230e+00	-2.08807e+00
1.09677e+00	2.38358e-01	1.66853e+00	2.35243e+00
1.17962e+00	-1.22095e-01	6.58123e-01	-5.92138e-01
1.66180e+00	-3.19585e-01	2.27540e+00	-1.63705e+00
1.52366e+00	-2.57739e-01	4.92069e+00	-7.77798e-01
1.63903e+00	1.99946e-01	1.00794e+00	-8.43177e-01
1.33182e+00	6.53056e-01	5.29519e-01	-1.06768e+00
1.36453e+00	7.67635e-01	1.12691e+00	1.11783e+00
1.68984e+00	1.39685e+00	3.28348e-01	-2.32136e+00
1.68293e+00	7.32997e-01	4.00827e+00	8.78454e-01
2.01082e+00	1.59038e+00	1.47235e+00	-5.91874e-01
1.43480e+00	1.08646e+00	1.97990e+00	1.04866e+00
1.62750e+00	1.08991e+00	3.01205e+00	1.10877e+00
1.29450e+00	5.77907e-01	3.12173e+00	1.50536e+00
1.42475e+00	6.17438e-01	1.76689e+00	-1.58858e+00
1.65970e+00	-4.31497e-02	4.47326e-01	-8.04585e-01
1.70424e+00	1.09524e+00	4.12164e+00	-2.27891e+00
1.74448e+00	1.29884e+00	4.00568e-01	-2.17234e+00
1.15267e+00	7.17212e-01	2.17258e+00	2.59427e-01
1.86718e+00	1.39183e-01	3.57371e+00	-1.87258e+00
1.37939e+00	1.56461e+00	9.08298e-01	3.62704e-01
1.41212e+00	1.95309e+00	3.90890e+00	1.06535e+00
1.25212e+00	1.82298e+00	1.37774e+00	9.58172e-01
1.41044e+00	1.65138e+00	4.66050e+00	1.06084e+00
1.24294e+00	1.71476e+00	9.26177e-01	-1.66296e+00
1.50371e+00	1.37142e+00	1.67605e+00	-2.20297e+00
1.35459e+00	1.12222e+00	1.13501e+00	1.82854e+00
1.33764e+00	1.59787e+00	2.35862e+00	4.54678e-01
1.76887e+00	1.63904e+00	2.51774e+00	1.02851e+00
9.69620e-01	1.67922e+00	2.16756e-02	-2.12220e+00
1.15221e+00	1.78356e+00	1.03195e+00	-1.27126e+00
1.49009e+00	1.38129e+00	3.05050e+00	1.52976e+00
1.25705e+00	2.12345e+00	3.72397e+00	6.08698e-01
1.32500e+00	1.60101e+00	6.65410e-01	-7.62516e-01
1.51739e+00	1.61770e+00	2.58666e+00	-3.92028e-01
1.43621e+00	2.11905e+00	1.57391e+00	-6.14508e-01
1.40650e+00	1.73927e+00	2.69417e+00	-6.71965e-01
7.91179e-03	-2.39730e+00	1.62820e+00	1.41643e-01
1.54863e+00	2.09117e+00	5.38894e-01	-1.04900e-01
1.53488e+00	2.13104e+00	9.98194e-01	-2.23705e+00
