# No. of particles = 100 
# Proton - Solar wind	Electron - Solar wind	
9.11099e-01	-2.41560e+00	1.98832e+00	-1.30309e+00
8.89861e-02	-2.34330e+00	3.62186e-01	-1.80484e+00
2.03806e-01	-2.40754e+00	1.91145e+00	-5.92463e-01
1.10216e+00	-2.35815e+00	1.52708e-01	-1.57340e+00
4.02878e-01	-2.40281e+00	1.90649e+00	-1.37358e+00
1.03410e+00	-2.30437e+00	2.17928e-01	-2.29421e+00
9.24389e-01	-2.31347e+00	6.58755e-02	-2.42245e+00
1.47816e+00	-2.43751e+00	2.50904e-02	-2.20268e+00
2.59191e+00	-1.81425e+00	1.70862e+00	-5.78488e-01
4.51016e+00	-2.07104e+00	5.55930e-01	-2.48529e+00
4.24254e+00	-2.07937e+00	2.06410e-01	2.17064e+00
1.72985e-01	-2.28715e+00	1.27599e-01	-2.11527e+00
9.05202e-02	-2.44259e+00	2.74967e+00	-2.37861e+00
1.39100e-01	-2.38851e+00	1.03079e+00	-1.70303e+00
1.11240e+00	-1.59851e+00	7.64185e-01	-2.03012e+00
9.44717e-01	-1.85423e+00	1.65427e+00	-1.11916e+00
1.01006e+00	-2.27020e+00	1.68681e+00	-2.06481e+00
9.66242e-01	-2.12230e+00	4.89023e+00	-7.43393e-01
1.15459e+00	-1.38016e+00	4.11478e+00	1.56397e-01
1.63173e+00	-1.96316e+00	3.23076e+00	-1.37474e+00
8.82758e-01	-2.09728e+00	4.31197e+00	1.90253e+00
8.41325e-01	-2.00152e+00	1.13495e+00	-2.10589e+00
1.20929e+00	-1.94332e+00	1.94258e+00	-7.39880e-01
1.00076e+00	-2.11643e+00	1.20833e+00	2.49946e+00
9.21675e-01	-1.93225e+00	3.95938e+00	-1.47547e+00
1.42952e+00	-1.31071e+00	2.82971e+00	-4.84692e-01
1.02895e+00	-1.57402e+00	1.20851e+00	-1.17981e+00
1.13410e+00	-1.71283e+00	2.40292e+00	-1.38219e+00
1.06788e+00	-1.72423e+00	4.36562e+00	-1.29123e+00
9.50022e-01	-1.26570e+00	1.45326e+00	-2.09645e+00
9.49796e-01	-1.83315e+00	3.37971e+00	-2.36535e+00
1.28001e+00	-1.19704e+00	1.07789e+00	-7.44724e-01
1.22161e+00	-1.31631e+00	2.84291e+00	-1.62664e+00
7.95322e-01	-1.57792e+00	1.37955e+00	-3.59448e-01
9.27740e-01	-1.61432e+00	4.76807e+00	-1.25609e+00
1.10376e+00	-1.44297e+00	1.07078e+00	-1.89412e+00
9.48872e-01	-1.58073e+00	2.41388e+00	1.20595e+00
1.24995e+00	-7.30916e-01	1.32523e+00	2.30078e+00
9.21118e-01	-9.69194e-01	1.60979e-01	-2.18085e+00
9.74340e-01	-8.44301e-01	1.37848e+00	-2.03740e+00
1.53863e+00	-9.22979e-01	1.11548e-01	-2.46703e+00
9.35045e-01	-2.83645e-01	3.44688e+00	-1.37720e+00
7.42193e-01	-9.43015e-01	4.57788e-01	-2.02632e+00
9.27705e-01	1.38948e-02	3.33924e+00	-2.22191e+00
1.24091e+00	-4.72603e-01	3.54347e+00	7.33201e-01
8.92312e-01	-3.71861e-01	1.82878e+00	1.11117e-01
9.49655e-01	-4.42118e-01	8.85819e-01	-1.12649e+00
3.83898e-01	-3.76564e-01	6.58455e-01	-1.54446e+00
9.39757e-01	-1.42920e-02	1.81585e+00	-1.88125e+00
1.11306e+00	-2.83577e-01	1.68822e-01	1.53562e-01
1.04724e+00	-9.57265e-03	3.88276e+00	2.32015e+00
7.57413e-01	2.84603e-01	3.64465e+00	4.55044e-01
8.31073e-01	2.19424e-01	1.33874e+00	1.53209e+00
8.99633e-01	2.79145e-01	2.07157e-01	-5.15656e-01
7.56438e-01	4.32405e-02	3.59373e+00	-2.03327e+00
8.69488e-01	7.35571e-01	4.58065e+00	-1.32399e+00
9.17491e-01	1.99769e-01	2.16878e+00	1.94543e+00
1.10303e+00	2.81374e-01	5.06414e-01	-1.39007e+00
1.07125e+00	-6.95542e-02	9.90818e-02	5.37228e-01
1.44530e+00	3.28320e-01	3.07807e+00	-1.10318e+00
9.58584e-01	2.36766e-01	3.85636e+00	-1.49281e+00
7.22637e-01	2.56949e-01	2.93208e+00	2.94611e-01
7.75773e-01	8.93611e-02	4.63785e+00	1.03900e+00
1.09292e+00	-1.79330e-01	3.66944e+00	-4.37150e-01
1.00040e+00	-1.31232e-01	8.49051e-01	2.29832e+00
1.07675e+00	1.61603e-01	7.55793e-01	-2.13965e+00
8.74318e-01	7.74699e-01	1.07713e+00	-8.44787e-01
8.95376e-01	7.53983e-01	1.98928e+00	-2.24252e+00
1.10927e+00	1.21011e+00	2.95409e+00	2.25160e+00
1.10512e+00	7.64933e-01	2.59954e+00	-2.01201e+00
1.32034e+00	1.40604e+00	4.88727e+00	1.27854e-01
9.43346e-01	9.56072e-01	1.88682e-01	-8.19818e-01
1.07061e+00	1.00752e+00	1.92592e+00	-5.20373e-01
8.49166e-01	5.74144e-01	3.55999e+00	-1.66897e+00
9.38375e-01	6.40604e-01	9.35436e-01	-2.08577e+00
1.09022e+00	2.29258e-01	1.43683e+00	7.61725e-01
1.11911e+00	1.04122e+00	4.32121e+00	-1.16033e+00
1.14572e+00	1.14995e+00	1.73392e-01	-2.45679e+00
7.59679e-01	6.85091e-01	3.73633e+00	-1.84427e+00
1.23064e+00	3.18993e-01	3.01336e+00	-1.45422e-01
9.06646e-01	1.40109e+00	4.41740e+00	1.70838e+00
9.30140e-01	1.73608e+00	4.77035e+00	-2.48221e+00
8.22886e-01	1.75530e+00	5.38119e-01	-4.13398e-01
9.29544e-01	1.63927e+00	1.09430e+00	-6.58997e-01
8.18891e-01	1.68495e+00	3.46253e+00	7.99685e-01
9.89168e-01	1.34622e+00	5.42593e-01	-1.20466e+00
8.88673e-01	1.11912e+00	5.97282e-01	-5.77465e-02
8.78399e-01	1.59018e+00	3.92568e-01	-2.30135e+00
1.16314e+00	1.59793e+00	1.10527e+00	1.73461e+00
6.38342e-01	1.59850e+00	1.11999e+00	8.73864e-01
7.59027e-01	1.63690e+00	7.22630e-01	-1.76407e+00
9.80965e-01	1.34964e+00	3.00205e+00	1.25194e-01
8.26638e-01	2.10958e+00	4.19242e+00	-2.08188e+00
8.69122e-01	1.74244e+00	3.20173e-01	-1.37768e+00
9.96283e-01	1.70670e+00	7.08801e-01	-2.04140e+00
9.46682e-01	2.14517e+00	7.60377e-02	6.06845e-01
9.26065e-01	1.74007e+00	2.69236e-01	-2.31433e+00
1.09923e+00	2.31587e+00	4.23921e+00	3.82389e-01
1.01768e+00	2.10049e+00	1.35118e+00	-2.02198e-01
1.01047e+00	2.11065e+00	2.45954e+00	-5.84176e-02
