# No. of particles = 100 
# Proton - Solar wind	Electron - Solar wind	
4.57886e+00	-1.37946e+00	2.36613e+00	-1.89550e-01
1.81826e+00	-2.09615e+00	6.10886e-03	-1.50355e+00
4.72406e+00	-1.56521e+00	2.68545e+00	-2.43937e+00
8.97071e-01	-2.49858e+00	2.03007e+00	-1.36038e+00
4.11388e+00	-2.46747e+00	2.69261e+00	-1.67332e+00
2.65732e+00	-2.15842e+00	3.09361e+00	-1.12094e+00
1.64554e+00	-2.21193e+00	4.80479e-01	-1.07566e+00
3.36337e+00	-2.03607e+00	3.17404e+00	6.47174e-01
2.65711e+00	-2.00270e+00	2.22000e-01	-2.25345e+00
7.45574e-01	-2.22425e+00	9.86783e-01	-8.67017e-01
4.67984e+00	2.02472e+00	1.38498e+00	-1.55559e+00
1.24392e+00	-2.35230e+00	3.08755e+00	-1.20719e+00
2.05720e+00	-8.60556e-01	4.65348e-02	-2.02925e+00
4.96651e+00	-2.42126e+00	1.04508e+00	-1.45092e+00
5.36079e-02	-2.36306e+00	2.33636e+00	-2.17940e+00
3.27918e+00	-1.77715e+00	7.21565e-02	-2.29061e+00
4.74437e-02	-6.05750e-01	1.58807e+00	-9.98661e-01
4.27212e+00	-2.07832e+00	9.57036e-01	4.57771e-02
2.75688e+00	-2.49477e+00	3.91988e-01	-7.69405e-01
3.68868e+00	-2.36040e+00	4.88867e+00	3.28408e-01
1.21631e+00	-2.14065e+00	1.12602e+00	-1.47471e+00
1.17458e+00	-2.15597e+00	7.61033e-01	-2.09276e+00
2.62321e+00	-1.00292e+00	4.63163e-01	-2.04173e+00
1.23512e+00	-2.33037e+00	1.35738e+00	-1.27003e+00
2.94931e-01	-2.17079e+00	1.87271e+00	1.90636e-01
8.78403e-02	-2.38757e+00	2.68568e-01	-2.49325e+00
1.28146e+00	-2.39925e+00	2.29101e-01	1.95736e+00
4.22283e+00	-1.96199e+00	3.72820e+00	1.87443e+00
1.70467e+00	-2.49774e+00	7.44916e-02	5.74861e-01
1.68480e-01	1.82255e-01	1.51045e+00	-2.45577e+00
8.48058e-01	-2.17469e+00	1.45711e+00	1.13927e-01
1.49738e+00	-2.28691e+00	3.80628e-01	-2.10424e+00
2.56832e+00	-2.15377e+00	4.01249e+00	7.64404e-01
3.43183e+00	-1.39666e+00	4.37598e-01	3.96906e-01
1.23810e+00	-2.27428e+00	2.26930e+00	-2.30920e+00
1.91370e+00	-2.27237e+00	1.34741e+00	-7.04099e-01
8.55519e-01	-2.43437e+00	8.72095e-02	-8.12100e-01
1.07715e+00	-2.17692e+00	1.84414e+00	-9.69913e-01
1.23218e+00	1.41485e-01	6.75068e-01	4.32689e-02
3.23327e-01	-2.21185e+00	6.93027e-01	6.13764e-01
2.49710e+00	-2.17137e+00	1.50427e+00	-2.10055e+00
9.31509e-01	-2.44597e+00	3.11495e+00	1.85718e+00
2.35191e+00	-1.43385e+00	3.31761e+00	-1.49522e+00
3.85590e+00	-1.58606e+00	4.27472e+00	9.50556e-01
1.03520e+00	-2.12948e+00	2.73108e+00	2.13343e+00
3.94292e+00	1.20808e-01	9.86569e-01	-5.01090e-01
1.27439e+00	-6.11916e-01	3.59161e+00	-1.93457e+00
3.22335e+00	-2.17457e+00	2.40870e+00	-1.75688e+00
9.50955e-02	-2.28063e+00	5.19425e-01	-2.73224e-01
1.08710e+00	-2.23972e+00	2.86624e+00	1.16348e+00
2.79867e+00	-2.28550e+00	3.98621e+00	1.98503e-01
2.74716e+00	-2.08729e+00	2.82826e+00	-5.33316e-01
9.24247e-01	-2.01894e+00	3.97503e+00	3.43998e-01
5.24657e-01	1.16437e-01	1.78221e+00	1.10861e+00
4.10030e+00	-1.33360e+00	1.03861e+00	-2.73835e-01
3.70724e-01	-2.31292e+00	7.85989e-01	-6.94301e-01
1.79955e+00	-2.17347e+00	3.02462e+00	2.10469e+00
2.19359e+00	-2.39428e+00	4.71193e+00	4.29833e-01
7.13975e-01	-2.43542e+00	9.11652e-01	-2.14940e+00
4.12925e+00	-6.22841e-01	1.44319e+00	8.22255e-01
2.81991e-01	-2.55298e-01	2.56541e+00	-2.82434e-02
8.61363e-01	-2.24959e+00	4.73202e+00	-2.14510e+00
7.25380e-01	-2.42170e+00	3.63594e+00	1.70401e+00
3.18479e+00	-2.42800e+00	2.66420e+00	-5.27688e-01
4.54833e+00	-2.22973e+00	7.23795e-01	1.93064e+00
2.20274e+00	-2.40084e+00	2.05813e+00	-2.02187e+00
1.04022e+00	2.80489e-01	4.67164e+00	1.87124e-01
2.43120e+00	-2.34878e+00	1.80705e+00	-1.47134e+00
2.77696e+00	-2.28388e+00	3.32519e+00	-2.34042e+00
1.47680e+00	-1.99926e+00	3.32302e-01	-1.73186e+00
2.11734e+00	-1.64073e+00	2.18967e+00	1.18901e+00
1.65203e+00	-6.16748e-02	3.63025e+00	-2.41705e+00
2.05687e+00	-2.42523e+00	3.85849e+00	-2.04570e+00
2.05801e-02	-2.39075e+00	7.53334e-01	1.01695e+00
2.67784e-01	-2.40830e+00	2.10493e+00	-2.01608e+00
5.93081e-01	-2.48863e+00	4.10315e+00	1.75650e+00
1.70785e+00	-2.14181e+00	7.45015e-01	-2.32549e+00
1.46685e+00	2.45942e-01	7.49566e-03	1.07733e+00
4.73995e+00	9.60095e-01	3.70511e+00	-1.46197e+00
3.73451e+00	-1.34219e+00	2.28192e+00	-1.10408e+00
2.43617e+00	-2.15449e+00	2.56289e+00	2.40035e+00
3.26582e+00	-1.51834e+00	3.58661e+00	-8.37432e-01
4.64149e+00	-8.41912e-01	5.57998e-01	-2.63832e-01
3.23242e+00	-1.32215e+00	3.51497e+00	1.79711e+00
2.72634e+00	-1.16024e+00	4.33232e+00	3.49511e-01
4.49628e+00	-1.73952e+00	2.94766e+00	-7.99750e-01
3.54036e+00	-2.17835e+00	4.79016e+00	-3.02429e-01
1.20390e+00	-2.32365e+00	2.02102e-01	-2.43310e+00
3.17609e+00	4.14321e-02	2.00501e+00	-4.58258e-01
4.67797e+00	-2.37792e+00	3.38717e+00	-1.54504e+00
4.75675e+00	-2.36432e+00	3.58141e+00	2.18858e+00
1.97692e+00	-1.91746e+00	1.70289e+00	-4.95195e-01
3.86661e+00	1.41064e+00	3.58418e-01	-1.97163e+00
3.41548e-02	1.56988e+00	1.48393e+00	5.62728e-01
6.90718e-01	-2.27690e+00	4.97062e+00	-1.65101e+00
6.58158e-03	-2.36548e+00	2.21205e+00	-1.93589e+00
2.15238e+00	-1.98463e+00	1.95557e+00	7.18242e-01
1.93126e+00	-2.37496e+00	3.35450e+00	2.23188e+00
3.35619e+00	-1.29905e+00	1.95857e+00	-2.15557e+00
5.30777e-01	-2.03536e+00	1.42483e+00	-1.46571e+00
