# No. of particles = 100 
# Proton - Solar wind	Electron - Solar wind	
3.23600e+00	-2.37497e+00	4.48873e+00	2.43259e-01
2.04291e+00	-2.48569e+00	6.86961e-01	4.77772e-01
1.58763e+00	-1.81269e+00	3.17419e-01	1.14177e+00
3.91281e+00	-2.17468e+00	3.96940e-01	1.16454e+00
1.90721e+00	-2.33490e+00	1.11057e+00	2.03929e+00
3.64455e+00	-1.88895e+00	4.45011e+00	2.04994e-01
3.25888e+00	-2.27911e+00	9.83548e-02	-2.46889e+00
3.66851e+00	-2.28090e+00	4.87635e-02	-2.47907e+00
6.76971e-01	-2.26557e+00	1.37820e-01	-2.30304e+00
2.40475e+00	-1.57117e+00	3.29257e+00	1.86672e+00
1.54163e+00	-1.35478e+00	1.21915e-02	-3.89238e-01
3.07817e+00	-1.59217e+00	2.58344e+00	-1.13416e+00
2.61212e+00	-2.19637e+00	2.23649e-01	-2.01320e-02
2.16833e+00	-1.98155e+00	4.09411e-01	-1.31127e+00
3.92511e+00	-1.01303e+00	4.57581e+00	-1.62332e+00
3.33171e+00	-1.66929e+00	2.10952e+00	-1.48697e+00
1.77672e+00	-2.05055e+00	6.59328e-01	-1.18094e+00
3.40747e+00	-2.06185e+00	2.61858e+00	-6.44705e-01
4.10186e+00	-6.58066e-01	2.11426e+00	-1.55697e+00
4.38150e-01	-2.40608e+00	2.87482e-01	5.18601e-01
3.12787e+00	-1.95320e+00	2.41284e+00	-1.75650e+00
2.97047e+00	-2.20996e+00	3.18214e+00	-4.45201e-01
4.25378e+00	-1.90671e+00	1.29682e+00	-2.22226e+00
3.54719e+00	-2.08946e+00	3.08084e+00	4.73136e-01
3.26218e+00	-1.93248e+00	2.29013e+00	-1.90838e-01
5.89345e-02	-2.41935e+00	1.80836e+00	-5.76982e-01
3.63704e+00	-1.42819e+00	9.55169e-01	-6.41813e-01
5.22846e-01	-2.28057e+00	2.63833e+00	5.62068e-01
3.76691e+00	-2.05423e+00	2.02656e+00	-2.32865e+00
3.35532e+00	-1.21503e+00	1.51534e+00	-1.52247e+00
3.34247e+00	-2.27571e+00	6.49740e-01	-2.37170e+00
4.54637e+00	-8.82248e-01	2.75261e+00	9.35722e-01
4.29628e+00	-1.47615e+00	1.39934e+00	-1.26102e+00
2.79820e+00	-2.04944e+00	1.39156e+00	-9.51780e-01
3.28083e+00	-1.66240e+00	3.89700e+00	-1.44991e+00
3.89216e+00	-2.00564e+00	4.83409e+00	-2.00782e+00
3.36857e+00	-2.30583e+00	2.95798e+00	-2.49036e+00
4.41875e+00	-5.07390e-01	3.36968e+00	4.00355e-01
3.25744e+00	-9.95498e-01	4.02633e-01	-4.41952e-01
3.42620e+00	-1.55926e+00	4.28806e+00	-1.55617e+00
3.94016e-01	-2.44726e+00	1.95054e+00	1.31690e+00
3.29714e+00	4.70031e-01	9.88472e-02	-2.18787e+00
2.62016e+00	-7.32068e-01	1.08126e+00	4.92839e-02
3.29163e+00	8.87646e-01	9.42276e-01	-9.51789e-01
4.37190e+00	-2.95108e-01	4.30224e-01	-1.84824e+00
3.14009e+00	-4.61711e-01	5.40911e-01	2.13846e-01
3.37195e+00	-1.32475e+00	1.41864e-01	-2.36729e+00
1.36084e+00	-1.78742e-01	3.57298e+00	-1.58538e+00
3.32335e+00	1.42425e-01	8.47498e-01	-2.36542e+00
3.93713e+00	3.04175e-01	3.73640e+00	-7.75963e-02
3.69855e+00	2.72233e-01	1.99957e+00	-1.59496e+00
2.68168e+00	8.38938e-01	1.32235e+00	-1.00327e+00
2.94216e+00	5.62630e-02	3.86880e+00	-7.57518e-01
3.16375e+00	4.20357e-01	1.36272e-01	4.65013e-01
2.67410e+00	-4.44622e-02	1.38224e+00	-7.56393e-02
3.08577e+00	1.75640e+00	7.96378e-01	-1.58137e+00
3.25435e+00	2.06680e-01	2.37655e+00	-1.21086e+00
3.91633e+00	-6.06144e-02	2.09047e+00	-1.40079e+00
3.78710e+00	-3.74604e-01	1.85692e+00	-2.31294e+00
1.33646e-01	-2.45941e+00	2.68939e-01	5.19710e-01
3.38565e+00	8.59396e-02	3.57733e+00	6.41312e-02
2.54624e+00	1.66320e-01	8.98172e-01	-1.53445e+00
2.74435e+00	-9.41607e-01	1.15385e-01	-7.07170e-02
3.86649e+00	-8.63004e-01	7.63589e-01	-2.01121e+00
3.55155e+00	-7.48124e-01	2.67897e-01	-2.44189e+00
3.81855e+00	3.48588e-01	9.71400e-01	-1.20647e+00
3.10473e+00	1.81772e-01	1.71024e+00	2.08200e+00
3.18286e+00	8.20796e-01	8.79814e-01	-1.20363e+00
3.94019e+00	2.12039e+00	4.81640e+00	-6.79788e-01
3.92277e+00	6.09584e-01	1.21649e+00	1.69741e+00
4.68641e+00	2.30420e+00	2.95009e-01	-1.67153e+00
3.33982e+00	1.59194e+00	1.64034e+00	9.13429e-01
3.78633e+00	1.40940e+00	1.64242e+00	1.31387e+00
3.02026e+00	5.92543e-01	2.17237e+00	8.28979e-01
3.30980e+00	5.27855e-01	4.56873e+00	-2.39963e-01
3.86682e+00	-1.09868e+00	4.71196e-01	-2.32656e+00
3.97244e+00	1.30472e+00	1.85695e+00	2.39577e-01
4.06531e+00	1.87571e+00	1.21007e+00	-2.35900e+00
2.67547e+00	8.41542e-01	3.46122e-01	-2.38719e+00
4.33425e+00	-5.57409e-01	4.46754e+00	-5.05944e-01
3.21183e+00	2.19836e+00	3.08374e+00	-1.00691e+00
1.38987e+00	-2.35880e+00	2.60173e+00	5.12512e-01
2.91584e+00	2.08541e+00	1.57150e+00	1.43104e-01
3.27460e+00	1.69842e+00	2.66624e-02	-9.53751e-03
2.88660e+00	1.83038e+00	1.30803e+00	1.70941e+00
3.49839e+00	1.46938e+00	6.79676e-01	-1.60306e+00
3.16057e+00	1.13451e+00	4.30829e+00	-1.77265e+00
3.11784e+00	1.62779e+00	1.24756e+00	1.29782e+00
4.11659e+00	1.79801e+00	1.30829e+00	1.54359e+00
2.25341e+00	1.99207e+00	3.93424e-01	-1.92265e+00
2.67607e+00	2.35220e+00	4.14797e+00	-1.26928e+00
3.46379e+00	1.50421e+00	3.14189e-01	1.23762e+00
2.92519e+00	2.17709e+00	4.65818e-02	-2.16079e+00
3.09220e+00	1.05318e+00	2.20030e+00	6.77414e-01
3.53752e+00	1.27294e+00	3.00158e-01	-2.06969e+00
3.33357e+00	2.01727e+00	6.07467e-01	3.03925e-01
3.26885e+00	1.73622e+00	1.35704e+00	-1.30003e+00
2.35320e-02	-2.31917e+00	3.00548e+00	5.77173e-01
3.60650e+00	2.05434e+00	4.33237e-01	8.50609e-01
3.56734e+00	2.20931e+00	4.11638e+00	-1.50705e+00
