# No. of particles = 100 
# Proton - Solar wind	Electron - Solar wind	
4.05619e+00	-1.73060e+00	1.50526e+00	4.15751e-01
1.69554e+00	-2.42304e+00	3.40774e+00	-4.93839e-01
4.70944e+00	-7.03343e-01	8.71090e-01	1.70602e-01
3.55145e+00	-2.44296e+00	3.44795e+00	-1.49318e+00
3.66596e+00	8.36983e-02	2.76274e+00	-9.25458e-01
1.40196e+00	-1.95730e+00	2.87069e-01	-1.48506e+00
1.76382e+00	-2.25012e+00	3.12580e+00	2.13960e+00
1.04144e+00	-1.63927e+00	1.31541e+00	-2.29129e-01
3.45531e+00	-1.34171e+00	8.66615e-01	-3.49197e-01
2.01054e-01	-2.20963e+00	9.70270e-03	-2.37354e+00
4.22943e+00	-1.88644e+00	7.77971e-01	-1.57655e+00
3.95342e+00	-2.42298e+00	2.14437e-01	-2.40865e+00
4.45886e-01	-2.10799e+00	3.57036e-02	-2.20634e+00
4.12186e-01	-4.94226e-02	3.22847e-01	-1.33413e+00
4.37210e+00	-2.39469e+00	1.12846e+00	-1.88346e+00
3.40521e+00	8.11436e-01	1.36517e+00	-2.34479e+00
4.87551e+00	-6.08382e-01	2.14629e+00	-1.15901e+00
4.20890e+00	-2.13073e+00	2.17714e+00	-2.73175e-01
2.95066e+00	-2.13427e+00	2.80828e+00	-2.38523e+00
2.31905e+00	-2.46164e+00	3.20098e+00	6.45875e-01
5.85882e-01	-2.45646e+00	2.68968e-01	-1.77357e+00
2.49463e+00	-1.62380e+00	5.96250e-01	-2.09327e+00
2.04361e+00	-2.28325e+00	4.28109e-01	-1.47545e+00
8.15395e-01	-2.33167e+00	4.83851e+00	-1.16792e+00
4.81586e+00	1.45931e-02	6.07091e-01	-6.95122e-02
2.85845e+00	-2.20663e+00	1.91248e+00	4.39748e-01
7.43436e-01	-2.09446e+00	2.05616e+00	1.04619e+00
4.10805e+00	-2.40620e+00	1.76474e+00	-1.89002e+00
3.75935e+00	-1.57774e+00	2.89751e+00	3.99941e-01
2.73828e-01	3.09679e-01	3.61987e+00	-5.30655e-01
1.43123e+00	-2.11645e+00	4.19967e+00	-1.21938e+00
1.34929e+00	-2.43723e+00	1.56740e+00	-4.70344e-01
7.09982e-01	-2.43936e+00	4.04225e+00	4.97261e-01
2.42516e+00	-2.28606e+00	8.46288e-02	-2.01165e+00
3.96051e-01	-2.45055e+00	2.47814e-01	-2.08644e+00
1.61526e+00	-1.81819e+00	2.47176e+00	-1.16256e-01
4.55418e+00	-2.44944e+00	2.20492e+00	-3.13622e-01
1.29127e+00	-2.33543e+00	1.41940e+00	-9.74966e-01
1.92730e+00	-2.49602e+00	3.88081e+00	1.64543e+00
9.74904e-01	-2.27813e+00	2.92994e-01	-2.07964e+00
1.86193e+00	-2.06614e+00	7.51135e-01	-1.85055e+00
8.63807e-01	-2.47852e+00	9.09949e-01	-5.68545e-01
1.08727e+00	-2.39101e+00	5.65842e-01	-1.56555e+00
3.97798e+00	-1.80340e+00	5.41389e-01	-1.69682e+00
1.36010e+00	-3.54377e-01	3.69416e+00	-2.03990e+00
3.37681e+00	-2.39591e+00	2.79432e+00	-5.25974e-01
1.58743e+00	-5.51944e-01	1.49717e+00	3.23243e-01
3.64755e+00	-2.29028e+00	4.68841e+00	2.43979e+00
3.60540e+00	-2.19958e+00	2.48203e+00	6.91242e-01
4.88843e-01	-2.29625e+00	2.61233e-01	-1.70722e+00
2.41808e+00	-1.36215e+00	4.55859e+00	4.03422e-01
2.51438e+00	-2.31658e+00	3.57112e+00	-8.84021e-01
6.81338e-01	-2.29429e+00	3.13918e+00	8.50748e-01
3.16175e+00	2.14346e-01	2.54013e-01	-3.37764e-01
4.42546e+00	-1.36157e+00	1.20370e+00	5.13336e-01
4.60177e+00	-6.08256e-01	1.54714e+00	1.89630e+00
2.58352e+00	-2.08772e+00	4.93588e+00	-2.06348e+00
2.68312e+00	1.47305e+00	1.85005e+00	-2.28692e+00
3.75664e+00	-5.25349e-01	5.76729e-02	5.79145e-01
3.96947e+00	-2.06297e+00	3.91146e+00	-9.01971e-02
4.58744e+00	5.53093e-01	1.88148e-01	-4.31874e-01
5.36038e-01	-2.04503e-01	6.59824e-01	2.36140e+00
2.97397e-01	-2.44788e+00	4.52865e+00	1.21367e+00
3.91793e+00	-2.11181e+00	7.63215e-01	-2.06531e+00
4.63885e+00	-2.44557e+00	8.59945e-01	1.33506e+00
1.86159e+00	-2.28208e+00	3.62869e+00	1.52081e+00
2.77549e+00	-4.78637e-02	1.27366e+00	-1.45907e+00
6.14431e-01	-2.33247e+00	8.36598e-01	4.67537e-01
3.44203e+00	-2.21190e+00	1.97666e+00	2.16667e-01
1.33367e+00	-2.30238e+00	3.72971e+00	2.06983e-01
1.82917e+00	1.08784e+00	3.81421e-01	-2.33245e+00
2.09566e+00	-2.75817e-01	1.91446e+00	-3.54856e-01
2.96546e+00	-1.23735e+00	3.21841e+00	1.83944e+00
4.77530e+00	-2.44783e+00	2.52861e+00	-2.32412e+00
4.64207e+00	-2.27974e+00	4.03452e-02	-2.44170e+00
3.76136e+00	5.49854e-01	3.61278e+00	4.45363e-01
2.20450e+00	-2.29429e+00	1.50886e+00	-1.93060e+00
9.32024e-01	-2.27225e+00	3.84379e-01	2.20337e+00
4.51815e-02	-2.44392e+00	7.30496e-01	-2.34482e+00
3.05513e+00	4.81118e-02	1.65425e+00	3.72894e-03
2.36273e+00	-2.22999e+00	7.50633e-01	-4.79233e-01
9.91040e-01	-2.25007e+00	2.01162e+00	7.18249e-02
4.09323e+00	1.59084e+00	3.79259e+00	-1.53262e-02
2.86689e+00	-2.26224e+00	4.84110e-02	-1.96242e+00
2.13358e+00	-1.48941e+00	1.63934e+00	-6.15036e-01
4.21959e+00	-6.24201e-01	5.80478e-01	3.57702e-01
2.42804e+00	-6.39756e-01	1.93904e+00	-1.73291e+00
1.70423e+00	4.88603e-01	5.19676e-01	-9.11548e-02
4.09415e+00	-2.08061e+00	1.89320e+00	-2.14415e+00
4.07990e+00	-2.12445e+00	2.12631e+00	1.84413e+00
3.00144e+00	-2.41272e+00	1.62924e+00	5.33162e-01
3.27583e-01	-2.48294e+00	4.88646e+00	-4.27496e-01
2.24541e+00	-2.27726e+00	8.25675e-02	-1.02975e+00
3.46177e+00	1.55831e+00	2.96744e-01	-2.03544e+00
6.48137e-01	-2.18897e+00	4.80387e+00	-6.91957e-01
4.34725e+00	-2.22921e+00	8.78081e-01	-3.24694e-01
2.83725e+00	-2.34192e+00	3.02306e+00	2.30162e+00
2.17109e+00	-1.54683e+00	6.31901e-02	-1.45083e-02
4.71593e+00	-1.94615e+00	2.19328e+00	5.48988e-01
3.69246e-01	-2.37323e+00	2.24566e-01	2.21887e+00
