# No. of particles = 100 
# Proton - Solar wind	Electron - Solar wind	
8.99164e-01	-2.30434e+00	3.57913e-01	-2.49839e+00
2.61247e+00	-1.66640e+00	1.08131e+00	-1.01371e+00
3.88414e+00	-9.71540e-01	2.38151e+00	-1.79254e+00
6.01891e-01	-2.39570e+00	1.57879e+00	-2.09413e+00
4.78504e+00	-2.36648e+00	4.41728e-01	-2.21971e+00
1.36401e+00	-2.41997e+00	1.38128e+00	-1.92035e+00
1.00017e+00	-2.32874e+00	2.25707e+00	-6.20122e-01
2.56325e-01	-2.44072e+00	4.20455e+00	-1.22861e+00
3.42201e+00	-1.80638e+00	2.14298e+00	-2.74399e-02
7.08677e-01	-2.43343e+00	4.22062e+00	-2.85457e-01
4.49006e+00	8.62593e-01	9.51183e-01	2.00364e+00
1.19050e+00	-2.01076e+00	4.47686e-01	9.78135e-01
5.55900e-01	-2.42254e+00	3.38385e+00	2.37431e+00
4.54862e+00	-1.50529e+00	3.33235e+00	2.68461e-02
1.11947e+00	-2.47558e+00	3.98072e+00	-2.29790e+00
2.45839e+00	-2.16324e+00	4.00969e-02	-1.85425e+00
6.65057e-02	-2.45831e+00	4.74093e-01	8.85989e-01
1.33384e+00	-2.67439e-01	2.44346e-01	-2.46427e+00
2.43813e+00	-1.44042e+00	4.31208e+00	7.13612e-01
3.12639e+00	-2.34621e+00	1.65017e+00	-8.59815e-01
8.31095e-01	-2.26823e+00	4.48287e+00	-1.06136e+00
5.50989e-01	-2.30326e+00	3.09991e+00	6.07543e-01
1.95925e+00	-2.27196e+00	7.08546e-01	1.29126e+00
1.54498e+00	-2.26023e+00	1.87838e-01	-2.39779e+00
7.36019e-01	-2.38392e+00	3.49725e+00	3.49164e-01
2.83591e-01	-2.38779e+00	6.43413e-01	-2.05062e+00
1.52801e+00	-2.43790e+00	1.10496e+00	8.74840e-01
4.33948e+00	-5.87651e-01	3.74218e-01	-2.02880e+00
1.68008e+00	-2.12082e+00	9.12878e-01	4.72902e-02
1.01392e+00	-2.29517e+00	1.52911e+00	-1.24184e+00
1.54164e+00	-2.23020e+00	8.02676e-01	-1.72304e+00
2.30290e+00	-2.11029e+00	3.70113e+00	3.99010e-01
2.28799e+00	-2.47523e+00	4.51178e-01	-1.98013e+00
6.05052e-01	-1.13734e-01	4.03142e+00	-4.32817e-01
1.23410e+00	-2.25849e+00	8.01420e-01	-3.50030e-01
1.46639e+00	-2.36434e+00	1.90014e+00	-1.55152e+00
1.82806e+00	-3.87141e-02	8.32643e-01	-3.53521e-01
2.07357e+00	-1.35770e+00	2.33465e+00	2.29453e+00
1.01005e+00	-6.38822e-01	3.34009e+00	-1.47550e+00
1.53763e+00	-2.40174e+00	7.73337e-01	-2.21598e+00
3.53735e+00	-1.21817e+00	2.77684e+00	-1.02122e-01
1.16557e+00	-2.46103e+00	1.09449e-01	-2.47518e+00
4.82320e+00	-4.84669e-01	3.16977e+00	9.47520e-01
1.46412e+00	4.64711e-01	6.93608e-01	1.06470e+00
1.94384e+00	-1.32469e+00	4.00180e+00	7.16182e-01
7.31646e-01	-2.07119e+00	1.17351e+00	-1.71811e+00
1.21149e+00	-4.73390e-01	1.68732e+00	1.82630e+00
2.50593e+00	5.41297e-02	1.49416e+00	-4.34777e-01
9.79685e-01	8.78131e-01	2.68572e-01	-2.01724e+00
1.23923e+00	-2.34910e+00	2.78849e-01	-2.28351e+00
2.32788e+00	-1.87664e+00	4.15895e+00	-3.73436e-01
4.93924e+00	1.48849e+00	1.58845e+00	1.35130e-01
5.70523e-01	-2.39969e+00	2.24087e-01	-2.06877e+00
5.82917e-01	-8.99680e-01	1.24282e+00	-4.38623e-02
4.92390e+00	-1.46179e-01	6.23854e-01	8.28897e-01
7.63091e-01	3.85718e-01	3.34600e-01	1.39788e+00
8.76565e-01	1.32236e+00	2.09213e+00	5.75862e-02
1.98858e+00	-2.48408e-01	5.61663e-01	-1.60069e+00
9.43883e-01	-2.28167e+00	4.79236e+00	-1.35761e+00
1.52073e+00	-1.23666e+00	3.48926e+00	1.95920e+00
1.10525e+00	3.12340e-01	8.64948e-01	-1.91047e+00
4.68521e+00	6.16010e-02	3.90211e+00	5.87200e-01
6.45482e-02	5.43878e-01	1.67762e+00	2.41051e+00
1.57555e+00	-1.35793e+00	3.82123e+00	1.58919e+00
9.18935e-01	-7.18779e-01	3.81258e+00	7.61610e-01
1.80739e+00	-2.45792e+00	1.57135e+00	-2.12420e+00
7.16027e-01	6.14312e-01	9.80942e-01	1.67444e-01
7.91309e-01	-2.28970e+00	1.49312e+00	-1.02709e+00
2.46655e+00	-4.42798e-01	1.76781e+00	2.02822e-01
1.87011e+00	-1.11220e+00	3.10584e+00	2.60094e-01
1.20869e+00	-5.48944e-01	3.37703e-01	-2.27248e+00
9.25519e-01	-2.26181e+00	2.77791e+00	5.11249e-01
1.71969e+00	-4.06890e-01	1.42195e+00	-2.36949e+00
5.15831e-01	-2.30517e+00	4.65135e-02	-2.34236e+00
1.30627e+00	2.12377e-01	4.28043e-01	1.05985e+00
2.19875e+00	4.62428e-01	1.55369e+00	9.95913e-01
2.25267e+00	5.52616e-01	4.93751e+00	-1.48915e+00
2.11538e+00	-2.42144e+00	1.04028e+00	-7.00287e-01
4.92349e+00	1.02432e+00	4.02771e-01	-4.39989e-01
2.49831e+00	-2.29480e+00	5.56336e-01	-2.45203e+00
1.83528e+00	1.62162e+00	1.73322e+00	1.48740e+00
4.99488e+00	-1.75995e+00	1.78815e+00	-4.37354e-01
4.08281e-01	-2.34977e+00	2.78703e+00	-4.74650e-01
1.25296e+00	-2.19446e+00	8.30900e-01	-2.16138e+00
4.11474e-01	-2.42651e+00	2.49710e+00	-5.10315e-01
4.34096e-01	-5.43737e-01	9.48831e-01	-1.85005e+00
8.51806e-01	4.59086e-01	1.29538e+00	-2.42060e+00
8.91484e-01	-2.12384e+00	5.45874e-01	-2.34901e+00
2.05070e+00	-1.90460e+00	1.21856e+00	-9.48487e-01
4.14825e+00	2.45364e+00	2.44188e+00	1.47134e+00
1.96269e+00	-2.25964e+00	4.06624e+00	-9.48899e-01
1.27861e+00	-1.97474e+00	2.35487e+00	-6.55106e-01
5.50956e-01	3.49770e-01	8.71707e-01	2.04974e+00
7.63450e-01	-2.45529e+00	4.39564e+00	2.33749e+00
1.44887e+00	-2.48706e+00	3.18959e+00	-7.13757e-01
9.19536e-01	5.01161e-01	2.82859e+00	3.04795e-01
1.09345e+00	7.67763e-01	9.33010e-01	-1.72584e+00
1.02784e+00	-2.36522e+00	6.68853e-01	-4.83453e-02
1.51866e+00	-2.32791e+00	4.79244e-01	-1.75964e+00
1.50495e+00	-2.37703e+00	1.66259e+00	1.55080e+00
