# No. of particles = 100 
# Proton - Solar wind	Electron - Solar wind	
4.73502e+00	-1.34266e+00	3.46368e+00	8.87112e-01
2.00635e+00	-2.07640e+00	6.61569e-02	-4.96602e-01
4.82485e+00	-1.54761e+00	5.70532e-01	-1.60765e+00
1.71276e-01	-2.49179e+00	3.91148e+00	-4.46520e-01
4.31377e+00	-2.47542e+00	3.02068e+00	-1.57493e+00
2.90556e+00	-2.12604e+00	4.64210e-01	-1.88983e+00
1.83741e+00	-2.19446e+00	9.53376e-01	7.82542e-01
3.49742e+00	-2.02865e+00	3.67702e+00	1.13945e+00
2.85384e+00	-1.96929e+00	4.49722e-01	-2.21474e+00
9.33153e-01	-2.21558e+00	1.46835e+00	1.10154e-01
4.76522e+00	2.11233e+00	2.44222e-01	-2.35737e+00
1.47274e+00	-2.37042e+00	4.76328e+00	-4.46070e-01
2.17799e+00	-7.78626e-01	2.78717e-01	-4.75233e-01
1.81233e-01	-2.22914e+00	1.19250e+00	-1.24953e+00
2.14553e-01	-2.36427e+00	3.87569e+00	-2.01700e+00
3.49708e+00	-1.74582e+00	3.16381e+00	-1.85593e+00
2.27396e-01	-6.05773e-01	3.12120e+00	4.93209e-01
4.43978e+00	-2.06943e+00	1.09982e+00	4.36878e-01
2.91416e+00	-2.49552e+00	5.24385e-01	-1.95593e+00
3.77316e+00	-2.36176e+00	9.18964e-01	-5.58285e-01
1.41924e+00	-2.10813e+00	1.31135e+00	-1.27875e+00
1.40199e+00	-2.13183e+00	4.58623e+00	-6.74572e-01
2.80471e+00	-9.00235e-01	1.40347e+00	-1.57988e+00
1.40980e+00	-2.30591e+00	1.36543e+00	-1.26540e+00
4.63449e-01	-2.08935e+00	2.55749e+00	1.28922e+00
1.91087e-01	-2.38086e+00	8.43449e-01	-9.09653e-01
1.46779e+00	-2.40232e+00	6.48945e-01	-1.97168e+00
4.36968e+00	-1.94835e+00	3.60989e+00	2.08141e+00
1.26556e-01	-2.34617e+00	2.43128e-02	1.63495e+00
3.58253e-01	1.83587e-01	3.00763e+00	-2.39630e+00
1.04780e+00	-2.15935e+00	1.83925e+00	8.94951e-01
1.67757e+00	-2.28693e+00	2.45728e+00	1.77281e+00
2.67515e+00	-2.14434e+00	6.01171e-01	-1.22604e+00
3.59876e+00	-1.34016e+00	1.87782e+00	1.68320e+00
1.41009e+00	-2.28131e+00	9.58232e-01	-9.72641e-01
2.20427e+00	-2.26701e+00	1.51830e+00	-3.94065e-01
9.96203e-01	-2.46166e+00	1.69223e-01	-2.44137e+00
1.26831e+00	-2.15245e+00	4.96248e+00	1.26045e+00
1.43779e+00	9.57356e-02	1.14754e+00	1.49426e+00
5.42483e-01	-2.17933e+00	7.61081e-01	9.26834e-01
2.65432e+00	-2.15535e+00	2.01418e+00	-2.02012e+00
1.10572e+00	-2.43981e+00	3.32241e+00	2.12378e+00
2.53005e+00	-1.34407e+00	3.01818e-01	-2.16171e+00
4.03163e+00	-1.54186e+00	1.33847e+00	-2.43002e+00
1.25011e+00	-2.06270e+00	1.53143e+00	-1.69052e+00
4.08205e+00	1.25897e-01	1.79503e+00	1.02658e+00
1.46063e+00	-6.31030e-01	4.31102e+00	-1.86713e+00
3.37736e+00	-2.16138e+00	2.71284e+00	-1.84150e+00
2.25924e-01	-2.27762e+00	1.91399e+00	-2.25311e+00
1.24713e+00	-2.19708e+00	4.26487e+00	1.71195e+00
2.98273e+00	-2.28796e+00	1.58433e-01	-2.12623e+00
2.91813e+00	-2.06354e+00	4.31625e+00	4.23019e-01
1.09893e+00	-1.94414e+00	1.46401e+00	-2.41777e+00
6.22906e-01	1.20151e-01	2.12963e+00	1.80511e+00
4.23040e+00	-1.29808e+00	8.91841e-01	-2.46458e+00
5.28440e-01	-2.24941e+00	1.63317e+00	1.39206e+00
2.02066e+00	-2.14283e+00	1.09218e+00	-3.13309e-01
2.36038e+00	-2.39220e+00	4.50398e-03	-2.35155e+00
8.75606e-01	-2.46152e+00	1.24502e+00	-2.04363e+00
4.31346e+00	-6.34310e-01	1.62970e+00	1.19756e+00
4.42489e-01	-2.25134e-01	3.95558e+00	1.23735e+00
1.03815e+00	-2.24883e+00	9.44831e-01	-2.31258e+00
8.94124e-01	-2.42347e+00	1.90719e+00	5.17896e-01
3.40223e+00	-2.43088e+00	3.40552e+00	2.24022e-02
4.72358e+00	-2.22329e+00	1.34573e-01	-1.70187e+00
2.42259e+00	-2.39445e+00	2.63016e+00	-1.92857e+00
1.27411e+00	2.76097e-01	2.99748e+00	1.06911e+00
2.60120e+00	-2.35581e+00	4.42149e+00	1.39934e-01
2.94873e+00	-2.28100e+00	1.19119e-01	-2.34875e+00
1.66461e+00	-1.96107e+00	1.28216e+00	-2.62281e-01
2.30260e+00	-1.57401e+00	2.66135e+00	2.05017e+00
1.85564e+00	-1.26051e-01	1.81746e-01	5.05611e-01
2.25387e+00	-2.43519e+00	6.10012e-01	-2.41270e+00
1.97783e-01	-2.39291e+00	6.36070e-01	-1.63600e+00
4.30817e-01	-2.40350e+00	2.30820e+00	-2.18291e+00
7.77860e-01	-2.49278e+00	4.89286e+00	2.49926e+00
1.93778e+00	-2.10236e+00	3.02446e+00	-2.19778e+00
1.62501e+00	2.61294e-01	1.33486e+00	-4.99213e-01
4.92947e+00	9.74657e-01	3.66032e+00	-1.71509e+00
3.97657e+00	-1.28166e+00	2.78299e+00	-1.37099e+00
2.61786e+00	-2.14766e+00	1.17605e+00	-1.55555e+00
3.42756e+00	-1.48205e+00	4.17803e+00	-1.04897e+00
4.80157e+00	-8.61518e-01	8.68814e-01	1.09193e+00
3.39487e+00	-1.26269e+00	4.58454e-01	-2.03659e+00
2.88306e+00	-1.09580e+00	3.24394e-01	-1.96148e+00
4.62880e+00	-1.72076e+00	4.54744e+00	1.23348e-01
3.65066e+00	-2.16835e+00	4.07233e+00	2.66808e-02
1.38839e+00	-2.32322e+00	7.67939e-01	3.54984e-01
3.39624e+00	7.53285e-02	4.58953e+00	2.13819e+00
4.88054e+00	-2.38368e+00	3.38147e-01	-1.86358e+00
4.95726e+00	-2.35888e+00	3.70423e+00	2.19656e+00
2.19275e+00	-1.85672e+00	3.36185e+00	1.77652e+00
3.97767e+00	1.44944e+00	5.78742e-01	-1.80451e+00
1.61824e-01	1.56940e+00	3.34535e+00	1.98126e+00
8.78587e-01	-2.28327e+00	8.13675e-01	-2.31983e-01
2.03642e-01	-2.40652e+00	2.52441e+00	-1.94566e+00
2.40874e+00	-1.92865e+00	7.04718e-01	-2.20535e+00
2.11875e+00	-2.36769e+00	1.27709e+00	-2.16702e+00
3.61055e+00	-1.21922e+00	3.27481e+00	-1.88579e+00
7.10860e-01	-1.92497e+00	1.54117e+00	-1.54244e+00
