# No. of particles = 100 
# Proton - Solar wind	Electron - Solar wind	
3.98115e+00	-2.36243e+00	2.57774e+00	1.22689e+00
4.72698e-01	-2.20285e+00	2.26956e+00	4.80264e-01
2.21530e+00	-1.58288e+00	1.50188e-01	-2.40800e+00
4.81377e+00	-2.11627e+00	1.26619e+00	-1.83147e+00
2.69351e+00	-2.34352e+00	2.97317e+00	-4.24161e-01
4.48130e+00	-1.75597e+00	3.93397e-01	-2.22801e+00
4.00709e+00	-2.26849e+00	2.76838e+00	-1.41231e+00
4.37060e+00	-2.23121e+00	9.56919e-01	1.79246e+00
1.42701e+00	-2.14017e+00	5.57997e-01	-2.03610e+00
3.36206e+00	-1.27134e+00	1.86716e+00	6.64093e-01
2.34706e+00	-7.49164e-01	2.76820e+00	-9.17806e-01
4.00930e+00	-1.36939e+00	1.66486e+00	-4.27049e-01
3.42036e+00	-2.11765e+00	5.09801e-01	1.69730e+00
2.81870e+00	-1.85130e+00	7.14231e-01	-2.26865e+00
4.82662e+00	-8.25278e-01	7.38298e-02	-2.27290e+00
4.09674e+00	-1.60993e+00	3.31912e+00	-4.12941e-01
2.67994e+00	-1.96006e+00	2.38176e+00	-7.72102e-01
4.18990e+00	-2.04268e+00	3.64596e-01	-1.61945e+00
4.22623e-02	-2.38702e+00	1.64900e+00	-8.36058e-01
1.17265e+00	-2.38958e+00	4.54232e+00	1.67676e-01
3.84737e+00	-1.90710e+00	3.10873e+00	-1.40096e+00
3.65283e+00	-2.27702e+00	4.69896e+00	4.33574e-01
1.58804e-01	-2.25544e+00	9.58713e-01	8.09044e-02
4.36337e+00	-2.08110e+00	4.83298e+00	1.82954e+00
4.01228e+00	-1.93258e+00	1.76676e-01	-2.31459e+00
9.05902e-01	-2.44449e+00	8.69353e-01	-9.28734e-01
4.47291e+00	-1.38131e+00	1.14311e-02	-2.43439e+00
1.56578e+00	-1.81804e+00	1.96757e+00	-2.35132e+00
4.63210e+00	-2.16025e+00	4.41666e-01	-2.27657e+00
4.12625e+00	-1.19861e+00	8.26768e-01	-1.52289e+00
4.10933e+00	-2.41787e+00	6.09338e-01	-2.29151e+00
4.07321e-01	-2.22439e+00	3.49866e-01	-2.10193e+00
1.49744e-01	-2.48140e+00	3.77458e+00	9.79553e-01
3.44013e+00	-2.20078e+00	2.32440e+00	-4.31587e-01
4.03500e+00	-1.67772e+00	2.27113e-01	-2.37924e+00
4.78603e+00	-2.18617e+00	1.82083e+00	-2.43837e+00
1.38951e-01	-2.43861e+00	2.60993e+00	-2.19831e+00
2.92659e-01	-2.11170e+00	4.50144e+00	-2.19032e+00
4.00629e+00	-1.00383e+00	5.02791e-01	1.09943e+00
4.21207e+00	-1.78829e+00	4.92874e+00	-1.36656e+00
8.41460e-01	-2.08039e+00	1.04305e+00	-1.21296e+00
4.05416e+00	7.11671e-01	1.29711e+00	-1.25122e+00
3.22210e+00	-6.64507e-01	1.29645e+00	-1.17869e+00
4.04946e+00	1.16795e+00	4.29864e+00	3.21812e-01
4.22271e-01	-2.35358e+00	1.58761e+00	2.29617e+00
3.86071e+00	-4.90551e-01	3.95868e-01	-1.22338e+00
4.14838e+00	-1.60753e+00	1.99161e+00	3.28132e-01
1.67377e+00	-1.15298e-01	2.99174e-01	1.30239e+00
4.08726e+00	1.92624e-01	3.56547e-01	-1.07589e+00
4.84244e+00	4.92811e-01	4.92843e+00	-1.76502e-01
4.54838e+00	3.62710e-01	3.81164e+00	-7.24392e-01
3.29851e+00	1.01664e+00	1.98365e+00	-7.92846e-01
3.61882e+00	4.09156e-03	4.45542e-01	-2.20289e+00
3.88936e+00	4.65712e-01	3.18394e+00	-2.73649e-01
3.28885e+00	-7.23630e-02	1.12063e+00	-1.71782e+00
3.79634e+00	2.08345e+00	1.10821e+00	-1.19321e-01
4.00325e+00	2.08903e-01	7.90762e-01	-1.92523e+00
4.81815e+00	-1.70100e-01	3.54485e+00	-5.28373e-01
4.65761e+00	-4.72368e-01	1.18642e+00	-2.00017e+00
3.00910e-01	-2.13967e+00	4.40903e+00	-1.68920e+00
4.16354e+00	3.75877e-02	3.15913e+00	-1.79953e+00
3.13079e+00	1.37529e-01	1.77572e+00	-1.05646e+00
3.37529e+00	-1.27206e+00	2.69072e+00	-3.93382e-01
4.75556e+00	-1.08201e+00	4.32619e+00	2.30992e+00
4.36926e+00	-9.45770e-01	1.87097e+00	-2.47569e+00
4.69749e+00	4.08751e-01	2.63814e+00	1.12055e+00
3.81955e+00	-8.16274e-03	2.99377e-01	1.13626e+00
3.91620e+00	8.42491e-01	1.12942e+00	-1.54149e+00
4.84776e+00	2.41203e+00	1.37606e+00	6.73449e-01
4.82614e+00	5.60110e-01	1.00999e+00	-3.17001e-02
4.84637e-01	-2.46786e+00	4.12221e+00	1.93737e+00
4.10810e+00	1.79570e+00	2.16478e+00	-1.13750e+00
4.65705e+00	1.53811e+00	4.12491e-01	1.77678e-01
3.71615e+00	5.98598e-01	4.48508e+00	-1.05241e+00
4.06991e+00	4.91900e-01	2.60213e+00	-1.12305e+00
4.75688e+00	-1.52420e+00	3.52567e+00	-1.05258e+00
4.88729e+00	1.38910e+00	5.76948e-01	-1.57050e+00
7.65048e-03	-2.40281e+00	4.14861e+00	1.76757e+00
3.28961e+00	8.91710e-01	4.76214e+00	7.84121e-01
2.80313e-01	-2.26023e+00	1.28642e+00	1.46344e+00
3.95081e+00	2.45374e+00	2.35245e+00	-3.06771e-01
2.37489e+00	-2.19505e+00	7.71769e-01	2.84968e-01
3.58685e+00	2.19113e+00	4.43944e+00	-1.65031e+00
4.02637e+00	1.71726e+00	3.06966e-01	-2.39209e+00
3.54958e+00	1.87687e+00	1.18270e+00	-2.05669e+00
4.30283e+00	1.50882e+00	9.12158e-02	4.80477e-01
3.88893e+00	1.13958e+00	3.59167e+00	8.81965e-01
3.83580e+00	1.63975e+00	2.65543e-01	-2.33331e+00
4.72024e-02	-2.42052e+00	4.45305e-02	-2.08716e+00
2.77117e+00	2.11822e+00	8.15898e-01	2.63842e-01
2.27640e-01	-2.39841e+00	1.99730e+00	-1.95007e+00
4.25976e+00	1.55372e+00	1.14183e-01	-4.39848e-01
3.59794e+00	2.19872e+00	1.28583e+00	5.80360e-01
3.80493e+00	8.32375e-01	2.85661e+00	1.22919e+00
4.35224e+00	1.13389e+00	1.02153e-01	-1.57617e+00
4.09867e+00	1.97604e+00	2.35771e+00	-1.10869e+00
4.01988e+00	1.73485e+00	8.80880e-01	-2.24491e+00
2.97933e-01	-2.33160e+00	1.38572e+00	1.40829e+00
4.43633e+00	2.03935e+00	1.50901e+00	1.02601e+00
4.38692e+00	2.24078e+00	3.42487e+00	1.16362e-01
