# No. of particles = 100 
# Proton - Solar wind	Electron - Solar wind	
3.67937e+00	-1.87354e+00	2.34340e+00	1.15634e-01
6.50291e-01	-2.09288e+00	2.60434e+00	-3.12526e-01
9.30366e-01	-2.22794e+00	4.92208e+00	5.35698e-01
1.43331e+00	-2.41618e+00	1.86378e+00	1.96498e-01
2.39327e+00	-1.17026e+00	3.98503e+00	2.11172e+00
3.83990e-02	-2.38632e+00	8.65338e-01	-2.07969e+00
3.97735e+00	-2.37923e+00	2.61669e-01	-6.86796e-01
1.71068e+00	-2.00783e+00	1.23610e+00	-1.49428e+00
1.29122e+00	-2.19622e+00	2.22147e+00	2.14139e+00
3.70306e+00	-2.37047e+00	3.44567e+00	-2.03232e+00
1.46574e+00	-1.27617e+00	6.81426e-01	-2.45149e+00
4.18777e+00	-9.70280e-01	2.04854e+00	-8.01925e-01
2.53807e+00	-1.98432e+00	1.60446e-01	-2.23949e+00
2.57512e+00	-2.20694e+00	3.69938e+00	2.16931e+00
2.93403e+00	-2.39056e+00	1.20068e+00	-1.21815e+00
9.38489e-01	-2.26400e+00	2.69412e+00	-1.95465e+00
3.18129e+00	-2.21067e+00	7.55877e-01	5.47817e-01
4.88969e-01	-2.30433e+00	3.10938e-01	-1.86372e+00
1.09530e+00	-2.22084e+00	1.39565e+00	-4.59040e-01
5.06318e-01	-2.32322e+00	2.61534e+00	1.48870e+00
3.98624e+00	-2.29560e+00	3.36294e+00	3.43444e-01
3.73469e+00	-2.44419e+00	5.92373e-01	-1.62538e+00
4.65316e+00	-2.29499e+00	2.30111e+00	4.51023e-01
4.33692e+00	-1.75363e+00	1.19555e+00	-1.79230e+00
3.64696e+00	-2.26712e+00	2.33752e+00	-2.35486e+00
2.56039e+00	-2.13358e+00	1.02536e+00	6.92255e-01
4.51765e+00	-2.44315e+00	3.25358e-01	-1.02667e+00
3.05960e+00	4.77159e-01	3.81721e+00	-6.10778e-03
4.67652e+00	-1.85849e+00	7.36398e-01	-2.34965e+00
3.66840e+00	-2.29497e+00	4.15158e+00	1.93545e+00
4.48371e+00	-1.99312e+00	4.64857e-01	-2.09182e+00
1.07955e-01	-2.45901e+00	7.15259e-01	-1.48871e+00
1.76919e+00	-2.32908e+00	2.92740e-01	-1.48242e+00
4.10446e+00	-1.87282e-01	8.85091e-01	-1.17940e+00
4.76649e+00	-2.30275e+00	1.66846e-01	-1.90155e+00
3.86296e+00	-2.19834e+00	1.90649e+00	-1.26512e+00
4.82521e+00	6.24113e-02	1.26880e+00	-5.95684e-01
4.73897e+00	-2.29887e-01	2.66191e+00	-1.01800e+00
4.04065e+00	-1.08981e-01	1.05510e+00	2.37465e-01
1.87986e-01	-2.29803e+00	4.56909e+00	-4.01062e-01
1.74123e+00	-1.99099e+00	4.04351e-02	-2.19591e+00
3.69613e+00	-1.55291e+00	8.15246e-01	-2.94700e-01
3.54360e+00	-6.92146e-01	1.80859e+00	4.85749e-01
6.28923e-01	-2.24350e+00	5.44357e-01	-1.80474e+00
4.22076e+00	2.14772e-01	1.38490e+00	-1.44511e+00
3.46451e+00	-1.01080e+00	1.07107e+00	-2.44578e+00
4.35547e+00	-5.61596e-01	1.59822e+00	-7.49075e-01
3.74980e+00	3.08450e-01	2.29578e+00	-2.13526e+00
3.61918e+00	7.61556e-01	2.16833e+00	4.78350e-01
4.12197e+00	-2.13275e+00	2.16853e+00	-1.49160e+00
1.05305e+00	-1.08034e+00	3.28752e+00	-5.42535e-01
2.06281e+00	1.37268e-01	1.73888e-01	-2.28447e+00
3.28822e+00	-1.74947e+00	1.06528e+00	-2.17798e+00
2.88898e+00	-3.37806e-01	2.15370e+00	-6.85040e-01
1.55857e+00	-2.39014e+00	2.43116e+00	-1.08677e+00
2.94671e+00	6.51033e-01	2.55980e+00	-1.45942e+00
3.51240e+00	2.42069e+00	2.06834e+00	2.05864e+00
2.07619e-01	2.08096e-01	3.29592e+00	-1.89971e+00
3.94208e+00	-2.16867e+00	3.65926e-02	6.40291e-01
3.34532e+00	1.14268e-01	2.83616e+00	-1.52370e+00
3.88714e+00	2.88158e-01	1.24883e-01	-2.07159e+00
3.53914e+00	-1.63857e+00	6.31792e-01	-2.32501e+00
3.10970e+00	1.37620e-01	7.74538e-01	-2.33081e+00
4.08851e+00	5.48139e-01	4.24247e+00	6.04223e-01
4.59090e-01	-2.37693e+00	6.77981e-01	4.46311e-01
4.75645e+00	-2.38183e+00	2.23959e+00	5.46415e-02
3.54676e+00	1.06512e-01	2.66336e-01	-2.41621e+00
3.41654e+00	-1.91536e+00	3.95883e+00	-1.94150e+00
1.08197e+00	8.72304e-01	1.21119e-01	-3.28553e-01
4.87722e+00	-1.05990e+00	1.41787e+00	-1.92974e+00
4.75647e+00	-3.55824e-01	2.12278e+00	-2.21393e+00
4.28811e+00	-2.24209e+00	1.63579e+00	2.18066e+00
4.74201e+00	-4.50613e-01	4.82357e+00	-1.21733e+00
3.06147e+00	-2.09722e+00	3.71653e+00	-9.27917e-01
4.96034e+00	1.68482e+00	4.29240e+00	-1.18734e+00
7.43694e-01	-2.44039e+00	1.12515e-01	-6.60196e-01
7.01155e-01	-2.35009e+00	7.73329e-01	-1.29540e+00
2.31952e-01	-2.37265e+00	2.10664e+00	1.07104e+00
2.79776e+00	-1.06401e+00	4.90079e+00	7.89021e-01
7.63704e-01	1.83099e-01	2.78010e-01	-1.50958e-01
4.79474e+00	1.73364e+00	8.15322e-01	3.25239e-01
2.59727e+00	-2.15431e+00	2.13415e+00	-6.74269e-01
3.41586e+00	-2.20366e+00	3.12940e+00	5.14399e-01
4.30140e+00	-1.30117e+00	1.93092e-01	-2.37181e+00
1.93143e+00	-2.04115e+00	2.82836e-01	-1.81091e+00
4.16325e+00	-5.03889e-01	1.78313e+00	2.11442e+00
3.83768e+00	4.57969e-01	2.10968e+00	-1.34544e+00
4.32097e+00	-1.69988e+00	2.69727e+00	-1.48051e+00
6.59761e-02	-2.36268e+00	1.67111e+00	7.04120e-01
2.18307e+00	-2.19377e+00	1.71025e-01	-2.35281e+00
4.55881e+00	-2.05054e+00	5.77642e-01	-1.52980e+00
4.23060e+00	-1.30908e+00	2.87690e+00	2.13537e-01
4.33833e+00	-5.72022e-01	4.24419e+00	1.08854e+00
3.84207e+00	-2.42187e+00	8.12706e-01	-2.26120e+00
3.51028e+00	4.44086e-01	1.55894e+00	-1.47453e+00
3.36282e+00	7.14573e-01	1.61075e+00	4.02249e-01
4.33102e+00	1.23609e-01	2.94255e+00	-7.22942e-01
2.12009e+00	-2.41323e+00	9.04923e-01	-9.93622e-01
4.55888e+00	-2.19243e+00	1.15421e+00	2.97680e-01
4.63191e+00	-2.41522e+00	9.91816e-01	-2.24212e+00
