# No. of particles = 100 
# Proton - Solar wind	Electron - Solar wind	
6.35672e-01	4.24114e-02	9.48880e-01	4.85163e-01
9.81635e-01	-7.00889e-01	1.89564e-01	-8.12828e-01
1.11444e+00	-7.10173e-01	1.56635e+00	6.49653e-01
4.79350e-01	4.23273e-01	2.74324e-02	-9.98892e-01
1.05818e+00	-1.01371e-01	4.43463e-01	-7.21305e-01
2.85921e-02	-5.08795e-01	5.41300e-02	-4.36393e-01
1.24774e-01	-9.06822e-01	2.25908e-01	7.73919e-01
9.58261e-01	6.44859e-02	1.90143e-02	-9.98558e-01
8.61958e-02	3.95260e-01	9.24465e-02	-8.15250e-01
1.33849e+00	4.93844e-01	1.10773e+00	-8.10651e-01
1.09013e+00	1.60522e-01	2.26949e-02	-6.37568e-01
9.10434e-02	-9.13662e-01	1.99719e+00	-6.45973e-01
1.91212e+00	-6.91388e-01	6.85083e-01	-6.01991e-01
1.89357e+00	9.02525e-02	1.75673e+00	-6.11963e-01
1.13304e-02	-9.95772e-01	1.64884e-02	-9.90778e-01
1.08091e+00	-3.25732e-03	9.23279e-01	6.79668e-02
1.35905e-01	-9.89501e-01	7.55971e-03	5.99744e-01
1.34691e+00	-6.22829e-03	4.50015e-01	-9.03322e-01
1.53737e+00	-5.14794e-01	6.16303e-01	-5.18168e-01
4.89546e-01	-5.80193e-02	1.84167e+00	8.54027e-01
1.00196e+00	-8.39153e-01	6.34419e-01	5.48362e-01
1.77834e+00	4.44161e-01	4.44921e-01	-9.34924e-01
1.31670e+00	4.35332e-01	2.05088e-02	5.54954e-01
2.26901e-01	1.32419e-01	1.25517e+00	-8.30804e-01
3.74685e-02	-9.85455e-01	1.66912e+00	-5.80583e-01
1.58766e+00	-5.08921e-02	9.81548e-01	-8.67515e-01
6.64907e-02	-9.98279e-01	5.89908e-02	-8.14875e-01
1.53461e+00	-9.22284e-02	9.30974e-01	5.50832e-01
7.19406e-01	6.04329e-01	7.97544e-01	-9.69900e-01
1.81130e+00	-5.75899e-02	1.79787e+00	3.18383e-01
9.86141e-01	3.55849e-01	2.09565e-01	8.11997e-02
1.34749e+00	2.73257e-01	9.42305e-01	-8.10774e-01
4.42706e-02	-6.77494e-01	6.87628e-02	-7.82137e-01
1.28164e-01	-8.24127e-01	3.40240e-02	8.50070e-01
1.40130e+00	2.06272e-01	1.28498e+00	1.44019e-01
1.31517e+00	-8.33456e-01	1.99216e+00	-4.84564e-01
2.49523e-01	-3.84309e-02	1.76904e-01	-1.98060e-01
1.46532e-01	-8.06586e-01	1.76159e+00	4.01254e-01
4.48618e-01	-7.31400e-01	7.33898e-02	-8.52848e-01
1.81418e+00	-5.78951e-01	4.79961e-01	1.63498e-01
1.62796e+00	-7.47209e-01	4.11907e-01	-5.14803e-01
6.76470e-02	-6.56079e-01	1.18715e-01	-7.65272e-01
9.97053e-01	-7.65894e-01	1.20954e+00	-2.90411e-01
9.65800e-02	-9.89147e-01	2.32785e-01	-4.09113e-01
1.00130e+00	3.48720e-01	6.42467e-01	-7.35007e-01
8.28645e-01	-4.05402e-01	7.17460e-01	-3.70949e-01
1.23436e-01	-9.61140e-01	1.01172e-01	-7.67275e-01
2.44584e-01	-5.99513e-01	1.86420e+00	4.51944e-01
9.70921e-01	1.04693e-01	1.45881e+00	-4.16550e-01
2.77334e-01	-8.50088e-01	1.65763e+00	-2.06660e-01
1.28157e+00	-4.39743e-01	5.28827e-01	-5.79274e-01
8.10991e-01	6.66821e-01	2.75902e-02	-5.09049e-01
5.80911e-02	-9.56804e-01	6.51235e-01	-1.70685e-01
5.14350e-01	-9.55434e-01	1.94636e+00	9.67547e-02
1.10543e+00	-7.03379e-01	3.52899e-01	9.28131e-01
5.01310e-01	-3.60444e-01	4.81281e-02	-8.74671e-01
4.18542e-01	-2.12835e-01	5.93328e-01	-1.38953e-01
6.52701e-01	-2.46225e-01	1.94366e+00	1.90479e-02
2.40182e-01	-8.88291e-01	1.25304e+00	-7.59689e-01
1.68932e+00	1.63002e-01	1.01424e+00	-1.58759e-01
1.70740e+00	-8.18185e-02	1.58382e+00	7.56765e-01
2.91807e-01	-9.35293e-01	8.51327e-01	-3.00799e-01
1.34342e+00	-8.90256e-01	4.02966e-01	-8.98818e-01
1.26917e+00	1.86578e-01	4.79093e-01	-7.86212e-01
1.02943e+00	-2.66561e-01	1.83437e+00	-2.72154e-01
1.41556e+00	-3.83301e-01	6.88641e-01	6.18893e-01
2.50663e-01	-2.80534e-01	5.64088e-02	8.46239e-01
8.68668e-01	9.36415e-02	1.48890e-01	6.10616e-01
2.01984e-01	-1.00643e-01	1.61351e+00	-8.16712e-01
1.06495e+00	-6.43674e-01	2.55891e-01	-9.36965e-01
3.84792e-01	-8.57247e-01	2.21097e-01	-7.14982e-01
1.02740e+00	1.62666e-01	3.91952e-01	-1.16938e-01
1.08927e+00	2.26674e-01	6.08402e-01	-1.98890e-01
1.12451e+00	5.75867e-01	1.54772e+00	-4.88679e-01
9.55798e-01	-2.94752e-01	1.99891e+00	5.36181e-01
8.51340e-01	-5.98832e-01	9.64994e-02	3.49836e-01
1.57517e+00	1.67560e-01	6.64677e-01	9.77154e-01
1.39016e+00	7.75532e-01	9.98790e-01	4.32306e-01
1.44758e+00	2.06036e-01	4.57922e-01	-8.01643e-01
9.40256e-01	-8.36929e-01	6.31035e-01	-1.82388e-01
1.12339e+00	7.15917e-02	1.74159e+00	3.77049e-02
1.44338e+00	2.83814e-01	9.22905e-01	3.70708e-01
1.43735e+00	-3.36073e-01	1.35418e+00	-8.76729e-01
1.98590e+00	-2.37800e-01	6.77855e-01	-6.72473e-01
1.06704e+00	6.44731e-01	1.74144e+00	3.61300e-01
1.21836e+00	4.08931e-01	2.72362e-01	-8.37978e-01
6.71110e-01	1.34426e-01	4.68333e-01	-6.65860e-02
1.31424e+00	-4.30469e-01	1.97955e+00	-6.89696e-02
1.54039e+00	-2.64176e-01	6.31734e-01	-6.75971e-01
1.99704e+00	2.11676e-01	3.64296e-02	-8.60398e-01
1.46943e+00	6.39008e-01	1.63013e+00	-1.90748e-02
6.54830e-01	1.07726e-01	3.97745e-01	1.57421e-01
3.44513e-01	-1.25764e-01	6.86111e-01	-2.43415e-01
1.96636e+00	1.68810e-01	6.07200e-01	8.52357e-01
1.47838e+00	7.04092e-01	1.89805e-01	-5.24678e-01
5.86205e-01	7.08828e-01	3.21080e-01	-4.53322e-03
1.24773e+00	9.97861e-01	8.72618e-01	8.00290e-01
1.46959e-01	-9.09067e-01	1.52841e+00	5.20398e-01
1.90181e+00	5.20847e-01	1.20825e-01	8.52480e-03
2.17146e-01	-8.47777e-01	1.71002e+00	3.75523e-01
