# No. of particles = 100 
# Proton - Solar wind	Electron - Solar wind	
2.32160e-02	-9.64163e-01	8.25108e-02	-5.18735e-01
5.66434e-01	-3.72215e-01	1.79940e+00	-3.05845e-01
2.83123e-01	-7.36836e-01	9.86698e-01	-3.45249e-02
1.27998e+00	-2.15130e-01	1.08548e+00	-7.74665e-01
8.55555e-01	-5.20473e-01	5.49188e-01	-4.40528e-01
3.48243e-01	-3.39016e-02	5.27122e-01	-6.88476e-01
3.69592e-01	-9.27441e-01	1.68391e-02	-9.75179e-01
1.95430e-01	-6.83380e-01	7.93106e-02	-7.93640e-01
4.36902e-01	-9.58467e-01	1.43530e+00	8.14086e-01
4.25768e-01	-7.97003e-01	1.82590e+00	1.02925e-01
3.36592e-01	-6.56541e-01	1.08375e-01	-9.09580e-01
1.40097e+00	8.54362e-01	6.49294e-01	6.26500e-01
1.96006e+00	2.24911e-01	1.49097e-01	-1.09745e-01
6.32364e-01	-1.85743e-01	1.22901e+00	1.15273e-01
1.61456e+00	-7.85804e-01	1.03356e+00	1.10608e-01
4.83472e-01	-5.34250e-01	2.38193e-01	3.65259e-01
1.39813e+00	-4.37497e-01	1.57700e+00	9.30387e-01
1.75327e-01	6.46163e-02	1.15577e+00	3.49378e-01
1.23112e+00	-6.08489e-01	4.19389e-02	-9.94138e-01
3.60328e-01	-5.50141e-01	8.65479e-02	-9.94676e-01
1.58690e+00	-2.72048e-01	2.35309e-01	-6.52799e-01
2.76243e-01	-3.50358e-01	9.65966e-01	-3.31576e-01
6.13095e-01	-8.32751e-01	1.34012e+00	1.14456e-01
4.53805e-01	-5.18354e-01	4.63755e-02	-6.64038e-01
1.79567e+00	-3.45962e-01	5.96220e-01	-8.16908e-02
1.12206e+00	1.36154e-01	7.52074e-03	-5.12628e-01
8.00262e-01	7.09348e-01	1.13342e-01	5.41602e-02
3.74954e-01	3.91605e-01	8.73771e-01	-6.44738e-01
9.20395e-01	-8.53129e-01	1.11182e+00	1.19578e-01
4.87731e-01	-6.19569e-02	1.47250e+00	2.22753e-02
4.18071e-01	-4.65514e-01	1.99730e-01	1.92193e-02
2.72292e-02	-9.39719e-01	1.88413e-01	4.52367e-01
1.32383e-01	-5.73387e-01	5.29194e-01	-5.40966e-01
6.96424e-02	-9.10811e-01	1.98979e+00	7.44926e-01
5.59920e-01	2.81087e-01	1.31296e+00	5.37128e-01
9.81627e-01	-8.29665e-01	1.31685e+00	3.37033e-01
6.75486e-01	9.21571e-01	1.95035e+00	6.51769e-01
1.66688e+00	-6.87787e-01	1.48625e-01	4.31434e-02
1.73607e+00	-7.54882e-01	1.52796e+00	-2.05709e-02
1.05033e-01	-8.02002e-01	1.79462e+00	3.75149e-01
3.36775e-01	-6.64787e-01	1.20000e-01	-8.85504e-01
1.16282e+00	9.09696e-01	1.38359e-01	-6.02713e-01
6.75813e-01	1.23805e-01	1.45554e-01	-8.51588e-01
6.16098e-01	-2.22720e-01	2.44308e-01	-5.93819e-01
8.95909e-02	-7.49648e-01	2.83830e-02	-9.54439e-01
3.30787e-02	-9.51431e-01	1.19540e+00	-6.77163e-01
2.91092e-01	-5.27705e-01	1.60907e-01	-9.18619e-01
1.51723e-01	-8.59877e-01	1.71723e+00	-6.90758e-01
3.28156e-01	5.94108e-01	3.14790e-01	-7.18528e-01
1.92648e+00	-1.92148e-01	1.66358e+00	-3.05902e-01
1.86210e+00	7.41979e-02	1.33453e+00	2.94527e-01
5.50872e-01	2.62824e-01	1.04855e+00	4.43495e-01
1.35812e-01	-6.41386e-01	1.26394e+00	-2.84383e-02
3.26208e-01	-4.95535e-01	6.06104e-01	-5.59816e-01
4.59899e-01	-4.58650e-02	4.83081e-01	-4.42830e-01
9.26156e-02	-9.87449e-01	1.15249e-01	9.83816e-02
5.74968e-02	-9.35697e-01	5.38020e-02	-9.26818e-01
1.27662e+00	-6.27620e-01	1.62832e+00	-7.16045e-02
5.55212e-01	-4.23668e-01	5.39695e-02	-6.30908e-01
7.93605e-01	-6.94011e-02	1.12558e+00	8.99060e-01
7.72178e-01	-4.76237e-01	1.03569e+00	-6.67220e-01
5.57944e-01	-7.37115e-01	6.12352e-01	-1.38998e-01
6.14575e-02	-9.78851e-01	6.17490e-01	-6.47122e-01
5.97864e-02	-4.96036e-01	9.50406e-01	-7.33491e-01
9.28762e-02	-3.90183e-01	8.28691e-01	-6.59894e-01
1.04819e+00	-4.90137e-01	7.57182e-01	8.03843e-01
9.55629e-02	-8.50305e-01	1.80998e+00	-1.19986e-01
9.70290e-01	8.98635e-01	3.39223e-01	-6.80968e-01
8.57647e-01	5.37376e-01	8.26298e-01	6.43378e-01
3.72346e-02	-8.78971e-01	1.36918e+00	-5.98950e-01
8.61000e-02	-9.37657e-01	1.27115e+00	1.98462e-01
1.86057e-01	-9.77477e-01	7.85734e-01	2.14286e-01
5.95314e-01	3.47207e-01	6.11708e-01	-8.43940e-01
6.92394e-02	9.44419e-01	1.99262e+00	6.77584e-02
6.96405e-01	-3.95013e-01	1.64361e+00	-4.03535e-01
1.69157e-01	3.36056e-01	9.41109e-01	-5.12788e-01
4.34923e-01	-1.19187e-01	1.40586e-01	-4.26406e-01
1.01110e-01	-1.98800e-01	1.79528e+00	2.45117e-03
6.92695e-02	-8.91968e-01	6.31574e-01	-8.62198e-01
1.32485e-01	-4.41993e-01	4.42115e-01	9.85550e-01
1.28673e-01	-7.90543e-01	1.14039e+00	3.29736e-01
2.92507e-01	-8.74347e-01	4.20432e-01	4.07611e-02
1.73638e+00	9.51594e-01	1.44304e+00	-7.45731e-02
5.78866e-01	-8.79914e-01	3.63539e-01	3.53505e-01
4.87336e-01	3.03924e-01	5.25900e-02	-9.05957e-01
3.69127e-01	5.75977e-01	2.51995e-01	-7.24177e-01
4.81926e-01	-2.06802e-01	1.00063e+00	8.66089e-01
9.63964e-02	-9.51017e-01	7.48552e-01	4.80517e-01
1.36706e+00	-3.89852e-01	1.16730e+00	-8.97302e-01
8.70854e-01	-9.51564e-01	2.26050e-01	-7.24243e-01
1.71956e-01	-4.66293e-01	1.32734e+00	6.31162e-01
6.69149e-01	-6.66595e-01	7.33568e-01	-6.91379e-01
8.27208e-01	7.77271e-01	1.20224e-01	1.74138e-01
6.00985e-01	1.40479e-01	1.41140e+00	8.76449e-01
2.18997e-01	-8.32372e-01	7.45301e-01	4.38062e-01
1.78580e+00	1.69627e-01	8.17832e-01	-6.02216e-01
3.39746e-01	3.68398e-01	1.86716e+00	9.06029e-01
5.41810e-02	-4.47974e-01	1.46514e-01	1.15564e-01
1.38095e-01	-3.01023e-01	1.63171e+00	4.54844e-01
5.76709e-01	-2.30472e-01	1.51285e+00	-2.12549e-01
