# No. of particles = 100 
# Proton - Solar wind	Electron - Solar wind	
3.37227e-01	2.76409e-01	4.48033e-02	-9.72967e-01
6.82276e-01	3.34196e-01	2.35372e-03	-9.63942e-01
1.20419e+00	-2.32462e-02	1.46714e-01	-7.01067e-01
1.77246e-01	-7.50188e-01	1.08024e+00	8.71706e-01
2.30584e-01	-3.58847e-01	4.45825e-01	-4.11242e-01
5.60592e-01	-3.09791e-01	1.61157e+00	7.55189e-01
5.74714e-01	-2.55336e-01	1.79787e+00	4.42991e-01
1.74350e-02	-9.93947e-01	2.07152e-01	-6.60604e-01
2.61700e-01	-4.55402e-01	4.07963e-01	4.71717e-01
1.16858e-01	-7.86962e-01	2.52152e-01	-6.76632e-01
3.34362e-01	-6.35096e-01	8.68544e-01	-9.56698e-01
7.91204e-01	3.64352e-03	6.17043e-01	8.55544e-01
1.30310e+00	-1.76771e-01	6.12748e-01	8.77991e-01
3.21048e-01	-2.93179e-01	1.78833e-01	-9.02973e-01
6.67370e-01	-8.86554e-01	2.11265e-01	-7.63503e-01
6.10301e-02	-9.12230e-01	8.82700e-02	-9.64213e-01
1.51190e+00	-3.11830e-01	7.77238e-01	5.85269e-01
8.29754e-02	-6.52105e-01	5.99712e-01	-1.39412e-01
5.40498e-01	-2.10946e-01	1.09596e+00	-7.88074e-01
4.05259e-02	-9.81182e-01	1.11892e+00	9.00977e-01
8.81169e-01	4.64660e-01	1.63499e+00	5.39278e-01
5.61123e-01	7.93024e-01	3.43408e-01	-5.26999e-01
1.26392e+00	-1.65214e-01	4.55289e-01	4.02509e-01
3.06303e-01	5.67487e-01	1.84297e-01	-8.52998e-01
1.89787e+00	-1.51451e-01	3.64330e-01	-4.61307e-02
2.18880e-01	6.92798e-01	1.84198e+00	-3.64848e-01
7.32732e-03	-3.61474e-02	1.78024e+00	-5.80170e-01
3.02384e-01	-1.45637e-01	1.01145e+00	-9.32514e-01
1.57593e+00	1.67352e-01	1.88538e+00	-5.05117e-01
1.22776e+00	3.03206e-01	1.44929e+00	-4.02778e-01
1.07198e+00	4.91940e-01	1.73223e+00	-5.45605e-01
1.17850e+00	-8.97193e-01	2.30397e-01	-3.74220e-01
1.82212e-01	-2.57478e-01	2.60081e-01	-6.73613e-01
1.43763e+00	-5.83155e-01	1.76170e+00	4.89422e-01
2.13389e-01	-8.11325e-01	1.11313e-03	-9.04318e-01
3.46838e-01	-9.17832e-01	9.10583e-01	-4.81367e-01
8.78273e-02	-8.58741e-01	1.34322e+00	-7.09165e-01
5.82722e-01	-8.67840e-01	7.53829e-01	-3.39318e-01
3.93775e-01	5.00390e-01	1.85925e+00	8.57449e-01
3.01759e-01	-8.78521e-01	1.08029e-01	-2.37061e-01
3.30121e-02	-7.88219e-01	1.37036e-01	-4.90090e-01
1.91520e+00	9.92917e-01	8.41996e-01	6.40978e-01
1.34259e-01	-8.96047e-01	4.49404e-01	-6.86046e-01
3.10056e-01	-7.07511e-01	3.88418e-01	-5.41412e-01
4.26149e-01	3.58968e-01	1.19174e+00	3.02262e-01
7.75905e-01	-5.44996e-01	7.13535e-01	6.99405e-01
1.75499e+00	2.82759e-01	3.74520e-01	-7.74176e-01
9.02627e-01	-1.92487e-01	9.65622e-01	7.77039e-01
6.61329e-02	-7.11600e-01	1.96063e+00	-9.99705e-01
1.61308e-01	-5.74290e-01	3.05153e-01	-2.44315e-01
6.17805e-01	-6.57609e-01	1.75326e+00	-2.37086e-01
1.97639e+00	3.25232e-01	1.38596e+00	2.50478e-01
2.26220e-01	-9.00478e-01	1.20054e+00	-8.78885e-02
5.36748e-02	-9.22851e-01	1.32571e+00	-5.04963e-01
2.59996e-01	-7.52451e-01	1.41266e+00	-2.17298e-01
1.82222e+00	-7.58928e-01	3.89326e-04	8.91201e-01
9.25258e-02	-5.20736e-01	1.55645e+00	5.67235e-01
1.89824e+00	-3.78255e-01	1.06384e-01	-9.89732e-01
8.13972e-01	7.59954e-01	1.25229e-02	-6.86254e-01
6.52108e-02	-9.15024e-01	1.64367e+00	-8.78830e-01
5.69308e-02	-8.20550e-01	7.01505e-01	6.02980e-01
5.77258e-02	-4.02962e-01	1.83579e+00	5.56552e-01
3.72131e-01	-3.68495e-01	6.21533e-01	-9.45065e-01
9.17123e-01	3.17545e-01	1.97094e+00	-1.08335e-02
6.35657e-01	7.82391e-01	3.48425e-01	9.27738e-01
5.23922e-01	-6.89311e-01	1.81128e+00	-8.64200e-02
5.86416e-02	-9.02249e-01	1.43784e+00	9.38640e-01
8.98183e-01	7.11421e-01	6.70474e-02	-9.33559e-01
9.41389e-01	6.62373e-01	1.16339e+00	-5.59832e-01
1.01168e+00	5.36612e-01	1.48769e-01	-9.60488e-01
1.90987e+00	-2.26907e-01	4.98871e-01	-3.44654e-01
1.50971e+00	5.14928e-01	1.94144e-02	3.36764e-02
1.86278e-01	-6.79193e-01	6.15850e-01	-8.60601e-01
3.52304e-01	-3.13754e-01	2.50988e-01	-9.58671e-01
5.74535e-01	-5.07517e-01	1.39172e+00	-2.28091e-01
1.53122e-02	1.36781e-01	2.41485e-02	9.90913e-01
5.82725e-01	7.80266e-01	1.32775e+00	2.02537e-01
3.23082e-01	-5.95365e-01	1.37562e+00	6.70760e-01
3.34453e-01	-5.22680e-01	3.31400e-02	-6.11891e-01
1.15797e+00	3.65808e-01	1.77696e+00	-4.62369e-01
1.20051e+00	-1.03944e-01	6.81134e-01	8.82232e-02
1.23330e+00	4.81601e-01	5.33388e-02	5.76524e-01
1.12103e+00	2.27537e-01	1.29154e-01	-7.15895e-01
5.24897e-02	7.45788e-02	6.17665e-01	-3.17626e-01
1.15889e-01	2.97637e-01	1.47764e-01	6.20751e-01
2.68870e-01	1.02581e-01	1.44544e+00	-5.57533e-02
3.74549e-01	-4.35072e-01	4.00727e-02	3.34738e-02
1.50540e+00	-4.50434e-01	4.20517e-01	-5.50892e-02
7.17335e-01	-6.14553e-01	1.67492e-01	8.47256e-01
2.58038e-01	7.69194e-01	6.64187e-01	7.25270e-01
1.32778e-01	-6.66341e-01	4.94694e-01	1.91641e-01
1.66190e-02	-9.85977e-01	1.25037e+00	-6.42685e-01
6.11309e-01	1.90489e-01	2.77750e-01	1.90258e-01
2.88342e-01	-6.50850e-01	8.43684e-01	-3.94267e-01
8.00464e-01	2.32805e-02	3.29973e-01	-3.01025e-01
1.50004e+00	4.94654e-01	1.37960e+00	-3.99282e-01
1.47943e+00	8.45980e-01	1.49443e+00	1.60900e-01
4.83400e-01	1.13257e-01	3.29182e-01	-2.27964e-01
1.76228e+00	6.87806e-01	6.23960e-01	2.33715e-01
5.04725e-01	-8.77783e-01	1.12341e+00	-5.79866e-01
