# No. of particles = 100 
# Proton - Solar wind	Electron - Solar wind	
1.11276e+00	5.17125e-01	1.37734e+00	-8.34634e-02
2.59968e-01	-7.32179e-01	4.65164e-01	-8.71473e-02
1.98437e+00	5.88844e-01	3.18748e-01	-8.30962e-01
8.56835e-01	-4.60171e-01	1.21216e+00	-8.08247e-01
6.38705e-01	-6.48765e-01	7.57665e-01	2.01779e-01
3.58221e-02	-9.49306e-01	2.48396e-01	-6.63892e-01
1.10568e-01	-9.62746e-01	8.95432e-01	9.30871e-03
1.27899e-02	-9.57063e-01	9.34037e-01	1.23861e-01
3.36614e-01	-9.57209e-01	9.02186e-02	-9.62372e-01
8.20434e-02	-9.75302e-01	1.47033e+00	5.04380e-01
5.04885e-01	6.89295e-01	8.22456e-01	-6.42533e-02
1.29046e+00	6.78060e-01	5.53622e-01	-2.82328e-01
1.82587e+00	1.55025e-01	7.47446e-01	-9.86980e-01
3.94390e-01	-5.60212e-01	2.71838e-02	-6.59055e-01
1.45395e+00	-7.83086e-01	8.75471e-01	-2.00388e-01
2.60382e-01	-7.81751e-01	2.76756e-01	-6.89952e-01
1.95219e+00	-2.69997e-01	7.39518e-01	-9.16960e-01
1.81342e-01	-5.23628e-02	7.26924e-01	2.01582e-01
7.18529e-01	-7.63102e-01	1.70377e+00	2.38570e-01
1.69930e+00	9.68648e-01	1.36787e+00	9.98535e-01
1.07909e+00	-4.88984e-01	4.09186e-02	-9.91462e-01
1.01601e-01	-7.68880e-01	1.18211e+00	2.89658e-01
3.22732e-01	-9.03416e-01	2.79195e-01	-1.35509e-01
2.40661e-01	-7.57450e-01	1.28557e+00	6.06521e-02
5.77437e-01	-7.86149e-01	3.38813e-01	7.65195e-02
4.91483e-01	-4.96304e-01	1.12403e+00	7.87936e-01
6.89441e-01	5.60667e-01	1.20613e+00	3.86935e-01
8.36724e-01	2.08003e-01	1.36248e+00	-5.60144e-01
2.68723e-01	-9.44732e-01	6.75864e-01	2.17148e-01
1.65713e-01	-6.90146e-01	4.62103e-01	-7.22914e-01
2.65170e-01	-7.07917e-01	1.15802e+00	3.92192e-01
6.23794e-02	-9.91288e-01	1.25700e+00	-6.71665e-01
4.30827e-01	-2.78566e-01	4.21604e-01	-6.00596e-01
2.65154e-01	6.28842e-01	4.96860e-01	-3.95213e-02
3.00359e-01	-3.88581e-01	5.26805e-02	-6.70910e-01
8.80594e-01	-8.21739e-01	1.14234e+00	8.69015e-02
6.04245e-01	6.08565e-01	9.33021e-01	3.34443e-01
1.48139e+00	-6.96897e-01	1.20565e+00	-9.53662e-01
1.31953e+00	-7.91159e-01	1.27807e+00	7.69721e-01
1.78354e+00	3.36371e-01	3.57498e-01	6.90631e-01
2.55261e-02	-9.85794e-01	1.31071e-01	-8.29874e-01
9.78422e-01	7.29817e-01	1.18046e+00	7.02234e-01
6.71279e-01	-2.80867e-02	8.53192e-01	4.79870e-05
6.07579e-01	-2.75187e-01	3.00912e-01	-6.47497e-01
1.35269e+00	6.19373e-01	1.32791e+00	-8.01708e-01
2.60330e-01	-7.61153e-01	8.30021e-01	-5.09324e-01
1.69017e-01	-7.44808e-01	3.56127e-01	-9.68705e-01
9.59384e-02	-9.05490e-01	8.34984e-01	7.54834e-01
3.04911e-01	3.73955e-01	1.89254e+00	-3.18778e-01
2.15951e-02	-2.92771e-01	1.77667e+00	6.98703e-01
1.59962e+00	-2.91283e-02	3.70546e-01	-4.10611e-01
3.34691e-01	-3.09523e-01	1.64973e+00	-1.26990e-01
6.65760e-02	-8.86538e-01	6.58287e-01	-2.60409e-02
2.53625e-01	-6.23488e-01	1.24994e+00	-8.22778e-01
2.58238e-01	-5.33934e-01	1.66843e+00	3.35540e-01
1.69686e+00	-9.34964e-01	1.59578e+00	9.28080e-01
2.04500e-01	7.74808e-01	1.20109e+00	9.81582e-02
1.49509e-01	-9.55437e-01	1.04183e+00	3.18248e-01
1.80825e+00	-9.57405e-01	4.58556e-02	-8.99284e-01
7.59691e-01	-1.54111e-01	1.97600e+00	-6.39581e-01
5.29665e-01	-2.90709e-01	1.53936e+00	2.22541e-01
1.73924e+00	1.72235e-01	1.23042e+00	-3.88401e-01
8.87092e-01	7.59962e-01	1.52006e+00	3.92260e-01
2.44697e-02	-9.06825e-01	6.23648e-01	-3.17767e-01
6.95181e-02	-6.19314e-01	6.11834e-01	-5.22580e-01
9.70833e-01	-4.64823e-01	1.51088e-02	7.53489e-01
1.76160e+00	5.19723e-01	9.44037e-02	-9.37936e-01
8.39985e-01	5.05451e-01	2.16864e-01	2.37185e-01
6.62237e-01	1.05099e-01	7.85425e-02	3.47123e-01
1.59331e+00	1.61921e-01	1.36093e+00	-1.12881e-02
6.92309e-01	1.39748e-01	8.17774e-01	-3.45838e-01
1.23355e+00	-3.16684e-01	1.70951e+00	2.32318e-01
5.91398e-01	1.65739e-01	7.54132e-01	-8.66200e-01
7.55845e-02	-1.08228e-01	9.90886e-01	4.95486e-01
7.13181e-01	-3.68674e-01	4.73477e-01	3.47797e-02
1.60400e-01	3.00613e-01	2.93805e-01	6.98919e-02
3.65676e-01	-2.89998e-01	7.65687e-01	-5.42562e-01
1.00404e-01	-5.31283e-01	9.36942e-01	-7.89389e-01
1.23503e+00	8.15372e-01	9.70646e-01	3.65093e-02
1.35397e-01	-5.55315e-01	1.91227e+00	5.27207e-02
2.33267e-02	-9.85197e-01	3.91388e-02	-9.61790e-01
7.12308e-01	9.29579e-01	1.78112e+00	-8.61969e-01
1.62877e+00	8.19303e-01	3.67244e-01	-9.72657e-02
4.47734e-01	-8.95862e-01	1.13232e+00	-3.10284e-01
1.52943e-01	-5.80651e-01	1.61635e-01	3.93696e-01
3.68725e-01	4.89113e-01	1.43736e+00	5.04884e-01
5.04355e-01	-2.27983e-01	1.42222e+00	8.70823e-01
1.62218e+00	-7.84567e-01	1.39473e+00	-6.10266e-01
7.76217e-01	-6.33376e-01	1.16575e-01	1.61892e-01
7.15253e-01	-9.39925e-01	9.64864e-01	-8.19496e-01
1.77981e-01	-4.93443e-01	2.59871e-01	-7.80760e-01
3.62387e-03	-8.75135e-01	2.83584e-01	9.35894e-02
8.03636e-01	6.48395e-01	7.85464e-02	-9.57991e-01
6.31973e-01	1.70929e-02	5.65329e-01	8.00367e-01
1.86435e+00	2.11880e-01	1.31454e+00	-9.80097e-01
1.01049e+00	3.29144e-01	1.17522e+00	4.68570e-01
5.19647e-02	1.17624e-01	1.78782e+00	1.58161e-01
6.69193e-01	9.64852e-01	2.17275e-02	-9.13046e-01
1.28731e-01	-4.51912e-01	1.66383e+00	-8.61593e-01
1.97861e+00	-5.45648e-01	1.08780e+00	-3.32614e-01
