# No. of particles = 100 
# Proton - Solar wind	Electron - Solar wind	
1.14989e+00	-1.54533e+00	2.49864e+00	1.05829e+00
1.34499e+00	-2.41446e+00	1.53272e+00	-2.25376e+00
1.46089e+00	-2.35293e+00	1.71970e+00	7.67699e-01
9.95515e-01	-2.36444e+00	3.00849e-02	-2.42817e+00
1.90196e+00	-2.37785e+00	1.33121e+00	-1.07284e+00
1.35696e+00	-2.22043e+00	1.96962e+00	2.74166e-01
1.43364e+00	-2.36348e+00	5.89837e-01	-1.16846e+00
1.76583e+00	-2.22516e+00	8.49877e-02	1.58775e+00
2.47742e+00	-2.22598e+00	1.73481e+00	-3.31916e-01
2.28818e-01	-2.48043e+00	1.73540e+00	-2.40833e+00
8.41106e-01	-2.20815e+00	2.87765e-01	-2.36105e+00
9.16428e-01	-1.81346e+00	1.27032e+00	-3.80413e-01
1.26964e+00	-2.13292e+00	2.23860e-01	-1.32934e+00
1.03054e+00	-1.93084e+00	1.25176e-01	-2.32338e+00
1.45000e+00	-1.80604e+00	1.70884e+00	2.34456e-01
1.96115e+00	-1.92818e+00	2.20355e+00	1.84082e-01
1.72634e+00	-1.97595e+00	6.97906e-01	9.58440e-01
1.29792e+00	-1.95004e+00	1.81636e+00	9.88994e-01
8.75904e-01	-1.75162e+00	3.62970e-01	-2.36592e+00
1.63933e+00	-1.56143e+00	2.06449e-01	-2.14288e+00
1.39410e+00	-1.50100e+00	3.89232e-01	-1.85210e+00
1.32375e+00	-1.62339e+00	4.62820e-01	3.68007e-01
7.87516e-01	-8.51823e-01	2.34094e+00	1.81950e+00
1.34243e+00	-1.53906e+00	1.11583e-01	1.71652e+00
9.97454e-01	-2.05808e+00	1.38981e+00	-5.37175e-01
1.36943e+00	-2.19618e+00	2.30821e+00	2.21395e+00
1.80267e+00	-1.73249e+00	7.73801e-01	1.58369e-01
1.50254e+00	-2.34516e+00	1.74787e+00	-1.75997e-01
1.62851e+00	-6.04962e-01	1.68996e+00	-2.46134e-01
1.39391e+00	-1.44873e+00	3.30163e-01	-2.40717e+00
1.13081e+00	-1.40872e+00	1.12847e+00	-3.83681e-02
1.45166e+00	-1.20388e+00	3.01606e-01	-2.26003e+00
1.48807e+00	-1.37290e+00	1.55721e+00	-1.01117e+00
1.24650e+00	-1.11240e+00	8.59674e-01	-1.70557e+00
1.59418e+00	-2.29368e+00	1.44212e+00	-3.09283e-01
1.34956e+00	-1.56924e+00	2.24354e-01	-2.27945e+00
1.51545e+00	-1.10199e+00	3.56918e-01	-2.26110e+00
1.29842e+00	-1.13499e+00	8.51448e-01	-5.53250e-01
1.49489e+00	-5.26395e-01	5.68350e-01	-1.82877e+00
1.43626e+00	-8.85120e-01	5.51390e-01	-5.37879e-01
1.58160e+00	-8.97734e-01	1.62578e+00	-5.30351e-01
1.26728e+00	-5.28289e-01	1.69025e+00	-7.43233e-01
1.29166e+00	-6.68126e-01	6.04121e-01	-3.82648e-01
1.72368e+00	-2.12210e-01	2.02970e+00	-2.01861e-01
1.31092e+00	-8.78259e-01	7.19213e-01	-1.82049e+00
1.59790e+00	-2.73373e-01	1.02669e-01	1.46928e+00
1.51289e+00	-7.75260e-01	2.07152e+00	-4.75382e-01
1.17028e+00	-1.26823e+00	4.79232e-01	-5.28722e-01
1.33991e+00	-8.02608e-01	8.70367e-03	-2.10995e+00
1.37568e+00	-1.40408e+00	1.08193e+00	-1.79267e+00
1.78917e+00	-6.54988e-01	4.87929e-02	-7.80205e-01
2.14235e+00	-3.45563e-01	1.52439e+00	4.82881e-01
1.22805e+00	1.29910e-01	2.04589e+00	-2.12395e+00
2.27110e+00	-1.15932e-02	1.54292e+00	1.08993e+00
1.70232e+00	-3.45708e-01	2.10563e+00	2.79055e-01
2.14818e+00	-2.92516e-01	7.88865e-02	-2.17742e+00
1.92993e+00	-4.93256e-01	8.37936e-01	-1.85941e+00
1.38379e+00	-1.46050e-01	1.19269e+00	5.24002e-01
1.42458e+00	1.38859e-02	5.08199e-02	-2.46227e+00
6.35663e-01	-2.67933e-01	1.15262e+00	-1.40594e-01
1.03365e+00	-4.35611e-02	1.39531e+00	-3.81994e-01
1.75350e+00	-1.35359e-01	2.89070e-01	-2.02449e+00
1.29436e+00	-4.86163e-01	1.61986e+00	1.34132e-01
1.46041e+00	-1.70969e-01	5.63500e-01	-2.46223e+00
1.06806e+00	-7.67172e-02	1.62466e+00	1.06912e+00
1.54712e+00	2.75147e-01	7.79219e-02	1.51295e+00
1.68987e+00	4.74924e-03	1.81368e+00	-3.93762e-01
1.71125e+00	-6.78241e-01	4.88588e-01	-3.16912e-02
1.30016e+00	-1.29844e-01	7.87595e-01	-1.70713e-01
1.28766e+00	2.51627e-01	2.18191e+00	-1.43584e+00
2.19569e+00	1.95068e-02	2.29385e-01	-2.24946e+00
1.11021e+00	1.18718e+00	2.22488e+00	3.66752e-01
1.37474e+00	5.41251e-01	4.08440e-01	5.41472e-01
1.40423e+00	3.73536e-01	1.51804e-01	-2.12397e+00
1.76419e+00	1.27971e-01	4.91213e-01	-1.71385e-01
1.43294e+00	7.60322e-02	2.04443e+00	-6.08898e-01
1.80078e+00	9.62429e-01	8.78172e-01	1.38962e+00
2.06527e+00	4.85545e-01	2.13149e+00	3.85567e-03
1.37099e+00	8.40670e-01	3.74919e-02	-1.76697e+00
1.45799e+00	8.59954e-01	1.10687e+00	-2.12731e+00
1.46308e+00	9.30476e-01	1.34261e+00	-1.83832e+00
1.00908e+00	1.00019e+00	2.53294e-01	-1.38375e+00
2.06335e+00	1.20965e-01	4.90302e-01	-2.30793e+00
7.45441e-01	4.09355e-01	1.77738e+00	1.07920e+00
1.42933e+00	1.34159e+00	2.49596e-02	-2.39221e+00
1.46123e+00	2.07146e+00	2.37277e+00	2.30907e+00
1.59997e+00	8.41791e-01	2.27362e-01	-1.74590e+00
1.44897e+00	1.24946e+00	8.93756e-01	-2.28646e+00
1.37854e+00	1.33419e+00	1.12807e+00	-7.16579e-01
1.89710e+00	1.31385e+00	1.59197e+00	-6.57112e-01
1.27501e+00	1.62417e+00	2.86094e-01	-2.43236e-01
9.70123e-01	1.09693e+00	6.93734e-01	1.80282e-01
1.17660e+00	1.38462e+00	2.17596e+00	9.14547e-02
1.52682e+00	2.10339e+00	1.39058e-01	-2.23497e+00
1.45887e+00	1.78809e+00	3.16516e-01	-1.06292e-01
1.37606e+00	2.14252e+00	1.10377e-01	4.28860e-01
1.80625e+00	2.11167e+00	2.29248e+00	-1.54966e+00
1.54501e+00	2.44243e+00	3.54580e-01	-1.75476e+00
1.32950e+00	2.14303e+00	4.55021e-01	9.86847e-01
1.41142e+00	2.16875e+00	2.30040e+00	1.00526e+00
