# No. of particles = 100 
# Proton - Solar wind	Electron - Solar wind	
4.81004e-01	9.70800e-01	1.85873e-01	-4.53035e-01
7.74248e-01	-3.01459e-01	1.34056e+00	4.39022e-01
1.58023e+00	2.74721e-01	1.45494e-02	-7.67765e-01
1.22877e+00	7.27529e-01	1.06064e+00	2.22442e-01
2.35331e-02	-8.06330e-01	7.18587e-01	-9.11483e-01
1.56200e+00	9.27636e-01	9.46299e-01	-4.40583e-01
1.13212e+00	4.58354e-01	1.63129e+00	-4.84492e-01
1.19850e+00	1.02215e-01	1.55024e-01	-8.70386e-01
7.35774e-02	-9.75617e-01	7.97511e-01	-9.87620e-01
8.00251e-02	-7.35510e-01	1.41639e+00	3.95325e-01
1.12061e+00	7.78179e-01	9.76913e-01	-8.36577e-01
1.02910e+00	3.10821e-01	1.10046e+00	4.51900e-01
1.54716e+00	-1.67722e-02	1.16947e-02	-6.86861e-03
6.22842e-01	5.51936e-01	1.02454e-01	-8.93518e-01
1.05037e+00	-8.24671e-01	7.46503e-01	-3.52581e-01
1.04011e+00	2.15349e-01	1.82867e+00	-9.23915e-01
1.45222e-01	-1.07508e-01	3.08426e-01	-9.82678e-01
1.40441e-01	-3.55907e-01	5.82712e-02	-7.50518e-02
1.11895e+00	6.40167e-01	7.27397e-01	-2.79917e-01
8.45846e-01	-4.53720e-02	2.34747e-01	-9.96448e-01
1.16262e+00	9.58591e-01	5.99387e-01	-6.01153e-01
9.24874e-01	1.19525e-01	5.17763e-01	-4.13371e-01
7.57748e-01	-7.76005e-02	1.18181e+00	-6.83373e-01
3.63155e-01	8.30764e-01	1.02243e+00	-5.06641e-01
1.30427e+00	3.26726e-01	6.45074e-01	-7.62068e-01
2.86198e-02	-9.88741e-01	1.01316e+00	1.90007e-03
3.50687e-01	2.45134e-01	7.88002e-01	-7.45022e-01
6.50497e-01	9.31133e-01	1.82268e+00	-3.04159e-01
3.04240e-02	-4.79379e-01	1.60274e+00	6.88489e-01
1.80050e+00	9.08262e-01	8.89548e-01	6.61014e-01
1.69856e+00	-6.86941e-01	5.10804e-01	-7.26036e-01
4.70854e-01	-2.68131e-01	7.59023e-01	7.10511e-01
4.56510e-01	9.28939e-01	8.35842e-01	6.79423e-01
1.40467e-01	-4.32713e-01	1.32209e+00	1.84230e-01
1.63127e+00	3.70528e-01	1.21793e-01	-8.42662e-01
6.10813e-01	-8.60661e-01	1.75566e+00	-2.45470e-01
3.58459e-01	-1.48076e-01	1.27457e-01	-7.57041e-01
1.02017e+00	-7.71837e-01	1.10631e+00	-3.31352e-01
2.43796e-01	-9.38898e-01	1.18849e+00	-8.87013e-01
9.91328e-01	-2.84670e-01	8.87556e-02	-3.98194e-01
3.03975e-01	9.57276e-01	1.85963e+00	-5.66883e-01
4.83064e-01	3.43774e-01	1.61976e+00	-2.16281e-01
4.25724e-01	-4.59239e-01	5.85005e-01	-7.75839e-01
4.72361e-01	-4.84479e-01	9.56703e-03	-9.04459e-01
6.02093e-01	9.44415e-01	9.05309e-01	-6.59925e-02
1.64753e+00	-1.56061e-02	1.87378e-01	7.73967e-01
4.67526e-01	-8.03622e-01	2.21720e-01	-9.15024e-01
1.70689e+00	-6.39913e-01	1.13547e+00	-3.19651e-02
1.92983e-01	-1.80720e-01	6.75783e-01	3.71469e-01
5.05683e-02	-8.92089e-01	5.82746e-01	-2.83946e-01
1.06483e+00	-3.33757e-01	8.07455e-02	-6.00406e-01
1.46114e+00	-5.94345e-01	1.36875e-01	-9.86624e-01
1.11370e+00	1.37295e-01	1.13203e+00	-9.02336e-02
4.33645e-02	-9.70278e-01	1.11291e+00	-3.58243e-02
1.19014e+00	3.85540e-01	1.86905e-01	-8.87933e-01
6.70915e-01	-9.60322e-01	6.00631e-01	-1.10054e-01
1.52734e-01	1.13629e-01	1.98867e+00	-9.10621e-01
1.17576e+00	9.26324e-01	1.79658e+00	8.11315e-01
5.19537e-01	-2.49394e-02	1.70049e+00	-1.56396e-01
4.29547e-01	-5.24584e-01	3.23428e-01	-9.35781e-01
3.80447e-01	6.43092e-01	1.02403e+00	3.13118e-01
4.83139e-01	-6.79103e-01	1.90761e+00	4.83903e-01
6.35180e-01	1.63397e-01	1.21551e+00	-4.66706e-01
2.13377e-01	-7.55207e-01	1.55212e+00	-5.80801e-01
1.26998e+00	-6.68043e-01	5.05784e-01	4.35635e-01
7.49083e-01	-5.54830e-01	8.72257e-01	4.13068e-01
1.24037e-01	1.74648e-01	1.38530e+00	2.19960e-01
3.82354e-01	-4.00550e-01	6.53685e-01	3.98218e-01
5.89866e-03	-9.84991e-01	1.94550e+00	-7.29572e-01
2.01894e-01	-8.45915e-01	2.28724e-01	2.51413e-01
2.07229e-02	-3.79980e-02	6.39388e-01	-6.80877e-02
1.21597e+00	8.48118e-01	1.97945e-01	2.23282e-01
4.13720e-01	-2.65555e-01	1.09606e+00	-9.78005e-01
7.36310e-01	4.56965e-01	8.70984e-01	4.44736e-01
6.58962e-01	-4.19871e-01	7.89354e-02	-8.02716e-01
9.37454e-02	2.17001e-01	5.41639e-01	-1.96519e-01
1.28692e-01	-7.55256e-01	7.78289e-02	-6.01341e-02
1.17612e+00	4.85662e-01	1.15840e+00	-8.54403e-01
7.75334e-01	1.04303e-01	9.62762e-01	4.66433e-01
1.17571e-01	-8.57728e-01	1.35834e+00	-6.69602e-01
1.90306e-01	-2.20762e-01	1.05616e+00	-6.45016e-01
9.78588e-01	6.93358e-01	3.62252e-01	-7.85788e-01
1.36605e+00	5.10914e-01	1.20577e+00	1.33746e-01
9.95848e-02	-9.64573e-01	9.79371e-01	9.47496e-01
1.29216e+00	3.74346e-01	1.38904e+00	-5.91712e-01
3.24314e-01	2.88094e-01	1.86471e+00	-6.83696e-01
4.56383e-01	-3.27113e-01	6.94839e-01	-2.26145e-01
5.23271e-01	-9.13184e-01	1.35866e+00	-9.86424e-01
1.03425e+00	-4.62349e-01	1.24031e+00	2.08598e-01
3.10608e-01	-9.59099e-01	3.49417e-01	-6.55658e-01
1.59340e-01	-5.77806e-01	1.96159e+00	6.58487e-01
7.07634e-01	-1.73536e-01	2.70698e-01	-1.99298e-01
7.13342e-01	4.00153e-01	1.95825e+00	-1.04002e-01
4.90066e-01	-3.17184e-01	1.62133e+00	5.94992e-01
3.46334e-02	-9.69339e-01	7.87966e-01	-5.38394e-01
1.02231e+00	2.55993e-01	4.87713e-01	-4.99497e-01
1.24558e+00	-7.84507e-01	1.23502e+00	-2.52878e-01
2.15767e-01	3.16310e-01	9.62374e-01	5.73149e-02
7.36627e-02	-8.49559e-01	1.72540e+00	5.45324e-01
1.21953e+00	-7.09439e-01	7.97042e-01	-4.60049e-01
