# No. of particles = 100 
# Proton - Solar wind	Electron - Solar wind	
2.55870e-01	1.80297e-01	7.84306e-01	-2.72661e-01
1.70316e-01	-6.43051e-01	1.65486e+00	1.14145e-01
3.18228e-01	-7.47962e-01	5.07254e-02	-4.19003e-01
2.21284e-01	3.75888e-01	2.96010e-01	-8.64953e-01
5.10401e-01	9.17676e-01	1.57839e+00	8.47595e-02
9.86458e-02	-9.98413e-01	1.84162e+00	2.08212e-01
1.68300e+00	5.74459e-01	1.48036e+00	-2.51391e-01
4.28713e-02	-9.90030e-01	1.75096e+00	-8.62292e-01
1.04351e+00	-5.91301e-01	1.76187e+00	-5.87656e-01
2.08065e-01	-4.59497e-01	1.44635e+00	-1.77497e-01
1.06674e+00	4.87690e-01	3.51267e-01	-4.22501e-01
2.21004e-01	-7.21416e-01	7.08399e-01	-3.01334e-01
7.12431e-01	-5.62395e-01	4.55672e-01	5.63040e-01
1.12158e+00	6.82682e-01	4.85986e-01	-5.11820e-01
3.63000e-01	3.43281e-01	1.29990e+00	-3.67462e-02
1.25353e+00	-2.77933e-01	9.88594e-01	-1.84550e-01
6.19153e-02	-6.55989e-01	9.34544e-01	-1.07965e-01
1.11166e-03	-9.81706e-01	2.14506e-01	-8.24645e-01
1.01083e+00	5.48981e-01	3.21774e-02	-6.19736e-01
4.66432e-01	-9.93916e-02	1.52861e+00	-9.66652e-01
2.16427e-01	-7.17222e-01	5.17293e-01	5.30561e-02
5.10790e-01	-3.40199e-01	1.00396e+00	1.23733e-01
8.67522e-02	-8.11390e-01	6.00406e-01	-6.86076e-01
1.79855e-01	-6.15275e-02	1.79023e+00	-3.27400e-01
1.78385e+00	-6.32335e-01	7.18988e-02	5.02230e-01
3.17801e-01	-8.27365e-02	2.13579e-01	-8.47543e-01
8.17484e-02	-2.62625e-01	1.72988e+00	-2.22667e-01
1.59124e+00	4.31037e-01	8.04722e-02	-8.41811e-01
1.92954e+00	-2.76082e-01	9.38870e-01	-8.21649e-01
1.75271e+00	-2.78650e-01	1.41540e+00	-9.66353e-02
3.52289e-01	-7.95983e-01	2.59827e-01	4.07014e-01
1.86740e+00	-3.61924e-01	1.13460e+00	-4.04569e-01
7.43279e-01	8.81208e-01	2.58442e-01	-7.64397e-01
5.68796e-01	4.35164e-01	1.87540e+00	5.94907e-02
5.36939e-01	-6.48717e-01	7.15078e-01	2.90936e-01
1.30823e+00	-5.42604e-02	1.36332e+00	-9.43437e-01
9.59284e-01	-7.44405e-01	4.37640e-01	4.80160e-01
3.79018e-01	6.84244e-01	1.11570e+00	-3.10299e-01
3.61738e-01	8.02721e-01	1.38036e+00	-7.45331e-01
8.25720e-01	9.73417e-02	1.25172e+00	3.91488e-01
2.63410e-01	-9.88949e-01	5.78698e-01	2.87835e-01
1.66437e+00	-5.67903e-01	2.67229e-01	-6.72052e-01
8.24505e-01	9.83394e-01	2.36944e-01	4.64753e-01
1.04969e-01	-6.39347e-01	1.26417e+00	3.25190e-01
3.77422e-01	8.80229e-01	2.78251e-01	-8.25917e-01
1.20858e+00	-1.66380e-01	2.41315e-01	-8.12930e-01
1.00618e+00	-2.64812e-01	5.94063e-01	-8.40023e-01
1.74800e+00	-6.69940e-01	1.74550e+00	-8.59656e-01
1.44960e-01	-8.66762e-01	3.94866e-01	-8.11494e-01
1.99746e+00	1.70095e-01	1.41342e+00	-1.26453e-01
4.12386e-01	-1.06126e-01	3.43317e-01	5.62599e-01
8.77837e-01	-4.04843e-01	2.40261e-01	1.78083e-01
1.15990e+00	6.35124e-01	1.48123e+00	1.19553e-01
8.83550e-01	3.26867e-01	3.33854e-01	7.65975e-01
9.73598e-01	1.52166e-01	5.35255e-01	2.38937e-01
1.88052e+00	-2.81086e-01	1.65008e+00	-2.36133e-01
7.06961e-02	-9.92976e-01	1.84273e+00	8.23502e-01
1.26123e-01	-6.23532e-02	6.58128e-01	5.84948e-01
1.53733e-01	6.31067e-01	3.82786e-01	8.44944e-01
4.72319e-01	-5.22428e-01	5.40475e-01	-2.21532e-01
4.91733e-02	-3.37676e-01	5.11209e-01	-8.36757e-01
4.22426e-01	-5.36341e-01	8.26665e-01	3.50765e-01
1.43225e+00	1.63131e-02	1.29778e+00	-7.25609e-01
1.27737e+00	2.05826e-01	1.67628e+00	2.98634e-02
1.15579e+00	-7.17281e-01	3.11912e-01	1.98507e-02
4.88838e-01	9.18928e-01	2.38023e-01	-8.04993e-01
1.87300e+00	-1.65454e-01	1.59093e+00	7.95126e-01
2.53369e-01	9.22464e-02	2.77946e-01	8.55355e-01
4.78527e-01	-1.44378e-01	1.85490e+00	-3.72837e-01
1.37982e+00	7.64961e-01	5.02644e-01	-5.47579e-01
4.24203e-01	2.02996e-01	1.79612e+00	-8.25013e-01
2.18354e-01	-3.12051e-01	6.11224e-01	4.79079e-01
1.46126e+00	5.68496e-01	1.34761e+00	4.15984e-01
2.86864e-01	-1.14338e-02	2.67985e-01	-1.77530e-01
3.80490e-01	-7.11014e-01	3.56429e-01	7.76789e-02
7.13742e-02	6.79652e-01	6.10978e-01	-8.51191e-01
1.24361e-01	-8.17972e-01	9.97004e-01	-9.99807e-01
1.42397e+00	-1.72200e-01	1.50215e+00	1.31534e-01
1.55113e+00	6.62309e-01	1.82388e-02	-9.70121e-01
7.98949e-01	9.74602e-01	1.51421e+00	2.69931e-01
8.95281e-01	-4.68679e-01	5.57027e-01	5.56802e-02
1.83925e+00	-3.62263e-02	2.81377e-01	7.57054e-02
5.18378e-01	-4.41194e-01	1.14551e+00	3.52386e-01
6.51380e-01	9.66846e-02	1.60419e-01	7.68624e-01
8.85647e-02	-8.58998e-01	9.03266e-02	-5.62731e-02
1.45732e-01	-3.36578e-01	1.20447e-01	1.69828e-01
1.90515e-01	-6.84249e-01	9.75667e-01	8.95448e-01
1.28136e-01	9.01245e-01	1.14595e+00	4.33850e-01
5.21688e-01	-1.62132e-01	2.51846e-01	-2.35481e-01
1.28024e+00	-7.52237e-01	1.06083e-02	-9.96042e-01
8.20459e-02	-8.69170e-01	7.41894e-02	-9.23433e-01
7.85371e-01	6.11844e-01	7.20626e-02	-9.63096e-01
3.66920e-01	-3.17259e-01	1.90318e+00	1.57880e-01
1.03839e+00	2.70077e-01	1.66596e+00	2.55221e-01
1.63353e-01	9.42034e-01	5.17472e-01	5.89203e-01
1.21342e+00	7.65559e-01	1.91154e+00	-5.41214e-01
1.57756e-01	-8.90512e-01	1.66469e+00	2.98180e-01
1.32016e+00	-3.60680e-01	1.14526e+00	8.01299e-01
8.24108e-01	2.72032e-01	1.74812e+00	1.39672e-01
1.23776e+00	-8.82752e-01	6.92418e-01	-1.78632e-02
