# No. of particles = 100 
# Proton - Solar wind	Electron - Solar wind	
9.99493e-01	-2.10061e+00	9.06327e-01	-2.36063e+00
1.90742e+00	-2.33142e+00	4.38369e-01	-2.17430e+00
1.59125e+00	-2.40972e+00	5.55200e-01	1.40008e+00
2.40920e+00	-1.33676e+00	1.54180e-01	-2.36773e+00
1.41137e+00	-2.48856e+00	1.36060e+00	-2.17487e+00
2.19530e-01	-2.44570e+00	1.14247e+00	-2.29504e+00
3.00436e-02	-2.38031e+00	6.77953e-01	-1.98458e+00
4.29348e-01	-2.36958e+00	4.52161e-01	4.18258e-01
6.45336e-01	-2.20168e+00	9.54529e-02	-2.25896e+00
1.58843e+00	-2.43464e+00	1.28898e+00	-2.48146e+00
2.27772e+00	-2.26151e+00	1.83812e+00	-2.44096e+00
9.00988e-01	-2.22732e+00	5.16930e-01	-3.60547e-01
2.09892e+00	-8.03291e-01	9.55477e-01	-5.08565e-01
1.55192e+00	-2.49485e+00	1.31369e+00	-2.36351e+00
1.78553e+00	-2.23576e+00	5.01315e-01	-2.00811e+00
1.11747e+00	-2.30851e+00	7.05149e-01	-1.54421e+00
5.59027e-01	-2.39949e+00	1.09482e+00	1.58126e-01
1.24584e-01	-1.50312e-01	1.62547e+00	-4.27061e-01
1.47067e+00	-2.22662e+00	1.29495e+00	-1.87635e+00
1.48999e+00	-6.71907e-01	7.39074e-01	1.05554e+00
1.66619e+00	-2.46772e+00	1.23459e+00	-1.84452e+00
1.62945e-01	-2.43832e+00	4.58103e-01	-2.31673e+00
1.98951e+00	-1.35835e+00	7.05387e-01	-6.39262e-01
1.57734e+00	-1.86989e+00	2.13518e+00	-1.12848e+00
1.90270e+00	-2.27451e+00	1.09958e+00	-7.71080e-01
8.87133e-01	-2.36726e+00	2.12540e+00	-7.08003e-01
2.16060e+00	-1.18038e+00	1.81760e+00	-2.19455e+00
1.23105e+00	-2.19773e+00	5.16083e-01	-2.23903e+00
2.35075e+00	-2.45365e+00	3.76853e-01	-1.25581e+00
2.32807e+00	-2.38285e+00	7.65349e-01	-3.00678e-01
6.79656e-01	-8.44195e-01	4.48423e-01	-2.18130e+00
1.39156e+00	9.22661e-01	7.07170e-01	-8.77577e-01
2.15244e+00	-4.10462e-01	1.59148e+00	2.51368e-01
7.97367e-01	-2.39650e+00	1.72424e+00	6.02542e-02
2.09149e+00	-2.11760e+00	1.06327e-01	-2.33645e+00
6.23644e-01	-2.24599e+00	5.51273e-01	-2.01618e+00
3.63693e-01	-2.16053e+00	1.24923e+00	-2.04639e+00
1.87131e+00	-2.08594e+00	2.16324e+00	-2.35263e+00
1.35597e-02	-2.43015e+00	2.13639e+00	3.52324e-01
1.65706e+00	-1.34286e+00	1.58639e+00	-1.15702e+00
2.11934e+00	-2.29171e+00	1.42497e+00	1.84474e+00
2.47952e+00	-2.31785e+00	2.00990e-02	-2.25146e+00
2.95541e-01	-2.39876e+00	2.02283e+00	9.28939e-01
7.48577e-01	-2.18705e+00	1.10907e+00	-1.87503e+00
1.08120e+00	4.28510e-01	3.97805e-01	-9.75803e-01
2.44064e+00	-1.77533e+00	2.68093e-02	-2.29844e+00
1.57217e+00	1.74001e+00	1.63729e-01	2.42721e+00
1.61403e+00	1.00584e+00	1.47868e+00	-1.50708e+00
5.35621e-01	1.01755e+00	2.12594e+00	-1.24049e-01
1.47068e+00	-2.06516e+00	1.97306e+00	-2.23398e+00
2.18153e+00	1.24255e+00	2.37092e+00	-2.15460e+00
1.94014e+00	6.25685e-01	4.56936e-01	2.41678e-01
2.19281e+00	-2.46355e+00	4.34421e-01	-2.36859e+00
1.49676e+00	-2.46313e+00	4.70216e-01	-8.12907e-01
3.62929e-01	-2.29201e+00	1.31695e+00	-2.06780e+00
1.03011e+00	-1.36058e+00	7.49549e-01	-8.90808e-01
1.33108e+00	-1.62644e+00	8.22489e-02	-7.61101e-02
1.10731e+00	-8.53350e-01	4.40446e-01	-2.46380e+00
1.34909e+00	-2.37551e+00	1.03225e+00	-2.27134e+00
6.21668e-01	-2.47662e+00	4.94458e-01	-6.68375e-02
2.20052e+00	-1.41218e+00	1.92850e+00	-1.57282e+00
1.23944e+00	3.96561e-01	2.45604e+00	3.02547e-01
1.24617e+00	-2.08151e+00	2.10410e+00	-1.84822e+00
2.00390e+00	-9.73118e-01	5.40328e-01	1.48700e+00
1.60894e+00	-2.48542e+00	1.51600e+00	6.07140e-01
1.71472e+00	-1.07444e-01	4.33961e-01	-2.31103e+00
1.02620e+00	1.64999e-01	1.71782e+00	6.38224e-01
7.77541e-01	2.50825e-01	1.84678e+00	6.86379e-01
7.28165e-01	-2.10790e+00	1.50173e-01	-1.19119e+00
2.31872e+00	-1.69322e+00	1.45416e-01	-5.13541e-01
1.70114e+00	-4.75722e-01	2.14830e+00	-1.92523e+00
3.45754e-01	-2.33453e+00	9.66935e-01	7.10073e-01
2.13770e+00	6.21995e-01	2.06176e+00	-1.83434e+00
3.43010e-01	-2.37209e+00	4.76546e-01	-2.40931e+00
2.74111e-02	-2.24671e+00	4.18710e-01	1.50474e+00
4.12146e-01	4.31489e-01	1.64222e-01	-2.22479e+00
9.28572e-01	-2.36388e+00	9.81856e-01	-3.97156e-01
2.09602e+00	8.45346e-01	4.37297e-01	-9.92178e-01
1.75488e+00	-2.25832e+00	9.25219e-01	-6.79645e-01
2.26495e+00	2.13175e+00	1.41972e+00	1.60108e+00
6.20955e-03	-4.68490e-01	1.28777e+00	1.96889e+00
2.78290e-01	-2.27850e+00	1.94611e+00	2.16705e+00
2.11777e+00	-9.95672e-01	1.89126e-01	-2.45168e+00
2.43451e+00	-2.02223e+00	1.71122e-01	-9.91168e-01
1.18262e+00	3.60752e-01	9.08944e-02	-5.06957e-02
2.08680e+00	-3.71645e-01	1.57684e-01	-2.06018e+00
1.30667e+00	-2.39698e+00	2.10923e+00	-7.81799e-01
2.88255e-01	-2.45939e+00	1.02787e+00	-9.89858e-02
2.05455e+00	-1.42366e-01	3.29676e-01	5.74101e-02
2.00296e-02	-2.75003e-01	9.89761e-01	7.85156e-01
2.29841e+00	1.12325e+00	6.19561e-01	-2.24127e+00
1.86278e+00	-2.18155e+00	8.22297e-01	-2.09098e+00
3.66279e-01	6.65978e-03	1.48752e+00	7.70596e-01
1.84538e+00	4.35889e-01	6.84717e-01	-2.38086e+00
1.40439e+00	1.51191e+00	5.95705e-01	3.99431e-01
1.65956e+00	-2.11096e+00	2.00567e+00	-6.90769e-01
4.85111e-01	-2.14633e+00	3.03756e-01	1.45922e+00
2.11609e+00	-2.43949e+00	8.72963e-01	-1.47682e+00
1.26005e+00	-2.25115e+00	7.13600e-01	-1.13236e+00
1.52065e+00	-3.30663e-01	5.45935e-01	-1.00533e+00
