# No. of particles = 100 
# Proton - Solar wind	Electron - Solar wind	
1.71796e-01	-2.07664e-01	1.03479e-01	-8.08981e-01
2.40974e-02	-9.52885e-01	1.38432e+00	-5.60719e-02
2.22568e-01	-8.27525e-01	9.45221e-02	-9.84104e-01
1.74924e-01	-8.46887e-02	9.87979e-01	-9.38114e-01
4.36131e-01	6.40209e-01	2.88142e-01	-7.15684e-01
7.88456e-01	4.99458e-01	6.82836e-01	7.36755e-01
1.33383e+00	2.33757e-01	6.16100e-03	-6.23619e-01
1.58517e+00	9.53337e-01	1.23259e+00	-6.81397e-01
6.08332e-01	-7.65302e-01	1.44195e+00	8.71283e-01
1.54622e-01	-6.25846e-01	1.11266e+00	7.20495e-01
1.01623e+00	4.12498e-01	1.27741e+00	-2.97508e-01
1.59896e-01	-8.01192e-01	2.12969e-01	-8.90610e-01
6.47707e-01	-6.04233e-01	1.00469e+00	-7.60002e-01
9.28159e-01	3.90900e-01	4.10151e-01	-5.27162e-01
3.11418e-01	7.50841e-02	1.99772e+00	-9.80989e-01
6.90559e-01	-5.92346e-01	6.60503e-02	-7.99391e-01
5.77840e-02	-8.88803e-01	4.65830e-01	9.96125e-01
3.73927e-02	6.03020e-01	7.51219e-01	-5.87790e-01
9.07713e-01	3.88460e-01	9.43220e-02	-1.65052e-01
3.71449e-01	-2.77707e-01	1.32376e+00	4.93623e-01
1.45008e-01	-8.47206e-01	1.34305e+00	-2.15422e-01
3.75459e-01	-5.43970e-01	7.65325e-01	-2.09417e-01
1.80335e+00	1.20470e-01	2.55128e-01	-6.94494e-01
1.68010e-01	-1.29702e-01	4.66425e-01	-1.76089e-01
1.43260e+00	-7.06735e-01	5.15740e-03	-9.77731e-01
2.60435e-01	-2.53677e-01	2.09295e-01	-4.11440e-01
5.70870e-02	-5.21782e-01	3.56891e-01	-9.94219e-03
1.52319e+00	3.72608e-01	1.77447e-01	-6.92767e-01
1.42825e+00	-4.80540e-01	9.70190e-01	3.98200e-01
1.50008e+00	-3.83477e-01	6.76267e-01	-2.23478e-01
1.04060e+00	7.94035e-01	4.78210e-01	5.54237e-01
1.41645e+00	-5.13692e-01	8.21267e-02	-9.78470e-01
5.99526e-01	5.17314e-01	3.60802e-01	4.69536e-01
4.08274e-01	-1.46016e-03	2.66133e-01	-4.58933e-01
3.94918e-02	-9.85212e-01	1.82468e+00	-7.39002e-01
1.13893e+00	-1.82318e-01	1.48325e+00	-4.84018e-01
7.31773e-01	-8.04033e-01	7.87088e-01	5.98416e-01
3.10920e-01	6.03263e-01	3.76745e-01	-2.27526e-01
3.31272e-01	6.40103e-01	1.80138e+00	6.27461e-01
6.60223e-01	-1.18174e-01	1.31037e+00	-4.64951e-01
6.82859e-01	-8.09438e-01	6.42596e-01	1.46374e-01
1.29210e+00	-6.60762e-01	2.32792e-01	1.89757e-01
7.90458e-01	9.02455e-01	1.63304e+00	7.04359e-01
5.88746e-01	9.93508e-01	6.88059e-01	-5.26391e-03
2.92522e-01	3.37308e-01	1.33650e+00	4.36733e-01
8.98388e-01	-3.91822e-01	1.94268e+00	-9.19560e-01
9.25653e-01	-3.24822e-01	1.60431e+00	7.05735e-01
1.52969e+00	-5.62872e-01	1.94061e+00	7.83582e-02
1.46473e+00	9.24886e-01	8.50691e-01	-3.55830e-01
1.74081e+00	1.84504e-02	1.02843e+00	-2.06661e-01
7.94489e-02	-8.48403e-01	1.64816e+00	-1.54953e-01
7.58597e-01	-4.85150e-01	1.95090e+00	-6.63117e-01
1.00300e+00	5.75633e-01	2.76358e-01	7.96963e-01
7.98893e-01	1.99734e-01	3.88662e-01	-7.74702e-01
8.90164e-01	5.14681e-02	8.30706e-01	-1.39277e-01
1.68361e+00	-3.58899e-01	3.95066e-01	-6.98143e-02
1.75811e+00	1.69496e-01	3.25115e-01	-3.25056e-01
1.79866e+00	1.54266e-01	1.69436e+00	-4.51945e-01
1.31520e-01	3.87826e-01	1.21792e+00	-4.01352e-01
3.01593e-01	-7.19914e-01	1.14026e+00	-4.92623e-01
4.96555e-03	-1.15128e-02	3.97502e-01	-9.45653e-02
1.92040e-01	-7.91594e-01	1.17649e+00	-2.97808e-01
1.23005e+00	-1.27484e-01	1.95826e+00	7.03857e-02
1.01386e+00	-4.22724e-02	4.28964e-01	-4.32985e-02
9.91993e-01	-7.58596e-01	1.97921e+00	9.05262e-02
3.42274e-01	2.52551e-01	1.30254e+00	-9.05969e-01
3.87798e-01	7.63141e-01	8.59673e-01	-3.50380e-01
1.38164e-01	-4.10743e-01	1.91267e+00	-2.56258e-01
4.28578e-01	-2.31776e-01	1.47126e-01	-5.36080e-01
1.25065e+00	5.89003e-01	6.35758e-01	-5.22366e-01
3.76728e-01	6.23239e-02	1.66298e+00	-9.11015e-01
1.45246e-01	-7.89024e-01	1.42452e+00	4.66248e-01
1.30719e+00	4.04109e-01	1.90261e+00	8.79420e-02
1.77219e-01	-5.01481e-01	6.41030e-03	-9.57708e-01
3.59947e-01	-7.32071e-01	5.26981e-01	-6.03232e-01
5.50074e-02	2.20874e-01	1.95906e+00	8.86221e-01
1.08237e-02	3.97568e-02	5.74545e-01	1.03011e-01
1.61670e+00	-1.22955e-01	1.65062e+00	-6.94122e-01
1.47463e+00	6.33029e-01	1.25932e+00	-4.52013e-01
5.82762e-01	4.15884e-01	1.94076e+00	6.51842e-01
5.19739e-01	-7.25789e-01	1.75573e+00	-7.80398e-01
1.90365e+00	-9.32809e-02	1.25303e+00	2.50771e-01
4.51407e-01	-5.14252e-01	3.15874e-01	8.97270e-01
4.72110e-01	-2.02711e-01	1.96853e-01	5.13541e-02
1.07399e-02	8.80696e-01	1.42011e-01	-8.15628e-01
1.33604e-01	-3.84412e-01	1.64166e+00	-2.91340e-01
1.71953e-01	-7.10909e-01	8.28044e-01	-1.01453e-01
1.26232e-01	7.09144e-01	4.41477e-02	6.45454e-01
3.08293e-01	-2.22842e-01	1.74814e+00	-1.87058e-01
1.07206e+00	-7.94504e-01	1.47540e+00	5.24479e-01
7.81496e-02	-8.90546e-01	1.24388e+00	2.30860e-01
7.44691e-01	5.34096e-01	1.32232e-01	7.96792e-01
3.41046e-01	-3.72138e-01	1.25141e-01	-1.88747e-02
9.21666e-01	1.27060e-01	3.48814e-02	9.96511e-01
1.48754e-01	8.12281e-01	1.96212e+00	-6.87396e-02
1.15745e+00	6.81398e-01	4.77513e-01	-4.90601e-02
1.77907e+00	7.86752e-01	3.89808e-01	2.10777e-01
1.05213e+00	-4.93368e-01	1.91719e-01	-4.46555e-01
7.21702e-01	2.27257e-01	5.57489e-01	-4.85926e-01
7.48978e-01	-9.25812e-01	2.55794e-01	1.92352e-01
