# No. of particles = 100 
# Proton - Solar wind	Electron - Solar wind	
2.33766e-02	-9.60531e-01	1.20420e-01	-3.31687e-01
5.74507e-01	-3.62690e-01	2.51735e-01	-6.69046e-01
2.91353e-01	-7.29118e-01	1.27562e+00	3.42857e-01
1.29168e+00	-2.09274e-01	8.11573e-01	-7.10009e-01
8.61266e-01	-5.17302e-01	8.69820e-01	-1.00997e-01
3.56467e-01	-9.40621e-03	9.53373e-01	-4.35850e-01
3.76514e-01	-9.26555e-01	3.03826e-01	2.89046e-01
2.00281e-01	-6.76078e-01	3.72128e-01	2.85239e-02
4.39582e-01	-9.58599e-01	2.06494e-01	-6.25564e-01
4.34948e-01	-7.92283e-01	3.62871e-02	-9.84365e-01
3.52147e-01	-6.41297e-01	6.23613e-01	-4.88738e-01
1.40396e+00	8.59216e-01	8.32457e-01	9.64789e-01
1.96382e+00	2.26805e-01	2.23127e-01	1.86708e-01
6.38414e-01	-1.75910e-01	1.97573e+00	-6.40932e-01
1.61889e+00	-7.85962e-01	1.08448e+00	2.43377e-01
4.89370e-01	-5.27711e-01	3.52632e-01	9.27315e-01
1.38347e+00	-4.42106e-01	4.41802e-01	-9.30474e-01
1.75006e-01	6.77596e-02	1.49905e+00	5.34753e-01
1.24488e+00	-6.04569e-01	6.07947e-02	-9.79532e-01
3.75404e-01	-5.27678e-01	1.75441e-01	-5.87114e-01
1.60073e+00	-2.66452e-01	8.28822e-01	1.54845e-01
2.80815e-01	-3.39187e-01	8.21298e-01	-2.66723e-01
6.20851e-01	-8.30952e-01	1.33069e+00	2.91011e-01
4.59433e-01	-5.12034e-01	7.99841e-02	-5.83173e-01
1.82840e+00	-3.34343e-01	4.78123e-01	7.87797e-02
1.13866e+00	1.53466e-01	4.29297e-02	-3.50551e-01
8.03166e-01	7.13521e-01	4.67872e-02	-9.11917e-01
3.62294e-01	3.96741e-01	1.00218e+00	-5.43211e-01
9.37825e-01	-8.50809e-01	1.37297e+00	4.74366e-01
4.96146e-01	-4.51902e-02	1.48019e+00	2.12405e-01
4.22075e-01	-4.59102e-01	3.79578e-01	9.05269e-01
2.62723e-02	-9.38353e-01	2.51952e-01	7.12232e-01
1.34549e-01	-5.39428e-01	6.52145e-01	-4.18593e-01
8.36967e-02	-8.88208e-01	4.84872e-01	-4.81249e-01
5.66542e-01	2.99085e-01	1.62662e+00	7.37884e-01
9.84328e-01	-8.30052e-01	1.53289e+00	3.17502e-01
6.77363e-01	9.30077e-01	1.77450e+00	5.07632e-01
1.67190e+00	-6.87621e-01	2.54403e-01	6.89899e-01
1.74727e+00	-7.53994e-01	1.93996e+00	-1.56336e-01
1.19480e-01	-7.69474e-01	1.88778e+00	-6.27833e-01
3.41335e-01	-6.55379e-01	1.88935e-01	-8.33729e-01
1.16777e+00	9.14664e-01	2.03908e-01	-4.38924e-01
6.75054e-01	1.28058e-01	3.05414e-01	-6.69748e-01
6.15886e-01	-2.21562e-01	1.33546e-01	-8.98940e-01
9.18027e-02	-7.26281e-01	3.51535e-01	-5.03392e-01
3.51458e-02	-9.49791e-01	9.30576e-01	-8.45327e-01
2.94287e-01	-5.21943e-01	2.91174e-01	-7.95167e-01
1.53198e-01	-8.58688e-01	1.92046e+00	-9.00742e-01
3.28681e-01	6.00067e-01	4.54113e-01	-5.94737e-01
1.91456e+00	-2.10757e-01	2.81331e-01	-9.57587e-01
1.86933e+00	7.69868e-02	1.84514e+00	9.33051e-01
5.56319e-01	2.78219e-01	7.41935e-01	8.49567e-01
1.37608e-01	-6.34835e-01	1.06997e+00	-1.03575e-01
3.28063e-01	-4.92185e-01	1.40802e+00	8.91937e-02
4.65071e-01	-3.28418e-02	1.47059e+00	5.50740e-01
1.04441e-01	-9.88082e-01	1.01305e-02	1.12105e-01
6.92667e-02	-9.25665e-01	5.70639e-02	-7.19066e-01
1.30682e+00	-6.19010e-01	1.67500e+00	-1.28380e-01
5.71452e-01	-4.05307e-01	1.55730e-01	-2.64929e-03
7.93067e-01	-6.77402e-02	1.87460e+00	5.33788e-02
7.78434e-01	-4.81501e-01	5.21617e-01	-6.17955e-01
5.88280e-01	-7.24191e-01	7.27486e-01	-2.98679e-02
6.37115e-02	-9.71851e-01	9.19602e-02	-5.01158e-01
6.06495e-02	-4.85038e-01	1.37264e+00	-6.01490e-01
9.33904e-02	-3.84065e-01	1.30845e+00	-4.32810e-01
1.05028e+00	-4.91278e-01	4.29362e-01	9.81815e-01
9.96260e-02	-8.42375e-01	1.17245e+00	-6.14357e-01
9.73760e-01	9.09354e-01	7.66095e-01	-2.61184e-01
8.62600e-01	5.49392e-01	8.67217e-01	7.49321e-01
3.79263e-02	-8.68420e-01	1.66357e+00	-6.45179e-01
1.01222e-01	-9.27095e-01	1.25621e+00	2.84775e-01
2.06102e-01	-9.77142e-01	1.94321e+00	5.79308e-01
5.95069e-01	3.52321e-01	1.20118e+00	-6.73233e-01
6.90075e-02	9.72625e-01	1.61126e+00	3.26269e-01
6.95673e-01	-3.96061e-01	1.25284e-01	-7.74040e-01
1.69279e-01	3.37031e-01	1.17272e+00	-3.48215e-01
4.36529e-01	-1.14670e-01	2.88417e-01	1.91052e-01
1.00993e-01	-1.89912e-01	2.12762e-01	-6.07947e-02
6.03556e-02	-8.81554e-01	1.33011e+00	-1.54354e-01
1.32298e-01	-4.38990e-01	1.15599e+00	-5.07741e-01
1.31464e-01	-7.85353e-01	1.39471e+00	3.63427e-01
3.15251e-01	-8.66581e-01	6.61936e-01	5.40901e-01
1.73928e+00	9.55197e-01	6.89116e-01	-1.07200e-01
5.82366e-01	-8.79582e-01	1.48556e-01	1.98851e-02
4.96042e-01	3.27652e-01	2.87649e-01	-3.55196e-01
3.69038e-01	5.78374e-01	8.27923e-01	-1.69223e-01
4.81018e-01	-2.06344e-01	1.63544e-01	1.32209e-01
1.06654e-01	-9.40234e-01	1.00368e-02	-9.70308e-01
1.38302e+00	-3.83682e-01	1.41800e+00	3.87344e-01
8.75019e-01	-9.52036e-01	2.87206e-01	-6.54888e-01
1.71680e-01	-4.65606e-01	1.10789e+00	5.95779e-01
6.88387e-01	-6.57311e-01	1.14395e+00	-5.13148e-01
8.27797e-01	7.80897e-01	4.43995e-01	2.91583e-01
5.99528e-01	1.43925e-01	1.71665e-02	-1.65725e-02
2.26261e-01	-8.25387e-01	1.34553e+00	7.69769e-01
1.76422e+00	1.69159e-01	1.40061e+00	-2.78189e-01
3.47307e-01	3.75161e-01	4.75490e-01	9.78826e-02
5.50227e-02	-4.30816e-01	4.77146e-01	2.40963e-01
1.38214e-01	-2.96999e-01	1.98643e+00	7.10453e-01
5.92985e-01	-2.43069e-01	1.18682e+00	-3.03988e-01
