# No. of particles = 100 
# Proton - Solar wind	Electron - Solar wind	
3.15469e-01	1.71835e-01	1.74750e+00	-5.58271e-01
5.80129e-01	1.29207e-01	1.14649e+00	8.61626e-01
1.14770e+00	-6.78831e-02	1.33530e+00	-3.38095e-01
1.89092e-02	-9.72688e-01	1.32624e-01	-5.27579e-01
1.70553e-01	-5.77248e-01	5.82744e-01	-7.23526e-01
4.09852e-01	-4.96062e-01	6.43113e-01	-4.31483e-01
4.90699e-01	-3.62856e-01	1.50392e+00	-7.53719e-01
1.09285e+00	8.25356e-01	1.56946e+00	-2.25182e-01
1.33569e-01	-7.63872e-01	3.22545e-01	-4.87651e-01
6.71839e-01	9.66558e-01	5.67185e-02	-8.94342e-01
2.15997e-01	-8.47987e-01	1.00839e+00	-9.57991e-01
7.54989e-01	-4.20062e-02	1.93565e-01	-4.85740e-01
1.26627e+00	-2.00616e-01	1.86805e-01	-2.32232e-01
2.75638e-01	-4.20551e-01	1.07139e+00	4.00526e-01
6.10119e-01	-8.95763e-01	1.06349e+00	-7.56232e-01
1.00087e+00	9.17464e-01	8.72628e-01	4.85176e-01
1.12477e+00	-5.07198e-01	1.21494e-02	-8.38220e-01
7.45369e-02	-6.96589e-01	9.98329e-01	-7.18650e-01
4.53316e-01	-3.39203e-01	8.10872e-01	2.15629e-01
7.20255e-01	6.53413e-01	7.79848e-01	-7.48926e-01
8.39098e-01	3.90435e-01	1.76129e+00	-4.82452e-01
4.38907e-01	3.98684e-01	7.90313e-01	-5.07501e-01
1.06591e+00	-3.06852e-01	8.38381e-02	7.50607e-01
2.97827e-01	5.27612e-01	1.08179e-01	5.57097e-01
1.76971e+00	-2.08454e-01	1.48013e+00	2.94149e-01
1.87247e-01	3.44794e-01	1.72125e+00	1.18417e-01
1.73099e-02	-9.58870e-01	9.73008e-01	-3.52816e-01
2.49643e-01	-3.07392e-01	7.12440e-02	-3.45124e-01
1.23831e+00	-1.01685e-01	6.81580e-01	-9.63117e-01
1.14168e+00	2.11982e-01	1.15319e+00	-8.35994e-01
9.80533e-01	3.56051e-01	1.02709e+00	3.64262e-01
8.81600e-01	-9.21631e-01	2.55794e-01	-3.79880e-01
1.40971e-01	-4.35863e-01	2.67913e-01	-5.84203e-01
1.24655e+00	-6.36701e-01	1.05115e+00	3.72717e-01
5.71919e-01	9.93320e-01	1.67083e+00	8.14016e-01
3.07036e-01	-9.26659e-01	1.59075e-01	-6.68070e-01
4.70073e-02	-9.65806e-01	1.25404e-01	-5.82519e-01
5.17064e-01	-8.82136e-01	5.69360e-01	3.61989e-02
3.65981e-01	3.91145e-01	6.04491e-01	-8.44198e-01
1.97989e-01	-9.67799e-01	1.10834e-01	-9.48607e-01
7.07491e-01	9.50358e-01	1.51929e+00	-1.03471e-01
1.78014e+00	8.53363e-01	1.97512e-01	5.25125e-02
9.01130e-02	-9.61777e-01	1.53923e+00	1.35667e-01
2.85383e-01	-7.40731e-01	1.78937e+00	7.49969e-01
3.99359e-01	2.70923e-01	2.54973e-01	-4.79268e-01
6.44523e-01	-6.24948e-01	1.24520e+00	-8.99065e-01
1.70779e+00	2.48178e-01	2.92114e-01	-3.84521e-01
7.81747e-01	-1.25628e-01	1.50328e+00	-1.05307e-01
4.71712e-02	-7.91428e-01	5.43244e-01	7.11924e-01
5.10793e-02	-8.65855e-01	3.36880e-01	-1.25667e-01
5.50710e-01	-7.06059e-01	4.28462e-01	-6.27942e-01
1.90740e+00	2.79569e-01	1.77066e+00	-9.06614e-02
1.04723e+00	8.75987e-01	1.05588e-01	-9.35291e-01
2.29299e-01	7.22375e-01	7.75404e-01	-4.30680e-01
1.19934e-01	-9.23522e-01	1.50351e+00	3.30478e-02
1.85268e+00	-6.45481e-01	4.69492e-01	1.13680e-02
8.38826e-02	-6.16365e-01	8.19853e-01	5.00994e-01
1.71342e+00	-4.37885e-01	7.10808e-01	-8.60185e-01
7.52846e-01	6.27258e-01	1.66443e-01	1.14019e-01
1.01916e-02	-9.73875e-01	3.59837e-02	-8.88419e-01
8.50942e-01	9.62356e-01	1.49386e-01	1.49357e-03
3.20019e-02	-7.30873e-01	8.00110e-02	-8.91554e-04
3.32540e-01	-4.48545e-01	1.05012e+00	-7.93440e-01
8.36396e-01	1.98813e-01	4.67065e-01	-4.78011e-01
5.43552e-01	5.24734e-01	8.02895e-02	-9.13025e-01
4.90340e-01	-7.09038e-01	1.29874e+00	-8.67505e-01
1.25521e+00	9.17010e-01	5.55786e-01	-9.23929e-01
6.55308e-01	5.18295e-01	4.82967e-01	7.24900e-01
9.12048e-01	6.11227e-01	8.13121e-01	1.18379e-01
9.40500e-01	4.22679e-01	6.48229e-02	-9.21665e-01
2.58082e-01	-6.34312e-01	1.82887e+00	3.37467e-01
1.55411e+00	4.64752e-01	4.58929e-01	-4.23272e-01
1.51930e-01	-7.41212e-01	1.20662e+00	-3.53997e-01
2.94479e-01	-4.29836e-01	1.56090e+00	1.39515e-01
5.61919e-01	-5.20809e-01	2.75298e-01	-6.39716e-01
3.75960e-03	1.24726e-01	2.71069e-01	-8.53232e-01
8.52001e-01	7.48674e-01	1.87188e+00	-1.22154e-01
1.94556e-01	-7.58087e-01	1.29841e+00	-4.40861e-01
2.68106e-01	-6.17026e-01	1.86626e+00	-5.93135e-02
1.00410e+00	1.78403e-01	4.89444e-01	-3.85743e-01
8.60782e-01	-4.85761e-02	1.19749e+00	-7.19947e-03
1.27149e+00	4.49415e-01	8.46985e-01	-4.76430e-01
1.08441e+00	1.84767e-01	7.01327e-01	3.48555e-01
6.39744e-02	-2.59653e-02	1.01287e+00	4.99025e-01
1.40872e-01	-2.80081e-02	4.12926e-01	5.77806e-01
2.60779e-01	7.46774e-02	1.24593e-01	6.94437e-01
3.62230e-01	-4.51464e-01	6.54238e-01	-3.22812e-01
1.30568e+00	-3.82581e-01	1.76136e-02	-9.78947e-01
5.32130e-01	-4.79160e-01	5.24573e-01	-5.45112e-01
4.45089e-01	7.77771e-01	1.10035e-02	-7.60510e-01
1.28871e-01	-6.79483e-01	2.77931e-02	9.51237e-01
1.47662e-02	3.28977e-01	7.28943e-01	-6.85200e-01
5.95805e-01	1.58525e-01	1.59838e+00	1.08614e-01
2.58033e-01	-7.00596e-01	1.95092e-01	4.41573e-01
7.10506e-01	-1.27493e-01	9.12334e-01	-1.27084e-01
1.23531e+00	2.09581e-01	1.87822e+00	3.33330e-03
1.62834e+00	6.48571e-01	1.81429e-01	-3.39737e-01
3.76298e-01	-1.47784e-01	1.24528e-02	1.31097e-01
1.70314e+00	6.61444e-01	1.06287e+00	-1.00421e-02
3.97290e-01	-9.03034e-01	1.14882e+00	7.86594e-01
