# No. of particles = 100 
# Proton - Solar wind	Electron - Solar wind	
8.46387e+00	-3.56513e+00	1.02654e+00	-2.04111e+00
7.30669e+00	-4.64021e+00	5.07110e-01	-1.00293e-02
6.10327e-01	-4.42199e+00	3.69447e+00	-1.81305e+00
1.89443e+00	4.82517e+00	1.85759e+00	1.13631e+00
1.55047e-01	1.74713e+00	2.52625e+00	-2.94908e+00
6.46812e+00	4.99661e+00	5.44543e+00	2.72605e+00
9.91236e+00	4.01231e+00	2.40178e+00	4.54770e+00
9.07167e+00	9.13757e-01	4.08902e+00	-2.44721e+00
7.40206e+00	2.82247e+00	7.99192e+00	8.27355e-01
5.88019e+00	-5.70566e-01	1.84472e-01	-3.05756e+00
6.66616e+00	-3.88878e+00	4.98796e+00	-4.73508e+00
8.16733e+00	-3.73008e+00	6.12216e-02	-3.32572e+00
9.39333e+00	-3.42308e+00	8.71406e+00	4.91740e+00
4.82745e+00	-1.35590e+00	9.90585e+00	4.92763e+00
8.71191e+00	2.95251e+00	9.91708e+00	1.25044e+00
9.36824e+00	3.19895e+00	5.50730e+00	1.26518e+00
8.74390e+00	-2.06111e+00	9.32123e+00	-2.11827e+00
8.00532e+00	-2.42103e+00	3.14281e-01	3.48045e+00
8.19515e+00	-4.41913e+00	5.44495e+00	-3.67729e+00
7.66149e+00	3.12116e+00	2.88848e+00	-1.00743e+00
5.60553e+00	-1.91211e+00	4.26520e+00	-4.37097e+00
9.46847e+00	-1.22788e+00	5.55248e+00	-2.35840e+00
9.33732e+00	-3.78403e+00	8.34590e+00	3.87325e+00
5.75481e+00	-2.65232e-01	7.31416e+00	3.58635e+00
9.81441e+00	-3.56922e+00	9.20896e+00	3.94700e+00
7.94219e+00	4.06972e+00	8.70416e+00	-1.91678e+00
8.69954e+00	-3.93408e+00	6.93432e+00	1.68322e+00
8.75309e+00	3.15598e+00	4.37917e+00	-1.52341e+00
9.72105e+00	-1.73702e+00	7.71423e+00	-2.93019e+00
7.01812e+00	-1.32801e+00	8.43026e+00	4.83327e+00
8.56494e+00	-2.85136e-01	4.69369e+00	1.20355e-02
9.42996e+00	-3.80108e+00	4.78470e+00	1.51700e+00
7.59794e+00	6.57605e-01	3.14141e+00	2.16823e+00
8.49553e+00	9.61403e-01	1.95536e-01	4.95505e+00
9.03438e+00	-7.42976e-01	9.68948e+00	4.44703e+00
9.30292e+00	-2.09649e+00	6.53007e+00	3.36310e+00
8.83263e+00	-4.23342e+00	7.72250e+00	-2.40857e+00
7.11409e+00	-1.27729e+00	1.51123e+00	-3.42007e-01
7.01750e+00	-3.36626e+00	2.40932e+00	-4.36156e+00
9.97985e+00	4.89968e+00	2.20854e+00	1.75618e+00
8.05449e+00	-4.78632e+00	9.55249e+00	3.50575e+00
8.37369e+00	7.57210e-01	8.83646e+00	-4.34640e+00
9.53004e+00	3.89793e+00	6.90911e+00	4.69557e+00
8.47881e+00	-3.84662e+00	8.32108e+00	-8.13716e-01
6.82407e+00	-3.11613e+00	3.18767e-01	-1.19966e+00
7.75520e+00	-3.87033e+00	4.10691e+00	-4.97279e+00
6.25510e+00	-1.23293e+00	1.44555e+00	-1.98910e-01
8.96680e+00	-4.58005e+00	7.87544e+00	2.48882e+00
9.84926e+00	-8.23086e-01	3.50992e+00	2.65034e+00
4.39260e+00	4.18779e+00	8.23888e+00	4.50159e+00
8.60411e+00	-2.94833e+00	4.34560e+00	1.11309e+00
9.76683e+00	9.71322e-01	7.84480e+00	2.97062e+00
9.88519e+00	-1.81948e+00	1.94546e+00	-4.04189e+00
8.73524e+00	-9.26065e-01	1.93394e-01	3.68117e+00
6.58605e+00	9.86634e-01	9.55312e+00	3.29355e+00
9.99066e+00	-3.77801e+00	7.55737e+00	1.19769e+00
9.67995e+00	4.48367e-01	7.78528e+00	-2.71905e+00
9.65833e+00	-2.31261e+00	4.31962e+00	2.92752e+00
7.75052e+00	1.47311e+00	5.08323e+00	-1.05778e+00
9.41847e+00	4.01234e+00	7.00311e+00	1.80109e+00
7.82463e+00	8.77730e-01	8.27904e+00	2.46196e+00
5.75847e+00	7.75435e-02	2.45852e+00	3.88997e+00
8.54382e+00	-1.32672e+00	4.34320e+00	-2.86045e+00
9.41825e+00	-1.13654e+00	3.55131e+00	6.57874e-01
6.14605e+00	-2.41286e+00	9.92702e+00	1.57526e+00
8.16141e+00	4.53452e+00	9.30930e+00	6.95118e-01
8.87601e+00	-2.81655e+00	9.10446e+00	2.79358e+00
9.82276e+00	-4.18135e+00	5.64481e+00	2.16640e+00
4.62062e+00	-3.00431e+00	6.25111e+00	-4.50234e+00
9.42339e+00	1.53313e+00	9.92901e+00	-3.57490e+00
9.76934e+00	5.49474e-01	9.33964e+00	-1.08238e+00
9.84409e+00	2.16201e+00	7.22428e+00	3.98380e+00
6.92709e+00	4.75250e+00	1.05175e+00	4.87972e+00
6.59747e+00	4.91120e+00	1.44675e+00	3.29236e+00
9.10303e+00	4.66006e-01	8.17597e+00	-2.20782e+00
8.04142e+00	1.99741e+00	7.27776e+00	4.36302e+00
9.79691e+00	-3.65298e+00	9.66623e+00	1.40995e+00
9.38667e+00	-4.39371e-01	2.74217e+00	2.07966e+00
6.47601e+00	7.72073e-01	8.61552e+00	-2.71732e+00
9.89320e+00	-1.12098e+00	5.27076e+00	4.94247e+00
9.00074e+00	3.48774e+00	9.76575e+00	-3.37849e+00
8.49387e+00	-8.26121e-01	6.23953e+00	3.57169e+00
8.14988e+00	1.03225e+00	8.39166e+00	-1.64811e+00
8.53577e+00	-3.32313e+00	5.49335e-01	-2.70184e+00
8.81526e+00	3.22353e+00	6.22830e-01	-2.93018e+00
8.71386e+00	-2.81488e+00	9.41647e+00	-1.88920e+00
8.92521e+00	-4.73893e-01	7.79732e+00	3.97085e+00
9.54470e+00	-2.01665e+00	6.78681e+00	3.19692e+00
9.31573e+00	9.39494e-01	4.88722e+00	-4.64619e+00
8.99759e+00	-1.73673e+00	9.26000e+00	2.77559e+00
8.47161e+00	1.70280e+00	8.66156e+00	2.10493e+00
9.77222e+00	-4.40685e+00	9.27642e+00	1.62536e+00
9.80723e+00	6.87372e-01	9.90625e+00	-1.41620e+00
7.15896e+00	-3.88704e+00	9.91870e+00	2.40144e+00
7.50596e+00	-1.13942e+00	7.43428e+00	9.49598e-01
5.85588e+00	-1.44497e+00	7.19327e+00	-3.62068e+00
8.23218e+00	-2.87729e+00	8.12648e+00	-1.00132e+00
8.67766e+00	2.25168e-01	6.26123e-02	1.32036e+00
8.99130e+00	-4.71561e+00	3.40357e+00	-4.27660e+00
8.73005e+00	-2.21497e+00	7.59981e+00	1.33762e+00
