# No. of particles = 100 
# Proton - Solar wind	Electron - Solar wind	
3.46061e-01	3.18715e-01	3.52066e-01	-5.68711e-01
7.23628e-01	4.17187e-01	1.35553e+00	-3.69432e-02
1.22711e+00	-5.20248e-03	1.27864e+00	-2.32349e-01
2.41333e-01	-6.60131e-01	3.99281e-01	-4.17853e-01
2.54889e-01	-2.70448e-01	9.27874e-01	2.80921e-01
6.21609e-01	-2.34403e-01	3.68229e-01	5.91804e-01
6.08717e-01	-2.11829e-01	2.82550e-01	-9.56252e-01
3.71828e-02	-9.75424e-01	6.92756e-01	-1.85002e-01
3.13579e-01	-3.30547e-01	1.79225e+00	7.37709e-01
1.77746e-01	-6.55359e-01	1.00055e+00	2.37285e-01
3.82267e-01	-5.48889e-01	6.78545e-02	-4.25119e-01
8.05792e-01	2.21220e-02	2.82918e-01	-7.34728e-01
1.31802e+00	-1.67124e-01	1.23922e-02	-8.04567e-01
3.39438e-01	-2.41613e-01	1.39981e+00	-1.33238e-01
6.90552e-01	-8.82828e-01	3.99407e-01	-5.62158e-01
1.20764e-01	-8.43606e-01	1.09374e+00	-2.95305e-01
1.66860e+00	-2.32787e-01	9.05823e-01	-6.18433e-01
8.63927e-02	-6.34074e-01	1.57098e+00	-6.36233e-01
5.75794e-01	-1.59069e-01	6.83938e-01	6.89744e-02
8.96614e-02	-9.24194e-01	1.91895e+00	8.27934e-01
8.98252e-01	4.94785e-01	1.34094e-02	-9.35145e-01
6.10612e-01	9.52634e-01	3.33621e-01	-4.08978e-01
1.34408e+00	-1.07859e-01	6.48261e-02	-9.20211e-01
3.09742e-01	5.83628e-01	1.25617e+00	-2.80487e-02
1.94970e+00	-1.28375e-01	5.33434e-01	4.17075e-01
2.31683e-01	8.33630e-01	1.49103e+00	-8.20334e-02
2.81110e-02	-1.90360e-02	9.97110e-01	8.65129e-01
3.23708e-01	-8.01726e-02	4.26539e-01	4.88621e-01
1.71261e+00	2.76244e-01	1.88931e+00	-4.20006e-01
1.26261e+00	3.40133e-01	3.83645e-01	5.57746e-01
1.10896e+00	5.47010e-01	1.35712e-01	-5.94981e-01
1.29866e+00	-8.87274e-01	7.77211e-01	1.03896e-01
1.98902e-01	-1.85262e-01	9.76324e-01	-8.49207e-01
1.51499e+00	-5.61496e-01	5.13814e-01	-2.74532e-01
2.99773e-01	-7.39294e-01	1.31736e+00	8.03742e-01
3.62964e-01	-9.14268e-01	6.68479e-01	-7.58046e-01
1.04347e-01	-8.15412e-01	1.17201e+00	9.25465e-01
6.09296e-01	-8.62034e-01	2.97858e-01	3.23458e-01
4.05013e-01	5.44647e-01	1.29691e+00	-4.87203e-02
3.43755e-01	-8.42383e-01	6.93781e-01	-5.03515e-01
4.94153e-02	-6.81856e-01	3.43854e-01	-8.79167e-02
2.49597e-02	2.12941e-02	4.87964e-01	-1.08964e-01
1.52129e-01	-8.69450e-01	1.06241e+00	4.49477e-01
3.20027e-01	-6.94032e-01	1.63404e+00	2.38818e-01
4.36993e-01	3.94616e-01	1.89012e+00	-4.02733e-02
8.29055e-01	-5.12648e-01	1.45243e+00	-4.56605e-01
1.77405e+00	2.96733e-01	6.61411e-01	-6.26450e-01
9.51546e-01	-2.19597e-01	8.40414e-01	5.32495e-01
7.38004e-02	-6.79279e-01	7.32688e-01	4.05593e-01
2.05922e-01	-4.56244e-01	1.63127e+00	-8.05247e-01
6.44990e-01	-6.37940e-01	9.83467e-01	5.01542e-01
1.13863e-02	-9.84756e-01	5.19303e-01	-3.39113e-01
2.80316e-01	-8.37291e-01	2.72895e-01	-8.88735e-01
1.56358e-01	-7.68349e-01	9.96489e-01	-5.87542e-01
3.16698e-01	-6.83210e-01	8.61216e-01	3.91183e-01
1.80983e+00	-8.04843e-01	5.81348e-01	3.59157e-01
9.60537e-02	-4.82017e-01	2.73428e-01	3.93949e-01
1.97300e+00	-3.54114e-01	1.23271e+00	-1.87719e-01
8.38725e-01	8.13666e-01	6.12282e-01	5.61541e-01
8.74808e-02	-8.91206e-01	1.46178e-01	-6.09192e-01
7.65397e-02	-7.31406e-01	1.34846e+00	9.62779e-01
6.81737e-02	-2.70235e-01	1.68217e+00	-9.42672e-01
3.88193e-01	-3.36093e-01	6.65895e-01	-2.22773e-01
9.49810e-01	3.65645e-01	1.57773e+00	8.54654e-01
6.72966e-01	8.86691e-01	3.65263e-01	-7.13907e-01
5.37562e-01	-6.81281e-01	7.72484e-01	-6.65906e-01
6.25542e-02	-8.36634e-01	1.39232e+00	3.12994e-01
9.96515e-01	7.89603e-01	6.68558e-01	-1.73256e-01
9.53292e-01	6.83090e-01	1.81889e+00	-3.35765e-01
1.04047e+00	5.82798e-01	1.50992e-01	-6.78822e-01
1.81241e+00	-1.51494e-01	1.23228e+00	5.71913e-01
1.49175e+00	5.35215e-01	1.72385e-02	7.24026e-02
2.00190e-01	-6.54060e-01	1.57492e-01	-4.46538e-01
3.75727e-01	-2.66768e-01	1.22953e+00	-7.69116e-01
5.79648e-01	-5.02136e-01	1.29496e-01	-6.18185e-01
1.99782e-02	1.41660e-01	1.92914e+00	6.73787e-01
4.73776e-01	7.93047e-01	8.15840e-01	3.28433e-01
3.75107e-01	-5.29467e-01	4.48056e-01	4.30326e-01
3.61311e-01	-4.84499e-01	6.15831e-01	-4.28223e-01
1.22025e+00	4.41692e-01	5.46592e-03	-9.78465e-01
1.33808e+00	-1.26440e-01	1.84118e-01	-3.02169e-01
1.21784e+00	4.94638e-01	2.58981e-01	-8.67644e-01
1.13588e+00	2.44877e-01	1.80281e+00	9.68208e-02
4.78475e-02	1.15278e-01	1.02296e+00	-4.76866e-01
1.05768e-01	4.29442e-01	1.05216e+00	1.47916e-01
2.72160e-01	1.13888e-01	1.52065e+00	1.10946e-01
3.79574e-01	-4.28443e-01	4.25932e-01	3.20224e-01
1.58623e+00	-4.77929e-01	6.75374e-01	4.20254e-01
7.92269e-01	-6.69351e-01	1.62881e+00	-4.98195e-01
1.82363e-01	7.65704e-01	4.25511e-01	-6.41553e-01
1.34359e-01	-6.60984e-01	1.61027e+00	1.57461e-01
2.35711e-02	-9.88041e-01	1.37586e+00	-6.62935e-01
6.17566e-01	2.03419e-01	1.56366e+00	-4.76000e-01
3.00606e-01	-6.30668e-01	1.10260e+00	-7.38901e-01
8.36815e-01	8.43117e-02	5.00798e-01	7.38931e-02
1.60720e+00	6.10026e-01	6.33445e-01	-9.12988e-01
1.41914e+00	9.25892e-01	1.10233e-02	9.27689e-01
5.26787e-01	2.18939e-01	4.79982e-01	-3.27542e-01
1.78622e+00	6.98447e-01	5.01485e-01	8.50797e-02
5.48195e-01	-8.67562e-01	1.71027e+00	-4.45966e-01
