# No. of particles = 100 
# Proton - Solar wind	Electron - Solar wind	
1.34975e+00	-3.95286e+00	4.06213e+00	-4.02356e+00
4.85660e-01	7.63199e-01	6.98858e+00	-2.27727e+00
1.46312e-01	-3.48482e+00	4.16300e-01	4.62475e+00
5.77024e-02	-1.30264e+00	9.55815e+00	2.80966e+00
3.96278e-02	3.35188e+00	4.68493e+00	3.94416e+00
4.53467e-03	2.22934e+00	1.00308e+00	-4.48036e-01
9.82966e+00	1.55693e+00	7.24468e-02	-8.57146e-01
6.98464e+00	1.04920e+00	3.45060e+00	2.15045e+00
8.18868e+00	-1.74298e+00	8.82711e+00	-3.01068e+00
9.60242e+00	-6.47967e-01	3.52282e+00	-2.79894e+00
9.59742e+00	-3.89329e-01	8.57537e+00	-4.86078e-01
9.13086e+00	1.67714e+00	3.36330e-02	4.70784e+00
7.86880e+00	-7.70780e-01	9.21185e-01	-3.51549e+00
8.07564e+00	-3.18158e+00	3.20593e+00	-4.53736e+00
9.34590e+00	2.58208e+00	7.79333e+00	9.05310e-01
8.80123e+00	-3.57021e+00	2.27129e+00	-3.34596e+00
6.88733e+00	-1.78071e+00	3.66402e+00	-4.32517e+00
9.96744e+00	-1.91228e-01	5.50609e+00	-2.20513e+00
6.82853e+00	-1.77421e+00	7.83512e+00	-4.69174e+00
8.64985e+00	-3.34846e-01	6.50154e+00	3.77891e+00
9.37342e+00	-3.13182e+00	8.90779e+00	7.22671e-01
5.82276e+00	-3.24554e+00	5.58497e+00	-4.95879e-01
7.68961e+00	-5.42533e-01	7.67573e+00	-1.45853e+00
6.70305e+00	1.86989e+00	8.99422e+00	2.98895e+00
5.91376e+00	-1.50539e+00	8.29319e+00	4.80810e+00
9.65879e+00	-2.89319e-01	4.01685e+00	-9.18717e-02
5.68441e+00	-2.75056e+00	5.93026e-01	-4.82295e+00
8.14705e+00	-1.40584e+00	7.86504e+00	1.34345e+00
9.88581e+00	1.72892e+00	2.75606e+00	1.93032e+00
9.97480e+00	5.20582e-01	9.67273e+00	2.55149e+00
8.52087e+00	5.06160e-01	8.05663e+00	1.81578e+00
8.16031e+00	-1.00065e+00	2.54390e+00	3.83757e+00
9.23039e+00	-1.25939e+00	8.42702e-01	-1.67091e+00
4.88883e+00	-2.14224e+00	6.81951e+00	-1.44894e+00
8.62332e+00	-3.38816e+00	9.61921e-01	4.77276e+00
9.68590e+00	7.77423e-01	9.44240e+00	-8.58821e-01
8.59538e+00	-3.46341e+00	6.10066e+00	2.75654e+00
8.12982e+00	4.01904e+00	5.62584e+00	-6.36865e-01
8.84365e+00	-2.34444e+00	9.24035e+00	-4.55128e+00
7.82917e+00	3.71544e+00	8.47492e+00	3.46943e+00
6.16695e+00	-5.38932e-01	4.00958e+00	-3.04007e+00
9.29302e+00	-2.62005e+00	5.57322e-01	2.38949e+00
7.45211e+00	-4.73326e+00	3.58147e+00	-7.55289e-01
9.65795e+00	-1.81909e+00	8.80967e+00	-4.02416e+00
6.52575e+00	1.27481e-01	9.22281e+00	-1.98354e+00
7.74343e+00	-5.10768e-01	9.89408e+00	3.25609e+00
9.87503e+00	6.03348e-01	3.06705e+00	3.98977e+00
9.89710e+00	3.89862e+00	7.16767e+00	2.85137e+00
8.86648e+00	3.54552e+00	5.59042e+00	-4.48161e+00
9.09245e+00	8.67156e-01	2.13734e-01	-4.75359e+00
8.65508e+00	4.44179e+00	6.78821e+00	2.33733e-01
6.77775e+00	-3.84377e-01	9.64539e+00	-7.43444e-01
8.72497e+00	-3.61169e+00	1.08249e+00	-1.92185e+00
9.54722e+00	1.56206e+00	7.34379e+00	-2.68401e+00
7.46744e+00	-9.53517e-01	6.64159e+00	1.86207e+00
8.98562e+00	-7.56100e-01	9.95180e+00	4.80188e+00
7.78473e+00	-4.40244e+00	6.18032e+00	1.63345e+00
8.85160e+00	2.83493e+00	8.11283e+00	3.32881e+00
9.11456e+00	1.62943e+00	8.90824e+00	7.87331e-01
8.07103e+00	5.22006e-01	3.26487e+00	7.30786e-01
8.33378e+00	-4.05561e+00	7.39528e+00	2.30270e+00
6.87197e+00	-1.76193e+00	5.26323e+00	4.35103e+00
6.46101e+00	2.90828e+00	7.54027e+00	4.25686e+00
9.89518e+00	-4.64858e-01	8.78103e+00	-3.49162e-02
9.59968e+00	9.98459e-01	4.99849e+00	8.97212e-01
8.91496e+00	2.46933e+00	2.91031e+00	-1.79828e+00
5.65520e+00	-3.60389e+00	8.48310e-01	2.89291e+00
7.34741e+00	1.71189e+00	2.09827e+00	-2.60834e+00
6.65266e+00	3.44003e+00	7.46453e+00	4.48476e+00
8.50445e+00	-2.09278e+00	7.44783e+00	2.68010e-01
7.36853e+00	-4.70979e+00	1.20306e+00	1.97021e+00
6.84808e+00	-3.89137e+00	8.49064e+00	4.86422e+00
9.82409e+00	-2.19109e-01	7.55994e+00	-3.34032e+00
9.96443e+00	2.17537e+00	3.44117e+00	3.63681e+00
8.83847e+00	-3.46729e+00	9.35933e+00	-2.04040e+00
5.63756e+00	1.42014e+00	9.55059e+00	4.93833e+00
5.80459e+00	4.49442e+00	6.65672e+00	-6.43662e-02
7.65651e+00	4.81891e-01	2.15419e+00	2.11490e+00
8.94533e+00	-3.42607e+00	4.87198e-01	1.77480e-01
9.65876e+00	5.61480e-01	9.87900e+00	-4.86550e+00
7.77771e+00	6.73478e-01	8.94429e+00	-2.66026e+00
9.30812e+00	-4.96278e+00	9.35847e+00	-5.82063e-01
6.95848e+00	4.89063e+00	5.02523e+00	-3.62313e+00
9.48386e+00	2.35039e+00	8.51701e+00	-1.96293e+00
9.64116e+00	-4.12143e+00	9.44464e-01	3.90450e+00
8.53644e+00	1.00616e+00	7.97239e+00	8.49436e-01
8.84258e+00	-3.48199e+00	1.76974e+00	3.62780e+00
9.26375e+00	-2.33887e+00	3.47977e+00	4.80726e+00
8.05341e+00	-1.64028e+00	6.23387e+00	-1.42028e+00
7.88067e+00	1.94690e+00	4.42579e+00	-1.97243e+00
9.44486e+00	-2.04371e+00	7.13172e+00	1.55515e+00
9.86504e+00	3.94746e+00	6.17058e+00	-1.20485e+00
3.99059e+00	-2.98967e+00	9.32646e+00	1.85967e-01
8.51390e+00	3.38650e+00	6.44652e+00	-2.47133e+00
6.46958e+00	3.29662e+00	6.58838e+00	-1.55548e-01
9.66529e+00	-3.05260e+00	9.44805e+00	1.99301e+00
6.31940e+00	4.57248e+00	9.54714e+00	-2.93592e+00
9.62630e+00	-6.87077e-01	6.03498e+00	4.16071e+00
9.05329e+00	2.80659e+00	7.37477e+00	3.88692e+00
9.24305e+00	-2.94731e+00	4.15350e-01	-3.53886e+00
