# No. of particles = 100 
# Proton - Solar wind	Electron - Solar wind	
3.14436e-01	1.66854e-01	1.45009e+00	-6.29291e-01
5.75266e-01	1.19445e-01	9.35012e-01	5.25630e-01
1.14501e+00	-7.00108e-02	1.21709e+00	-3.93695e-01
1.13693e-02	-9.83284e-01	1.95278e+00	4.20313e-01
1.67695e-01	-5.87651e-01	3.98744e-01	-8.04159e-01
4.02674e-01	-5.04931e-01	5.91637e-01	-4.79206e-01
4.86699e-01	-3.67977e-01	1.07523e+00	-8.21147e-01
1.08516e+00	8.12267e-01	1.45897e+00	-2.78358e-01
1.27471e-01	-7.78558e-01	4.44957e-02	-9.57941e-01
6.70335e-01	9.62024e-01	1.29917e+00	9.43103e-01
2.10362e-01	-8.58125e-01	5.14236e-01	-9.73116e-01
7.53258e-01	-4.41790e-02	1.70257e-01	-5.51869e-01
1.26451e+00	-2.01753e-01	1.22924e-01	-5.10700e-01
2.73479e-01	-4.26613e-01	1.01965e+00	3.39104e-01
6.07391e-01	-8.96201e-01	4.24022e-01	-8.90363e-01
9.91380e-01	9.09571e-01	7.25377e-01	2.36025e-01
1.10633e+00	-5.16502e-01	1.45496e+00	7.50965e-01
7.41371e-02	-6.98705e-01	1.45719e-01	9.03537e-01
4.49163e-01	-3.45310e-01	7.61381e-01	1.48480e-01
7.12293e-01	6.34493e-01	3.83129e-01	-8.80186e-01
8.37097e-01	3.86909e-01	1.53010e+00	-5.11871e-01
4.33086e-01	3.79908e-01	7.27179e-01	-5.46919e-01
1.05647e+00	-3.13596e-01	3.04425e-01	5.51326e-01
2.97427e-01	5.25716e-01	7.61210e-02	7.57109e-02
1.76361e+00	-2.11170e-01	1.33668e+00	1.65968e-01
1.85741e-01	3.28223e-01	1.57382e+00	2.46938e-02
2.27774e-02	-9.65816e-01	1.08436e+00	-3.14517e-01
2.47132e-01	-3.15095e-01	4.15704e-02	-7.13179e-01
1.22223e+00	-1.14495e-01	2.00727e-01	-9.82020e-01
1.13758e+00	2.07643e-01	7.53158e-01	-8.92025e-01
9.76181e-01	3.49589e-01	6.21374e-01	-1.89435e-01
8.67465e-01	-9.22791e-01	3.39953e-02	-9.02860e-01
1.39007e-01	-4.44354e-01	8.97587e-01	-9.71616e-01
1.23745e+00	-6.39249e-01	1.56449e+00	1.69500e-01
5.57832e-01	9.79270e-01	1.48877e+00	6.20762e-01
3.05140e-01	-9.27077e-01	4.71858e-02	-9.43726e-01
4.50638e-02	-9.70905e-01	1.03316e-01	-6.83022e-01
5.13936e-01	-8.82814e-01	8.95777e-01	-1.48638e-01
3.64657e-01	3.85948e-01	3.30700e-01	-9.17406e-01
1.93046e-01	-9.72046e-01	4.98085e-01	-9.11162e-01
7.03506e-01	9.39175e-01	8.28440e-01	-5.01264e-01
1.77370e+00	8.46717e-01	4.05231e-01	4.32960e-02
8.80135e-02	-9.64907e-01	1.01947e+00	-2.52750e-01
2.84209e-01	-7.42312e-01	1.03726e-01	-2.73316e-02
3.98084e-01	2.66728e-01	7.61656e-01	-4.62521e-01
6.38264e-01	-6.28752e-01	7.43864e-01	-9.19724e-01
1.70554e+00	2.46531e-01	8.73584e-02	-8.40433e-01
7.75991e-01	-1.22447e-01	1.42679e+00	-1.50639e-01
4.62676e-02	-7.95228e-01	4.86217e-01	5.36468e-01
4.58310e-02	-8.79737e-01	3.12178e-01	-1.88133e-01
5.47515e-01	-7.08363e-01	3.45800e-01	-7.00120e-01
1.90411e+00	2.77395e-01	1.41504e+00	9.63390e-01
1.03825e+00	8.59859e-01	1.44000e+00	1.23988e-01
2.44162e-01	7.16907e-01	1.90977e+00	-5.84772e-01
1.13270e-01	-9.31669e-01	1.09724e+00	-2.47352e-01
1.85413e+00	-6.40076e-01	3.58170e-01	-2.25278e-01
8.34749e-02	-6.20918e-01	5.67437e-01	3.48938e-01
1.70462e+00	-4.40725e-01	4.80139e-01	-9.07801e-01
7.49941e-01	6.20939e-01	1.26592e-01	-1.70056e-01
7.57148e-03	-9.76678e-01	2.76747e-03	-6.74112e-01
8.46709e-01	9.52648e-01	1.66085e+00	3.72377e-01
3.07806e-02	-7.46487e-01	1.71437e-01	1.29908e-03
3.30658e-01	-4.52355e-01	8.14683e-01	-8.38145e-01
8.32552e-01	1.93161e-01	2.42558e-01	-7.17051e-01
5.39168e-01	5.12467e-01	1.89548e+00	7.38087e-01
4.88741e-01	-7.09977e-01	1.02092e+00	-8.93245e-01
1.24844e+00	9.06676e-01	2.12994e-01	-9.67687e-01
6.43749e-01	5.09101e-01	2.86189e-01	5.00667e-01
9.10654e-01	6.08791e-01	7.04921e-01	-2.66968e-02
9.37111e-01	4.17264e-01	6.58018e-01	-9.30144e-01
2.77466e-01	-6.33814e-01	1.14166e-01	-9.73283e-01
1.55623e+00	4.62359e-01	1.71912e-01	-8.00074e-01
1.50297e-01	-7.44162e-01	6.59106e-01	-6.39688e-01
2.91729e-01	-4.35362e-01	1.68827e+00	2.17731e-01
5.61319e-01	-5.21440e-01	1.35529e-01	1.01970e-02
3.21182e-03	1.24152e-01	1.94108e+00	1.71050e-02
8.64829e-01	7.47170e-01	2.07844e-02	7.24861e-01
1.88437e-01	-7.65832e-01	1.52623e+00	-6.62861e-01
2.64945e-01	-6.21520e-01	1.64421e+00	-7.87713e-01
9.96773e-01	1.69484e-01	3.05488e-01	-2.42741e-01
8.44602e-01	-4.59518e-02	5.30184e-01	3.04428e-01
1.27331e+00	4.47885e-01	5.12067e-01	-2.67077e-01
1.08266e+00	1.82736e-01	9.64169e-01	2.73234e-01
6.45261e-02	-3.07538e-02	8.92188e-01	3.26613e-01
1.42064e-01	-4.35167e-02	4.00724e-01	5.55631e-01
2.60394e-01	7.33478e-02	1.12176e-01	8.15466e-01
3.61645e-01	-4.52242e-01	9.20582e-01	-7.65040e-02
1.29617e+00	-3.79351e-01	1.88082e+00	6.80082e-02
5.23310e-01	-4.72710e-01	3.66527e-01	-3.62380e-01
4.54000e-01	7.78174e-01	1.89303e+00	-6.45782e-01
1.28687e-01	-6.80105e-01	4.84751e-01	9.10597e-01
3.02521e-02	3.26775e-01	6.99913e-01	-6.89968e-01
5.95067e-01	1.57001e-01	1.51173e+00	4.75571e-02
2.56589e-01	-7.02961e-01	1.61279e-01	4.79479e-01
7.06218e-01	-1.34671e-01	5.85543e-01	3.32883e-01
1.22271e+00	1.96007e-01	5.68890e-02	7.76720e-01
1.63542e+00	6.39171e-01	8.13555e-01	-2.15113e-01
3.71199e-01	-1.60214e-01	5.80984e-02	5.45288e-01
1.70032e+00	6.60185e-01	9.28894e-01	8.35021e-02
3.92172e-01	-9.04235e-01	1.54422e+00	3.75775e-01
