# No. of particles = 100 
# Proton - Solar wind	Electron - Solar wind	
2.00592e-01	-2.30895e+00	4.66140e-01	-2.49979e+00
2.39587e-01	-2.36094e+00	7.95903e-03	-8.49700e-01
2.62107e-01	-2.43667e+00	1.60882e-01	-5.64384e-01
1.77665e-01	-2.30969e+00	5.03863e-01	-1.94117e+00
3.42374e-01	-2.28729e+00	1.20554e+00	-2.25129e+00
2.42076e-01	-2.23526e+00	5.90464e-01	-1.31402e+00
2.62014e-01	-2.34631e+00	3.86268e-01	-1.60374e+00
4.98096e-01	-2.44987e+00	2.06019e+00	-1.64895e-01
1.59177e+00	-2.45021e+00	5.65958e-01	-1.70507e+00
1.78819e+00	-2.38580e+00	1.29361e+00	-6.64666e-01
2.21718e+00	-2.44005e+00	1.62005e-01	-2.46022e+00
1.67501e-01	-1.90815e+00	1.45158e+00	8.32997e-01
2.26448e-01	-2.15168e+00	9.20756e-01	-1.00474e+00
1.80015e-01	-1.83777e+00	2.33241e+00	-6.40990e-01
2.54698e-01	-1.88774e+00	1.53768e+00	-1.31323e+00
3.53656e-01	-1.93048e+00	2.47325e+00	-2.25039e+00
3.11319e-01	-1.72660e+00	2.15613e-01	5.13773e-01
2.29850e-01	-2.00290e+00	1.21804e+00	1.76940e+00
1.56813e-01	-1.91983e+00	1.37270e+00	9.98943e-01
2.91681e-01	-1.72719e+00	9.32267e-01	2.98437e-02
2.51369e-01	-1.52504e+00	1.67862e+00	-1.80830e+00
2.35679e-01	-1.61769e+00	1.23081e+00	-1.45763e+00
1.38140e-01	-1.31425e+00	2.07198e+00	1.12537e-01
2.40309e-01	-1.53406e+00	2.46254e+00	3.72694e-01
1.76929e-01	-1.67499e+00	9.83753e-01	-2.01655e+00
2.39103e-01	-1.59976e+00	7.09796e-01	5.08424e-01
3.29334e-01	-1.28340e+00	1.41288e+00	-2.11132e+00
2.74095e-01	-1.54723e+00	2.26666e+00	-1.17000e+00
2.88409e-01	-1.36578e+00	1.19795e+00	3.65595e-01
2.44059e-01	-1.44933e+00	2.22220e+00	-1.24966e+00
2.04364e-01	-1.41858e+00	1.97117e-01	-8.11311e-01
2.60132e-01	-1.43416e+00	2.01747e+00	-2.23124e+00
2.63514e-01	-1.54552e+00	4.37054e-01	-2.38970e+00
2.22829e-01	-1.39363e+00	9.67022e-01	2.29924e+00
2.82163e-01	-1.72964e+00	1.37684e+00	-1.62281e+00
2.44241e-01	-1.53228e+00	1.95019e+00	4.98308e-01
2.76888e-01	-1.32126e+00	2.39459e+00	-1.28748e-02
2.35039e-01	-1.20978e+00	9.34421e-01	-5.35374e-01
2.64317e-01	-8.67942e-01	6.51422e-01	-1.65808e+00
2.55413e-01	-7.66551e-01	1.70720e-01	-1.42228e+00
2.80545e-01	-8.76455e-01	6.23601e-01	6.18625e-01
2.29323e-01	-5.86139e-01	1.61118e+00	1.54802e-01
2.28874e-01	-6.01681e-01	1.01106e-01	-5.64785e-01
3.14805e-01	-8.10123e-01	9.48035e-02	-2.34673e+00
2.34093e-01	-9.58747e-01	1.09115e+00	-1.82310e+00
2.80408e-01	-5.45445e-01	1.78664e-02	3.19875e-01
2.74134e-01	-7.69471e-01	2.18715e-01	-2.42370e+00
2.10575e-01	-7.16355e-01	1.50620e+00	-1.63317e+00
2.37796e-01	-8.90555e-01	1.89483e-01	-1.78447e+00
2.48406e-01	-1.04686e+00	1.30356e-01	-2.20907e+00
3.16362e-01	-7.97969e-01	1.35197e+00	1.01185e-01
3.75030e-01	-1.94781e-01	1.95036e+00	3.03877e-01
2.20776e-01	-1.14509e-01	2.04509e+00	1.59054e-01
3.98656e-01	-9.81621e-02	1.73637e-01	-2.40130e+00
3.02258e-01	-1.62093e-01	3.79019e-02	-2.25952e+00
3.80254e-01	-1.28415e-01	1.55788e+00	1.44583e+00
3.48958e-01	-3.50008e-01	1.29284e+00	1.93917e-01
2.48009e-01	-1.38066e-01	2.45483e+00	-1.49863e+00
2.56367e-01	-1.32726e-01	1.38418e+00	1.22727e+00
1.15670e-01	-1.89797e-01	1.81224e-01	-2.43511e+00
1.85853e-01	-3.88938e-01	9.72806e-01	-8.17281e-02
3.16835e-01	-1.13851e-01	1.15458e+00	4.56215e-01
2.27935e-01	-5.15562e-01	5.41892e-01	1.20240e+00
2.65619e-01	-3.05594e-01	9.99796e-01	-9.45578e-02
1.92066e-01	-1.72589e-01	4.19960e-01	-2.28283e+00
2.80309e-01	-1.46163e-01	3.20644e-01	-1.25123e+00
2.97058e-01	-3.25445e-02	2.50840e-01	-2.48732e+00
3.03520e-01	-2.40167e-01	2.46331e+00	1.16283e+00
2.27092e-01	-2.69441e-01	1.97434e-01	6.09425e-01
2.28489e-01	3.78878e-01	4.59917e-01	-4.19431e-01
3.94275e-01	2.13213e-01	1.87370e+00	-8.38530e-01
1.98825e-01	5.69104e-01	1.39737e+00	-1.46409e+00
2.44299e-01	5.36630e-01	1.55290e+00	1.60660e-01
2.55715e-01	4.14177e-01	1.95988e-01	4.27741e-02
3.10119e-01	1.20403e-01	1.96566e-01	-2.32844e+00
2.55539e-01	2.95864e-01	2.63139e-01	-6.55914e-02
3.17954e-01	7.09576e-01	5.22828e-01	-2.09582e+00
3.65807e-01	7.39076e-01	5.07202e-01	-4.38586e-01
2.48487e-01	8.81695e-01	1.55855e+00	-2.43057e+00
2.64920e-01	6.23152e-01	2.34744e+00	-2.36984e+00
2.67095e-01	9.91092e-01	1.83746e-01	-2.22810e+00
1.81858e-01	1.00254e+00	5.89933e-01	2.03447e+00
3.62171e-01	5.23967e-01	3.99610e-01	-2.29276e+00
1.30451e-01	7.44065e-01	6.74627e-02	-2.35951e+00
2.58799e-01	8.83719e-01	3.79296e-01	9.18833e-01
2.55753e-01	1.62855e+00	1.23164e+00	1.09181e+00
2.90333e-01	1.06683e+00	1.11999e+00	6.56330e-01
2.63086e-01	1.41716e+00	2.49217e+00	4.53722e-01
2.40221e-01	1.32247e+00	1.76589e+00	-2.39301e-02
3.33633e-01	1.55350e+00	1.05057e+00	3.68764e-01
2.22790e-01	1.64651e+00	1.58350e-01	2.04699e-01
1.70573e-01	1.39752e+00	7.62114e-01	-7.06707e-01
2.05110e-01	1.67172e+00	1.47827e-01	-2.40475e+00
2.67944e-01	1.86601e+00	3.18043e-01	-2.26164e+00
2.59823e-01	1.87706e+00	4.95518e-01	5.14564e-01
2.40698e-01	2.14191e+00	5.93703e-01	-1.43285e+00
3.15648e-01	2.07201e+00	3.66077e-01	7.82780e-01
2.78369e-01	1.85068e+00	1.17275e+00	2.47603e+00
2.40199e-01	1.83619e+00	2.12793e-01	-2.40192e+00
2.55752e-01	2.14417e+00	3.99274e-01	1.41595e+00
