# No. of particles = 100 
# Proton - Solar wind	Electron - Solar wind	
1.42436e-01	-8.30017e-01	1.63048e+00	-6.74925e-03
1.02686e+00	-5.12179e-02	6.33656e-01	3.56544e-01
1.63797e+00	3.20832e-01	4.02404e-01	-5.58935e-01
1.39090e+00	9.55071e-01	6.37112e-01	8.35386e-01
1.41693e-01	-9.69569e-01	2.77775e-01	-5.70252e-02
2.52386e-01	-9.22840e-01	1.90375e+00	-7.59514e-01
1.21789e+00	5.68164e-01	1.97198e+00	6.25104e-01
1.39377e+00	2.89109e-01	1.78215e+00	4.72504e-01
1.12802e-01	-9.71801e-01	1.11550e+00	6.86965e-03
1.50520e-01	-4.50976e-01	2.46514e-01	-9.52781e-01
1.24203e+00	9.95465e-01	2.14792e-02	-9.29739e-01
1.06585e+00	3.58671e-01	2.02364e-01	-1.86805e-01
1.58449e+00	8.18302e-03	1.71409e+00	5.34609e-01
6.69367e-01	6.81742e-01	4.83913e-01	5.36615e-01
1.10959e+00	-8.15175e-01	9.12872e-02	-9.18721e-01
1.19062e+00	3.89795e-01	1.31517e+00	-1.13318e-01
1.68582e-01	6.18390e-02	3.12958e-02	-9.05142e-01
1.49505e-01	-3.10670e-01	1.07371e-01	6.50106e-01
1.20817e+00	7.71151e-01	2.41387e-01	2.00257e-01
9.69614e-01	9.91377e-02	5.13778e-01	8.68226e-01
1.01417e-01	-9.97836e-01	4.48576e-01	-7.86274e-01
1.08593e+00	3.17582e-01	4.21065e-02	5.39674e-01
1.01841e+00	2.47606e-01	1.25099e-01	-9.16890e-01
3.72032e-01	8.71255e-01	3.09259e-02	-9.58718e-01
1.54388e+00	5.82625e-01	9.97730e-01	-8.80640e-01
1.76137e-02	-8.40578e-01	8.10255e-01	-4.55050e-01
4.04382e-01	2.88435e-01	1.73054e-01	-6.13065e-01
1.88267e+00	6.15131e-02	1.83797e+00	6.70436e-01
3.35514e-01	-9.30656e-01	1.84514e+00	-4.66382e-02
1.74674e-03	-9.97470e-01	1.33761e+00	-8.63166e-01
1.59319e+00	-7.72071e-01	2.80322e-01	-6.09453e-01
5.90003e-01	-7.43563e-02	1.66517e+00	-7.15537e-01
1.83871e+00	4.92391e-02	1.55315e+00	-5.20733e-01
1.61789e-01	-2.75699e-01	1.98991e+00	-5.14603e-01
1.84989e+00	5.52430e-01	1.98410e+00	-8.94440e-02
6.51507e-01	-8.51703e-01	8.06025e-02	3.77325e-01
4.00182e-01	-3.84726e-02	1.78963e+00	-6.55065e-01
1.08761e+00	-7.57114e-01	7.55156e-03	-3.29446e-01
4.03632e-01	-9.13891e-01	1.77274e+00	1.28477e-01
1.09760e+00	-1.93149e-01	5.70489e-02	8.03504e-01
2.56466e-01	-9.18547e-01	1.19242e+00	4.27421e-01
5.58544e-01	3.96275e-01	4.00698e-01	-7.21427e-01
4.70128e-01	-3.91998e-01	9.66109e-02	-7.69699e-01
4.97085e-01	-4.50076e-01	2.44196e-02	-9.95913e-01
3.70108e-03	-9.08932e-01	5.34634e-01	-5.95876e-01
1.78171e+00	6.61004e-02	1.98225e+00	4.33388e-01
8.79079e-01	-6.13626e-01	2.95473e-01	-9.00905e-01
1.83099e+00	-7.08820e-01	6.71116e-01	-7.95493e-01
2.12773e-01	-9.88497e-02	1.99943e+00	-8.00337e-02
4.77593e-02	-8.03163e-01	3.57506e-01	-7.26604e-03
1.13374e+00	-2.83703e-01	1.80090e+00	-5.15794e-01
1.69904e+00	-5.30516e-01	2.76306e-01	6.37365e-03
1.25056e+00	2.97500e-01	7.57642e-01	-2.58010e-01
7.55507e-02	-9.18378e-01	1.37586e+00	-1.06187e-02
1.33295e+00	5.61317e-01	1.87778e+00	2.58399e-02
8.22918e-01	-9.53548e-01	2.08518e-01	-5.07774e-01
1.62366e-01	2.11273e-01	9.76409e-01	-3.33440e-01
4.00020e-01	-9.21432e-01	6.27629e-02	-4.13474e-01
6.52236e-01	2.27651e-01	1.56944e+00	1.27706e-01
4.85180e-01	-4.64615e-01	8.47947e-01	7.32409e-01
4.30657e-01	8.68578e-01	1.21660e+00	-7.01874e-01
6.61367e-01	-5.40835e-01	3.84480e-01	-5.28900e-01
6.75391e-01	2.45647e-01	4.26264e-01	3.48820e-01
3.51849e-01	-4.73640e-01	1.92474e+00	6.73690e-01
1.56753e+00	-5.95696e-01	1.18760e+00	-4.96702e-01
7.83811e-01	-5.34222e-01	5.32162e-01	8.29817e-02
1.34447e-01	3.40509e-01	9.98951e-01	-5.46896e-01
4.61368e-01	-2.70129e-01	1.59960e+00	9.08018e-02
1.07446e-01	-8.21947e-01	4.72128e-01	-5.60713e-01
4.04454e-01	-6.82660e-01	1.28631e+00	9.51379e-01
3.87836e-01	2.24333e-01	7.11571e-01	-8.93352e-01
1.17093e+00	8.99326e-01	8.02369e-01	8.94867e-01
4.48763e-01	-2.01667e-01	1.54174e+00	-1.17830e-01
7.95546e-01	5.75401e-01	3.76702e-01	-7.69140e-01
6.71977e-01	-4.06361e-01	1.31433e-01	-9.38110e-01
1.06122e-01	2.29188e-01	1.77574e+00	-5.55592e-01
1.66113e-01	-6.85372e-01	4.41832e-01	-8.69252e-01
1.30723e+00	6.52253e-01	1.50705e+00	-3.42575e-01
8.43338e-01	2.01139e-01	1.05612e+00	-2.13725e-01
1.21384e-01	-8.12657e-01	1.04939e+00	1.47875e-01
2.35504e-01	-3.50884e-02	8.69696e-01	-9.96368e-01
9.39313e-01	7.25542e-01	4.42380e-02	-9.51273e-01
1.40397e+00	5.54329e-01	1.17351e+00	-1.59600e-01
1.51588e-01	-9.53085e-01	1.83831e+00	7.22723e-01
1.13059e+00	4.84821e-01	2.43555e-01	-2.30226e-01
3.33488e-01	3.16620e-01	1.33920e+00	-9.69136e-01
4.68886e-01	-3.10239e-01	7.37911e-01	9.76637e-01
6.85905e-01	-8.90783e-01	8.57925e-01	2.05904e-01
1.32319e+00	-5.70630e-01	2.47408e-01	-3.53328e-01
3.70847e-01	-9.53956e-01	1.19736e+00	-4.06490e-01
1.63847e-01	-5.64477e-01	1.77591e+00	6.04478e-01
8.87131e-01	4.63515e-02	7.12934e-01	-3.62596e-01
7.28994e-01	4.31819e-01	8.61315e-01	7.35649e-01
5.21083e-01	-2.65356e-01	6.26285e-01	-2.90080e-01
3.02622e-01	-7.85279e-01	9.74264e-01	-7.54593e-01
1.22087e+00	5.21063e-01	1.68479e+00	8.00522e-01
5.68303e-02	-9.76708e-01	1.34509e+00	3.74160e-01
2.84181e-01	4.10618e-01	1.21852e+00	-8.15252e-01
8.31583e-02	-7.90471e-01	6.20090e-01	-2.92267e-01
1.32995e+00	-6.83655e-01	3.05770e-01	-9.09117e-01
