# No. of particles = 100 
# Proton - Solar wind	Electron - Solar wind	
1.21803e+00	6.92150e-01	8.56107e-01	-6.95172e-01
3.42718e-01	-6.35140e-01	1.36643e+00	2.30318e-01
5.76113e-02	-9.48783e-01	8.74421e-01	4.65016e-01
9.69350e-01	-3.89282e-01	1.23641e+00	-8.57350e-01
6.97552e-01	-6.12770e-01	4.56508e-01	-7.30918e-01
1.20140e-01	-7.03927e-01	1.34020e+00	4.03982e-01
1.80051e-01	-9.52934e-01	7.62838e-01	-2.44082e-01
6.19632e-02	-8.83595e-01	3.27045e-01	4.90731e-01
3.63512e-01	-9.56896e-01	1.75835e+00	-7.41467e-02
1.74252e-01	-9.27224e-01	9.07648e-01	-2.09234e-01
5.62044e-01	8.96159e-01	5.75202e-01	-2.68203e-01
1.31979e+00	7.24250e-01	7.26875e-02	-8.97019e-01
1.86051e+00	1.73468e-01	5.12192e-01	-2.62910e-01
4.59655e-01	-4.58783e-01	5.69138e-02	-8.76204e-01
1.49675e+00	-7.83109e-01	1.24530e+00	1.06064e-01
3.20563e-01	-7.14962e-01	1.95332e+00	-4.47731e-01
1.80256e+00	-3.14396e-01	6.41902e-01	-1.83427e-01
1.80891e-01	-2.10367e-02	3.14010e-01	-7.71757e-01
8.55933e-01	-7.20164e-01	9.76830e-01	3.70251e-01
3.63675e-02	-8.65340e-01	7.33018e-01	-2.77250e-01
1.21354e+00	-4.28477e-01	4.82999e-01	-9.08122e-01
1.48936e-01	-6.56536e-01	9.88634e-01	3.39495e-01
4.00674e-01	-8.83935e-01	1.15765e+00	4.85541e-01
2.98210e-01	-6.92933e-01	6.46458e-01	-8.22409e-01
9.03483e-01	-6.66529e-01	5.22456e-01	-9.79456e-01
6.66362e-01	-3.22904e-01	1.61740e-01	-7.51019e-01
7.19756e-01	5.99031e-01	1.69198e+00	-4.75897e-01
7.16105e-01	2.54532e-01	4.26322e-01	-2.22202e-01
4.43419e-01	-9.19454e-01	4.11259e-02	-4.30431e-01
2.52879e-01	-5.21419e-01	4.66332e-01	-7.59093e-01
3.06665e-01	-6.42487e-01	1.92509e+00	5.03227e-01
5.30234e-02	-9.77374e-01	1.64296e+00	-6.65633e-01
2.58415e-01	-3.42281e-01	1.87791e+00	-5.77335e-01
2.74554e-01	7.39660e-01	5.20032e-01	5.79811e-01
3.71854e-01	-2.09026e-01	1.14057e+00	4.92438e-01
9.07729e-01	-8.22605e-01	1.55103e+00	-7.28212e-01
6.23798e-01	6.91409e-01	1.16758e-01	-9.07015e-01
1.53072e+00	-6.93745e-01	1.82878e+00	-8.94187e-01
1.43082e+00	-7.80658e-01	8.84221e-01	2.06459e-01
1.87624e+00	4.02256e-01	3.39759e-01	4.08889e-01
2.11292e-01	-9.23316e-01	5.04904e-01	5.49055e-01
1.02775e+00	7.76777e-01	4.04587e-02	-4.32070e-02
6.79229e-01	1.19680e-02	7.99016e-01	7.58120e-01
6.12907e-01	-2.59373e-01	1.34906e-03	-9.96329e-01
1.51056e+00	8.31093e-01	6.69365e-01	-8.84331e-01
3.02711e-01	-8.71280e-01	1.27436e+00	-4.23000e-01
2.02155e-01	-6.86376e-01	1.65807e+00	1.69782e-01
1.11026e-01	-8.93027e-01	1.42231e+00	1.12550e-01
3.11980e-01	4.32429e-01	8.32438e-01	5.22179e-01
1.56889e-02	-2.30935e-01	1.26620e+00	3.79256e-01
1.66825e+00	-1.51083e-03	2.20011e-01	-2.98315e-01
3.94747e-01	-1.56109e-01	1.33449e+00	2.52227e-01
8.54658e-02	-8.20780e-01	1.21231e+00	1.96833e-01
2.73644e-01	-5.88716e-01	1.81277e-01	3.79134e-01
3.13397e-01	-4.02772e-01	1.01725e+00	7.98206e-01
1.80327e+00	-9.36147e-01	1.64040e+00	-1.98416e-01
2.07739e-01	8.43882e-01	2.07265e-01	-2.86995e-01
4.51584e-01	-8.66802e-01	3.52038e-01	-2.39761e-01
1.09439e-01	-9.27411e-01	8.82023e-01	-5.52477e-01
7.77899e-01	-1.26857e-01	3.71942e-01	-1.01789e-02
5.96666e-01	-3.38497e-01	3.86595e-03	-9.78270e-01
1.88203e+00	2.52362e-01	1.43267e+00	4.39993e-01
9.10586e-01	8.29290e-01	3.12796e-01	-9.45338e-01
3.44085e-02	-7.96765e-01	5.29182e-01	-1.58878e-01
7.64806e-02	-5.57793e-01	5.49382e-01	-8.88357e-01
9.91614e-01	-4.68103e-01	2.75165e-01	-8.64939e-02
1.66911e+00	7.80659e-01	1.55135e+00	-9.39479e-01
8.75143e-01	6.09027e-01	5.68683e-01	-9.09527e-01
7.17999e-01	2.17542e-01	4.32848e-02	-9.35968e-01
1.75075e+00	2.53274e-01	2.56406e-01	-6.92507e-01
8.25979e-01	4.23533e-01	1.11947e+00	-2.03821e-02
1.50441e+00	-1.76667e-01	8.52720e-02	-7.09103e-01
5.95450e-01	2.12561e-01	1.51971e+00	7.79813e-01
7.46573e-02	1.73636e-01	2.92820e-02	3.62831e-01
7.10811e-01	-3.73153e-01	1.38672e+00	7.28686e-01
1.63580e-01	3.09862e-01	1.97456e+00	-2.31894e-01
3.85865e-01	-2.43759e-01	1.58869e-01	4.59795e-01
1.01467e-01	-4.42097e-01	1.83705e+00	4.22531e-01
1.28317e+00	8.97838e-01	3.09569e-01	3.60829e-01
1.35346e-01	-5.24696e-01	1.33874e+00	-7.42498e-01
5.17117e-02	-9.32902e-01	1.03320e+00	6.77489e-01
6.84383e-01	9.58070e-01	2.90909e-02	-9.34531e-01
1.65744e+00	8.54299e-01	1.20067e+00	-4.26534e-02
4.82959e-01	-8.90925e-01	1.14205e+00	6.48876e-01
2.43824e-01	-3.43541e-01	1.34542e+00	5.44767e-01
3.69643e-01	5.11863e-01	3.30428e-01	1.64519e-01
5.00654e-01	-2.21432e-01	4.86535e-01	-6.47862e-01
1.73661e+00	-7.75336e-01	1.96865e+00	-7.60971e-02
9.34254e-01	-5.65512e-01	1.48707e+00	-8.66472e-01
7.56930e-01	-9.41877e-01	4.86261e-01	-5.51164e-01
1.77139e-01	-4.85842e-01	2.67798e-03	5.23794e-01
1.42289e-01	-9.22653e-01	1.25107e+00	2.96897e-01
8.10257e-01	6.81474e-01	1.00995e+00	-3.73976e-01
6.28686e-01	4.94035e-02	1.77445e+00	5.96895e-01
6.62117e-02	-9.45287e-01	1.68533e-01	-5.19704e-01
1.17210e+00	5.71309e-01	1.60743e+00	-6.52600e-01
1.30088e-01	1.84560e-01	1.02791e-01	-7.13889e-01
2.93555e-02	-9.17100e-01	7.55229e-02	-9.46987e-01
1.32148e-01	-4.11342e-01	6.58439e-01	2.65757e-02
1.25866e-01	1.12395e-01	1.32944e+00	-7.79136e-01
