# No. of particles = 100 
# Proton - Solar wind	Electron - Solar wind	
8.04169e-01	-1.95722e+00	4.04287e-01	-2.23781e+00
9.32409e-01	-2.47203e+00	2.08804e+00	-2.24219e+00
8.94501e-01	-2.36100e+00	8.15769e-01	-2.24535e+00
2.04529e+00	-2.35751e+00	1.40193e-01	7.47850e-02
3.20397e-01	-2.47642e+00	1.09318e+00	1.17967e+00
1.22491e+00	-2.27911e+00	9.99831e-01	5.99062e-01
1.97278e+00	-2.33160e+00	7.44468e-01	-3.05061e-01
1.95939e+00	-2.37432e+00	3.79513e-01	1.17562e+00
2.50619e-01	-2.24507e+00	2.21208e+00	-4.49849e-01
6.76441e-01	-2.24389e+00	1.84912e+00	-2.58629e-01
1.68861e+00	-2.26691e+00	8.36524e-02	-2.25110e+00
1.53757e-01	-2.34180e+00	2.08208e+00	-1.26849e+00
1.63717e+00	-2.27533e+00	2.40310e-01	-2.16821e+00
8.53767e-01	-2.40159e+00	2.15318e-02	-2.19768e+00
5.30449e-01	-2.26924e+00	7.76342e-01	-1.01643e-01
2.00656e+00	-2.34642e+00	5.20015e-01	-2.07962e+00
2.41599e+00	-1.12953e+00	1.57901e+00	-9.54357e-01
2.33793e+00	-1.46164e+00	4.05601e-02	-2.38828e+00
2.29708e+00	-1.89278e+00	1.02595e+00	-1.90621e+00
2.18658e+00	-2.36261e+00	7.22057e-03	-2.38934e+00
2.22008e+00	-2.42619e+00	3.45015e-01	-1.79524e+00
5.68369e-01	-2.29714e+00	1.66948e+00	-1.65281e+00
1.47658e+00	-2.46526e+00	1.12246e+00	-1.29953e-01
1.40034e+00	-2.48876e+00	1.46400e+00	-1.16364e+00
1.37482e+00	-2.46462e+00	1.88007e+00	-6.75323e-01
1.40289e+00	-2.02875e+00	5.88222e-01	-4.28015e-01
1.14363e+00	-1.65906e+00	1.55284e+00	-2.15552e+00
1.20380e+00	-1.57037e+00	1.77374e-01	2.08571e+00
1.99358e+00	-2.44028e+00	1.59495e+00	-1.09622e+00
5.67709e-01	-2.46363e+00	1.20265e+00	-4.22757e-01
2.33142e+00	8.11836e-01	2.33081e+00	8.14809e-01
1.35384e+00	-1.88216e+00	2.21099e-02	-9.45259e-01
1.94716e+00	-1.37389e+00	9.84361e-01	-2.11265e+00
1.96152e+00	2.68275e-01	5.20216e-01	-1.82044e+00
2.43994e+00	-5.26315e-01	6.36822e-01	-1.38108e-01
1.71023e-02	-2.36544e+00	3.18409e-01	1.24768e+00
7.90356e-01	-2.23003e+00	4.47281e-01	2.93215e-01
1.39316e+00	-2.18500e+00	1.81757e-01	2.20400e+00
9.43642e-01	-2.46284e+00	2.12731e+00	-1.31460e+00
1.88066e+00	-5.85860e-01	3.01728e-01	-2.07030e+00
1.97164e+00	-1.18257e+00	1.86669e+00	-6.59921e-01
1.20943e+00	1.81387e-01	2.14020e+00	-2.03564e+00
2.39795e+00	-2.12014e+00	6.61902e-01	-1.73640e+00
2.21900e+00	-1.96302e+00	2.21885e+00	-6.85690e-01
9.77915e-01	3.68846e-02	3.49931e-02	-2.34639e+00
2.60220e-01	-2.19101e+00	1.55002e+00	-1.98493e+00
1.16839e+00	2.10648e-01	1.84821e+00	6.17380e-01
1.04092e+00	-2.03854e+00	1.89452e+00	-1.64179e+00
1.36599e+00	-2.25082e+00	5.00053e-01	-2.19261e+00
1.44465e+00	-2.08989e+00	7.10504e-01	-1.63738e+00
7.10915e-01	-2.46474e+00	2.40506e+00	-1.01646e+00
3.72279e-01	-2.32516e+00	5.89784e-01	-1.65212e+00
2.07787e+00	-2.49403e+00	1.96575e+00	1.41359e+00
1.11133e-01	-2.21622e+00	5.13179e-01	-2.32077e+00
6.16279e-01	-4.22376e-01	1.85870e-01	-2.46964e+00
1.67080e+00	-1.74478e+00	7.19388e-01	-1.56654e+00
3.16985e-01	-3.28608e-01	2.27050e+00	8.51027e-02
1.39960e+00	5.74115e-01	6.53947e-01	-1.84889e+00
1.83956e-01	-2.44823e+00	1.71705e+00	-3.01874e-01
2.00898e-01	-2.25874e+00	3.10482e-01	-1.82082e+00
2.40970e+00	-2.46179e+00	2.39215e+00	-1.84241e+00
9.58199e-01	-1.77175e+00	1.26755e-01	-1.97094e+00
1.30443e+00	5.65738e-01	2.05766e+00	-1.56232e+00
1.96676e+00	-4.77599e-02	5.17428e-01	-1.73032e+00
1.81516e+00	-2.36405e+00	5.44117e-01	-8.75601e-01
2.13544e+00	-1.06414e-01	5.44470e-01	-2.20152e+00
4.87985e-01	-2.44165e+00	4.26653e-01	-5.04951e-01
1.28837e+00	-2.35197e+00	1.24688e+00	5.19617e-01
1.75084e+00	-2.26517e+00	1.96082e+00	-2.23645e-01
9.66514e-01	3.68821e-01	1.04065e+00	2.07863e-02
3.62629e-01	1.05852e-02	6.36074e-01	-1.49310e+00
4.60905e-01	1.37320e+00	1.83004e+00	-6.59191e-01
7.08327e-01	-2.45974e+00	1.38923e+00	-1.86810e-01
1.38174e+00	-2.10325e+00	5.86461e-01	3.53211e-01
8.57693e-01	-3.61725e-02	1.03175e+00	1.25394e+00
1.52023e+00	1.49109e+00	2.67755e-01	2.28617e+00
6.47111e-01	2.96846e-01	7.94837e-01	2.01456e-01
1.99177e+00	-1.95452e+00	2.13581e+00	-1.04139e+00
1.21302e+00	-3.39165e-01	2.02454e+00	-2.29514e+00
2.90242e-01	-2.37843e+00	2.01260e+00	-3.88018e-01
1.88645e+00	-2.36689e+00	5.34330e-01	6.44479e-01
2.39292e+00	-1.01130e-02	9.37224e-01	7.52310e-01
9.80754e-01	6.93710e-01	1.50956e+00	-8.67808e-01
1.55571e+00	-1.63821e+00	2.22624e+00	-2.39952e+00
1.28893e+00	-2.41098e+00	4.29026e-01	-2.49408e+00
2.18370e+00	1.11911e+00	2.37037e-02	6.43614e-01
2.10616e+00	-2.44408e+00	1.99000e-01	-2.42155e+00
1.93360e+00	-3.85525e-01	2.30169e+00	-1.94010e-01
1.98565e+00	-2.01378e+00	1.08838e+00	8.82384e-01
1.98211e+00	5.69930e-01	1.13263e+00	-9.26682e-01
2.10816e+00	1.09058e+00	1.54074e+00	1.64330e+00
2.32175e+00	5.88445e-01	1.13708e+00	-1.26182e+00
2.38622e+00	-2.24146e+00	5.84584e-01	-1.54371e+00
1.30032e-01	-2.40040e+00	9.74908e-02	-2.41981e+00
2.00054e+00	-7.53709e-01	1.99617e+00	6.52524e-01
1.89116e+00	-2.28338e+00	1.80124e+00	-1.15820e+00
7.66045e-01	4.85170e-01	1.66603e+00	1.10296e+00
6.64751e-01	9.78754e-02	4.90471e-01	-2.47336e+00
7.21605e-01	-2.48933e+00	2.46392e+00	4.53877e-01
2.18758e+00	7.21313e-01	2.29626e-01	2.68763e-01
