# No. of particles = 100 
# Proton - Solar wind	Electron - Solar wind	
9.96646e+00	1.62106e+00	7.55494e+00	-1.54110e+00
1.26152e+00	2.83754e-01	4.41403e+00	-3.26326e+00
6.90563e-01	1.75141e+00	9.95390e-01	-4.45652e+00
4.83773e-01	-3.05314e+00	8.47915e+00	-9.46522e-01
2.08972e-01	2.73129e+00	1.03281e+00	2.17797e+00
6.40754e+00	4.35882e+00	9.64853e+00	2.80232e+00
7.69665e+00	2.84386e+00	5.57209e-01	-7.18729e-01
9.54709e+00	2.95016e+00	3.05171e+00	-5.89363e-01
7.94339e+00	-2.87617e+00	2.94739e+00	2.19687e+00
4.76317e+00	-2.84877e+00	5.31349e-01	-3.16731e+00
5.35172e+00	-2.19739e+00	9.66068e+00	-4.80620e+00
9.51806e+00	-2.83220e+00	7.28267e+00	4.98360e+00
7.42737e+00	2.92567e+00	3.43744e-04	-2.81476e+00
8.14835e+00	-4.06760e+00	9.99371e+00	-5.03473e-01
8.86094e+00	1.43072e+00	5.60460e+00	-1.36951e-01
7.06755e+00	2.04343e+00	2.63962e+00	1.63819e-01
8.98002e+00	-2.26793e+00	4.10116e+00	-4.29702e+00
8.57878e+00	-3.73818e+00	9.86434e+00	-3.15955e+00
9.24109e+00	-3.08050e+00	4.13405e+00	-4.21422e+00
9.83402e+00	-2.73496e+00	1.78526e-01	1.09906e+00
7.81840e+00	-2.22557e+00	6.13705e+00	-3.63527e+00
8.92019e+00	4.99729e+00	7.16587e+00	2.62923e+00
8.50932e+00	3.89037e+00	3.79048e+00	-2.97505e+00
8.50572e+00	-2.51047e+00	9.31662e+00	-3.32532e+00
7.00835e+00	-1.53827e+00	5.48807e+00	3.60716e+00
6.45725e+00	1.38122e+00	6.09865e-01	-6.28948e-01
8.64167e+00	-8.57586e-02	9.39896e+00	-3.73829e-01
5.26649e+00	3.30997e+00	7.41668e+00	-1.48830e+00
9.57386e+00	1.95415e+00	1.52583e+00	2.87725e+00
8.86083e+00	-3.95944e+00	8.91617e+00	6.74609e-01
9.35371e+00	7.55147e-01	2.54073e+00	2.91494e+00
4.17684e+00	-1.01760e+00	5.19710e-01	-2.10911e-01
9.81176e+00	-3.41785e+00	3.62004e+00	-2.37572e+00
8.65763e+00	-8.53669e-01	7.20007e+00	-2.08321e+00
9.91280e+00	2.37417e+00	8.57992e+00	3.62640e+00
9.76842e+00	4.18575e+00	1.38287e+00	2.69820e+00
9.47731e+00	4.85525e+00	6.14262e+00	-2.61286e+00
9.37119e+00	8.83750e-01	9.40990e+00	9.11502e-01
9.82394e+00	-1.71997e+00	8.14693e+00	2.21388e+00
4.72783e+00	-2.87957e+00	3.81519e+00	1.97285e+00
7.58542e+00	-3.23211e-02	7.16546e+00	3.76989e+00
8.60297e+00	3.56291e-01	3.40648e+00	-2.46845e+00
9.01345e+00	-3.45130e+00	8.24969e+00	1.18568e+00
8.12432e+00	9.37610e-02	6.16292e+00	-4.45124e+00
7.92372e+00	-2.11224e+00	7.03730e+00	4.41584e+00
9.87408e+00	-2.45093e+00	8.99240e+00	4.90536e+00
9.96155e+00	1.57445e+00	1.49992e+00	-4.67924e+00
8.19327e+00	2.29434e+00	6.26853e+00	-3.04439e+00
8.80290e+00	-4.11994e+00	8.92744e+00	4.59763e+00
9.71424e+00	2.19195e+00	3.60148e+00	-3.97863e+00
9.28275e+00	-2.71974e+00	9.17165e+00	1.60191e+00
9.72746e+00	-2.78370e+00	8.00880e+00	-1.58452e+00
6.51822e+00	3.67916e+00	1.82643e+00	1.34989e-01
8.88889e+00	2.71417e+00	1.60909e+00	1.67043e+00
9.54524e+00	-2.33742e+00	2.37513e+00	4.44979e+00
9.83153e+00	7.85533e-01	6.39457e+00	-2.78325e+00
7.22496e+00	1.18306e+00	4.76563e+00	-4.53784e+00
7.33991e+00	3.44625e+00	3.35993e+00	9.81021e-01
5.77397e+00	-2.49613e+00	7.58162e+00	-3.74983e+00
9.73223e+00	-1.40155e+00	5.48659e+00	-9.42844e-01
8.15499e+00	-8.06491e-01	5.13552e+00	-1.10199e-01
8.93216e+00	1.10217e-01	2.91685e+00	-2.46760e+00
6.63910e+00	-1.71464e+00	7.29149e+00	-4.27536e+00
9.33349e+00	1.76827e-01	7.69606e+00	3.61726e+00
9.45027e+00	-4.34691e+00	9.61198e+00	3.31353e+00
8.66063e+00	3.85738e+00	6.97659e+00	-2.85899e+00
9.32256e+00	3.80279e+00	8.77238e+00	3.88294e+00
9.37929e+00	-3.99711e+00	7.05078e-01	2.80982e+00
9.02759e+00	-6.30363e-01	7.44182e+00	-8.12907e-01
8.38200e+00	1.92175e+00	6.61872e+00	1.01266e+00
7.72810e+00	2.48794e+00	4.95264e+00	2.86043e+00
9.96664e+00	8.67372e-01	8.58089e+00	-4.65435e+00
9.66636e+00	2.38573e+00	2.15425e+00	3.54253e-01
3.40487e+00	-3.01509e-01	6.74531e+00	-4.99056e+00
9.16904e+00	2.18074e+00	8.54293e+00	-1.04446e+00
8.59752e+00	-2.01649e+00	9.82574e+00	-2.02844e+00
8.56189e+00	-4.90513e+00	5.84690e+00	-9.91859e-01
6.14351e+00	2.05975e+00	8.31972e+00	1.62785e+00
8.66723e+00	3.49595e+00	9.64258e+00	4.89098e+00
6.90268e+00	-4.42647e+00	9.64599e+00	-7.90461e-01
8.29806e+00	2.36777e+00	3.54349e+00	-2.68140e+00
9.14153e+00	-3.02096e+00	8.00575e+00	1.03141e+00
8.70841e+00	-4.48884e-01	8.56230e+00	-4.54631e+00
7.47447e+00	2.02392e+00	3.10270e+00	7.93003e-01
9.30755e+00	-1.73492e+00	7.96119e+00	-2.34813e+00
7.49584e+00	3.13184e+00	4.04285e+00	2.70636e+00
7.45509e+00	1.11465e+00	9.99370e+00	3.50664e+00
9.97521e+00	-3.26006e+00	9.53345e+00	2.74145e+00
9.39357e+00	-1.29971e+00	8.43315e+00	-3.92825e+00
9.34804e+00	-4.60300e+00	9.63662e-02	-9.07846e-01
9.15414e+00	2.72583e+00	7.06483e+00	3.56922e+00
8.48403e+00	-3.27794e+00	5.04509e+00	-3.13899e-01
9.26355e+00	-1.68570e+00	9.31108e+00	-1.70855e+00
8.14063e+00	-5.29003e-01	4.63596e-01	2.79391e+00
7.94908e+00	2.32450e+00	5.85205e-01	2.51841e+00
8.16638e+00	-1.63067e+00	6.65007e+00	1.15923e+00
6.59271e+00	2.96321e+00	8.27697e+00	1.55767e+00
9.40370e+00	2.15151e-01	8.75993e+00	4.72203e+00
7.96058e+00	2.17875e+00	2.32207e-01	-3.46653e+00
9.34333e+00	-3.91398e+00	8.53648e+00	-2.85662e-01
