# No. of particles = 100 
# Proton - Solar wind	Electron - Solar wind	
1.95648e+00	2.83056e-01	1.86304e+00	-1.22629e-02
1.99992e+00	-3.72278e-02	2.39288e-01	-5.46497e-01
3.56743e-01	-5.95312e-01	3.78901e-01	-7.94162e-01
1.17510e+00	4.40662e-01	9.74880e-01	-7.37387e-01
1.52102e+00	-2.59656e-01	1.09215e+00	-7.03850e-01
1.30403e-01	2.54252e-01	5.50322e-02	-8.51997e-01
5.05524e-01	-9.00373e-01	1.36961e+00	9.47947e-01
1.73392e-02	-8.38974e-01	1.41604e+00	7.64694e-02
1.40236e+00	-6.61557e-01	3.85420e-01	-3.50747e-01
1.84860e+00	4.08205e-01	3.54906e-01	2.09971e-01
2.89736e-01	-6.02529e-01	1.04425e+00	5.45415e-01
1.03173e+00	-2.81213e-01	1.93800e-01	-8.34391e-01
2.09076e-01	-4.82489e-01	1.33041e+00	-6.77635e-01
2.13992e-01	-8.45217e-01	1.43495e+00	1.80367e-01
1.68922e-01	-9.29295e-01	8.17007e-01	2.48044e-01
1.26682e+00	-5.40568e-01	1.83062e+00	4.08076e-01
1.10985e-01	-9.13314e-01	4.29720e-01	4.63239e-01
6.35192e-01	-3.84388e-01	3.59544e-01	2.11045e-01
8.93353e-02	7.19125e-01	1.92034e+00	-4.69853e-01
1.05927e+00	-1.37787e-01	7.97273e-01	-5.02790e-01
7.08978e-01	7.40712e-01	1.81609e+00	-1.14756e-01
1.30604e+00	6.77729e-01	6.65814e-01	4.50521e-01
3.82343e-01	1.79420e-01	8.14877e-01	-8.17000e-01
7.94216e-02	-8.40100e-01	1.15140e+00	-5.46297e-01
4.24342e-01	4.85610e-02	7.14362e-01	-8.36067e-01
1.15723e+00	-5.32374e-01	8.16403e-01	-3.03516e-01
8.97171e-02	-8.20112e-01	1.69195e+00	3.80019e-01
5.96621e-01	-4.77719e-01	4.43521e-01	-8.35229e-01
2.35612e-01	-5.48794e-01	3.38964e-01	-2.48007e-02
1.80568e+00	-2.66747e-01	3.96319e-01	-3.04954e-01
3.15603e-01	-6.85940e-01	6.46043e-01	-1.75515e-01
1.33468e+00	-1.53106e-01	8.21144e-01	8.91245e-02
1.65582e-01	-9.00300e-01	6.01375e-01	-9.12542e-01
4.72127e-01	-4.86284e-01	1.61614e+00	-1.24692e-01
1.25625e+00	3.10536e-01	8.19907e-02	-3.83322e-01
1.25979e+00	9.28948e-01	3.19095e-01	-8.34631e-01
2.47832e-01	-6.84553e-01	1.42823e+00	-3.89142e-01
1.20988e+00	-3.64758e-01	1.04758e-01	-3.05214e-01
1.20596e+00	-5.47677e-01	5.67012e-02	-7.30418e-01
4.06432e-01	3.34653e-01	6.81542e-01	-6.14065e-01
3.26500e-01	-6.33433e-01	2.77760e-01	2.44480e-01
1.20548e+00	-2.58996e-01	1.76973e+00	-4.43185e-01
3.14117e-01	-2.46414e-01	1.01729e+00	9.44065e-01
9.35639e-01	3.63696e-01	1.05267e+00	-2.52724e-01
1.26555e+00	4.67297e-01	8.35615e-01	-1.50409e-01
2.35371e-01	-3.82913e-01	1.11224e+00	-1.36259e-01
8.48763e-01	-8.88171e-01	1.59853e-01	-8.72999e-01
1.83390e+00	-6.77918e-02	1.81921e+00	-6.47284e-01
1.07191e+00	3.57887e-01	7.58507e-01	-1.14610e-01
1.06110e+00	-1.53832e-01	1.67131e+00	-8.99237e-01
1.50617e+00	-4.57446e-01	2.58669e-01	-8.30663e-01
1.45465e+00	-1.32974e-01	1.08446e+00	2.80859e-01
6.79783e-01	-1.09311e-01	1.13136e+00	-7.30573e-01
1.27910e+00	-3.36717e-01	2.99620e-01	-1.97110e-03
6.65959e-01	1.78777e-01	1.43813e+00	-8.36229e-01
5.57160e-02	3.30987e-01	1.90706e+00	3.73956e-01
4.46814e-01	-7.22690e-01	3.15141e-01	-9.06769e-01
4.17271e-02	-9.17486e-01	9.91843e-01	7.40664e-01
1.41851e+00	-7.68472e-01	1.32916e-01	-1.52532e-03
1.65332e-01	-7.89728e-01	5.31356e-01	-3.35096e-01
2.57903e-01	6.71755e-03	5.01123e-01	2.13930e-01
1.34180e-01	-5.01333e-01	1.65375e-01	4.65585e-01
1.16400e+00	9.13565e-01	1.84061e+00	-5.10685e-03
1.51910e-02	-4.39036e-01	1.36635e+00	-9.65245e-01
1.02596e+00	1.18307e-01	6.42371e-02	4.98490e-02
2.12217e-01	-2.05855e-01	5.93351e-01	5.21285e-01
1.10495e-01	-9.92867e-01	1.07890e+00	-1.66612e-01
9.71263e-01	-5.88990e-01	5.07458e-02	-9.15986e-01
1.86854e+00	1.13985e-02	8.04029e-01	-7.56363e-01
1.24564e+00	-6.15440e-01	5.10324e-01	-8.77266e-01
1.43308e-01	-9.78997e-01	1.76327e+00	-8.43528e-01
1.98672e+00	-7.88811e-01	1.68596e+00	3.76816e-01
5.14997e-01	5.48080e-01	6.34804e-02	-9.56119e-01
2.24548e-01	-3.83471e-01	6.86824e-01	-5.34642e-01
1.20576e-01	-9.61267e-01	1.43743e+00	-5.72804e-02
7.43422e-01	9.64549e-01	2.00227e-01	-7.56971e-01
2.43246e-01	5.58883e-01	1.29138e+00	-2.12110e-01
3.05540e-01	-3.62856e-01	5.95069e-01	-5.71656e-01
4.08384e-01	2.23088e-01	1.17919e+00	-5.50357e-02
7.79428e-01	-2.29905e-01	1.84491e-01	3.31329e-01
1.61775e-01	-6.69513e-01	1.77690e-01	-9.20038e-01
5.54745e-01	1.13687e-01	1.89143e+00	9.10327e-02
4.69971e-01	-9.09576e-01	4.46367e-02	-6.24126e-01
1.07299e+00	5.87239e-01	5.48765e-01	6.48525e-01
8.58029e-01	4.93061e-02	1.14552e+00	6.07655e-01
1.20014e+00	6.26627e-01	1.41951e+00	-1.55906e-01
8.21440e-01	-8.51519e-01	2.25552e-01	-8.79404e-01
5.54964e-01	7.21398e-01	4.52651e-01	-9.16456e-01
1.10327e+00	3.69435e-01	1.68768e-01	5.24896e-01
5.71134e-02	-7.23624e-01	2.92967e-01	-6.77170e-01
6.81757e-01	6.65786e-02	1.75078e+00	7.01995e-01
1.95644e-01	-5.53605e-01	1.21404e-01	8.00481e-01
1.31563e+00	-1.15642e-01	3.39321e-02	-9.38062e-01
9.43966e-01	6.21935e-01	5.66632e-02	-9.19081e-01
6.98773e-02	-9.94075e-01	1.62449e-01	-1.60315e-01
3.45680e-01	-4.92837e-01	4.80545e-01	-7.96833e-02
5.07554e-01	-4.28272e-01	2.14817e-02	-5.24199e-02
1.16857e+00	-4.83921e-01	1.96250e+00	1.82352e-01
6.92237e-01	2.55241e-01	1.49844e+00	7.09168e-01
1.64793e+00	-7.75716e-01	5.48231e-02	-4.05221e-02
