# No. of particles = 100 
# Proton - Solar wind	Electron - Solar wind	
6.20002e+00	-3.25709e+00	7.53085e+00	-4.40222e+00
5.33131e+00	-4.51559e+00	2.04444e+00	4.45731e+00
5.50945e+00	-4.12569e+00	7.26225e+00	-1.46570e+00
3.00164e+00	-3.57257e-01	9.58719e+00	-6.00790e-01
7.88320e+00	-2.75108e+00	1.11855e+00	4.41429e+00
5.59778e+00	-2.11600e+00	9.55346e+00	-6.27922e-01
5.78134e+00	-2.54191e+00	9.07594e+00	3.94919e+00
4.36610e+00	-2.14926e+00	5.58987e+00	-3.08446e-01
5.76329e+00	-2.57790e+00	5.39204e+00	2.70521e+00
7.54647e+00	-1.13598e+00	3.95746e+00	-2.80272e+00
7.27814e+00	-2.94823e-01	8.69094e+00	1.90261e+00
4.85436e+00	-2.81352e+00	4.96789e+00	-1.34272e+00
6.23236e+00	-8.23645e-01	9.94018e+00	-4.04107e+00
6.49130e+00	-3.78842e+00	4.01979e+00	-1.25176e-01
7.44164e+00	-8.14759e-01	6.68154e+00	-1.15953e+00
6.73443e+00	3.77663e-01	7.41471e+00	-3.61380e+00
5.38654e+00	-1.17686e+00	4.30448e+00	-4.10585e+00
7.37128e+00	-5.29608e-01	3.99663e+00	-2.08763e+00
3.84282e+00	2.34943e+00	5.73526e+00	-3.06692e+00
7.81454e+00	1.25885e+00	4.96798e+00	-4.67233e-03
6.48131e+00	-2.10879e+00	7.72116e+00	1.59523e+00
4.97862e+00	-2.49145e-01	5.27631e+00	1.57406e+00
4.36464e+00	1.65426e-01	7.40123e+00	-9.17900e-01
5.56897e+00	5.05628e-01	6.40004e+00	-8.83862e-01
6.33125e+00	1.85442e+00	1.42140e+00	-2.71010e+00
7.13067e+00	8.05910e-01	9.09258e+00	3.62693e+00
4.40137e+00	-2.57080e-01	8.18529e+00	1.19639e+00
6.40073e+00	1.14544e-01	6.85093e+00	-9.18993e-01
5.32281e+00	1.05774e+00	5.85837e+00	-1.75978e+00
6.19014e+00	7.01720e-01	9.97888e+00	-2.74910e+00
6.80523e+00	6.11828e-01	4.94419e+00	9.16948e-01
6.96705e+00	1.18238e+00	1.19831e+00	3.91904e+00
6.03349e+00	1.51113e+00	7.01141e+00	-4.05758e+00
5.16424e+00	2.50081e+00	6.85450e+00	-1.38492e+00
5.17687e+00	1.55731e+00	3.75706e+00	-5.05611e-01
7.11537e+00	2.66419e+00	4.08489e+00	1.82199e-01
7.30664e+00	2.96888e+00	9.45228e+00	-1.87238e-01
5.41924e+00	3.17683e+00	7.81265e+00	3.53850e+00
6.07800e+00	2.96675e+00	6.85679e+00	-4.71546e+00
4.94304e+00	2.68071e+00	7.69133e+00	1.67224e-01
8.16809e+00	2.09688e+00	5.34645e+00	-2.42825e+00
4.57050e+00	3.66534e+00	6.68152e+00	3.54312e+00
5.27368e+00	2.27945e+00	7.23166e-01	-8.36706e-02
7.90423e+00	2.22532e+00	6.18661e+00	-4.59772e+00
6.01193e+00	4.22557e+00	5.67971e+00	-7.54759e-01
5.32907e+00	4.77866e+00	1.39658e+00	-1.04103e+00
5.20773e+00	4.53709e+00	1.19790e+00	-2.75341e+00
6.42770e+00	4.89517e+00	6.24064e-03	-1.15241e+00
7.64747e+00	9.75046e-01	4.76394e+00	2.71704e+00
7.66266e+00	4.29448e+00	5.24319e+00	4.78865e+00
9.48811e+00	3.93170e+00	4.76301e+00	-7.67780e-01
7.97652e+00	-3.34087e+00	9.27856e-02	3.01476e+00
9.22043e+00	-4.12285e+00	5.18829e+00	-1.36879e+00
9.27122e+00	-3.75286e+00	8.03513e+00	7.35350e-01
8.28564e+00	-3.40427e+00	8.83979e+00	-6.97295e-01
5.36568e+00	-4.69481e+00	7.69241e+00	8.68989e-01
6.03721e+00	-4.85641e+00	7.82209e+00	-6.95155e-01
8.50142e+00	-2.70561e+00	6.81043e+00	2.54467e+00
5.32785e+00	-4.57473e+00	6.21063e+00	2.96676e+00
7.85789e+00	-4.65812e+00	5.40129e+00	-3.92510e+00
4.96950e+00	-4.87841e+00	5.90307e+00	4.54418e+00
4.78354e+00	-2.32793e+00	5.85875e+00	-1.60637e+00
7.75661e+00	-3.23362e+00	6.05463e+00	-2.48906e+00
4.87118e+00	-1.90773e+00	9.34488e+00	-2.16575e+00
6.41451e+00	-3.20038e+00	3.18901e+00	-4.36487e+00
5.61866e+00	-3.22796e+00	7.82805e+00	5.70696e-01
7.86131e+00	-2.48561e-02	4.85590e+00	-6.93904e-01
3.41987e+00	-2.23828e+00	9.30135e+00	8.55971e-01
7.39588e+00	-3.82502e+00	2.76143e+00	2.77550e+00
6.05992e+00	-4.04527e+00	5.71726e+00	4.19207e+00
7.68400e+00	-2.44888e+00	7.38890e+00	-3.83940e+00
4.02162e+00	1.69502e-01	8.67210e+00	-4.55606e+00
6.10197e+00	-2.36770e+00	7.29511e+00	-1.13712e+00
5.32969e+00	-2.65709e-01	9.05301e+00	-3.36454e-01
7.18254e+00	-7.65760e-01	8.91908e+00	-3.06503e+00
3.31116e+00	9.48754e-02	1.23300e+00	4.68642e+00
5.18333e+00	-5.59875e-01	7.13538e+00	2.15257e-01
5.64170e+00	-2.36307e+00	9.24701e+00	2.44979e+00
4.92293e+00	-2.94330e-01	2.94344e+00	2.46617e+00
6.02544e+00	-5.11399e-01	1.68132e+00	-1.20594e+00
5.53690e+00	6.05921e-01	9.79305e+00	-4.38418e+00
5.36971e+00	6.54947e-01	6.50852e+00	2.73397e+00
5.81628e+00	2.32786e+00	8.74361e+00	3.31424e-01
5.98371e+00	1.42374e+00	8.25755e+00	-4.94886e+00
5.51391e+00	1.25782e+00	2.54557e+00	4.83149e+00
5.56745e+00	9.86058e-01	6.89111e+00	-3.61007e+00
4.19829e+00	2.82981e+00	5.90006e+00	4.84419e+00
7.08154e+00	5.10042e-01	5.19700e+00	3.58245e+00
3.45164e+00	1.28577e+00	2.50995e+00	1.53218e+00
5.49811e+00	2.30516e+00	6.19309e-01	4.83879e+00
5.81200e+00	1.94374e+00	6.83319e+00	-2.44717e-01
7.56547e+00	2.47449e-01	8.06297e+00	-2.44213e-01
6.93877e+00	8.98032e-01	6.33983e+00	-7.32519e-01
5.86190e+00	3.09503e+00	5.18916e+00	-4.15839e+00
4.84385e+00	2.62710e+00	4.79060e+00	-3.94416e+00
4.91489e+00	3.26329e+00	7.79581e+00	1.42200e+00
5.70188e+00	2.64939e+00	9.19216e+00	3.80071e+00
4.08838e+00	2.32881e+00	5.21481e+00	-1.66533e+00
5.47700e+00	3.21638e+00	8.77951e+00	3.36526e-01
5.58800e+00	3.33661e+00	8.42311e+00	6.20517e-01
