# No. of particles = 100 
# Proton - Solar wind	Electron - Solar wind	
3.28930e-01	2.36571e-01	1.77798e+00	-1.01307e-01
6.43355e-01	2.56101e-01	8.08790e-01	-3.36260e-01
1.18266e+00	-4.02406e-02	9.39017e-01	-2.00474e-01
1.16930e-01	-8.34949e-01	3.38354e-01	-4.23331e-01
2.07716e-01	-4.42038e-01	2.49851e-01	2.41347e-01
5.03167e-01	-3.80747e-01	1.26897e+00	2.65214e-01
5.42705e-01	-2.96296e-01	1.08878e+00	-1.37793e-01
1.19275e+00	9.95472e-01	1.08310e+00	-9.08414e-01
2.12879e-01	-5.72917e-01	5.06465e-01	-5.73987e-01
5.95428e-02	-9.10821e-01	7.25382e-01	8.13157e-01
2.89270e-01	-7.16206e-01	2.58144e-01	-7.86665e-01
7.77442e-01	-1.37473e-02	4.63532e-01	3.60773e-01
1.28906e+00	-1.85844e-01	4.48933e-01	-8.03686e-01
3.03743e-01	-3.41713e-01	1.37747e+00	4.68833e-01
6.45567e-01	-8.90059e-01	3.11343e-02	-9.66621e-01
4.81090e-03	-9.76825e-01	4.96779e-01	-4.69706e-01
1.36442e+00	-3.86245e-01	1.34870e+00	8.34920e-01
7.97525e-02	-6.69064e-01	1.54725e+00	7.83151e-01
5.07283e-01	-2.59803e-01	7.67326e-02	-9.73105e-01
8.23804e-01	8.99365e-01	2.71296e-01	-5.39830e-01
8.65124e-01	4.36342e-01	3.56124e-01	-7.56436e-01
5.14566e-01	6.42785e-01	1.63228e+00	-1.74715e-02
1.18849e+00	-2.19179e-01	5.51982e-01	5.86362e-01
3.03069e-01	5.52282e-01	1.60419e+00	-1.68553e-01
1.84905e+00	-1.73161e-01	2.10299e-01	-4.87366e-01
2.06824e-01	5.60225e-01	3.02919e-03	-2.46899e-01
1.23589e-01	-9.96483e-01	1.67604e+00	-7.55208e-01
2.82307e-01	-2.07252e-01	5.69985e-01	-9.99619e-01
1.44731e+00	6.48647e-02	1.90693e+00	-6.12130e-01
1.19496e+00	2.68450e-01	1.18437e+00	7.50097e-01
1.03715e+00	4.40129e-01	9.57154e-01	9.70447e-01
1.06539e+00	-9.06513e-01	9.68278e-01	9.09353e-01
1.66507e-01	-3.25450e-01	2.80797e-01	-1.71787e-01
1.36483e+00	-6.03554e-01	4.63361e-02	-9.46728e-01
1.32083e-01	-8.79115e-01	1.07239e-02	-9.79896e-01
3.31670e-01	-9.21199e-01	1.47448e-01	4.19568e-01
7.22777e-02	-8.99527e-01	3.97541e-01	7.25836e-01
5.57716e-01	-8.73293e-01	3.75782e-01	-5.12703e-01
3.83193e-01	4.58750e-01	8.66339e-01	-9.03324e-01
2.62236e-01	-9.12541e-01	3.01667e-02	-8.29326e-02
1.75697e-02	-8.88321e-01	1.89988e+00	-7.58421e-01
1.86375e+00	9.39759e-01	1.72820e+00	-4.59023e-01
1.17432e-01	-9.21082e-01	2.23696e-01	-9.90776e-01
3.00664e-01	-7.20177e-01	6.03052e-01	-8.31998e-02
4.15946e-01	3.25429e-01	5.78645e-01	-3.78669e-01
7.25871e-01	-5.75457e-01	1.54477e+00	5.20020e-01
1.73701e+00	2.69595e-01	9.48361e-02	-9.30430e-01
8.56585e-01	-1.67004e-01	1.49606e+00	7.78638e-01
5.89100e-02	-7.42013e-01	5.64295e-01	-4.25672e-01
1.19312e-01	-6.85375e-01	6.50135e-01	6.89384e-01
5.92237e-01	-6.76082e-01	1.47675e+00	3.45234e-01
1.95014e+00	3.07834e-01	8.57451e-01	-7.62183e-02
1.75296e-01	-9.59953e-01	1.78435e-01	-5.98198e-01
3.60859e-02	7.93433e-01	2.00547e-01	-9.02831e-01
2.06621e-01	-8.17616e-01	9.81732e-01	4.01102e-01
1.83385e+00	-7.15714e-01	5.92933e-01	9.20891e-01
8.92165e-02	-5.57170e-01	9.73027e-01	3.21122e-01
1.82785e+00	-4.00969e-01	1.00599e+00	-3.58413e-01
7.90668e-01	7.09392e-01	7.05131e-01	-3.65296e-01
4.42523e-02	-9.37445e-01	1.59492e+00	-7.99424e-01
3.84691e-02	-9.04451e-01	2.48505e-01	-4.95253e-01
4.79068e-02	-5.27887e-01	1.12901e+00	5.99735e-01
3.57034e-01	-3.98990e-01	1.29013e+00	-1.28848e-01
8.86368e-01	2.72310e-01	2.45692e-01	5.26380e-01
6.00567e-01	6.84219e-01	1.87784e-01	1.61176e-02
5.11117e-01	-6.96833e-01	7.23521e-01	1.40594e-02
5.49593e-02	-9.64007e-01	1.37369e+00	5.65672e-01
8.05635e-01	6.37835e-01	7.23108e-01	2.58148e-01
9.30195e-01	6.42884e-01	5.44173e-01	-7.94574e-01
9.84566e-01	4.93164e-01	2.01286e-01	-6.41761e-01
6.09906e-03	-6.40789e-01	5.38065e-01	3.08176e-01
1.52662e+00	4.95826e-01	9.68149e-01	5.49386e-01
1.73183e-01	-7.02834e-01	8.33514e-01	6.90920e-01
3.30268e-01	-3.57983e-01	1.81023e+00	-1.06413e-01
5.69725e-01	-5.12580e-01	1.24875e-01	-5.10710e-01
1.09214e-02	1.32191e-01	2.14331e-01	4.19545e-01
6.85285e-01	7.68224e-01	1.78566e+00	6.54700e-02
2.74118e-01	-6.57372e-01	5.74877e-02	-9.62900e-01
3.09185e-01	-5.58615e-01	8.43814e-01	5.00278e-01
1.09935e+00	2.94402e-01	1.92313e+00	6.50824e-01
1.07108e+00	-8.27901e-02	1.63404e+00	-8.88534e-01
1.24786e+00	4.69331e-01	1.85561e+00	-9.63018e-01
1.10707e+00	2.11222e-01	5.35731e-02	-7.83668e-02
5.68543e-02	3.62779e-02	2.31248e-01	-1.45272e-01
1.25401e-01	1.73585e-01	6.07999e-01	8.59978e-01
2.65790e-01	9.19466e-02	2.64188e-01	-8.73625e-01
3.69845e-01	-4.41314e-01	1.40298e+00	1.94161e-01
1.42932e+00	-4.24574e-01	1.95347e+00	5.39121e-01
6.46797e-01	-5.62981e-01	6.81807e-01	5.00507e-01
3.29271e-01	7.72471e-01	2.58545e-01	-3.19690e-01
1.31281e-01	-6.71364e-01	1.97021e+00	7.93576e-04
1.00763e-02	-9.84033e-01	1.07638e+00	-6.54185e-01
6.05402e-01	1.78314e-01	1.18531e+00	8.76024e-01
2.76799e-01	-6.69819e-01	6.03014e-01	-6.74527e-02
7.66219e-01	-3.41597e-02	1.68485e-01	-6.54457e-01
1.39919e+00	3.86058e-01	5.64879e-02	9.98847e-01
1.53618e+00	7.70765e-01	2.39528e-01	1.23190e-01
4.42575e-01	1.37961e-02	1.94908e-01	-1.06306e-01
1.73975e+00	6.77772e-01	3.91791e-01	7.56426e-01
4.63809e-01	-8.87400e-01	1.46305e+00	-1.09680e-01
