# No. of particles = 100 
# Proton - Solar wind	Electron - Solar wind	
3.26337e-01	2.24121e-01	1.00372e+00	-4.90213e-01
6.31195e-01	2.31699e-01	4.33810e-01	-6.41508e-01
1.17593e+00	-4.55545e-02	1.69905e+00	-3.07245e-01
9.80806e-02	-8.61436e-01	1.03992e-01	-8.26467e-01
2.00569e-01	-4.68036e-01	1.06737e+00	1.01287e-01
4.85222e-01	-4.02923e-01	1.16156e+00	1.17074e-01
5.32701e-01	-3.09097e-01	8.60724e-01	-3.14040e-01
1.17354e+00	9.62769e-01	2.83598e-01	-9.76211e-01
1.97622e-01	-6.09643e-01	1.50350e+00	-3.01884e-01
4.16317e-02	-9.49525e-01	6.02283e-01	4.81100e-01
2.75176e-01	-7.41550e-01	4.39164e-02	1.71664e-01
7.73134e-01	-1.91817e-02	4.16570e-01	2.01206e-01
1.28468e+00	-1.88680e-01	1.63902e+00	-7.20534e-01
2.98333e-01	-3.56879e-01	2.53459e-01	-7.02844e-01
6.38752e-01	-8.91157e-01	1.24446e+00	6.21108e-01
2.38189e-03	-9.92197e-01	1.52223e+00	-6.42185e-02
1.31833e+00	-4.09503e-01	8.72031e-01	1.89113e-01
7.87471e-02	-6.74362e-01	4.63119e-01	-4.84529e-01
4.96904e-01	-2.75073e-01	1.33278e+00	8.76244e-01
8.03888e-01	8.52075e-01	3.77123e-03	-9.89301e-01
8.60115e-01	4.27503e-01	5.94347e-01	1.69163e-01
5.00018e-01	5.95842e-01	1.47054e+00	-1.14649e-01
1.16492e+00	-2.36039e-01	4.52449e-01	2.76848e-01
3.02057e-01	5.47533e-01	8.46569e-01	-5.65227e-01
1.83379e+00	-1.79946e-01	1.62668e-01	-6.19805e-01
2.03057e-01	5.18794e-01	1.56851e-02	-9.35844e-01
9.18606e-02	-9.94844e-01	6.94768e-01	-8.97366e-01
2.76026e-01	-2.26511e-01	1.82817e-01	-9.86121e-01
1.40712e+00	3.28322e-02	1.92947e+00	-6.48966e-01
1.18471e+00	2.57584e-01	9.76172e-02	-8.81569e-01
1.02626e+00	4.23950e-01	2.82096e-01	-1.67757e-01
1.03004e+00	-9.09425e-01	7.40361e-01	4.55226e-01
1.61598e-01	-3.46689e-01	1.48546e+00	-2.82804e-01
1.34209e+00	-6.09930e-01	1.50680e+00	5.50686e-01
1.06677e-01	-9.00299e-01	5.70992e-01	2.06681e-01
3.26931e-01	-9.22252e-01	6.49193e-02	-3.80343e-01
6.74185e-02	-9.12272e-01	3.46771e-01	4.75654e-01
5.49899e-01	-8.74995e-01	1.30180e+00	-1.60675e-01
3.79885e-01	4.45744e-01	1.77790e+00	-6.31833e-01
2.49883e-01	-9.23171e-01	1.64726e+00	-1.67380e-01
1.27473e-02	-9.19602e-01	1.95336e+00	-6.57422e-01
1.84767e+00	9.23147e-01	1.98335e+00	-6.35702e-02
1.12175e-01	-9.28906e-01	5.16964e-01	3.77818e-01
2.97725e-01	-7.24132e-01	3.99527e-01	7.49312e-01
4.12756e-01	3.14949e-01	3.89731e-01	-5.84369e-01
7.10231e-01	-5.84978e-01	1.11034e+00	9.37347e-02
1.73139e+00	2.65478e-01	4.55035e-03	-9.79112e-01
8.42194e-01	-1.59043e-01	9.36185e-01	4.68101e-01
5.66551e-02	-7.51518e-01	2.72533e-01	-1.77432e-01
1.06190e-01	-7.20087e-01	5.91843e-01	5.31875e-01
5.84250e-01	-6.81849e-01	1.28108e+00	1.51361e-01
1.94193e+00	3.02398e-01	2.83220e-01	-6.88150e-01
1.59383e-01	-9.78535e-01	1.10987e+00	4.90285e-01
7.32418e-02	7.79771e-01	3.68843e-01	7.20392e-01
1.89943e-01	-8.37979e-01	1.79268e+00	2.39157e-01
1.83747e+00	-7.02211e-01	1.41870e+00	7.73004e-01
8.81860e-02	-5.68554e-01	2.63767e-01	-6.74359e-01
1.80585e+00	-4.08067e-01	3.92240e-01	1.95247e-01
7.83389e-01	6.93594e-01	1.45046e+00	9.86603e-01
3.77029e-02	-9.44450e-01	6.25387e-01	8.93729e-01
3.27009e-02	-9.30669e-01	9.64544e-01	3.15351e-01
4.48434e-02	-5.66924e-01	5.44026e-01	-2.45172e-01
3.52318e-01	-4.08522e-01	2.27708e-01	-8.36593e-01
8.76758e-01	2.58176e-01	1.14009e+00	-9.60036e-02
5.89601e-01	6.53545e-01	1.40092e-01	-2.66929e-01
5.07121e-01	-6.99180e-01	1.13784e+00	-2.33365e-01
5.38088e-02	-9.83306e-01	9.78077e-01	4.04022e-01
7.76718e-01	6.14842e-01	8.14288e-01	6.40065e-01
9.26702e-01	6.36795e-01	3.51459e-01	-8.68920e-01
9.76091e-01	4.79597e-01	7.38722e-01	-7.28296e-01
5.45532e-02	-6.39547e-01	2.27824e-01	-4.51293e-01
1.53191e+00	4.89855e-01	6.85370e-01	9.31488e-02
1.69092e-01	-7.10221e-01	1.92759e-01	-5.97886e-01
3.23379e-01	-3.71804e-01	2.35104e-01	-6.65784e-01
5.68223e-01	-5.14166e-01	1.42925e+00	-2.02743e-01
9.54351e-03	1.30756e-01	7.77349e-02	-5.02700e-01
7.17339e-01	7.64464e-01	1.92411e+00	2.04279e-02
2.58815e-01	-6.76747e-01	1.90992e+00	-2.16052e-01
3.01287e-01	-5.69847e-01	1.38994e+00	8.20592e-01
1.08104e+00	2.72088e-01	1.37479e+00	-4.25296e-02
1.03064e+00	-7.61889e-02	1.19749e+00	1.77686e-01
1.25241e+00	4.65499e-01	8.28537e-01	6.23545e-02
1.10271e+00	2.06129e-01	2.77985e-01	9.22081e-01
5.82176e-02	2.43086e-02	1.14697e-01	-8.23158e-02
1.28372e-01	1.34820e-01	5.76922e-01	8.00866e-01
2.64825e-01	8.86260e-02	2.36414e-01	-5.72714e-01
3.68377e-01	-4.43268e-01	1.89892e+00	1.43776e-01
1.40554e+00	-4.16497e-01	9.40724e-01	4.59805e-01
6.24746e-01	-5.46865e-01	1.23419e-01	2.14734e-01
3.51538e-01	7.73496e-01	1.34681e-01	-6.46531e-01
1.30814e-01	-6.72932e-01	1.73140e-02	5.25496e-01
8.03168e-03	-9.83425e-01	1.01205e+00	-6.59573e-01
6.03555e-01	1.74511e-01	3.86475e-01	3.54079e-01
2.73191e-01	-6.75744e-01	5.28018e-01	3.47593e-02
7.55511e-01	-5.21099e-02	1.16724e-01	-7.67870e-01
1.36768e+00	3.52119e-01	5.03444e-01	-3.59684e-01
1.55391e+00	7.47266e-01	1.04852e-01	-5.71886e-01
4.29823e-01	-1.72785e-02	1.63811e-01	-6.17083e-02
1.73271e+00	6.74636e-01	2.27444e-01	1.22188e-02
4.51019e-01	-8.90406e-01	1.57050e+00	3.94298e-02
