# No. of particles = 100 
# Proton - Solar wind	Electron - Solar wind	
2.32402e+00	-6.00844e-01	6.43997e-01	-5.11595e-01
3.09136e-01	-2.27107e+00	1.07441e+00	-9.27571e-01
3.38987e-01	-2.46594e+00	6.23082e-01	-1.70721e+00
2.00707e+00	-2.43216e+00	1.07857e+00	-4.73154e-01
8.87577e-01	-2.49278e+00	1.50025e+00	-2.06728e+00
2.49865e-01	-2.48229e+00	6.82693e-01	-2.29596e+00
4.27428e-01	-2.43588e+00	1.03290e+00	-6.32908e-02
9.69658e-01	-2.01511e+00	8.66990e-01	-1.82852e+00
1.22370e+00	-2.40974e+00	4.72364e-01	-2.15935e+00
6.72276e-02	-2.26911e+00	9.64981e-01	-1.52839e+00
2.35813e+00	-2.07199e+00	1.87133e+00	-5.52535e-01
1.84273e+00	-1.69634e+00	2.03042e+00	-5.09728e-01
2.10860e-01	-2.48935e+00	1.08663e-01	-2.42984e+00
2.08250e+00	-2.04594e+00	1.68861e+00	-2.77725e-02
6.66838e-01	-2.34770e+00	1.23047e+00	-2.14923e+00
6.74946e-02	-9.20186e-01	9.45920e-01	-1.35118e+00
4.54032e-01	-1.78167e+00	3.41160e-02	-2.43694e+00
1.41347e-01	-2.30732e+00	2.82564e-01	4.77053e-01
1.76531e+00	-1.54356e+00	7.56021e-01	-1.52792e+00
7.14910e-01	-2.26207e+00	8.37426e-01	-5.79179e-01
3.70833e-01	-2.44020e+00	7.95091e-01	-8.15669e-01
1.90402e-01	-2.45155e+00	1.29493e+00	-1.27817e+00
1.59069e+00	-2.79869e-01	1.24820e-01	-2.26339e+00
2.37818e-01	-6.56350e-01	1.36522e+00	-1.74423e+00
1.50757e-01	-2.46191e+00	2.02942e+00	-1.58427e+00
5.48967e-01	-2.14469e+00	6.18171e-03	-2.42866e+00
8.60300e-01	-2.49344e+00	2.78723e-01	-2.00132e+00
2.94934e-01	-1.22408e+00	3.62474e-01	-1.00497e+00
7.75836e-01	-2.04123e+00	3.17068e-02	-2.24450e+00
3.18866e-01	5.64581e-01	8.38127e-01	-1.64919e+00
2.27667e+00	-1.39652e+00	2.28041e+00	9.17641e-01
3.32839e-01	-1.03538e+00	2.26089e-01	-2.33151e+00
4.42376e-01	-2.20090e+00	2.20690e-01	-1.55328e+00
1.49681e-02	-2.35373e+00	2.08839e+00	5.80014e-01
7.07697e-01	-2.48514e+00	1.09363e+00	-1.20351e+00
2.27956e-01	2.49682e-01	2.03770e+00	-5.71866e-01
4.30187e-01	-2.12917e+00	3.00986e-01	-3.61717e-01
1.47073e-01	-1.11900e-01	1.50774e+00	-2.35287e+00
3.55923e-01	6.15090e-01	2.32090e+00	5.65724e-01
3.80448e-01	-2.35157e+00	8.82508e-01	1.10120e+00
6.64431e-01	-2.35972e+00	5.74306e-01	-2.12826e+00
5.53325e-02	-1.79879e-01	1.42939e+00	-2.01241e+00
1.14325e-01	-2.42981e+00	2.23100e+00	-1.87855e-02
7.93145e-01	3.40052e-01	7.86580e-01	-3.30685e-01
1.43879e-01	-2.42041e+00	5.03306e-02	-2.31826e+00
6.36311e-01	-2.31445e+00	2.19158e+00	-2.99841e-01
5.05197e-01	7.63929e-01	6.55054e-01	-1.99305e+00
2.35729e+00	-1.95081e+00	5.55476e-01	-2.49620e+00
2.84156e-01	1.41004e+00	3.52865e-01	1.58424e-01
8.57216e-02	-2.32275e+00	3.95442e-01	-9.42746e-01
7.57515e-01	-2.06672e+00	1.61448e+00	-1.30195e+00
1.21521e+00	-2.42852e+00	2.45050e+00	-1.47163e+00
2.47390e+00	4.32217e-01	6.71764e-02	8.51446e-01
1.27148e+00	-2.22263e+00	2.25015e+00	1.92475e+00
2.38788e-01	-5.90692e-01	2.49495e+00	-2.11618e+00
1.22759e+00	4.03688e-01	6.85916e-01	1.15937e+00
1.15707e+00	4.27131e-01	2.08740e+00	6.57451e-01
2.95243e-01	-2.38183e+00	1.99564e+00	-1.57028e+00
3.73602e-01	-1.09031e+00	8.14836e-01	-1.29846e+00
1.27881e+00	-3.64575e-01	4.29515e-01	-2.02970e+00
2.08225e+00	3.83616e-01	3.04804e-01	-2.40161e+00
4.54326e-01	-1.44148e+00	1.70288e+00	6.51325e-01
1.27428e-01	8.67019e-01	1.17352e-01	-2.28398e+00
4.37766e-01	1.89632e-01	8.63099e-01	-1.03778e+00
2.15152e+00	4.18615e-02	2.07253e+00	-3.11997e-01
7.47308e-01	-2.14692e+00	1.59254e+00	5.06657e-01
1.12550e+00	-3.41404e-01	7.32848e-01	-2.28103e+00
7.58780e-01	-1.98142e+00	3.37334e-01	-2.06850e+00
1.55095e-01	-2.49335e+00	9.37593e-01	1.77223e-01
1.79644e-01	-3.85367e-01	1.19177e+00	-2.12271e+00
1.39753e+00	-2.46795e+00	1.06369e+00	-8.24014e-01
2.23744e+00	1.95165e+00	2.34967e+00	-1.79528e+00
2.79333e-01	-9.48252e-01	2.08338e+00	8.76909e-01
3.28894e-01	-2.26258e+00	5.10439e-01	-2.05565e+00
8.51124e-01	-2.73895e-01	1.35629e+00	-1.01906e-01
3.97644e-01	1.04267e-01	7.14581e-01	2.07647e-01
8.80367e-01	-8.88324e-02	7.72708e-01	-1.98271e-01
1.12292e+00	-2.27791e+00	2.24905e+00	-1.72294e+00
3.17732e-01	1.10829e+00	1.65915e-01	-4.58832e-01
5.63338e-01	1.27170e+00	7.58888e-01	1.77884e+00
3.42469e-01	3.40537e-01	1.29683e+00	-1.88264e+00
2.03222e+00	9.97283e-01	8.59095e-01	-1.82031e+00
1.18960e+00	-2.80714e-01	7.82162e-01	-1.87582e+00
1.50609e+00	-4.62770e-03	3.62375e-01	-2.03759e+00
2.87096e-01	5.12625e-01	2.21514e-01	-2.44710e+00
4.07605e-01	7.96097e-01	2.25954e+00	7.05246e-01
6.31182e-01	5.26075e-01	1.14566e+00	-1.86512e+00
4.05056e-01	-2.24092e+00	1.39397e-01	-2.38061e+00
2.89115e-01	2.72174e-01	3.62595e-01	-2.19257e+00
1.06108e+00	5.06195e-01	3.40622e-01	7.91643e-01
7.86613e-02	-2.13454e-02	1.46406e+00	-6.68679e-01
1.95904e+00	7.25161e-01	3.70450e-01	4.58318e-01
2.37819e+00	1.02953e+00	3.51490e-01	1.91774e+00
5.88011e-01	-2.15481e+00	1.43374e+00	-1.98371e+00
4.56311e-01	1.67321e+00	1.85172e+00	2.91018e-01
3.74655e-01	1.32590e+00	1.33254e+00	5.31405e-01
8.49977e-01	9.31445e-01	1.82292e+00	1.28723e+00
1.38847e+00	-2.13035e+00	2.30093e+00	9.28292e-01
1.82606e-01	-2.44020e+00	2.04694e+00	-1.74923e+00
7.49185e-02	9.80570e-01	2.03302e+00	1.55372e+00
