# No. of particles = 100 
# Proton - Solar wind	Electron - Solar wind	
4.20042e-01	6.74708e-01	9.93928e-01	-4.53751e-01
7.50078e-02	-9.93943e-01	3.71194e-01	-2.16216e-01
1.42014e+00	1.47076e-01	7.82329e-01	-6.30528e-01
7.80512e-01	9.76402e-02	6.01311e-01	-2.13569e-01
4.59258e-01	4.73460e-01	1.31684e+00	-3.88850e-02
1.13470e+00	3.99792e-01	7.74843e-01	-9.22873e-01
8.94602e-01	1.53833e-01	2.59536e-01	5.71064e-02
6.59011e-01	-4.14992e-01	1.59471e+00	9.54320e-01
7.50223e-01	7.19939e-01	1.48439e+00	-3.48372e-01
6.89499e-01	4.51770e-01	1.47812e+00	7.13382e-01
7.85422e-01	1.76034e-01	1.98882e-01	-7.39412e-01
9.27583e-01	1.79091e-01	3.64916e-01	5.46908e-01
1.44329e+00	-8.54248e-02	1.89081e+00	5.52371e-01
4.94194e-01	1.91902e-01	2.86990e-01	6.78497e-01
8.86504e-01	-8.51071e-01	1.86765e+00	6.19571e-02
6.23028e-01	-2.66105e-01	7.10663e-01	3.20336e-01
8.04143e-02	-5.75861e-01	1.70391e-01	-7.28940e-01
1.15564e-01	-4.81894e-01	1.01912e+00	-1.26890e-01
8.72329e-01	2.77389e-01	8.37801e-01	-3.83688e-02
5.02630e-01	-4.44635e-01	5.40919e-01	3.45403e-01
1.04216e+00	7.48249e-01	2.90940e-01	-3.60128e-01
4.78673e-01	-4.27761e-01	1.29236e+00	3.80285e-01
3.59004e-02	-9.77196e-01	5.91260e-01	-8.22159e-01
3.38779e-01	7.18668e-01	8.94393e-01	1.73856e-01
6.41014e-01	-3.81270e-01	3.48072e-01	-1.94299e-01
1.02419e+00	-8.85630e-01	3.24477e-01	-2.36496e-01
2.03506e-01	1.25100e-01	1.13737e+00	7.71564e-01
5.02607e-01	4.71353e-01	4.96457e-02	-9.07385e-01
1.06705e+00	-1.96289e-01	6.63177e-01	-5.64309e-01
1.55590e+00	6.50704e-01	3.39825e-01	-8.59620e-01
1.99036e+00	-4.50382e-01	1.07554e+00	2.91320e-01
1.40837e-01	-8.04096e-01	1.03637e+00	5.48084e-02
3.39699e-01	4.22702e-01	5.95918e-01	3.28869e-01
8.20740e-02	-8.67840e-01	1.16385e-01	-1.31084e-01
1.02635e+00	-1.33171e-01	1.99279e+00	6.61255e-01
4.98262e-01	-8.85019e-01	3.88568e-01	-2.77332e-01
2.43131e-01	-4.51023e-01	8.93123e-01	9.56393e-01
8.33490e-01	-8.12937e-01	1.26141e+00	-7.61623e-01
4.99354e-01	9.16886e-01	1.12121e+00	-6.19607e-01
6.97080e-01	-5.38100e-01	9.10366e-01	-9.08107e-01
1.88125e-01	2.12798e-01	2.42054e-01	-9.13565e-01
2.74531e-01	1.97454e-01	9.88734e-01	9.13758e-01
3.02128e-01	-6.45677e-01	9.71427e-01	-6.83210e-01
4.03496e-01	-5.79910e-01	2.32504e-01	6.79983e-01
5.27443e-01	6.94711e-01	1.90320e+00	-7.80762e-01
1.27603e+00	-2.41328e-01	3.59222e-01	2.43368e-02
1.93346e+00	4.14356e-01	1.87736e+00	-7.49982e-01
1.36357e+00	-4.48635e-01	1.05270e+00	6.17343e-01
1.38572e-01	-4.07005e-01	1.75130e+00	-6.70158e-01
5.81100e-01	5.36693e-01	3.52448e-01	6.31417e-01
8.74143e-01	-4.71999e-01	1.62954e+00	6.51634e-01
8.02734e-01	-7.71419e-01	1.66962e+00	-7.79682e-01
7.35249e-01	-3.05427e-01	5.29026e-01	5.58591e-01
1.01996e+00	5.31274e-01	1.77829e+00	-5.23247e-01
7.94056e-01	-1.00313e-01	1.50931e+00	2.10764e-01
2.50409e-01	-9.78981e-01	7.17866e-01	-2.89479e-01
1.26505e-01	-1.56968e-01	1.78176e+00	-6.37213e-01
6.34322e-01	2.84988e-02	1.47134e+00	9.37344e-01
1.52326e-01	-7.23757e-01	7.88991e-01	-2.84202e-01
2.74770e-01	-6.91040e-01	1.62213e+00	4.73227e-01
2.41737e-01	1.88117e-02	1.57538e+00	7.56706e-01
1.56355e-01	8.46338e-01	9.33228e-01	7.45968e-02
5.23169e-01	-6.36238e-02	1.48565e+00	-3.67772e-01
1.22524e+00	7.70152e-01	7.79530e-01	-9.36742e-01
4.46728e-01	-8.68389e-01	9.26172e-01	-3.56890e-01
6.52877e-01	-6.12364e-01	1.41018e+00	7.13925e-02
9.57810e-02	-2.84696e-01	1.25138e+00	-1.69903e-01
1.63101e-01	-7.61463e-01	1.79417e+00	-1.05092e-01
1.05275e+00	8.57731e-01	9.28592e-01	4.88158e-01
1.28214e+00	9.71025e-01	1.70807e+00	5.46729e-01
9.93431e-01	4.83419e-01	4.42114e-01	-5.15561e-01
1.34095e+00	7.05996e-01	4.50279e-01	-4.53120e-01
3.16879e-01	-4.42206e-01	3.98038e-01	-8.15787e-01
5.72696e-01	1.28410e-01	1.57069e+00	-8.63449e-01
6.22820e-01	-4.57297e-01	8.67865e-01	2.58221e-01
5.96952e-02	1.82855e-01	8.94005e-01	6.99921e-02
2.60800e-02	-9.47611e-01	1.45116e+00	4.78908e-01
8.12926e-01	2.45201e-02	1.50518e+00	-2.99328e-01
5.87327e-01	-1.63474e-01	1.01167e+00	-6.33023e-01
1.07831e-01	-9.81966e-01	1.41090e+00	3.67618e-02
6.55457e-02	-7.34975e-01	6.54956e-01	4.06857e-01
1.08747e+00	6.03267e-01	1.86928e-01	-8.48690e-01
1.26105e+00	3.90595e-01	5.95897e-01	-1.98093e-01
9.44711e-03	4.57761e-01	3.24103e-02	7.28735e-01
1.73895e+00	6.84841e-02	1.27718e+00	7.19100e-01
3.00129e-01	2.08899e-01	4.28462e-01	-9.43351e-01
4.21629e-01	-3.73190e-01	1.14940e-01	8.27979e-01
7.30115e-02	-9.74513e-01	1.64950e+00	-8.34210e-01
2.34600e-01	-1.62638e-01	1.76230e-01	-8.26769e-01
1.43545e-01	-9.72234e-01	1.30075e+00	4.47237e-01
1.47609e-01	-6.15454e-01	1.46961e+00	8.87548e-01
2.10538e-01	-7.81637e-01	9.99611e-01	-8.75884e-01
6.70166e-01	3.11459e-01	1.62320e+00	2.00891e-02
4.04009e-01	-4.59893e-01	3.70011e-01	5.55285e-01
1.14262e+00	5.98532e-01	9.80343e-01	-6.13508e-01
4.72249e-01	-4.76632e-01	9.84692e-01	7.13084e-01
6.36437e-01	-1.45689e-01	5.59767e-01	-1.59784e-01
2.70372e-02	5.52832e-02	1.29020e+00	-3.05298e-01
1.98687e+00	7.88209e-01	1.46890e-01	-9.97498e-01
9.14271e-01	-7.81297e-01	1.24225e+00	-6.53148e-02
