# No. of particles = 100 
# Proton - Solar wind	Electron - Solar wind	
2.57668e-01	-1.07170e-01	1.41053e+00	-9.05208e-02
3.07568e-01	-4.17411e-01	1.72998e+00	3.10985e-02
9.97826e-01	-1.87902e-01	4.44854e-01	-7.07862e-01
6.42638e-01	2.95047e-01	2.38114e-01	-6.60245e-01
1.23877e-02	-7.68576e-01	1.58748e-01	-8.67119e-01
7.72003e-03	-9.92723e-01	1.64860e-01	-9.07770e-01
2.66770e-01	-6.49502e-01	7.24306e-02	-8.91901e-01
6.62138e-01	9.24383e-02	4.25842e-01	-8.12671e-01
4.34912e-02	6.32481e-01	9.55394e-02	-9.53734e-01
5.88173e-01	7.12050e-01	1.79115e+00	3.25773e-01
2.50490e-03	-9.60971e-01	3.57049e-01	3.54678e-01
6.57944e-01	-1.63553e-01	9.08209e-01	-1.69135e-01
1.16806e+00	-2.64393e-01	8.90352e-01	-7.31596e-01
1.54612e-01	-7.59757e-01	6.99552e-01	-4.33218e-01
4.57081e-01	-9.20288e-01	1.68408e+00	7.56376e-02
4.69470e-01	4.75119e-01	4.49822e-01	3.15955e-01
1.06746e-01	9.83551e-01	9.15190e-01	-1.10797e-01
5.24284e-02	-8.15012e-01	8.22790e-01	-5.56695e-01
2.20393e-01	-6.80775e-01	1.00829e+00	3.21101e-01
2.74933e-01	-4.06372e-01	7.24297e-01	-6.06513e-01
7.26983e-01	1.93394e-01	1.95462e-01	5.56317e-01
1.12740e-01	-6.53031e-01	1.93945e+00	1.73523e-01
5.37808e-01	-6.84674e-01	1.55107e+00	5.20944e-01
2.75361e-01	4.21694e-01	2.50730e-02	-9.84494e-01
1.42826e+00	-3.60984e-01	6.95329e-01	-6.24555e-01
1.03035e-01	-5.83317e-01	1.79447e+00	4.76141e-01
3.15746e-01	2.25860e-01	1.39782e+00	3.93249e-01
1.09224e-01	-7.38476e-01	7.23068e-01	-9.98523e-02
3.37899e-01	-8.19514e-01	3.96551e-01	-9.58773e-01
9.11880e-01	-2.97858e-02	1.86775e-02	1.96735e-01
7.36958e-01	-5.29708e-03	3.34828e-01	-8.99773e-01
9.00384e-02	-9.86564e-01	4.21965e-01	4.95418e-01
3.11102e-02	-9.11460e-01	1.08370e+00	1.74374e-01
7.37153e-01	-7.79275e-01	1.41774e+00	1.75143e-01
2.51221e-01	8.14213e-01	5.41057e-01	-1.35013e-01
2.00728e-01	-9.50028e-01	9.01806e-01	-5.82733e-01
1.26078e+00	-3.52113e-01	5.58395e-01	-1.95131e-01
3.41945e-01	-9.19906e-01	5.83071e-01	-4.00085e-01
2.91702e-01	1.00278e-01	2.91902e-01	-8.84232e-01
1.55108e-01	3.66272e-01	1.74265e+00	-7.58149e-01
4.85070e-01	3.24123e-01	5.64283e-01	6.75959e-01
1.42023e+00	4.81127e-01	1.92392e+00	-6.39464e-01
9.85542e-01	7.01641e-01	9.47826e-01	-9.36233e-01
2.19623e-01	-8.29289e-01	1.53057e+00	-2.06101e-01
3.27932e-01	3.56727e-02	6.62293e-01	-1.12842e-01
2.94071e-01	-8.37654e-01	1.98828e-01	-3.64077e-01
1.58174e+00	1.56139e-01	3.49948e-01	-8.17161e-01
4.59191e-01	5.26802e-02	9.91624e-01	-2.31642e-01
1.73633e+00	9.74290e-01	1.00352e+00	2.26442e-01
4.62233e-02	4.28737e-01	1.57957e+00	1.68890e-02
3.71692e-01	-8.35001e-01	3.30313e-01	-5.16594e-01
1.72263e+00	1.57488e-01	2.71386e-01	-7.62234e-02
5.44531e-01	-2.73125e-02	3.11574e-01	-6.47301e-01
1.06162e+00	4.16237e-01	7.40656e-01	-4.38676e-01
1.55933e+00	8.69502e-01	5.18810e-01	3.45928e-01
1.93333e+00	-3.42845e-01	1.43905e-01	-7.88635e-01
6.13266e-02	-8.71517e-01	7.04051e-01	6.22489e-02
1.22042e+00	-5.97206e-01	2.28733e-01	-6.37256e-01
5.91110e-01	2.73527e-01	1.85931e+00	-6.37183e-01
1.66671e+00	8.74397e-01	1.62106e-01	-9.47200e-01
6.14222e-01	4.18358e-01	5.77367e-01	-9.02151e-02
6.20020e-02	5.16074e-01	1.67961e+00	-1.44944e-01
2.26918e-01	-6.61605e-01	6.60654e-01	-1.55548e-02
6.20806e-01	-1.17228e-01	3.88612e-01	9.56348e-01
2.98440e-01	-1.62400e-01	1.83182e+00	3.61489e-01
4.00925e-01	-7.61757e-01	3.80214e-01	4.59180e-01
8.75520e-01	3.38141e-01	2.51014e-01	-3.68484e-01
8.29292e-03	3.37150e-03	2.79227e-01	-9.42404e-01
8.34307e-01	4.75335e-01	5.15378e-01	-6.77973e-02
7.50968e-01	1.20109e-01	8.71322e-01	-5.86275e-01
1.34383e+00	-6.06370e-01	1.81740e+00	-9.86945e-01
1.67238e+00	3.30466e-01	1.20565e+00	-2.56815e-01
6.04388e-02	-9.06163e-01	8.93213e-01	-1.87706e-02
1.40282e-01	-7.38975e-01	1.22018e+00	-8.36706e-01
5.28616e-01	-5.56050e-01	1.31310e-02	-4.70101e-01
1.09639e+00	-6.93438e-01	1.98879e+00	-6.83650e-01
1.57030e+00	6.64160e-01	1.69846e-01	-3.05797e-01
7.63440e-02	-5.20184e-01	1.01624e+00	7.83849e-01
9.08372e-02	-8.68806e-01	2.65713e-01	-9.17499e-01
5.93828e-01	-3.20506e-01	1.44796e+00	-2.69378e-02
1.96491e+00	-7.61113e-01	1.70465e+00	8.53280e-01
1.37291e+00	3.63691e-01	5.13036e-01	-3.79092e-02
9.86527e-01	7.19510e-02	1.65262e+00	2.59400e-01
9.57317e-02	-2.94242e-01	1.52007e-01	-5.99635e-01
2.07933e-01	-8.96190e-01	2.48320e-01	-4.52362e-01
2.39048e-01	1.54477e-04	1.89039e+00	-1.23468e-01
3.29272e-01	-4.94644e-01	1.44844e-01	2.68301e-01
7.72768e-01	-2.02225e-01	8.70682e-01	-6.98225e-01
3.79836e-02	-1.17779e-01	5.93795e-01	-7.46811e-01
9.44509e-01	8.00537e-01	7.39928e-01	-8.33803e-01
1.18532e-01	-7.14262e-01	7.61804e-01	9.81604e-01
8.81922e-01	2.05233e-01	9.95872e-01	-7.28017e-01
5.54379e-01	7.33899e-02	3.05733e-01	-9.54846e-02
1.76941e-01	-8.33045e-01	7.31033e-01	-3.22130e-01
4.70356e-01	-5.30013e-01	4.45327e-01	-4.10270e-01
5.29859e-01	-5.50683e-01	8.36777e-02	-6.13536e-01
1.97485e+00	4.06405e-01	1.66756e+00	1.41214e-01
9.05305e-02	-8.43592e-01	8.34056e-01	7.28692e-01
1.54543e+00	5.90699e-01	4.79763e-01	-7.80315e-01
1.10674e-01	-9.70046e-01	4.11473e-01	-6.16473e-01
