# No. of particles = 100 
# Proton - Solar wind	Electron - Solar wind	
8.77776e-01	-2.96762e+00	3.94764e+00	2.14685e+00
4.90283e-01	6.86025e-01	9.67474e+00	-1.91414e+00
1.39896e-01	2.38823e+00	7.54183e+00	-4.05166e+00
9.28573e-02	-1.48925e+00	7.31227e-01	7.29048e-01
1.87825e+00	4.99873e+00	1.57542e-01	-4.61550e+00
9.57721e+00	-1.77337e+00	9.11845e+00	1.28080e+00
8.96345e+00	1.36720e+00	5.87440e+00	4.71916e+00
8.34765e+00	7.04752e-01	6.23200e-01	3.43301e+00
6.36827e+00	1.03655e+00	3.27535e+00	1.50573e+00
9.77210e+00	-3.91731e+00	6.18272e+00	-2.04819e+00
7.46268e+00	-1.14855e+00	8.45283e+00	-2.27265e+00
8.74944e+00	-1.76349e-01	3.19792e+00	-2.64825e+00
9.58284e+00	2.73708e+00	9.84138e+00	-8.91611e-01
8.74071e+00	-7.81997e-01	4.08921e+00	-4.49696e+00
8.31568e+00	1.37115e+00	7.77189e+00	-5.41703e-01
7.16538e+00	-1.10466e+00	9.64511e-01	3.79642e+00
7.59717e+00	-3.34477e+00	1.77425e+00	-2.96495e+00
8.57687e+00	1.89838e+00	3.44558e+00	-3.64003e+00
8.00708e+00	-2.83401e+00	7.26140e+00	1.29369e+00
6.26405e+00	-1.87383e+00	9.41811e-01	-7.16542e-01
9.94179e+00	6.32422e-01	2.45501e+00	-3.50350e+00
9.81692e+00	-5.42553e-01	4.06334e+00	-3.43549e+00
9.77400e+00	2.30535e+00	5.93690e+00	-2.35847e+00
9.06307e+00	-2.29797e-01	7.93422e+00	-3.75830e+00
9.81495e+00	-6.24687e-02	6.33520e+00	2.93269e+00
6.20752e+00	-1.35991e+00	9.94066e+00	-7.67852e-02
7.86276e+00	-7.15861e-01	8.04377e+00	1.12813e+00
8.51614e+00	-2.64648e+00	5.79559e+00	3.82150e-02
5.28966e+00	-2.50677e+00	6.97241e+00	-1.80334e+00
6.98503e+00	-5.04466e-01	9.02969e+00	2.20788e+00
6.08848e+00	2.03240e+00	8.40890e+00	3.84177e+00
5.37098e+00	-1.57731e+00	4.60729e+00	-5.67014e-02
8.77159e+00	-5.08371e-01	1.05456e+00	-3.85220e+00
5.16190e+00	-2.77195e+00	8.07643e+00	1.29223e+00
7.39821e+00	-9.98007e-01	5.44676e+00	4.61103e+00
9.28161e+00	-1.04055e+00	2.97954e+00	2.23596e+00
8.97350e+00	1.45881e+00	8.70710e+00	2.39799e+00
9.05458e+00	4.65920e-01	9.07390e+00	-9.61305e-01
7.73386e+00	1.81831e-01	7.24346e+00	1.23162e+00
9.09252e+00	4.84888e+00	3.29836e+00	3.05645e+00
9.15388e+00	3.81942e+00	1.76964e+00	-1.16560e+00
7.40444e+00	-9.23870e-01	6.42543e+00	-7.95585e-01
9.70150e+00	-5.17011e-01	9.38194e+00	-7.42891e-01
9.08596e+00	-4.82391e+00	1.88089e+00	3.87222e+00
8.37185e+00	-1.29297e+00	8.47670e+00	-1.14051e+00
4.43329e+00	-1.94343e+00	2.77706e+00	4.78563e+00
7.81926e+00	-3.30311e+00	5.63902e+00	1.95856e+00
9.22596e+00	-5.12422e-01	5.84303e+00	-1.09032e+00
8.78197e+00	6.10272e-01	4.54904e-01	-1.61727e+00
7.79155e+00	-3.52575e+00	8.27298e+00	-4.35537e+00
9.85761e+00	1.07125e+00	8.63625e+00	2.90690e+00
9.16086e+00	-3.28860e+00	9.99428e+00	-4.61061e+00
9.97772e+00	-2.57394e+00	4.13993e+00	-2.17656e+00
7.37944e+00	3.17164e+00	1.35836e+00	1.59339e+00
8.01285e+00	-2.32761e+00	5.49975e+00	-4.70324e+00
9.16646e+00	-9.67861e-01	3.19129e+00	-2.26188e-01
9.46587e+00	3.50240e+00	9.08251e+00	4.45695e+00
7.09224e+00	3.52867e+00	8.57710e+00	-3.03266e+00
9.22323e+00	-3.03168e+00	8.20722e+00	-1.37450e+00
5.58554e+00	-4.13304e-01	9.49794e+00	2.34387e+00
8.41647e+00	-2.58648e+00	3.67518e+00	2.99551e+00
9.39804e+00	3.81871e+00	6.37111e+00	1.99509e+00
6.74890e+00	-3.94784e+00	6.08201e+00	-3.50400e+00
8.74585e+00	-1.58319e+00	9.63244e+00	-2.71609e+00
9.57271e+00	8.98517e-01	7.71680e-01	1.27503e+00
5.90865e+00	3.20717e-01	1.31023e+00	-4.63806e+00
7.00929e+00	-4.89927e-01	7.10838e+00	7.70386e-01
9.10049e+00	-3.09587e+00	1.32105e+00	-4.97057e+00
8.93546e+00	9.75998e-01	8.54779e+00	-7.98216e-01
8.95526e+00	3.77433e+00	1.86904e+00	-1.13272e+00
8.62000e+00	4.90587e+00	6.50597e+00	-2.48481e+00
8.02118e+00	3.03051e+00	6.55560e+00	2.22151e+00
8.22529e+00	6.74471e-01	8.80928e+00	4.57372e+00
6.62944e+00	4.89045e+00	5.75257e+00	8.71600e-01
7.82774e+00	3.91049e+00	9.75025e+00	-1.52379e+00
6.12931e+00	-4.49369e-01	7.32322e+00	2.36308e+00
9.65427e+00	4.48536e+00	7.93877e+00	1.13765e-01
7.88804e+00	-3.16292e+00	3.74823e+00	6.25891e-02
8.74414e+00	1.89173e+00	7.69947e+00	2.29422e+00
9.00241e+00	-4.69278e+00	9.53901e+00	4.66949e+00
6.75063e+00	-5.90257e-01	7.99381e+00	4.44743e+00
7.81189e+00	4.83780e+00	4.73867e+00	3.24758e+00
9.75084e+00	-6.89494e-01	4.91959e+00	1.38281e+00
9.14142e+00	-4.51241e-01	1.93342e+00	2.84229e+00
9.61440e+00	-8.91670e-01	6.57668e+00	3.73327e+00
8.12012e+00	-6.69124e-01	4.00681e+00	-4.77336e+00
9.63991e+00	-2.82315e+00	7.47193e+00	4.18039e+00
7.03440e+00	-4.28133e+00	9.83211e+00	9.67197e-01
9.94320e+00	-8.00113e-01	8.81672e+00	-4.70834e+00
7.99677e+00	2.48890e+00	9.80842e+00	5.03250e-01
8.23313e+00	1.32669e+00	1.65776e+00	-2.41473e-01
9.29513e+00	-1.30422e+00	9.18357e+00	-3.84695e+00
7.28957e+00	5.66158e-01	6.63255e+00	-1.81988e+00
9.99111e+00	-2.65748e+00	6.28343e+00	2.88206e+00
7.52308e+00	-4.01159e+00	9.97319e+00	-3.80426e+00
6.20338e+00	-1.83525e+00	9.62524e+00	-4.87235e+00
5.83237e+00	3.08773e+00	9.21226e+00	-6.82714e-01
9.73275e+00	-4.02497e+00	9.99251e+00	-8.76401e-01
8.92970e+00	-3.21784e-01	5.76456e+00	-4.04710e-01
8.66020e+00	1.33339e+00	2.75084e+00	-3.88401e+00
