# No. of particles = 100 
# Proton - Solar wind	Electron - Solar wind	
1.16173e-01	-7.91217e-01	1.33747e+00	-9.48558e-01
6.49998e-01	3.71080e-01	1.46948e-01	-7.77865e-02
6.31508e-01	-4.87047e-01	1.86554e+00	-3.48567e-01
4.79996e-01	2.74029e-01	1.67072e+00	6.86424e-01
1.10628e+00	-2.74468e-01	5.20787e-01	-8.43189e-01
1.43646e-01	-6.61072e-02	2.74526e-01	9.42827e-01
1.10567e+00	-1.82727e-01	3.76366e-02	-9.60120e-01
1.04228e+00	3.93952e-01	6.39949e-01	-2.77027e-01
1.80319e-02	-6.37556e-01	4.92668e-01	-4.22258e-01
3.84108e-01	8.52355e-02	9.33014e-02	-8.66662e-01
1.23185e+00	7.32451e-01	1.45853e+00	5.79338e-01
4.22263e-01	-4.61688e-01	4.54125e-01	-3.48168e-01
9.25135e-01	-4.23336e-01	6.56689e-01	1.74083e-02
9.25332e-01	-6.44746e-03	2.04160e-01	-9.98496e-01
8.18211e-02	-9.76539e-01	2.24338e-01	-8.88939e-01
2.69637e-01	-9.38559e-02	3.96769e-01	2.45458e-01
7.93217e-02	1.06231e-01	1.10609e+00	2.38447e-01
1.44119e+00	9.37435e-02	2.51005e-01	-9.06950e-03
2.19398e-01	-6.62712e-01	4.84349e-01	2.32016e-01
7.76822e-01	4.82943e-01	1.03225e+00	-6.35378e-01
4.51833e-01	-2.91840e-01	9.55710e-02	-9.48644e-01
9.51457e-01	3.29957e-01	4.64480e-01	3.12842e-01
1.74058e-01	-4.30465e-01	6.21714e-01	-3.60936e-01
2.21687e-01	1.62751e-01	6.17976e-01	-3.62182e-01
5.90532e-01	-7.37090e-01	9.15898e-01	7.71282e-02
5.09027e-01	4.75890e-01	3.85184e-01	-4.62994e-01
1.65957e-01	5.86977e-01	2.65990e-01	4.90485e-01
1.81160e+00	6.21395e-01	1.99442e+00	-6.01524e-01
9.82807e-01	-5.81046e-01	4.20463e-01	-8.21929e-01
3.43959e-01	-6.20258e-01	6.58488e-03	-9.89870e-01
1.39465e-01	-8.90139e-01	4.91753e-02	-9.32250e-01
5.25931e-02	-8.98243e-01	1.13483e+00	2.90952e-01
5.41887e-01	-8.29029e-02	1.62699e-02	-8.20737e-01
1.09546e+00	-6.63739e-01	2.50296e-01	6.90951e-01
7.98616e-02	-8.74352e-01	1.93912e+00	-6.32602e-01
1.86372e+00	3.61906e-01	7.91487e-01	3.74940e-01
1.70336e+00	-5.47973e-01	5.36755e-01	4.14369e-01
6.03642e-01	9.47288e-01	9.40184e-01	2.87575e-01
1.10236e-01	-6.11392e-01	2.18434e-01	-9.47578e-01
1.36710e+00	8.04739e-01	3.67293e-01	3.23979e-01
1.18107e+00	9.11197e-01	1.92391e+00	-9.66149e-01
5.35439e-01	-4.32983e-01	6.45202e-01	-5.95031e-01
4.53118e-01	-2.36131e-01	1.33968e+00	-9.09194e-01
4.39898e-01	6.82238e-01	1.11624e+00	-5.29457e-03
1.53692e-01	-5.38916e-01	8.94862e-01	-7.25028e-01
4.30506e-01	-7.18105e-01	1.38713e-01	-6.28726e-01
1.27194e+00	-6.83009e-02	1.72759e+00	5.85510e-01
9.98683e-01	2.38582e-01	2.65614e-01	-4.13200e-01
8.86438e-01	-1.12205e-02	9.94648e-02	5.71284e-01
1.68966e+00	7.14730e-01	8.19464e-02	-6.55096e-01
1.09162e+00	-9.92783e-01	9.97825e-01	4.43833e-01
1.26905e+00	-1.42537e-01	9.80943e-02	-4.19362e-01
1.67327e+00	8.28495e-01	7.78373e-02	-7.92338e-01
1.15982e+00	7.42899e-01	1.54623e-01	-7.29449e-01
1.24637e+00	4.84219e-01	1.21135e+00	-6.46449e-01
1.03675e+00	4.03090e-01	1.00944e+00	2.85160e-01
1.15095e+00	6.37249e-01	1.35908e+00	1.05015e-01
1.06577e-02	-9.86409e-01	6.34452e-02	-9.00313e-02
1.94995e-01	-5.93998e-01	6.80889e-01	2.46162e-01
1.02948e+00	1.25761e-01	6.98120e-01	-9.78514e-01
3.48498e-02	-9.15151e-01	8.04228e-01	-6.01396e-01
1.17481e+00	3.00576e-01	8.65140e-01	2.40752e-01
1.87685e+00	-6.01801e-01	5.11141e-03	-7.93002e-01
9.25834e-02	-8.92483e-01	8.85833e-01	1.12452e-01
1.69146e+00	-5.80412e-01	1.80637e+00	-5.74146e-01
1.80901e-01	-8.87812e-01	2.01396e-01	-8.17864e-01
1.29278e-01	-6.03534e-01	1.95114e+00	-1.03861e-01
3.57047e-01	-4.38084e-01	1.96034e+00	7.39447e-02
6.43197e-01	1.43331e-01	9.72800e-01	-2.34679e-01
2.85370e-01	-6.21078e-01	1.70359e+00	4.94499e-01
5.80757e-01	6.64240e-01	7.57236e-03	5.17344e-01
1.96020e+00	-8.95736e-04	4.71234e-01	-1.25638e-01
7.54332e-02	-6.71950e-01	1.30748e+00	-3.98305e-01
7.00515e-01	-5.74495e-01	1.21389e-01	-1.71160e-02
4.47652e-01	-6.40998e-01	1.56035e-02	5.21882e-01
1.54249e+00	3.90336e-01	4.61793e-01	-7.73136e-02
8.82828e-01	1.58188e-01	9.90752e-03	1.67307e-02
7.95320e-01	-3.32829e-01	5.36902e-01	-6.24791e-02
1.79839e+00	7.54590e-01	1.72182e+00	5.24144e-02
1.05999e+00	3.49295e-01	1.72142e+00	-8.44056e-01
1.58875e-01	-3.16160e-02	1.71160e+00	7.63924e-01
1.62310e+00	1.50938e-01	1.68482e+00	5.36459e-01
7.37198e-01	-2.00881e-01	1.10373e-01	8.70040e-01
1.76313e-01	-9.53252e-01	1.44331e+00	-1.09910e-01
5.11935e-01	2.82576e-02	2.92941e-01	-6.38432e-01
1.87303e-01	-1.80610e-01	8.25925e-01	-4.63977e-01
2.52917e-01	-5.97651e-01	1.02462e+00	8.41436e-01
1.45646e+00	-8.51144e-01	1.22709e+00	-5.50407e-01
1.21909e+00	3.59699e-02	5.86786e-01	-7.25215e-03
1.96190e+00	-6.11927e-01	6.99865e-01	8.92421e-01
9.72030e-02	-7.98003e-01	1.18448e+00	6.47489e-01
9.15615e-01	8.64006e-01	3.91752e-01	-5.00157e-01
4.53064e-01	-1.35958e-01	1.51842e+00	6.54667e-01
1.41859e+00	7.38786e-01	3.55573e-02	-1.03800e-01
3.37670e-01	1.76605e-01	7.13854e-01	-4.02005e-01
2.83149e-01	8.89477e-01	1.69793e+00	5.09470e-01
1.00255e+00	-2.84461e-01	2.48663e-01	-9.19598e-01
3.94469e-01	-9.14514e-01	4.27084e-01	-6.35974e-01
1.15906e+00	4.19196e-01	3.05630e-01	-6.99705e-01
5.18627e-01	-2.94976e-01	1.60614e-01	8.83021e-01
