# No. of particles = 100 
# Proton - Solar wind	Electron - Solar wind	
9.06187e+00	-4.97832e+00	1.06047e+00	3.78799e+00
5.71926e+00	-4.69931e+00	3.47730e+00	1.39979e+00
8.55959e+00	-4.71311e+00	4.11917e+00	-1.10771e+00
8.46160e-01	-4.74568e+00	5.47771e+00	3.55427e+00
1.08155e+00	-4.55084e+00	8.18504e+00	-2.54055e+00
5.73358e-01	-4.35757e+00	5.20774e+00	-4.30389e+00
9.59674e-01	-4.01996e+00	2.70506e+00	3.64242e+00
1.06908e+00	-3.02947e+00	3.74224e+00	2.96318e+00
1.09885e+00	-2.99614e+00	5.13320e+00	-3.96793e+00
7.68268e-01	-3.02450e+00	2.77872e+00	1.03043e+00
8.03662e-01	-2.83961e+00	2.77007e+00	1.29806e-01
7.85559e-01	-2.93772e+00	7.17050e+00	4.13889e+00
9.04639e-01	-2.80288e+00	8.81117e+00	2.77671e+00
8.46530e-01	-2.67784e+00	7.17665e+00	4.11966e+00
1.15255e+00	-2.25914e+00	8.98940e+00	-1.87657e+00
9.17064e-01	-2.03196e+00	6.29825e+00	4.76249e+00
1.04902e+00	-2.31244e+00	6.04617e+00	6.83461e-01
9.37532e-01	-1.21497e+00	8.72136e+00	-3.03442e+00
3.80409e-01	-1.75927e+00	8.55275e+00	-1.77636e+00
8.71759e-01	-1.83064e+00	3.48937e+00	-4.00489e-01
1.15099e+00	-1.29406e+00	7.89969e+00	3.78935e+00
8.45016e-01	-1.23711e+00	5.77723e+00	4.50343e+00
7.74082e-01	-9.87280e-01	3.20781e+00	-1.42644e+00
7.75461e-01	-1.29019e+00	1.30379e+00	-2.52396e+00
8.01994e-01	-1.01166e+00	3.09056e+00	-2.64207e+00
8.06666e-01	-6.66795e-01	1.35171e+00	3.63152e-01
1.12834e+00	-8.09993e-01	1.01710e+00	1.57158e+00
7.29618e-01	-1.97092e-01	4.08699e+00	2.20374e+00
1.15460e+00	1.57144e-01	5.86452e+00	2.57547e+00
8.60161e-01	5.74164e-01	2.07748e+00	2.23931e+00
1.03482e+00	2.61312e-01	5.21133e+00	4.25357e+00
9.18334e-01	7.39905e-01	5.28348e+00	-3.09376e+00
8.72224e-01	1.11497e+00	4.87843e+00	-2.47824e+00
8.17099e-01	9.15010e-01	1.83347e+00	-2.64216e-01
9.16228e-01	1.18857e+00	8.75789e+00	-2.41588e+00
6.93769e-01	1.94604e+00	7.75066e+00	-8.03731e-01
8.80300e-01	1.87079e+00	6.63985e+00	-4.34599e-01
1.00757e+00	2.12497e+00	1.38796e+00	2.13935e+00
1.38935e+00	2.48488e+00	2.73753e+00	2.38332e+00
6.11745e-01	2.77600e+00	2.52453e+00	2.67898e+00
9.98323e-01	3.64357e+00	4.02283e+00	-3.43060e+00
1.03976e+00	4.02418e+00	1.67304e+00	-3.05586e+00
8.59009e-01	3.83566e+00	1.28502e+00	-4.31264e+00
8.44391e-01	4.08005e+00	1.31995e+00	2.71093e-01
8.14121e-01	4.52973e+00	4.49913e+00	-3.21174e+00
1.51826e+00	4.28367e+00	4.29296e+00	-9.68223e-01
2.45384e+00	4.67566e+00	8.53338e+00	-3.58941e+00
3.26412e+00	4.84766e+00	1.21408e+00	1.14382e-01
3.27690e+00	4.60134e+00	4.31642e+00	3.60801e+00
3.68390e+00	4.88862e+00	2.04186e+00	5.87691e-01
9.66817e+00	4.94231e+00	4.24520e+00	4.47861e+00
2.17591e+00	-4.82259e+00	5.82343e+00	-2.59189e+00
7.94979e+00	-4.79630e+00	4.52583e+00	-2.24555e+00
8.75541e+00	-4.85938e+00	5.47126e+00	-6.35766e-01
9.96336e+00	-4.67862e+00	1.57175e+00	-2.26170e+00
1.08036e+00	-4.75190e+00	2.41856e+00	2.55837e+00
1.30691e+00	-4.65905e+00	7.36703e+00	-2.73160e+00
1.06959e+00	-4.67234e+00	7.28810e+00	-4.46256e+00
1.11025e+00	-4.33638e+00	5.38833e-01	-3.39843e-01
1.11313e+00	-4.42135e+00	2.47307e+00	-2.95635e-01
8.77517e-01	-4.37794e+00	5.21144e+00	2.79186e+00
8.00306e-01	-4.38328e+00	7.10372e+00	2.90423e+00
1.01712e+00	-4.17457e+00	1.13345e+00	3.37867e+00
1.16357e+00	-4.35452e+00	6.88473e+00	1.23309e+00
9.21782e-01	-4.05660e+00	6.22893e+00	2.19069e+00
9.44770e-01	-3.89127e+00	6.78909e+00	-1.41980e-01
1.10665e+00	-4.49453e+00	2.64368e+00	1.46758e+00
1.06195e+00	-3.61972e+00	6.38527e+00	3.88894e+00
9.11416e-01	-3.06183e+00	4.57504e+00	7.88317e-01
8.06703e-01	-3.53484e+00	2.34469e+00	-3.76107e+00
1.13932e+00	-2.66872e+00	1.04015e+00	-1.33009e-01
8.47440e-01	-2.58096e+00	7.37693e+00	4.55746e+00
7.98277e-01	-2.32763e+00	3.80465e+00	-1.96184e+00
9.89161e-01	-2.34175e+00	6.03833e+00	-2.94931e+00
9.19115e-01	-2.28343e+00	7.59176e+00	2.90399e+00
5.41721e-01	-1.92833e+00	4.74278e+00	-9.40082e-01
1.06028e+00	-1.74894e+00	4.25875e+00	-2.94848e+00
1.04112e+00	-2.01678e+00	3.41782e+00	4.41251e+00
1.03667e+00	-1.69939e+00	9.84611e+00	-7.53660e-01
3.42150e-01	-8.37843e-01	4.57496e+00	2.97826e+00
7.74577e-01	-1.33599e+00	3.79057e+00	-2.96670e+00
6.92128e-01	-3.71254e-01	2.94008e+00	-1.47769e+00
7.94914e-01	-9.25722e-02	2.33864e+00	-4.71827e+00
8.46090e-01	1.02670e-01	4.28635e+00	-1.56128e-01
1.18428e+00	3.90483e-01	2.35053e+00	-3.93417e+00
1.05081e+00	3.27562e-01	5.36112e+00	4.75924e+00
7.67339e-01	5.33283e-01	5.21260e+00	3.15750e+00
7.77334e-01	5.55140e-01	9.11770e+00	-4.56514e+00
8.52853e-01	4.50085e-01	3.81363e+00	4.45335e+00
8.10851e-01	1.15815e+00	3.02603e+00	-2.82571e+00
7.37955e-01	1.32644e+00	6.64092e+00	-2.68809e+00
8.62780e-01	1.57474e+00	3.70863e+00	-3.88251e+00
1.13720e+00	1.19993e+00	8.29206e+00	4.63936e+00
6.06732e-01	1.35838e+00	7.47711e+00	-2.85317e+00
7.12527e-01	1.47155e+00	2.54916e+00	-3.54848e-01
3.87383e-01	1.57255e+00	4.53477e+00	1.51972e+00
8.64206e-01	1.59890e+00	5.99685e+00	-2.20416e+00
8.31502e-01	1.95330e+00	6.54682e+00	-4.55152e+00
7.02819e-01	2.16665e+00	9.02687e+00	-1.77955e+00
5.10056e-01	1.94927e+00	6.61868e-01	-4.25293e+00
