# No. of particles = 100 
# Proton - Solar wind	Electron - Solar wind	
3.69927e-01	-5.37210e-01	1.94675e-01	-8.47622e-01
1.34444e+00	2.62978e-01	7.66321e-01	2.98168e-01
1.71056e+00	3.78488e-01	3.83798e-02	-9.71762e-01
1.19495e-01	-9.49241e-01	1.90099e+00	-3.46223e-02
2.51370e-01	-8.97113e-01	8.44722e-01	-2.13189e-01
6.48733e-01	-7.56433e-01	7.59795e-01	-9.70056e-01
1.32550e+00	7.05902e-01	1.04215e+00	-1.75706e-02
1.63891e+00	5.23674e-01	1.32465e+00	8.92533e-01
1.62063e-01	-9.66910e-01	1.68640e+00	-4.00600e-01
2.39208e-01	-9.36429e-02	4.24688e-01	-4.79273e-03
1.15679e-01	-6.33399e-01	7.57549e-02	7.30722e-01
1.11214e+00	4.18804e-01	1.80425e+00	-9.27939e-01
1.63120e+00	3.96898e-02	1.35183e+00	-8.28584e-01
7.27833e-01	8.44628e-01	1.04188e+00	-2.84576e-01
1.18402e+00	-8.03365e-01	6.71512e-01	-2.27175e-01
1.37941e+00	6.08854e-01	1.80563e+00	9.05189e-01
1.98008e-01	2.74648e-01	4.63897e-01	-7.22296e-01
1.60891e-01	-2.53878e-01	5.95570e-01	-2.99715e-01
1.32039e+00	9.35525e-01	1.82433e-01	2.01010e-01
1.12497e+00	2.81127e-01	1.57294e-02	-5.03317e-01
2.12156e-01	-9.16634e-01	1.97555e+00	-6.22739e-03
1.28822e+00	5.66435e-01	3.68503e-01	-4.72928e-01
1.34586e+00	6.56203e-01	1.56561e+00	-1.42288e-01
3.83279e-01	9.21953e-01	1.17287e-01	-7.15009e-01
1.84471e+00	9.03938e-01	1.47266e+00	-9.04510e-01
3.84523e-03	-6.54500e-01	1.91118e+00	4.74093e-01
4.71947e-01	3.42975e-01	1.91223e-01	-1.81276e-01
1.63820e+00	7.97524e-02	3.04875e-01	-5.72844e-01
7.90745e-01	-8.59644e-01	1.57742e+00	9.75583e-01
2.63928e-01	-9.95752e-01	2.41385e-01	-5.98090e-01
1.46099e+00	-8.78874e-01	2.48079e-01	-6.21186e-01
7.39526e-01	1.68992e-01	1.07354e+00	4.01583e-01
1.51503e+00	5.27040e-03	1.45099e+00	8.48122e-01
1.88600e-01	-7.86114e-02	2.58655e-01	-9.14148e-01
1.01282e-01	-8.24529e-01	3.40872e-01	-7.45826e-01
7.02548e-01	-8.40366e-01	3.68352e-02	-5.15162e-01
4.52528e-01	9.91662e-02	4.33511e-01	-7.01899e-01
1.17235e+00	-7.38759e-01	3.21648e-01	9.40001e-02
6.04365e-01	-8.82283e-01	9.57290e-02	-6.43390e-02
1.23123e+00	-7.82604e-02	5.94055e-01	2.43108e-01
6.39509e-01	-8.01325e-01	6.24332e-01	-5.08212e-03
6.53354e-01	4.62091e-01	1.56540e+00	5.09282e-02
5.25849e-01	-3.07586e-01	6.34454e-01	-8.75302e-01
5.28011e-01	-4.06853e-01	1.48969e+00	6.09145e-01
2.81391e-01	-6.65598e-01	2.31962e-01	-2.60184e-01
1.95016e+00	1.68949e-01	4.45601e-01	-4.34367e-02
1.39578e+00	-3.74945e-01	9.28712e-01	-2.30870e-01
1.98665e+00	-7.95337e-01	6.03850e-03	-9.69925e-01
2.37856e-01	3.80445e-03	1.36159e+00	-7.97442e-01
4.43050e-02	-6.91385e-01	2.64484e-01	6.22497e-01
1.22028e+00	-2.20809e-01	1.77525e+00	9.22670e-02
1.99777e+00	-4.50577e-01	8.49955e-01	-3.57237e-03
1.42225e+00	4.98700e-01	8.59619e-01	5.04879e-01
1.16018e-01	-8.53177e-01	2.65315e-02	-9.55827e-01
1.51196e+00	7.82043e-01	8.30569e-04	-5.87990e-02
1.01379e+00	-9.45021e-01	4.40323e-01	-4.84721e-01
1.74449e-01	3.33791e-01	1.88252e+00	-2.40542e-02
1.03585e+00	-8.09629e-01	9.90389e-01	3.72782e-01
8.18897e-01	5.45023e-01	1.22413e+00	-3.56286e-01
5.54917e-01	-3.89277e-01	3.99618e-01	-1.48513e-01
6.27176e-02	5.78161e-03	1.24231e+00	8.67798e-01
8.85156e-01	-3.67364e-01	2.56661e-01	-2.67116e-01
7.25908e-01	3.49176e-01	1.30444e+00	-3.35980e-01
5.25510e-01	-1.20032e-01	4.23879e-01	2.23821e-01
1.94125e+00	-5.04980e-01	8.68793e-01	-8.40919e-01
8.27367e-01	-5.08397e-01	6.04558e-02	8.28749e-01
1.47495e-01	5.48783e-01	1.17820e+00	7.70932e-01
5.60356e-01	-1.06135e-01	2.39579e-01	1.55228e-01
2.35030e-01	-6.17155e-01	2.95070e-02	-9.12976e-01
6.58785e-01	-4.77816e-01	2.46143e-01	-5.21982e-01
8.48896e-01	5.53922e-01	1.57635e+00	-1.76437e-01
1.11458e+00	9.63422e-01	1.14561e+00	-2.76960e-01
4.92651e-01	-1.21270e-01	1.13514e+00	-3.54466e-01
8.70018e-01	7.23983e-01	1.02004e-01	-5.75978e-01
6.88245e-01	-3.89441e-01	6.77504e-01	7.24080e-01
1.21719e-01	2.44362e-01	1.66753e+00	-1.98403e-01
2.13230e-01	-5.97420e-01	8.94507e-02	1.74104e-02
1.47170e+00	8.61452e-01	8.97454e-01	1.64646e-01
9.28813e-01	3.22963e-01	5.64030e-01	1.57179e-01
1.26220e-01	-7.55986e-01	8.08108e-01	9.63461e-01
2.92334e-01	1.97994e-01	1.96380e+00	-1.20343e-01
8.90174e-01	7.65826e-01	9.25920e-01	1.32115e-02
1.45136e+00	6.08776e-01	8.27397e-01	-5.99499e-01
2.16881e-01	-9.38547e-01	5.35052e-01	-6.03977e-01
9.27797e-01	6.23365e-01	9.58531e-02	9.04438e-02
3.45123e-01	3.52423e-01	5.96022e-01	-9.11704e-01
4.84411e-01	-2.88853e-01	8.24358e-01	6.64534e-01
8.90117e-01	-8.62563e-01	1.11829e+00	9.73924e-01
1.68613e+00	-7.06590e-01	1.20628e+00	2.17512e-01
4.46423e-01	-9.47423e-01	6.21585e-01	2.33410e-01
1.69690e-01	-5.47859e-01	1.42964e+00	-7.83974e-01
1.11241e+00	3.22728e-01	1.14664e+00	-5.46239e-01
7.48656e-01	4.71390e-01	8.86519e-01	-5.20786e-01
5.59811e-01	-1.99987e-01	1.67911e-01	3.45949e-01
6.39265e-01	-5.54057e-01	2.54145e-01	9.81609e-01
1.47006e+00	8.53829e-01	9.01986e-01	-4.59924e-01
5.24071e-02	-5.07976e-01	1.53741e+00	-5.99357e-01
3.70216e-01	5.29019e-01	1.57998e+00	6.39974e-01
9.51394e-02	-7.16148e-01	1.85018e+00	9.58419e-01
1.46874e+00	-6.51288e-01	7.74138e-02	7.59375e-01
