# No. of particles = 100 
# Proton - Solar wind	Electron - Solar wind	
1.84885e-01	-4.58139e-01	7.27087e-01	-5.68048e-01
9.19491e-01	9.38800e-01	1.38019e+00	3.97172e-02
8.09592e-01	-3.41145e-01	7.03276e-01	-5.22638e-01
1.76477e-01	-6.33778e-01	1.00716e-01	-4.07195e-01
1.78877e+00	1.72200e-01	1.72909e+00	-6.33235e-01
1.70397e-01	4.56363e-01	1.38499e+00	-3.63199e-01
1.95792e+00	4.49508e-01	1.12390e+00	-5.30794e-01
1.20695e-01	-8.29774e-01	5.79175e-01	4.99786e-01
2.93571e-02	-1.87935e-02	1.21736e+00	4.57751e-01
4.83658e-01	3.91015e-01	3.69401e-01	-5.20531e-01
1.32481e+00	8.69233e-01	3.54442e-02	-9.00063e-01
5.36592e-01	-3.17056e-01	1.15447e-02	1.89866e-01
1.04404e+00	-3.45365e-01	1.41895e+00	2.49447e-01
1.74082e+00	8.81752e-01	3.30241e-01	-1.54353e-02
2.64740e-01	-9.49715e-01	3.55009e-01	-4.22687e-01
5.23133e-01	7.40690e-01	1.87514e-02	8.42626e-01
9.16453e-02	5.33651e-01	4.95780e-01	-6.34626e-01
2.54345e-02	-9.64352e-01	9.74827e-01	5.68737e-01
1.11047e+00	6.42520e-01	4.24572e-01	-9.42852e-01
9.51353e-01	8.09000e-01	1.65756e+00	-8.01368e-01
5.85591e-01	-5.46238e-02	1.12257e+00	4.08177e-01
1.19602e+00	7.06687e-01	1.69350e+00	-2.97916e-01
3.91720e-01	6.23973e-01	1.18760e-01	-9.31186e-01
2.47295e-01	2.89047e-01	1.64639e+00	-3.08498e-01
9.98957e-01	-5.54370e-01	6.61526e-01	-3.03262e-01
6.15697e-01	7.89255e-01	1.88265e+00	-3.55847e-01
4.77191e-02	-8.59755e-01	1.29888e-01	-6.64193e-01
1.93368e+00	7.27117e-01	3.54260e-02	-9.26681e-01
1.53633e+00	-3.34658e-01	7.63952e-01	-7.78763e-01
6.20215e-01	-3.33101e-01	1.60273e+00	2.43593e-01
4.30603e-01	-4.59280e-01	9.39224e-01	-1.38711e-01
1.03398e-01	6.88509e-02	8.04806e-01	-5.39600e-01
8.57631e-01	4.87786e-01	8.24574e-03	-9.89647e-01
9.60600e-02	-9.57699e-01	1.39222e-03	-9.27047e-01
1.62455e-01	-5.16119e-02	9.50958e-01	9.84648e-01
6.65515e-02	-9.78943e-01	9.41287e-01	-1.73536e-02
2.02104e-01	-1.49158e-01	1.56328e-01	-7.61381e-01
1.21647e-01	-9.66552e-01	2.04826e-01	-6.12790e-01
1.98126e-01	-2.64822e-01	3.94244e-01	-6.98043e-01
5.54513e-02	-5.56245e-01	1.38973e+00	-3.24809e-01
2.05660e-01	-4.64223e-01	1.36522e+00	-8.52120e-01
9.66985e-01	1.27135e-02	5.33478e-01	-5.25361e-01
7.12742e-01	2.20792e-01	7.93683e-01	7.15490e-01
1.36957e-01	-9.40175e-01	1.96806e-01	-7.84900e-01
2.37979e-01	-2.59395e-01	2.54841e-01	-1.87323e-01
1.53772e+00	-7.42499e-03	1.75607e-01	-3.03520e-01
1.42268e+00	4.11332e-02	4.48630e-02	-8.84717e-01
5.27687e-02	2.77555e-01	1.62092e+00	-5.29146e-01
1.30026e+00	4.68700e-01	1.42183e+00	-2.17434e-02
4.29945e-02	-4.41159e-01	1.72669e-01	-3.44288e-01
1.46764e-01	-9.95938e-01	1.97191e+00	-4.35906e-01
1.48982e+00	3.66784e-03	1.12962e+00	-1.44275e-01
1.96099e+00	9.34753e-01	1.41070e+00	-3.36124e-01
1.31494e+00	9.75409e-01	1.60222e+00	-4.93366e-01
1.39917e+00	6.71574e-01	4.21389e-02	-8.27149e-01
1.74933e+00	7.52279e-01	1.88050e-01	-6.23227e-01
2.80601e-01	-7.49598e-01	1.64448e+00	9.47296e-01
6.00309e-01	-7.97194e-01	1.53171e+00	8.78709e-01
3.87660e-01	-1.71598e-01	1.95699e+00	-1.52001e-01
1.33969e+00	4.90270e-01	3.11099e-01	-3.36252e-01
3.16801e-01	-2.65866e-01	9.46626e-01	-5.78837e-01
1.59477e+00	7.70214e-01	1.59258e+00	-4.26209e-02
9.45865e-02	-9.28915e-01	2.14549e-01	-7.14287e-01
3.49715e-01	-5.14711e-01	1.75908e+00	5.02977e-01
1.99009e+00	-5.03077e-01	2.28642e-01	-9.92166e-01
2.88297e-01	-8.26959e-01	1.58229e+00	-9.21595e-01
3.96961e-01	-3.90150e-01	1.45992e-01	-1.89114e-01
5.29152e-01	2.65403e-01	1.30104e-01	-5.00058e-01
7.36343e-01	3.04930e-01	1.08764e+00	-4.65079e-01
5.12126e-01	-2.60535e-01	1.50901e-01	-8.81453e-01
6.67969e-01	9.22870e-01	1.71929e+00	1.62454e-01
1.82076e+00	1.60840e-01	4.39799e-01	-3.87275e-01
1.66361e-01	3.87260e-01	1.58220e+00	-6.42572e-01
1.66528e+00	6.92421e-02	1.40171e+00	-4.11320e-01
4.86901e-01	-6.00448e-01	2.37607e-01	-2.18117e-01
1.80896e+00	-2.52031e-01	8.47682e-01	9.88580e-01
1.30715e+00	7.06228e-01	9.44716e-01	1.68667e-01
4.44271e-01	-4.24070e-01	1.07488e+00	-6.99270e-01
1.93496e+00	8.05004e-01	6.56788e-01	-3.27302e-01
7.76006e-02	-9.49056e-01	1.51835e+00	4.57152e-01
1.03904e+00	-3.86976e-01	1.84262e-01	8.28164e-01
1.50069e+00	2.55256e-01	1.80764e+00	-8.66318e-01
8.60181e-01	-6.73407e-02	1.56373e+00	-4.78718e-01
1.36683e-01	-6.32165e-01	6.48490e-01	5.08224e-01
7.49997e-01	5.26331e-01	7.28702e-03	-9.34558e-01
2.11607e-01	-9.26137e-02	1.82701e+00	6.59697e-01
2.89473e-01	-5.48231e-01	5.54570e-01	-9.23821e-01
1.02454e-01	2.45910e-02	1.85986e-01	-7.04458e-01
1.61105e+00	1.45582e-01	6.88578e-01	-6.61458e-01
1.57378e+00	8.28794e-01	1.78518e+00	-5.81921e-01
1.06641e-01	-7.57778e-01	4.20399e-01	1.60280e-01
1.97367e+00	4.95911e-02	8.82321e-01	3.68449e-03
5.02394e-01	-3.33480e-02	1.20353e+00	8.36814e-01
7.46756e-02	-9.99675e-01	1.21680e-03	-9.90689e-01
5.45712e-01	9.39286e-01	1.92129e+00	-1.96817e-03
1.38408e+00	4.64183e-01	1.70529e+00	-4.26587e-01
1.47603e+00	5.25992e-02	1.71030e-01	9.71120e-01
1.25777e+00	-6.98099e-01	5.08766e-01	2.23643e-01
1.34709e+00	5.02429e-01	8.84559e-01	9.87390e-01
9.62393e-01	4.55218e-01	7.11717e-02	-2.57480e-02
