# No. of particles = 100 
# Proton - Solar wind	Electron - Solar wind	
7.79917e+00	-2.83871e+00	5.14820e+00	-2.78545e+00
6.70715e+00	-4.44286e+00	5.93210e+00	-1.90295e+00
6.92983e+00	-4.12951e+00	3.24225e+00	-1.20765e+00
3.77474e+00	3.06337e-01	1.59207e+00	-2.26162e+00
9.91339e+00	-2.70088e+00	4.96302e+00	-4.50783e+00
7.04113e+00	-1.95771e+00	9.27543e+00	-3.94822e+00
7.27156e+00	-2.47158e+00	3.56041e-02	-9.82636e-01
5.49205e+00	-2.00510e+00	6.79040e+00	2.42047e+00
7.24829e+00	-2.60847e+00	4.73377e+00	-3.92757e-01
9.49390e+00	-7.99954e-01	3.21753e+00	-1.45658e+00
9.15374e+00	2.05481e-01	8.03828e+00	-1.60616e-01
6.10723e+00	-2.98317e+00	9.34543e+00	-3.65182e+00
7.84038e+00	-5.54251e-01	2.42925e+00	-2.70388e+00
8.16287e+00	-4.34377e+00	7.23313e+00	-3.33048e+00
9.35936e+00	-6.31299e-01	6.26583e+00	4.44652e-01
8.47195e+00	7.57520e-01	9.73924e+00	2.72076e+00
6.77637e+00	-1.15057e+00	6.65772e+00	1.71927e+00
9.27161e+00	-4.40622e-01	8.39493e+00	-2.46772e+00
4.83341e+00	3.11630e+00	8.07714e+00	9.92725e-02
9.83149e+00	1.65870e+00	1.35765e+00	-2.10999e+00
8.15137e+00	-2.52014e+00	8.61384e+00	-2.47208e+00
6.26182e+00	-3.76324e-01	7.39639e+00	-1.62949e+00
5.49127e+00	1.29553e-01	5.44103e+00	-1.55181e-01
7.00463e+00	5.27508e-01	8.85599e+00	-3.97238e+00
7.96343e+00	2.25632e+00	7.70996e+00	-3.06452e+00
8.97035e+00	8.94464e-01	4.74575e+00	6.42700e-01
5.53750e+00	-4.35240e-01	2.52809e+00	-8.66110e-01
8.05132e+00	-2.11606e-02	8.70181e+00	-1.10936e+00
6.69542e+00	1.10412e+00	6.75964e+00	-2.49010e+00
7.78762e+00	6.77812e-01	8.44744e+00	3.79137e+00
8.55939e+00	4.97520e-01	4.53528e+00	-1.49795e+00
8.76547e+00	1.12394e+00	1.08474e+00	-2.64104e+00
7.59012e+00	1.49516e+00	1.51526e+00	-3.86635e+00
6.49405e+00	2.62752e+00	6.02730e+00	2.11085e+00
6.51310e+00	1.38921e+00	6.02800e+00	-9.71883e-01
8.95182e+00	2.69003e+00	6.56667e+00	-1.38130e+00
9.19260e+00	2.97326e+00	8.68919e+00	-2.30628e-01
6.81775e+00	3.25632e+00	9.90786e+00	1.05533e-01
7.64435e+00	2.95951e+00	7.33066e+00	4.55844e+00
6.21594e+00	2.55600e+00	7.87077e+00	4.06105e+00
5.74864e+00	3.64729e+00	6.84626e+00	-3.88327e+00
6.63423e+00	1.91095e+00	7.42639e+00	-2.52442e+00
9.94235e+00	1.80429e+00	7.64445e+00	-4.49418e+00
7.56294e+00	4.19333e+00	4.04357e+00	-4.23004e+00
6.70428e+00	4.83489e+00	9.92572e+00	9.86342e-01
6.55152e+00	4.52962e+00	6.15759e+00	-4.45064e-01
8.08612e+00	4.92439e+00	8.18148e-01	3.29843e+00
9.30032e+00	-6.24638e-02	7.25408e+00	4.18286e+00
8.81882e+00	4.11259e+00	8.68332e+00	-9.75090e-02
9.47288e+00	-2.91179e+00	8.57817e+00	1.62138e+00
6.75401e+00	-4.71640e+00	9.57666e+00	4.46025e+00
7.59811e+00	-4.99125e+00	2.83144e+00	4.48132e+00
6.70660e+00	-4.64044e+00	1.48314e+00	-2.88084e+00
9.88906e+00	-4.74927e+00	7.57630e+00	2.53483e+00
6.02113e+00	-1.97236e+00	8.26908e+00	2.36746e+00
9.76280e+00	-3.13604e+00	8.68133e-02	-8.78563e-01
6.13103e+00	-1.49333e+00	9.84823e+00	-9.33527e-01
8.07090e+00	-3.12795e+00	7.34821e+00	-4.08274e+00
7.07069e+00	-3.23009e+00	6.00130e+00	1.14387e+00
9.89534e+00	6.51565e-01	9.56103e+00	-3.47435e+00
4.30397e+00	-2.18782e+00	8.76313e+00	-4.44922e+00
9.30725e+00	-4.20436e+00	8.31259e+00	-8.42375e-01
7.62582e+00	-4.52539e+00	7.86329e+00	-2.55860e+00
9.67108e+00	-2.57215e+00	6.61249e+00	3.93327e+00
5.06098e+00	5.99520e-01	9.13333e+00	4.37350e-01
7.67843e+00	-2.69575e+00	1.38287e+00	5.86836e-01
6.70667e+00	-1.72266e-01	7.43080e+00	1.66506e+00
9.04170e+00	-7.74553e-01	7.56539e+00	-7.94374e-01
4.16692e+00	1.98281e-01	8.25916e+00	1.05496e+00
6.52378e+00	-5.91693e-01	9.96326e+00	2.40430e+00
7.10088e+00	-2.88110e+00	1.54708e+00	4.12670e+00
6.19456e+00	-3.57977e-01	8.07606e+00	-9.49402e-01
7.58254e+00	-6.02901e-01	4.67240e+00	-3.04430e+00
6.96795e+00	5.97548e-01	6.10720e+00	-3.94056e+00
6.75603e+00	5.99069e-01	7.30540e+00	1.25751e+00
7.31887e+00	2.63485e+00	8.23454e+00	3.19002e+00
7.52911e+00	1.50246e+00	9.89599e+00	4.96442e+00
6.94009e+00	1.23774e+00	6.13237e+00	-2.12407e+00
7.00532e+00	8.79197e-01	6.37254e+00	-1.79837e+00
5.28355e+00	3.11616e+00	6.65648e+00	-2.43239e+00
8.91245e+00	1.77578e-01	7.85320e+00	2.73947e+00
4.34456e+00	1.13261e+00	4.93797e+00	-1.53682e+00
6.91902e+00	2.37362e+00	6.86023e+00	1.35402e+00
7.31277e+00	1.94727e+00	7.01504e+00	5.46805e-01
9.51937e+00	-2.39228e-01	2.05134e-01	2.69094e+00
8.73416e+00	5.81876e-01	7.04162e+00	-4.26823e+00
7.37627e+00	3.31804e+00	6.50458e+00	-3.97060e+00
6.09704e+00	2.59149e+00	6.67297e+00	2.90560e+00
6.18538e+00	3.44252e+00	6.67922e+00	-2.34158e-01
7.17696e+00	2.57025e+00	6.59873e+00	6.36077e-02
5.14547e+00	2.18052e+00	4.09856e+00	-1.85815e+00
6.89255e+00	3.21339e+00	7.47271e+00	1.78205e+00
7.03380e+00	3.36497e+00	8.98763e+00	1.65026e+00
7.00584e+00	3.08173e+00	4.92560e+00	-9.97621e-01
7.21202e+00	3.79346e+00	4.32268e+00	1.35925e+00
6.62254e+00	3.36904e+00	6.68758e+00	-2.93858e-01
6.83459e+00	3.92370e+00	3.66096e+00	-2.00329e+00
6.79849e+00	4.92915e+00	8.25683e+00	-4.50543e+00
7.47817e+00	2.90395e+00	9.32531e+00	1.64387e+00
6.97787e+00	4.71664e+00	6.36240e+00	4.46666e+00
