# No. of particles = 100 
# Proton - Solar wind	Electron - Solar wind	
2.27323e+00	-2.41179e+00	1.29680e+00	1.07613e+00
2.35836e+00	-1.62230e+00	3.77903e-01	-2.27017e+00
2.84200e-01	-2.29279e+00	1.37569e+00	-1.94472e+00
9.20805e-01	-2.28360e+00	1.16327e+00	-2.48553e+00
1.41453e+00	-2.31685e+00	8.34313e-02	-2.15079e+00
2.30383e-01	-2.39165e+00	1.91151e+00	1.85628e-01
1.01779e+00	-2.32118e+00	2.17062e+00	1.34677e+00
1.03437e+00	-2.33845e+00	1.24436e-01	-1.77205e+00
2.10939e+00	-2.42698e+00	7.96643e-02	9.51011e-02
1.97415e+00	-2.10038e+00	1.81311e-01	-2.16673e+00
6.79336e-01	-2.27401e+00	1.31920e+00	-2.71571e-01
1.82184e+00	-1.95977e+00	1.47711e+00	-1.64697e+00
6.49366e-01	-2.33879e+00	1.32498e+00	-2.04912e+00
1.45451e-01	-2.36663e+00	3.61737e-01	-2.03429e+00
1.22318e+00	-2.47921e+00	4.13063e-01	-1.97333e+00
8.21195e-01	-2.28262e+00	1.73850e+00	-1.46753e+00
1.42410e+00	-1.69991e+00	1.65956e+00	-2.19876e+00
1.53807e+00	-1.81002e+00	8.65895e-01	-2.38306e+00
1.45663e+00	-2.10279e+00	2.25471e+00	-1.70859e+00
1.14646e+00	-2.38872e+00	5.90105e-01	5.63537e-01
1.19381e+00	-2.37532e+00	2.24228e+00	-1.84828e+00
2.05991e+00	-2.48042e+00	5.76492e-01	-9.16172e-01
5.33080e-01	-2.38458e+00	5.63160e-02	-2.33587e+00
4.11833e-01	-2.49304e+00	5.51687e-01	1.64394e+00
4.76553e-01	-2.41705e+00	6.40528e-01	-2.44142e+00
6.60265e-01	-2.16110e+00	1.00869e+00	-1.76811e+00
3.05553e-01	-2.12251e+00	1.53819e+00	-2.47146e+00
6.07534e-01	-2.02521e+00	4.22893e-01	-2.35082e+00
9.74269e-01	-2.42611e+00	1.62324e+00	-2.38998e+00
1.77848e+00	-2.44501e+00	8.34021e-01	1.91954e+00
1.24983e+00	6.82543e-01	2.47973e+00	-2.34554e+00
3.85609e-01	-2.18218e+00	2.25924e+00	1.68814e+00
1.22581e+00	-1.77144e+00	2.09910e+00	7.13673e-01
1.21249e+00	-7.24299e-02	2.32457e+00	9.80852e-01
1.28827e+00	-5.65102e-01	1.81330e+00	1.30396e+00
1.52137e+00	-2.37181e+00	2.88441e-02	-2.27248e+00
2.38454e+00	-9.75357e-01	4.86735e-01	-2.74391e-01
2.48220e+00	-2.14802e+00	1.95063e+00	1.44877e+00
2.44329e+00	-2.30898e+00	6.39397e-02	-2.36980e+00
9.50183e-01	-5.39249e-01	2.41585e+00	-2.47709e+00
8.73229e-01	-1.84175e+00	1.05645e-01	-2.01716e+00
2.40714e+00	-2.30506e+00	2.03634e+00	-1.86263e+00
1.13883e+00	-2.22719e+00	2.03804e+00	-1.87481e+00
1.43829e+00	-2.05630e+00	2.13554e-01	-2.10476e+00
2.98240e-01	-2.45919e+00	9.89276e-01	-2.16097e+00
2.46323e+00	-1.80554e+00	1.96437e-01	-4.24183e-01
1.67310e+00	-2.49337e+00	1.85136e-02	-2.47314e+00
2.36126e+00	-5.76047e-01	1.39411e+00	-6.37490e-02
3.51250e-01	-2.23089e+00	2.34964e+00	-2.30491e+00
7.65638e-01	-2.18188e+00	5.03751e-01	1.04262e-01
4.61205e-01	-2.42338e+00	2.29988e+00	3.18377e-01
2.16370e+00	-1.03706e-01	1.42085e+00	-1.57501e-01
1.02960e+00	-2.45216e+00	1.84808e+00	-5.36785e-01
1.75593e+00	-2.89633e-01	8.91756e-01	9.22548e-01
2.09434e+00	-1.96965e+00	2.29823e+00	8.30674e-01
1.01147e+00	-2.02080e+00	4.89819e-01	-2.37853e+00
2.21040e+00	4.21144e-01	6.44963e-02	-1.49307e+00
6.64264e-01	3.02590e-01	2.14929e+00	-4.77918e-01
1.63288e+00	-2.40176e+00	2.28491e+00	-6.46425e-01
1.28049e+00	-1.26305e+00	1.24618e-01	-2.39795e+00
1.39952e+00	-2.40167e+00	2.47361e+00	-1.53152e+00
2.48307e+00	-2.82411e-01	2.13133e+00	-2.03704e+00
2.99222e-01	5.21751e-01	1.36312e+00	-2.34984e+00
8.93620e-01	-5.05815e-02	2.16931e+00	3.37777e-01
7.58346e-01	-2.42300e+00	5.06273e-01	-2.20569e+00
1.05313e+00	-8.29474e-02	2.00849e+00	-1.87682e+00
1.88628e+00	-2.25263e+00	5.95262e-01	-2.39174e+00
2.58654e-01	-2.39544e+00	2.28668e+00	1.46251e+00
7.45022e-01	-2.30214e+00	1.74916e+00	-2.04781e+00
2.43902e+00	4.70823e-01	1.91486e+00	1.80569e+00
1.69319e+00	-1.78845e+00	1.50849e+00	-1.25756e+00
1.91544e+00	-2.02143e-01	1.37962e+00	-1.96269e+00
1.43057e-01	-2.49705e+00	1.59821e+00	-2.45534e-01
2.11734e-01	-2.23610e+00	6.53755e-01	-8.59034e-01
2.36115e+00	1.54698e+00	4.74379e-01	6.95825e-01
6.88550e-01	1.50288e+00	1.71176e+00	-1.13039e-01
2.02534e+00	-2.40718e+00	2.10696e+00	-8.73311e-01
7.58240e-01	-2.20938e+00	2.92000e-02	-2.21084e+00
1.86474e-01	-4.59636e-01	1.41838e+00	-2.49457e+00
1.74670e+00	-2.36841e+00	1.22809e+00	-1.14337e+00
8.30365e-01	-2.34177e+00	1.38312e+00	-1.39508e+00
7.98149e-01	3.08053e-01	2.24000e-02	-1.05863e+00
2.45685e+00	-2.41403e+00	2.38740e+00	5.00733e-01
9.54368e-01	-1.94156e+00	1.05642e+00	1.36794e+00
3.14811e-01	-2.27264e+00	7.85941e-01	-1.89651e+00
1.18562e+00	1.08725e+00	6.08902e-01	-2.24019e+00
1.09509e+00	-2.37552e+00	2.58790e-01	1.61100e-01
7.71256e-01	-7.71295e-01	2.86590e-01	-2.14037e-01
1.12303e+00	-2.12238e+00	7.45088e-01	-2.19188e+00
7.86984e-01	6.56396e-01	2.38562e+00	-2.38136e+00
1.11074e+00	1.08300e+00	7.88933e-01	-3.57795e-01
1.16236e+00	1.98867e-01	4.06876e-01	-2.11312e+00
1.65904e+00	-2.29100e+00	2.05470e+00	-1.91650e+00
1.11287e+00	5.55641e-01	3.37385e-01	1.69077e+00
1.16597e+00	-6.49243e-01	2.50505e-02	-2.07653e+00
9.06071e-01	-2.27226e+00	1.23867e+00	-3.48803e-02
2.18143e+00	7.31756e-01	1.43468e+00	-1.49898e-01
2.21039e+00	-2.39276e+00	1.15245e+00	1.18243e+00
2.12076e+00	-1.92550e+00	1.80291e+00	8.03411e-01
1.38959e+00	4.61907e-01	6.61828e-02	-2.20165e+00
