# No. of particles = 100 
# Proton - Solar wind	Electron - Solar wind	
2.43381e+00	-1.25184e+00	1.46107e+00	-1.11713e+00
1.37151e+00	-2.43921e+00	3.53647e-01	-2.00536e+00
1.84183e+00	-2.46687e+00	8.48720e-01	1.65214e-02
1.16040e+00	-2.44536e+00	9.64045e-01	-1.39655e+00
1.27229e+00	-2.12990e+00	2.07025e+00	1.33532e+00
3.33331e-01	-2.43228e+00	1.81752e-01	-1.68604e+00
1.01973e+00	-2.39517e+00	2.27293e+00	1.50032e+00
1.12237e+00	-2.28692e+00	1.32822e+00	1.24114e-01
1.53967e+00	-2.05130e+00	2.11246e-01	-2.43332e+00
2.37015e+00	-2.22252e+00	1.99269e+00	-2.02322e+00
1.01200e+00	-2.20673e+00	1.81245e-02	-2.46726e+00
8.05933e-01	-2.02688e+00	3.50375e-01	-2.10322e+00
4.25206e-01	-2.24816e+00	2.06627e+00	-8.15913e-01
1.95324e+00	-2.45586e+00	2.00483e+00	-2.14951e+00
1.77638e+00	-2.26582e+00	8.74371e-01	8.92721e-02
1.36864e+00	-3.80630e-01	4.51097e-01	-1.92147e+00
1.42831e+00	-2.40703e+00	6.06672e-01	-2.18631e+00
1.55155e+00	-2.26039e+00	1.23357e+00	1.55824e+00
1.31994e+00	-2.33402e+00	2.28967e+00	-1.42286e+00
7.98370e-01	-2.42593e+00	1.51310e+00	-1.23527e+00
1.36153e+00	1.74439e-01	1.87710e+00	-1.35633e+00
2.20416e+00	-2.26506e+00	1.23475e+00	3.32301e-01
1.23109e+00	-2.20967e+00	1.38565e-01	1.56840e+00
1.00892e-01	-2.32485e+00	2.53185e-01	-2.30648e-01
1.09998e+00	-2.12230e+00	2.34564e+00	-1.41458e+00
8.70711e-02	-2.34589e+00	3.59041e-01	-9.63038e-01
2.44451e+00	-9.39691e-01	7.91484e-01	-2.09097e+00
2.12936e+00	-8.64363e-01	1.20866e+00	2.00639e+00
1.54833e+00	-2.17735e+00	1.27606e+00	1.47694e+00
6.03830e-02	-2.86726e-01	2.17743e+00	5.65047e-01
1.24718e+00	-2.45428e+00	2.17745e+00	-7.71593e-01
3.62415e-01	-2.31517e+00	3.82943e-01	-2.03176e+00
8.91813e-01	-2.24654e+00	1.21674e+00	-6.07238e-01
8.76859e-01	-2.35643e+00	1.30653e+00	-9.57680e-01
1.49244e+00	-2.10041e+00	2.43228e+00	-1.46610e+00
8.65347e-01	-2.41208e+00	1.40544e+00	-1.86899e+00
2.16940e+00	-2.21418e+00	4.18387e-01	-1.86342e+00
7.42412e-01	-4.92807e-02	4.91578e-01	-2.45477e+00
2.48059e+00	-2.45378e+00	6.15459e-01	1.75973e+00
6.24625e-01	-2.28850e+00	2.45756e+00	1.58474e+00
8.12905e-01	-2.40855e-01	1.10923e+00	-1.43413e+00
5.89516e-01	-2.39038e+00	2.14001e-01	-2.25056e+00
1.63525e+00	-1.29405e+00	6.53166e-01	-1.56540e+00
5.69504e-01	-2.40358e+00	6.70854e-01	-1.44351e+00
2.12653e-01	-2.32398e+00	2.33199e+00	-2.34657e-01
1.82686e+00	-1.96969e+00	5.39289e-01	-1.85580e+00
4.86608e-01	-2.28128e+00	2.47627e+00	-2.74911e-01
2.57922e-01	-2.28177e+00	1.21815e+00	7.28961e-01
4.63551e-01	-5.19276e-01	1.14370e+00	-1.11642e+00
2.49863e+00	-1.94709e+00	2.02131e-01	-2.17044e+00
6.10676e-01	-2.55906e-01	2.40739e+00	-2.14317e+00
1.90471e+00	-2.38526e+00	1.34288e+00	-6.71969e-01
1.54637e+00	-1.94437e+00	8.33367e-01	1.80244e+00
1.19913e+00	-1.97692e+00	4.67240e-01	-2.47463e+00
2.16856e+00	-4.34873e-01	8.07423e-01	-1.91109e+00
3.54118e-01	-2.24969e+00	2.45870e+00	-2.21492e+00
1.91577e+00	-8.60536e-01	8.93678e-01	-9.72696e-01
6.90460e-02	-2.34488e+00	2.25623e-01	-2.37379e+00
1.50628e-01	-2.08325e+00	6.66717e-01	-1.33780e+00
1.66441e+00	-1.93050e+00	6.86921e-01	6.83026e-01
1.44724e+00	1.09229e+00	1.24081e+00	-4.38199e-01
1.57737e-02	-2.46703e+00	4.67584e-02	-2.44434e+00
2.54257e-01	1.12425e-01	7.39913e-01	-3.28184e-01
1.39355e+00	9.74777e-01	1.46043e+00	-8.88006e-02
8.23014e-01	-1.80691e-01	3.56403e-01	-2.35308e+00
1.96238e-01	-2.36789e+00	9.89850e-01	-1.10987e+00
2.04101e+00	-2.41441e+00	1.10513e-01	-2.02081e+00
3.60460e-01	-2.43352e+00	1.45601e+00	-1.42897e+00
5.76060e-01	-1.23362e+00	1.73640e+00	1.50050e+00
2.73877e-02	-2.47156e+00	1.91736e+00	-9.08924e-02
1.66001e+00	1.90546e-01	1.20650e+00	-1.40641e-01
2.08935e+00	1.33589e+00	1.34654e+00	4.58394e-01
1.58576e+00	-2.40184e+00	8.03070e-01	7.50552e-02
4.44824e-01	-2.45785e+00	9.43243e-01	-1.54144e+00
2.39929e+00	5.15039e-01	1.89692e+00	2.12028e+00
4.02793e-01	-3.11014e-01	1.62198e+00	2.15163e+00
2.19244e+00	3.67852e-01	5.43940e-01	7.34808e-01
1.30800e+00	1.18414e+00	1.89143e+00	1.96420e+00
3.16891e-01	-2.36720e+00	2.50317e-01	4.96995e-01
5.97159e-01	-6.73413e-02	3.59948e-01	-1.44535e+00
9.38175e-01	-2.38322e+00	9.93651e-01	1.00470e+00
1.24939e+00	-2.25177e+00	2.25943e+00	2.12382e+00
6.17586e-02	-3.71728e-01	1.44600e-01	9.48419e-01
2.48915e+00	-1.16734e+00	4.36905e-01	-1.07507e+00
7.77280e-01	1.14260e+00	8.22116e-01	2.27354e-03
1.20369e+00	2.68221e-02	1.04797e+00	-1.36111e+00
8.63237e-01	-2.34401e+00	1.20272e+00	2.33371e+00
1.00855e+00	5.15691e-02	1.04042e+00	-2.38155e+00
9.71320e-01	5.11190e-01	4.33734e-02	-2.47264e+00
1.20086e+00	-2.23277e+00	3.11167e-01	2.04713e+00
9.27133e-01	-9.79563e-01	7.01439e-02	-2.33286e+00
7.51634e-01	-1.19336e+00	2.27053e+00	5.95897e-02
1.40077e+00	7.77185e-01	4.12313e-01	3.68001e-01
8.07892e-01	8.64588e-01	1.75273e+00	-5.38275e-01
9.61979e-01	-2.28687e+00	2.24710e+00	1.05265e+00
1.00858e+00	-2.13039e+00	1.73941e-02	-2.19390e+00
2.32528e+00	1.08093e+00	3.76662e-01	3.25211e-01
2.10291e+00	-1.16729e-01	1.19052e+00	2.60767e-01
1.68531e+00	-9.96104e-01	1.09779e+00	1.34325e+00
1.61187e+00	4.86430e-01	1.56292e+00	-1.44827e-01
