# No. of particles = 100 
# Proton - Solar wind	Electron - Solar wind	
4.63510e-01	-2.41779e+00	1.02642e+00	1.76068e-01
6.28652e-01	-2.24991e+00	1.83706e+00	-7.02654e-01
8.78788e-01	-2.37653e+00	8.99410e-02	3.13341e-01
2.07733e+00	-2.30445e+00	2.47154e+00	-8.02273e-01
1.14504e+00	-2.25808e+00	4.91370e-01	-2.26900e+00
8.76611e-01	3.07309e-01	1.78429e-01	-2.32617e+00
1.58611e+00	-2.05888e+00	1.61665e+00	8.91895e-01
4.99838e-01	-2.42589e+00	5.60447e-01	-1.06034e+00
1.05466e+00	-2.45866e+00	1.59835e+00	-2.37833e+00
2.04764e+00	-2.10793e+00	1.60545e+00	1.05316e+00
1.33641e+00	-2.16932e+00	3.51829e-01	-2.19859e+00
2.46668e-01	-2.18906e+00	3.48440e-01	-2.35310e+00
1.44121e+00	-2.17643e+00	3.20604e-01	-2.00492e+00
3.00688e-01	-2.30766e+00	9.65754e-01	-1.14952e+00
1.20887e+00	-2.15187e+00	6.32014e-01	-1.84191e+00
1.35458e+00	-2.02368e+00	1.52575e-02	-2.43544e+00
2.04269e+00	-1.85278e+00	1.12575e+00	-2.13557e+00
4.57912e-02	-2.45999e+00	1.13379e+00	1.62730e+00
2.35838e+00	-2.13604e+00	1.95926e-03	-1.98062e+00
1.66928e+00	-2.42425e+00	2.30094e-01	-1.07348e+00
1.78270e+00	-2.00502e+00	2.18242e+00	-7.02047e-01
2.43935e-01	-2.49037e+00	2.02762e+00	-9.16018e-01
2.42409e+00	-2.39772e+00	1.28719e-01	-2.21058e+00
1.01107e+00	-2.34565e+00	2.31198e+00	-1.79066e+00
1.34040e+00	-1.02249e+00	4.58353e-01	-1.19416e+00
1.87820e+00	-1.02071e+00	5.55203e-01	-1.01102e+00
1.58990e+00	-6.81580e-01	1.65496e+00	-1.46109e+00
1.91220e+00	-1.62364e+00	1.48366e+00	-1.95544e+00
1.59240e+00	-2.43699e+00	4.35370e-01	-1.93919e+00
1.04425e-01	-2.26206e+00	9.47219e-01	-6.78451e-01
3.11691e-01	-2.40424e+00	1.06825e+00	-2.30505e+00
9.92020e-01	-2.39223e+00	2.38335e+00	-1.15080e+00
2.31917e+00	-1.33382e+00	1.94182e+00	8.37269e-02
2.24012e+00	-4.90285e-01	1.31960e+00	1.19834e+00
1.86979e+00	-4.39973e-01	9.67666e-02	-2.38134e+00
2.08602e+00	-2.10391e+00	8.14508e-01	-1.66357e+00
3.83352e-01	-3.16670e-01	2.15284e+00	-1.02442e+00
1.03229e+00	-2.26001e+00	1.20963e+00	2.02761e-01
4.25267e-01	-2.38212e+00	1.56954e-01	1.05205e+00
1.42645e+00	-2.30442e+00	8.18461e-01	-2.48290e+00
2.12993e+00	-2.48866e+00	1.51204e+00	9.15006e-01
3.97215e-01	-2.45080e+00	1.64314e+00	-1.58310e+00
1.49539e+00	-2.02005e+00	2.96068e-01	2.42829e+00
2.45978e+00	-2.10023e+00	7.49186e-01	-2.47611e+00
1.09799e+00	5.54342e-01	3.33788e-01	-2.07105e+00
8.05127e-01	-2.18489e+00	4.59307e-01	-7.69220e-01
1.64837e+00	-2.36716e+00	1.67641e+00	1.65344e+00
4.99991e-01	-5.87123e-01	1.55455e+00	9.40397e-02
1.28372e+00	-2.40459e+00	1.40794e-01	-2.42068e+00
1.44224e+00	-2.24135e+00	1.78492e+00	-8.27149e-01
4.58564e-01	-2.35508e+00	1.63095e-01	2.64611e-02
2.44520e+00	-2.46076e+00	5.76955e-01	1.35708e-01
1.43053e+00	-2.18183e+00	2.11686e-01	-2.22132e+00
9.67819e-02	-2.96380e-01	5.23542e-01	1.70500e+00
1.32790e-01	-2.31040e+00	2.23177e+00	-1.26974e-02
2.14412e+00	-6.26675e-01	3.98083e-01	-2.20321e+00
3.57544e-01	3.73348e-01	2.39041e+00	-2.49224e+00
1.59577e+00	-2.30152e+00	1.09798e+00	-8.89625e-01
2.09711e+00	-1.93813e+00	2.62977e-01	-1.14759e+00
1.30285e+00	-2.36294e+00	1.45935e+00	-2.13020e+00
2.15510e+00	-2.17765e+00	3.64903e-01	1.72254e+00
1.71623e+00	-1.11587e+00	1.15180e+00	-1.40176e+00
9.88098e-01	-2.13258e+00	1.53682e+00	2.62916e-01
1.20267e+00	-4.13251e-01	1.29796e+00	3.43050e-01
1.87658e+00	1.05950e+00	8.39958e-01	-1.38042e+00
1.83079e+00	-2.15751e+00	5.33924e-01	-2.90357e-01
2.21084e+00	1.05405e+00	5.39195e-01	-2.32787e+00
1.67038e+00	2.41616e-01	1.87624e+00	-1.74796e+00
1.37820e+00	1.92806e-01	5.27224e-01	-1.80831e+00
2.31433e+00	1.64915e+00	2.86508e-01	-1.49076e+00
1.71084e+00	-1.29983e+00	2.25390e+00	1.56840e+00
2.48339e+00	6.53271e-01	5.99979e-01	8.46528e-01
7.73119e-01	-2.24073e+00	1.49866e+00	-2.07417e+00
7.60641e-01	-8.55224e-02	1.25686e+00	1.22087e+00
5.02022e-01	1.55132e+00	1.42062e+00	-2.13250e-01
1.44642e+00	1.58027e-01	6.93060e-01	1.60850e+00
1.98510e+00	1.34327e-01	2.24075e+00	5.09836e-01
1.32899e+00	-2.42934e+00	4.54482e-01	1.44266e+00
8.31871e-01	-1.77534e+00	2.47903e+00	-1.28897e+00
1.62279e+00	-2.47955e+00	1.57373e+00	1.71107e+00
1.92404e+00	6.61842e-01	2.49233e+00	-6.52144e-01
2.30989e+00	4.95996e-01	7.77572e-01	-1.69088e+00
5.75953e-01	-2.42100e+00	1.99928e+00	-7.38700e-02
2.21184e+00	1.32802e-02	3.20305e-01	-2.40230e+00
3.52171e-02	-2.23742e+00	1.13292e+00	-1.76275e+00
4.03408e-01	-2.36669e+00	1.44443e+00	-1.57960e+00
2.02217e+00	-1.64366e+00	1.72456e+00	1.53618e+00
1.39397e+00	-2.14695e+00	1.35989e-01	-2.45468e+00
9.45877e-01	-2.45523e+00	1.78326e+00	1.35391e+00
1.14608e+00	-3.82424e-01	7.70039e-01	-2.29253e+00
1.69984e+00	-6.32663e-01	2.43652e-01	-1.87547e+00
1.61205e+00	5.21892e-01	1.73181e+00	-1.95205e+00
3.02371e-01	-2.38342e+00	2.59022e-01	2.09342e-01
1.44994e+00	-1.54126e+00	7.66966e-01	-1.99747e+00
9.82861e-02	-2.38910e+00	1.21353e+00	4.76355e-01
1.54034e+00	2.52086e-01	1.86559e+00	1.58664e+00
2.17836e+00	1.70659e-01	8.39205e-01	-1.80304e+00
2.84330e-01	-2.40339e+00	2.12137e+00	1.41202e+00
2.08165e-01	-2.35886e+00	2.84221e-01	9.41807e-01
2.32284e+00	-2.22881e+00	1.82480e+00	1.31167e+00
