# No. of particles = 100 
# Proton - Solar wind	Electron - Solar wind	
2.61656e-01	2.06870e-01	1.07349e+00	-8.80221e-03
1.80352e-01	-6.21831e-01	1.87826e-02	-8.92277e-01
3.24772e-01	-7.42507e-01	1.06245e-01	2.32176e-01
2.24470e-01	4.07444e-01	3.56055e-01	-8.45586e-01
5.15501e-01	9.36658e-01	1.78435e+00	2.42969e-01
9.95732e-02	-9.78926e-01	3.09159e-01	-5.13766e-01
1.70690e+00	5.97790e-01	1.62819e+00	-1.65710e-01
3.47545e-02	-9.84676e-01	1.14592e-01	-7.26032e-01
1.07331e+00	-5.79371e-01	7.51152e-02	-8.37928e-01
2.11735e-01	-4.48110e-01	3.98670e-02	-9.44509e-01
1.07020e+00	4.92813e-01	9.78534e-01	6.08520e-01
2.25204e-01	-7.15951e-01	1.05842e+00	2.65083e-02
7.16873e-01	-5.59505e-01	4.59413e-01	4.31757e-01
1.13482e+00	7.02653e-01	1.00543e+00	-1.72677e-02
3.66555e-01	3.61659e-01	5.10782e-01	-5.55395e-01
1.29208e+00	-2.56395e-01	1.70061e+00	4.20219e-01
6.22294e-02	-6.40044e-01	1.90713e+00	7.79425e-01
1.35095e-01	-9.77249e-01	4.00529e-01	-6.76662e-01
1.01787e+00	5.59957e-01	6.82441e-02	9.70734e-03
4.72949e-01	-8.71988e-02	2.03921e-01	-4.49826e-01
2.21335e-01	-7.08316e-01	8.46618e-01	7.17495e-01
5.20053e-01	-3.26227e-01	1.55279e-01	2.71733e-01
8.81753e-02	-7.57006e-01	1.02517e-01	-5.23761e-01
1.80683e-01	-5.68735e-02	1.98608e+00	-2.71181e-01
1.80789e+00	-6.27237e-01	8.04685e-02	9.54704e-01
3.21753e-01	-7.10574e-02	7.42629e-02	-8.76321e-01
8.34647e-02	-2.44872e-01	5.17034e-01	4.63111e-01
1.59589e+00	4.35044e-01	5.76391e-01	-9.00427e-02
1.96386e+00	-2.62057e-01	1.42864e+00	-7.30310e-01
1.76999e+00	-2.71451e-01	3.19902e-02	-6.51459e-01
3.92562e-01	-7.65585e-01	3.07672e-01	7.39001e-01
1.89826e+00	-3.51511e-01	1.90602e+00	1.11995e-02
7.53106e-01	9.06116e-01	6.52452e-01	-4.15475e-01
5.79809e-01	4.65077e-01	1.92588e+00	3.58776e-01
5.70996e-01	-6.25664e-01	8.65941e-01	5.63326e-01
1.31982e+00	-4.54946e-02	7.85790e-01	-7.23449e-01
9.74860e-01	-7.40310e-01	4.08643e-01	-9.32329e-01
3.83697e-01	6.89786e-01	2.14870e-01	-5.14641e-01
3.63828e-01	8.13857e-01	1.63241e+00	-7.01019e-01
8.37037e-01	1.12123e-01	1.47600e+00	6.22028e-01
7.78750e-02	-9.96204e-01	6.10546e-02	6.85292e-01
1.68986e+00	-5.61533e-01	1.20012e+00	4.19271e-01
8.26828e-01	9.88912e-01	1.94389e+00	8.82847e-02
1.11937e-01	-6.11693e-01	7.26745e-02	-9.37125e-01
3.83247e-01	9.17407e-01	1.20416e+00	-3.08804e-01
1.22983e+00	-1.50931e-01	9.34845e-01	-3.37418e-01
1.01170e+00	-2.60702e-01	1.43514e-01	-8.66333e-01
1.76295e+00	-6.77268e-01	7.80594e-01	2.06527e-01
1.60492e-01	-8.48875e-01	1.27987e+00	-4.26513e-01
3.51986e-02	-8.16165e-02	1.77720e+00	1.02101e-01
4.35203e-01	-5.52804e-02	1.64163e-01	-5.93940e-01
8.85992e-01	-3.99358e-01	3.57363e-01	7.85189e-01
1.17064e+00	6.39187e-01	1.23394e+00	2.59225e-01
8.89337e-01	3.35570e-01	7.47658e-01	-4.61978e-01
9.79294e-01	1.59099e-01	8.24182e-01	9.01731e-01
1.89398e+00	-2.75743e-01	1.78161e+00	-1.78949e-01
7.90349e-02	-9.93529e-01	2.42648e-01	-7.68697e-01
1.44981e-01	-8.21587e-02	8.53306e-01	5.54508e-01
1.55273e-01	6.47732e-01	1.47467e+00	6.05426e-01
4.84000e-01	-5.08884e-01	8.24120e-01	-2.46895e-01
5.22301e-02	-3.60024e-01	8.55148e-01	-7.21453e-01
4.38192e-01	-5.18847e-01	1.44732e+00	6.02526e-01
1.44612e+00	2.61627e-02	1.57954e+00	-1.75233e-01
1.29542e+00	2.22840e-01	1.75999e+00	5.38850e-02
1.16702e+00	-7.14441e-01	6.65882e-01	2.39417e-01
4.98888e-01	9.64563e-01	1.16485e+00	3.68584e-02
1.83653e+00	-1.74637e-01	1.58737e+00	3.23673e-01
2.61287e-01	1.26683e-01	1.22945e-02	3.68422e-01
4.81963e-01	-1.38409e-01	1.83293e+00	-4.46298e-01
1.38867e+00	7.76999e-01	1.47052e+00	2.98966e-01
4.27478e-01	2.12643e-01	7.90587e-01	5.08229e-01
2.23373e-01	-2.79384e-01	6.54011e-02	-8.73406e-01
1.47182e+00	5.79742e-01	1.00084e-01	2.30053e-01
2.94405e-01	2.21139e-02	2.49335e-01	-1.39031e-01
3.81877e-01	-7.09564e-01	1.68750e-02	-3.94632e-02
7.25253e-02	7.11081e-01	1.53058e-01	-7.65383e-01
1.40229e-01	-7.97562e-01	6.96942e-01	1.16151e-01
1.41079e+00	-1.75575e-01	1.73314e+00	1.58110e-01
1.55636e+00	6.64282e-01	9.46630e-02	-7.63040e-01
7.25819e-02	-9.93158e-01	5.27938e-01	2.12711e-01
9.21005e-01	-4.51057e-01	8.79077e-01	-7.70007e-01
1.83480e+00	-3.23046e-02	6.71568e-01	-4.23177e-01
5.22959e-01	-4.36178e-01	7.55674e-01	5.50531e-01
6.63669e-01	1.17196e-01	3.26177e-01	-6.81086e-01
9.74054e-02	-8.40455e-01	2.61669e-01	-9.61134e-02
1.46576e-01	-3.33300e-01	5.56692e-01	6.11916e-01
1.91805e-01	-6.82427e-01	6.65973e-01	-9.44116e-01
1.28281e-01	9.14390e-01	2.18866e-02	-9.82579e-01
5.36320e-01	-1.57989e-01	1.88466e+00	1.74371e-01
1.29450e+00	-7.49328e-01	2.49468e-01	-2.10233e-01
8.23248e-02	-8.67690e-01	7.34304e-01	-3.32827e-01
7.88144e-01	6.17146e-01	1.02952e+00	-1.83620e-01
3.68702e-01	-3.13491e-01	1.85974e+00	2.21627e-01
1.04637e+00	2.79885e-01	9.35026e-01	6.18983e-01
1.64352e-01	9.50894e-01	5.83006e-01	5.90079e-01
1.21725e+00	7.71314e-01	1.43414e+00	6.35440e-01
1.75437e-01	-8.77817e-01	1.27306e-01	-6.32472e-01
1.33851e+00	-3.51594e-01	1.85531e+00	-7.64158e-02
8.31117e-01	2.75109e-01	1.24519e+00	3.11244e-01
1.27123e+00	-8.79802e-01	1.74807e+00	-1.39524e-01
