# No. of particles = 100 
# Proton - Solar wind	Electron - Solar wind	
6.99061e+00	2.77234e+00	8.51775e+00	-3.08406e-01
9.87820e+00	-4.30433e+00	4.76326e+00	-3.60533e+00
9.03346e+00	-1.02332e+00	2.83833e+00	3.87118e-01
9.98836e+00	-3.78139e+00	1.56192e+00	3.81785e+00
5.56656e+00	-2.92354e+00	3.57637e+00	3.27213e+00
8.38989e+00	-4.11556e+00	5.24031e+00	3.98161e+00
9.03660e+00	-3.58412e+00	1.37132e+00	-1.70954e+00
8.12617e+00	-2.02304e+00	7.20656e+00	4.50271e+00
9.08760e+00	-2.74845e+00	2.49049e+00	-4.12126e+00
9.15018e+00	-4.42829e+00	4.85417e-01	-8.47990e-01
5.79562e+00	-3.10279e+00	8.13772e+00	4.62306e+00
8.77879e+00	-1.29398e+00	8.34940e+00	2.33803e+00
7.42877e+00	-2.17720e+00	5.34385e+00	-4.30436e-01
9.36665e+00	-5.57827e-01	8.26997e+00	-2.36701e+00
8.67293e+00	3.34089e+00	4.89955e+00	4.85835e+00
8.60064e+00	-8.70080e-01	7.00396e+00	-1.75536e+00
7.29431e+00	-1.67486e+00	8.69526e+00	4.42830e+00
8.00786e+00	-1.17217e+00	7.32710e+00	-8.83661e-01
8.59333e+00	-7.42422e-01	9.73993e+00	-2.62447e+00
6.22959e+00	3.45376e-02	6.60010e+00	-3.70267e+00
9.06409e+00	2.99131e-01	5.58603e+00	4.13275e+00
8.15556e+00	1.13672e+00	8.38095e-01	3.83116e+00
6.10445e+00	-1.62213e+00	9.06102e-02	2.07507e+00
9.63737e+00	2.72396e+00	4.36796e+00	-1.99427e+00
3.79015e+00	2.81114e+00	8.58285e+00	-2.81923e+00
9.12721e+00	4.02189e+00	8.81612e+00	-2.58949e+00
7.27781e+00	2.78618e+00	7.50330e+00	6.85773e-01
9.24668e+00	4.32339e+00	8.95350e+00	2.04345e+00
5.39640e+00	9.82060e-01	3.67057e+00	-3.17155e+00
7.53617e+00	-1.95707e+00	7.13375e+00	-2.76870e+00
9.99921e+00	-4.18142e+00	8.21171e+00	-4.71076e+00
8.27028e+00	-4.75643e+00	7.88216e+00	1.73163e+00
8.69494e+00	-3.63287e+00	8.02561e+00	2.17333e+00
9.53574e+00	-1.40792e+00	5.69887e-02	-4.82894e+00
7.96593e+00	-4.60403e+00	6.70448e+00	-1.16170e+00
8.17690e+00	-3.76365e+00	6.49410e+00	-3.65731e+00
8.30482e+00	-1.76540e+00	7.66543e+00	-3.97300e+00
7.92433e+00	-6.91404e-01	8.12834e+00	-2.95059e+00
8.43931e+00	-3.06653e+00	8.04202e+00	1.16974e+00
7.75006e+00	-2.70727e+00	8.82560e+00	1.48666e+00
9.30903e+00	-1.40995e+00	7.95201e+00	-2.66585e+00
7.48025e+00	-1.26820e+00	7.01806e+00	-1.32596e+00
8.06675e+00	-7.50691e-01	4.30994e+00	1.29293e+00
7.32596e+00	-1.91109e+00	6.89447e+00	-2.93945e+00
9.94441e+00	3.64369e+00	6.54335e+00	-3.35674e+00
8.69207e+00	-1.95175e+00	4.65050e+00	3.68326e+00
8.11187e+00	1.97413e-02	9.61331e+00	-3.18063e+00
8.02454e+00	-3.25129e+00	7.68320e+00	-3.50576e-01
9.81385e+00	-7.37396e-01	6.54690e+00	3.92023e+00
8.42010e+00	9.56887e-01	5.05307e-01	3.99722e-01
8.60269e+00	-4.95772e-01	9.12159e+00	2.74043e+00
8.15502e+00	1.22898e+00	9.38588e+00	-2.50037e+00
9.48775e+00	-3.06826e+00	3.15961e+00	-4.00115e+00
6.88188e+00	-2.81668e+00	6.66589e+00	1.42558e+00
5.99142e+00	4.24830e+00	7.82839e+00	1.28634e+00
8.58063e+00	1.01761e+00	4.77466e+00	-1.56387e+00
8.26013e+00	4.43918e-01	6.81070e+00	2.74949e+00
6.55288e+00	4.74777e+00	4.09486e-01	-1.88906e+00
7.04204e+00	-1.52527e+00	3.63910e+00	4.00093e+00
8.43656e+00	1.01107e+00	6.96602e+00	-4.25888e+00
9.80130e+00	4.75816e+00	9.60847e+00	-3.73755e+00
7.74908e+00	9.99968e-01	6.45557e+00	1.21043e+00
8.67144e+00	3.93081e+00	8.87780e+00	2.95173e+00
8.97362e+00	4.37760e+00	7.67710e+00	4.43898e+00
8.48821e+00	1.78126e+00	7.72516e+00	2.31781e+00
8.54044e+00	2.15493e+00	7.71901e+00	1.69869e+00
6.85449e+00	8.47308e-01	8.89826e+00	-1.03646e+00
8.98240e+00	3.59322e+00	1.57121e-01	-4.76655e+00
7.41535e+00	8.71339e-01	9.51398e+00	5.04649e-01
9.26679e+00	2.16183e+00	7.94871e+00	-4.89246e-01
8.39142e+00	3.69670e+00	3.82060e+00	3.44503e+00
9.17529e+00	2.06882e+00	7.91135e+00	-4.79896e+00
8.52354e+00	3.18488e+00	7.96758e+00	-3.90047e+00
8.85613e+00	3.75156e+00	4.16366e+00	-1.58877e+00
6.21615e+00	3.33375e+00	8.34641e+00	2.59108e+00
9.02494e+00	-9.31798e-01	8.71405e+00	4.10621e+00
9.67227e+00	-4.02479e+00	7.83709e+00	-6.91076e-01
7.99065e+00	-1.32347e+00	8.49599e+00	-3.09585e+00
9.11892e+00	-1.91012e+00	6.11457e+00	-7.82801e-01
8.57468e+00	-3.33745e+00	7.58366e+00	-4.15252e+00
9.26191e+00	-1.80710e+00	2.46185e+00	-1.79707e+00
8.65993e+00	-4.26692e+00	8.49379e+00	1.03563e-03
9.05551e+00	-1.50148e+00	8.96223e+00	2.69380e+00
8.80162e+00	-4.71153e+00	8.52130e+00	-4.72685e+00
6.34095e+00	-4.15020e+00	7.74875e+00	2.31694e-01
7.79625e+00	-2.44953e+00	7.12671e+00	-1.38791e+00
8.63045e+00	-2.15448e+00	2.87045e+00	1.15814e+00
9.59883e+00	-8.19313e-01	7.86242e+00	-3.23879e+00
9.44424e+00	-3.35720e-02	7.28141e+00	-2.06078e+00
8.55688e+00	1.68643e+00	7.58004e+00	2.06431e+00
8.09228e+00	-1.99726e+00	9.60119e+00	-6.72666e-01
8.44006e+00	-1.32518e+00	4.81778e+00	-1.52278e+00
6.67069e+00	8.14090e-02	2.15051e+00	-2.15930e+00
8.04992e+00	-4.74600e-01	7.43207e+00	2.98153e+00
3.67930e+00	2.02850e+00	6.57614e+00	-1.96289e+00
8.17329e+00	-4.07190e+00	6.16672e+00	5.69049e-01
8.82389e+00	-1.68586e-01	7.92838e+00	-4.11048e+00
5.25572e+00	8.77916e-01	2.56389e+00	-3.97418e+00
9.97943e+00	8.25120e-01	3.44903e+00	-4.86256e+00
8.47333e+00	-2.75343e-01	4.01308e-01	-9.76274e-01
