# No. of particles = 100 
# Proton - Solar wind	Electron - Solar wind	
1.69585e+00	-5.79454e-01	4.28994e+00	1.61883e+00
7.78325e+00	-4.11633e+00	8.01325e-01	-3.64385e+00
2.48391e+00	-4.78769e+00	7.01507e+00	-4.96168e+00
3.15432e+00	-4.65932e+00	5.73681e+00	-4.96172e+00
1.67501e+00	-4.18855e+00	5.41055e+00	6.45721e-01
2.80855e+00	-4.00530e+00	3.36157e+00	-2.26310e+00
3.14394e+00	-2.74766e+00	8.57844e-02	-1.38523e+00
3.21804e+00	-2.69022e+00	8.08086e+00	2.55338e+00
2.23956e+00	-3.30037e+00	7.44686e+00	-1.35073e-01
2.34295e+00	-3.31900e+00	6.53933e+00	2.11494e+00
2.28766e+00	-3.18735e+00	2.22411e+00	-2.64766e+00
2.64793e+00	-2.78636e+00	7.30947e+00	4.85664e-01
2.48891e+00	-2.59852e+00	7.95662e-01	-3.50468e+00
3.36598e+00	-2.13199e+00	9.44969e+00	1.71732e+00
2.69167e+00	-1.90673e+00	9.56979e+00	1.07761e+00
3.06839e+00	-2.67766e+00	8.41969e+00	-1.68452e+00
2.74001e+00	-4.95680e-01	5.27256e+00	3.29288e+00
1.11900e+00	-2.49982e+00	5.25966e+00	-3.66982e+00
2.56062e+00	-2.40852e+00	3.28939e+00	1.27833e+00
3.37042e+00	-1.21144e+00	4.06991e-01	3.70577e+00
2.46091e+00	-1.23631e+00	7.76041e-01	4.24784e+00
2.27896e+00	-8.43117e-01	1.56826e+00	-2.49000e+00
2.28220e+00	-1.42944e+00	6.39919e+00	-1.45197e+00
2.36115e+00	-1.04771e+00	7.46008e+00	3.40880e+00
2.35356e+00	-6.29093e-01	6.05144e+00	-1.82596e+00
3.29478e+00	-9.13071e-01	3.46540e+00	1.73234e+00
2.13889e+00	-8.49553e-02	7.91519e+00	1.58934e+00
3.37081e+00	3.87511e-01	2.51682e+00	2.39779e+00
2.51740e+00	8.44804e-01	7.84362e+00	-3.82840e+00
3.01665e+00	-4.08062e-02	7.51665e+00	-3.86013e+00
2.68176e+00	4.74279e-01	3.38159e+00	2.34921e+00
2.55837e+00	1.59818e+00	5.44982e+00	4.10381e+00
2.40638e+00	6.40460e-01	2.72458e+00	1.58888e+00
2.68223e+00	9.31184e-01	4.66835e+00	-2.05374e+00
2.02045e+00	2.30556e+00	9.85465e-01	-4.36164e+00
2.58797e+00	1.94132e+00	6.49027e+00	4.85217e+00
2.94008e+00	2.22909e+00	3.05228e+00	1.30886e+00
4.06690e+00	2.84817e+00	6.02133e+00	4.37239e+00
1.78819e+00	2.24377e+00	9.90402e+00	-2.86305e+00
2.92759e+00	3.46130e+00	6.84772e+00	3.15810e+00
3.03558e+00	4.28295e+00	9.50923e+00	-2.59303e+00
2.51643e+00	3.61494e+00	6.89810e+00	4.87855e+00
2.48064e+00	3.94704e+00	7.61478e+00	-4.29928e+00
4.46656e+00	3.97334e+00	9.30778e+00	4.84514e+00
4.86296e+00	4.05110e+00	9.67463e+00	3.85365e+00
4.56882e+00	4.55355e+00	5.09805e+00	4.44394e-01
4.76930e+00	3.82889e+00	7.15183e+00	-4.58705e+00
5.12321e+00	4.67431e+00	2.85466e+00	-4.13777e+00
4.51181e+00	-4.47578e+00	2.82598e+00	3.57903e+00
9.64505e+00	-4.39961e+00	4.24927e+00	4.85082e+00
3.20378e+00	-4.54777e+00	2.78966e+00	-1.59421e+00
3.29282e+00	-4.28889e+00	9.19850e+00	-2.80620e+00
3.30916e+00	-4.10328e+00	9.93077e+00	-4.87345e+00
2.59596e+00	-4.54160e+00	4.14975e+00	-2.36919e+00
2.35883e+00	-4.46521e+00	1.54893e+00	4.88163e+00
3.02630e+00	-4.16554e+00	9.27752e+00	-4.87464e-01
3.44158e+00	-4.42422e+00	5.95179e+00	3.17913e+00
2.73643e+00	-3.96728e+00	2.37205e+00	-4.52818e+00
2.80845e+00	-3.92451e+00	7.94260e+00	1.05620e+00
3.15375e+00	-3.39123e+00	8.88112e+00	3.07493e-01
2.70861e+00	-2.26766e+00	1.82972e+00	4.74913e-01
2.39947e+00	-3.55639e+00	9.23699e+00	-2.11739e+00
3.36756e+00	-2.29831e+00	6.11871e+00	-4.24823e+00
2.49820e+00	-2.11227e+00	7.56405e+00	4.48648e+00
2.37862e+00	-2.27275e+00	5.67726e+00	-4.80482e+00
2.94094e+00	-2.34326e+00	2.97700e+00	-4.26485e+00
2.72609e+00	-2.06305e+00	9.33617e+00	4.51751e+00
1.61405e+00	-1.55271e+00	1.23425e+00	1.12318e+00
3.15294e+00	-1.26929e+00	1.00003e+00	3.51937e+00
3.07824e+00	-1.95573e+00	8.94664e+00	-4.46614e+00
3.06410e+00	-2.02884e+00	8.36364e+00	5.03653e-01
1.00925e+00	-2.13058e-01	7.61594e+00	5.05746e-01
2.30140e+00	-2.02908e+00	6.76390e+00	1.01889e-01
2.06220e+00	-2.23539e-01	5.70106e+00	-4.55790e+00
2.36200e+00	-3.20785e-01	4.18018e+00	-4.49137e+00
2.50291e+00	3.69809e-02	6.82469e+00	-2.37822e+00
3.51150e+00	7.95304e-01	1.72423e+00	-2.11277e+00
3.12295e+00	1.14381e-01	4.99031e+00	-2.37864e+00
2.28430e+00	7.21418e-01	2.19345e+00	-1.24195e+00
2.30324e+00	5.92697e-01	6.43192e-01	-4.61719e+00
2.53658e+00	1.45064e-01	4.31909e+00	-4.19849e+00
2.41159e+00	1.13609e+00	8.86429e+00	-2.42788e+00
2.19173e+00	1.47985e+00	9.37165e+00	3.31428e+00
2.55072e+00	1.73012e+00	3.97711e+00	9.04641e-01
3.37010e+00	9.91133e-01	1.37049e+00	-2.95632e+00
1.79524e+00	8.84411e-01	5.31058e+00	-8.91408e-02
2.10020e+00	1.31487e+00	8.31561e+00	-2.92654e+00
1.15445e+00	1.41641e+00	1.97075e+00	4.05297e+00
2.54610e+00	1.25405e+00	3.41382e+00	-1.23523e+00
2.47530e+00	1.93006e+00	7.74364e+00	-1.88900e+00
2.07285e+00	2.40309e+00	1.70330e+00	-1.56234e+00
1.50899e+00	1.74818e+00	9.91934e+00	-3.47922e+00
1.31783e+00	3.08027e+00	1.43239e+00	-3.41680e+00
2.40533e+00	2.58668e+00	7.02972e+00	1.94728e+00
2.62300e+00	3.00884e+00	9.08707e-02	2.07649e+00
2.36807e+00	2.06189e+00	3.24666e+00	-2.16393e+00
2.42404e+00	3.65779e+00	3.22195e+00	-4.45304e+00
2.06935e+00	2.53173e+00	7.41351e+00	-5.62910e-01
1.59346e+00	4.29405e+00	9.66152e+00	-2.26419e+00
2.39262e+00	3.59431e+00	4.49843e+00	3.97224e+00
