# No. of particles = 100 
# Proton - Solar wind	Electron - Solar wind	
9.92731e+00	3.63581e+00	6.96712e+00	-3.75768e+00
9.48836e-01	3.24345e-01	7.28869e+00	-2.79598e-01
1.85413e-01	-3.16187e+00	5.60970e+00	-3.89006e+00
9.92214e+00	-4.09074e+00	6.97353e+00	-1.51571e+00
6.85541e+00	-3.02571e+00	2.19846e-01	-4.04006e+00
8.78696e+00	-2.24174e+00	3.63527e+00	-2.76591e+00
8.62698e+00	-1.81351e+00	8.01577e+00	-1.21798e+00
9.47125e+00	-1.21704e+00	9.16799e+00	-4.05316e+00
7.36806e+00	-8.10522e-02	9.39514e+00	-3.55046e+00
9.64613e+00	1.07698e+00	9.55293e+00	-3.36121e+00
7.22006e+00	-2.27487e+00	6.67244e+00	-4.83451e+00
4.48233e+00	2.87780e+00	8.69199e+00	-9.07091e-01
8.60815e+00	2.53516e+00	9.94728e-01	4.01130e+00
6.06538e+00	2.47017e-01	5.18652e+00	-2.66532e+00
8.62516e+00	-1.40015e+00	9.51991e+00	-4.28538e+00
9.78576e+00	-4.75849e+00	8.91410e+00	3.41933e-01
9.42349e+00	-4.70542e+00	2.47822e+00	-3.48864e+00
9.67321e+00	-3.76547e+00	6.86630e+00	-2.34690e+00
9.82510e+00	-1.44534e+00	9.76617e+00	-4.96971e+00
9.37435e+00	-3.00806e-01	9.37592e+00	1.21908e+00
9.98492e+00	-3.06473e+00	9.54798e+00	2.04397e+00
9.17042e+00	-2.67607e+00	7.97846e+00	-1.66169e+00
8.85026e+00	-1.13679e+00	7.72984e+00	-3.86636e+00
9.54278e+00	-5.53519e-01	9.12617e+00	-3.83781e+00
8.66726e+00	-1.95755e+00	9.67783e+00	-2.95214e+00
9.59747e+00	2.96315e-01	9.57495e+00	1.46630e+00
9.49485e+00	-3.65817e+00	9.47062e+00	-2.67342e+00
9.96131e+00	1.26287e+00	8.35835e+00	-2.06907e+00
9.64845e+00	1.48973e+00	5.13332e+00	6.20029e-01
8.14227e+00	-3.37095e+00	8.21376e+00	-2.80956e+00
7.08906e+00	4.99591e+00	7.79603e+00	-3.12965e+00
9.77136e+00	4.21991e-01	9.15588e+00	9.77158e-02
8.33247e+00	-1.95226e+00	7.80171e+00	4.12700e+00
9.98229e+00	1.02098e+00	7.95267e+00	1.22851e+00
9.16735e+00	8.24141e-01	9.33981e+00	7.30561e-01
8.10883e+00	4.99530e-01	5.69712e+00	-1.63447e+00
8.77294e+00	4.53430e-01	6.19394e+00	2.79943e+00
9.92878e+00	3.69388e+00	7.70966e+00	1.37438e+00
7.35459e+00	3.03929e+00	9.22965e+00	2.74260e+00
9.45690e+00	-7.39057e-01	9.22250e+00	1.97969e+00
7.50325e+00	-4.30212e+00	9.50153e+00	-4.85812e-01
9.22522e+00	-2.38134e+00	2.61261e+00	3.89104e+00
9.57574e+00	-2.11477e+00	6.72779e+00	1.35103e-01
9.98888e+00	-1.29734e+00	9.46040e+00	-4.78865e+00
7.89326e+00	3.77610e-01	5.31006e+00	1.15157e+00
9.52720e+00	-3.27445e-01	4.98040e+00	-2.54400e+00
4.35480e+00	2.60548e+00	9.98757e+00	2.35284e+00
9.67153e+00	-4.66035e+00	7.32507e+00	-4.11466e+00
6.22059e+00	1.13055e+00	9.44800e+00	-1.84992e+00
9.62454e+00	4.72293e-01	7.40912e+00	-1.17624e+00
9.53010e+00	8.40100e-01	6.96829e+00	-1.96518e+00
9.88197e+00	1.11486e+00	7.06882e+00	2.50022e-02
9.94662e+00	8.00216e-01	6.45108e+00	-1.92898e+00
8.89426e+00	7.05557e-01	9.08930e+00	-4.50087e+00
9.42653e+00	2.06378e+00	9.63366e-01	-2.34908e+00
9.56666e+00	4.10942e+00	8.49162e+00	1.62302e+00
8.95093e+00	4.53650e+00	9.12056e+00	9.96855e-01
7.47046e+00	7.80541e-01	7.54341e+00	-3.01880e+00
9.84747e+00	-3.99993e+00	5.94107e+00	-1.03258e+00
8.87436e+00	2.37935e-01	5.91800e+00	4.50361e+00
9.92026e+00	-4.00309e+00	9.29818e+00	2.19872e-01
7.65689e+00	-3.75000e+00	8.55651e+00	-7.28402e-01
9.71538e+00	-4.44257e+00	1.43661e+00	1.35838e+00
8.09949e+00	-2.09866e+00	8.16231e-01	-2.28796e+00
7.98115e+00	-1.76662e+00	9.44547e+00	-3.33405e+00
7.83257e+00	-2.12070e+00	5.00904e+00	3.43615e+00
5.22978e+00	1.79601e+00	8.75011e+00	-2.85997e+00
9.30266e+00	-2.53552e+00	7.12385e+00	3.98435e-01
6.48828e+00	1.99757e+00	7.09093e+00	1.51929e+00
6.83839e+00	2.94108e+00	7.00205e+00	-3.57840e+00
9.44023e+00	2.61502e+00	3.72855e+00	-2.69736e-01
9.95649e+00	5.41063e-01	6.75561e+00	-8.31355e-01
9.96650e+00	1.12537e+00	8.95591e+00	3.53260e+00
9.75654e+00	2.65016e+00	7.42031e+00	2.65043e-01
9.34217e+00	2.85517e+00	9.54329e+00	-4.31503e+00
9.74920e+00	3.46539e+00	9.72242e+00	-2.59468e+00
9.83869e+00	2.44384e+00	9.88636e+00	1.84708e+00
9.91625e+00	4.00261e+00	9.15961e+00	-9.71313e-01
9.94379e+00	3.32590e+00	9.84080e+00	4.30534e+00
7.15236e+00	2.42713e+00	6.46094e-01	3.61218e+00
8.21867e+00	-3.10174e-01	9.51524e+00	-3.61010e+00
9.30737e+00	-4.65810e+00	8.77026e+00	1.28739e+00
9.89822e+00	-3.91730e+00	6.13756e+00	-3.73407e+00
5.39552e+00	-3.04310e+00	3.53602e+00	-2.95849e-02
9.98317e+00	-3.24782e+00	8.71823e+00	3.07216e+00
9.81807e+00	-2.19453e+00	1.82563e+00	1.99387e+00
9.33707e+00	8.89347e-01	4.25342e+00	-4.32159e+00
9.28372e+00	-1.77533e+00	8.35360e+00	-1.33052e+00
9.30826e+00	3.13611e+00	2.35152e+00	-3.81209e+00
9.94277e+00	-1.41031e-01	3.12965e+00	-2.42999e-01
8.70875e+00	-3.39398e+00	7.94559e+00	3.39677e+00
7.60869e+00	3.17960e+00	4.46391e-01	5.40462e-01
8.77680e+00	3.10010e+00	9.23178e+00	6.43568e-01
9.53344e+00	2.08589e+00	7.65882e+00	-2.90442e+00
9.33062e+00	-8.75906e-03	3.92894e+00	-2.92710e+00
9.69891e+00	3.70674e+00	8.19247e+00	-4.47082e-01
8.68741e+00	4.92972e+00	6.53234e-01	1.31752e+00
8.89882e+00	-6.13867e-01	6.24447e+00	-1.97393e+00
3.34975e+00	-3.53974e+00	8.54786e+00	-4.96029e+00
9.10528e+00	-2.66414e+00	9.43361e+00	4.73700e+00
