# No. of particles = 100 
# Proton - Solar wind	Electron - Solar wind	
7.10018e-01	-9.58266e-02	8.73130e-01	-3.97037e-01
1.83022e+00	7.42777e-01	2.31166e-01	-6.73445e-01
1.82338e+00	4.66970e-01	1.41936e+00	7.33518e-01
4.34786e-01	-7.37761e-01	1.45614e-01	-9.96842e-01
4.17383e-01	-7.88661e-01	6.75821e-01	3.29501e-01
1.25002e+00	-5.08478e-01	6.75016e-01	-2.53189e-02
1.48937e+00	9.18131e-01	1.62797e+00	-7.05976e-01
2.67472e-02	-9.89974e-01	4.78517e-02	-9.21580e-01
2.36597e-01	-9.61017e-01	5.43948e-02	-9.28754e-01
3.69814e-01	4.49710e-01	1.02582e+00	-6.63795e-01
2.87134e-01	-7.17928e-02	1.51408e+00	-2.02728e-01
1.18491e+00	5.18644e-01	4.24172e-01	-8.60236e-01
1.70692e+00	8.79578e-02	1.55214e+00	-8.34742e-01
1.48893e-01	-9.38740e-01	1.92777e+00	1.22414e-01
1.29751e+00	-7.89395e-01	1.10120e+00	2.61953e-01
1.66687e+00	9.44122e-01	3.39300e-01	-8.02939e-01
2.40018e-01	5.98297e-01	5.23372e-01	-3.91362e-01
1.74833e-01	-1.68071e-01	1.55783e+00	4.78978e-01
2.08233e-01	-9.28050e-01	4.71705e-01	-8.74244e-01
1.36538e+00	5.66466e-01	7.39891e-01	8.84597e-01
5.82056e-01	-7.29689e-01	1.69869e+00	-1.91258e-01
1.59616e+00	9.47574e-01	1.06668e+00	-2.57186e-01
3.34556e-02	-9.77186e-01	1.38330e+00	-4.43423e-01
2.63068e-02	-9.97829e-01	1.19716e+00	2.17710e-01
4.62792e-02	-9.36331e-01	1.20808e+00	3.14268e-01
4.26882e-02	-8.78724e-01	2.36235e-01	-3.42298e-01
5.70295e-01	4.29146e-01	7.62367e-01	-9.77675e-01
1.27504e+00	1.09695e-01	8.64100e-02	-8.52462e-01
1.48228e+00	-7.56005e-01	4.10006e-01	-7.63888e-01
6.62033e-01	-9.96119e-01	7.02385e-01	-2.50132e-01
1.09597e-01	-9.52020e-01	1.13028e-01	4.65589e-01
9.59896e-01	5.49655e-01	5.09846e-02	-1.61708e-01
1.04272e+00	-6.47668e-02	1.31096e-01	1.27545e-01
2.25724e-01	2.20977e-01	9.09669e-01	8.15568e-01
1.05194e-03	-9.91794e-01	1.33252e+00	7.58868e-01
7.79274e-01	-8.26963e-01	1.74908e-02	-3.86203e-01
5.25155e-01	3.10322e-01	1.45660e+00	-9.94337e-02
1.30172e+00	-7.15342e-01	3.84179e-01	1.57757e-01
9.08668e-01	-8.37829e-01	7.16739e-01	-7.29286e-02
1.45084e+00	9.56323e-02	2.47015e-01	-9.83249e-01
1.22064e+00	-6.27505e-01	1.20425e+00	-6.47878e-01
7.94420e-01	5.67609e-01	1.77860e+00	8.05593e-01
6.03792e-01	-1.82801e-01	5.97781e-01	-5.72800e-01
5.70583e-01	-3.44474e-01	1.58135e+00	-5.90454e-01
7.63002e-01	-1.30577e-01	9.46579e-01	-2.56960e-01
1.00225e-01	-3.56130e-01	1.42421e+00	-4.00024e-01
4.50406e-02	-9.62257e-01	9.06916e-01	8.09967e-01
3.97974e-02	-9.52274e-01	1.34670e+00	-9.13260e-01
2.71955e-01	1.60093e-01	1.12640e+00	-8.71984e-01
3.73776e-02	-5.21754e-01	1.20177e+00	9.55184e-01
1.36400e+00	-1.33243e-01	1.25966e-02	-8.90383e-01
1.06536e-01	-8.79689e-01	1.06481e+00	1.42761e-01
1.68437e+00	8.06863e-01	1.29513e+00	3.13200e-03
1.76280e-01	-7.54685e-01	3.73609e-01	1.65939e-01
3.39168e-04	-9.56437e-01	1.25713e+00	-9.03353e-01
1.30373e+00	-9.36019e-01	8.67563e-01	-9.34819e-01
1.90146e-01	5.20281e-01	8.90694e-01	-4.04954e-01
1.00245e-03	-1.68225e-02	7.33028e-01	-2.51706e-01
1.99038e+00	1.94766e-02	9.53410e-01	3.52549e-01
6.55396e-01	-2.79098e-01	6.81711e-01	3.94780e-02
2.68019e-01	-1.19394e-01	2.31997e-01	-8.64551e-01
1.22810e+00	-1.22906e-01	1.36414e+00	1.81841e-01
7.98347e-01	5.14020e-01	1.06973e+00	-7.47708e-01
7.78304e-01	4.20225e-01	1.32562e-01	-6.32904e-01
4.12388e-02	-8.47739e-01	1.90661e+00	-5.85675e-01
8.91404e-01	-4.76509e-01	1.74119e-01	-6.28398e-01
1.66026e-01	8.65572e-01	1.57642e-01	-7.68394e-01
6.97703e-01	1.43398e-01	9.47372e-01	5.24434e-01
4.25761e-01	-3.07640e-01	5.49394e-01	-3.65736e-01
1.04016e+00	-1.78298e-01	1.70959e+00	3.21309e-03
1.75300e-01	-9.07187e-01	9.11690e-01	-1.79820e-02
2.36774e-01	-8.53935e-01	1.18548e+00	-3.71960e-01
5.50492e-01	-4.60537e-05	1.87222e+00	1.95262e-02
9.82659e-01	9.53104e-01	1.23143e+00	-7.36220e-01
7.07680e-01	-3.69716e-01	1.97811e+00	-6.14142e-01
1.42467e-01	2.67610e-01	1.75015e+00	6.44733e-01
2.82308e-01	-4.64811e-01	3.25457e-01	-4.76520e-01
9.36043e-02	-8.62309e-01	1.45318e-01	-9.08471e-01
1.05823e+00	5.19908e-01	1.71877e+00	2.21712e-01
1.32157e-01	-6.70165e-01	1.40364e+00	-3.51343e-01
3.74851e-01	5.53146e-01	1.16897e+00	-6.01320e-01
8.15160e-01	8.30573e-01	1.63636e+00	2.53626e-01
1.52468e+00	6.94383e-01	2.28407e-01	1.09225e-01
3.15708e-01	-9.18074e-01	4.14433e-01	-6.64161e-01
6.19342e-01	8.37929e-01	1.79394e+00	-1.10741e-01
3.59384e-01	4.08177e-01	1.02491e+00	-9.45700e-01
5.02436e-01	-2.58670e-01	9.38441e-02	-7.96758e-01
1.20036e+00	-8.23954e-01	2.76292e-02	-9.00593e-01
1.88685e-01	-8.92517e-01	1.70923e+00	3.14793e-01
5.60871e-01	-9.40174e-01	1.51716e+00	7.84046e-01
1.76390e-01	-5.23486e-01	6.44925e-01	2.33964e-01
1.45711e+00	7.49260e-01	1.74637e+00	2.25228e-01
7.75714e-01	5.37889e-01	3.45478e-01	-1.59247e-01
6.09143e-01	-1.03790e-01	1.48667e-01	8.02285e-01
1.14815e+00	-2.13004e-01	1.56026e+00	2.20925e-01
3.81242e-01	-5.38771e-01	6.01494e-01	-3.21219e-01
4.25995e-02	2.03609e-01	8.08737e-01	5.98921e-02
4.98942e-01	7.10896e-01	1.42514e+00	1.65412e-01
1.11757e-01	-6.03396e-01	7.74802e-02	7.64443e-01
1.68200e+00	-6.04298e-01	1.08740e-02	7.81347e-02
