# No. of particles = 100 
# Proton - Solar wind	Electron - Solar wind	
7.23649e-01	-4.82631e-01	1.39497e+00	2.14914e-01
8.83255e-01	-8.72320e-01	1.19053e+00	8.18606e-01
1.10339e+00	6.17106e-01	1.01930e+00	-6.27643e-01
1.40276e+00	-6.49957e-01	7.87703e-01	-2.01811e-01
1.16065e+00	5.42157e-02	6.26007e-01	5.60060e-01
4.30382e-01	-2.82698e-01	9.36379e-01	-4.79519e-01
1.38629e+00	-7.34499e-01	6.03918e-01	-9.49392e-02
5.01992e-01	-3.72470e-01	9.11792e-02	-3.35431e-01
7.57293e-01	-9.12335e-01	4.51761e-01	1.55896e-02
1.28121e-01	6.49326e-01	1.18722e+00	-7.79323e-01
5.22547e-01	-2.84524e-01	4.92662e-03	-4.68356e-01
1.79244e+00	2.87342e-01	2.41293e-01	-8.38599e-01
4.37764e-02	-9.82630e-01	7.72789e-01	7.06309e-01
1.08399e+00	-2.56746e-01	2.74816e-03	-9.84895e-01
9.92065e-01	-2.97610e-01	1.01708e+00	-5.83518e-01
1.85970e+00	-4.83642e-01	1.14419e+00	-2.44944e-01
7.37364e-01	-4.87919e-01	1.99929e+00	-6.38267e-01
1.39564e+00	3.68370e-01	1.03775e-01	-9.24718e-01
6.50951e-01	7.46550e-01	1.20528e+00	4.48272e-01
1.80721e+00	5.09336e-01	1.30233e+00	-4.73807e-01
9.86539e-01	-4.78937e-01	1.72969e-01	-7.93128e-01
4.79525e-01	-9.21206e-01	1.26240e+00	-4.17712e-01
7.33246e-01	-4.74695e-01	1.03014e-01	-5.98295e-01
8.68174e-02	-7.64998e-01	1.25840e+00	1.11531e-01
8.18495e-01	-7.94503e-01	1.25648e+00	-8.73354e-01
1.19013e+00	5.51308e-01	4.49875e-01	7.09187e-01
2.33385e-01	-7.50075e-01	1.43772e-01	6.55670e-01
8.85732e-01	-1.93773e-01	4.54412e-01	6.82560e-01
9.39989e-02	-8.79324e-01	2.38565e-02	-6.82757e-01
1.81439e+00	2.16931e-02	1.95819e-02	-2.83188e-01
1.18767e-01	-4.47006e-01	1.09084e+00	2.50186e-01
2.57265e-02	-1.87377e-01	1.38211e+00	4.21597e-01
1.11945e-01	-5.98023e-01	8.23013e-01	-2.43093e-01
1.14700e+00	2.46052e-01	4.05675e-01	-7.28761e-01
1.74895e+00	8.40702e-01	1.98809e+00	9.96665e-02
6.45363e-01	1.22209e-01	1.87900e-03	-8.71645e-01
6.69648e-01	3.09832e-01	2.66543e-02	-5.80366e-01
1.59719e+00	-1.67049e-01	7.84880e-01	8.07922e-02
6.70676e-02	-8.94090e-01	2.51269e-01	2.47702e-01
2.78882e-01	-3.80970e-01	3.58504e-01	8.85373e-01
1.00520e+00	2.28121e-01	7.54448e-01	4.40450e-02
3.29866e-01	-8.65068e-01	5.72212e-01	2.76231e-02
4.62862e-01	1.21394e-01	1.78422e+00	2.02698e-01
4.83458e-01	-8.92352e-01	4.62248e-01	4.70612e-01
4.60764e-01	-3.93481e-01	1.37324e-02	-9.98633e-01
4.15286e-01	1.77351e-01	1.04496e+00	1.16218e-01
1.70530e-01	-8.87532e-01	1.13062e+00	-1.70577e-01
9.52086e-01	5.27020e-02	2.84421e-01	9.83686e-01
2.53442e-01	-7.44712e-01	4.15769e-01	9.80043e-01
4.00417e-01	6.47020e-02	6.99631e-01	-7.33568e-01
4.72650e-01	-2.75757e-01	1.02774e+00	-6.11452e-01
8.67097e-01	-4.65841e-01	1.05236e+00	-5.43568e-02
1.17775e+00	5.52331e-01	1.82380e-01	-5.05992e-01
1.62568e+00	-9.93402e-01	5.48759e-01	7.78559e-01
8.55756e-02	-8.92518e-01	1.37892e+00	3.62828e-01
1.62130e+00	-3.24985e-02	1.37095e+00	-2.69101e-01
4.73257e-02	-9.79086e-01	1.53005e+00	-1.44063e-01
5.56875e-03	-8.00336e-01	3.08244e-01	-9.19886e-01
4.35820e-02	-1.04255e-01	1.45006e+00	9.36042e-01
6.29579e-01	-1.39585e-01	1.67485e+00	-6.59315e-01
1.70405e+00	1.23208e-01	1.61768e-01	-2.06742e-01
3.87849e-01	-3.30505e-01	5.69977e-01	2.00328e-01
1.10650e+00	-5.12745e-01	9.89355e-01	-9.22321e-01
1.01534e-02	8.24975e-01	1.07679e+00	2.38360e-01
3.12989e-02	-8.90181e-01	4.63314e-01	-6.23600e-01
4.41091e-02	-8.99956e-01	9.23279e-01	6.63232e-01
1.07383e+00	1.97013e-01	1.03648e+00	-3.49089e-01
1.39603e+00	-3.45195e-01	6.42283e-01	-1.30750e-02
1.65235e+00	-4.17110e-01	1.54106e+00	-9.42950e-01
1.65197e+00	-5.54971e-01	4.57925e-01	-8.77591e-01
1.45433e+00	-9.37277e-01	1.48210e+00	-2.13675e-01
8.38059e-01	2.96494e-01	3.43157e-02	3.77033e-01
7.66079e-02	5.34825e-01	1.82076e+00	-9.86575e-03
1.27398e-01	-9.44149e-01	1.93030e+00	-1.81652e-01
1.87280e-01	-9.07724e-01	2.81737e-01	9.83151e-01
2.00117e-01	-9.35073e-01	1.41028e-01	-3.15640e-01
6.81527e-01	4.39531e-01	1.54745e+00	-1.27707e-02
8.33339e-01	-7.97859e-01	8.92308e-01	-8.71785e-01
7.48093e-01	3.56322e-01	1.44252e+00	3.94402e-01
1.90142e+00	8.49147e-01	1.17020e+00	-2.05952e-01
2.21776e-01	-8.48106e-01	6.47699e-02	-6.86192e-01
1.25741e+00	-1.40144e-01	1.70706e-01	-1.03755e-01
1.42265e+00	-7.29110e-01	1.53289e-01	3.48665e-01
6.47859e-01	7.38951e-01	5.98017e-01	-4.58968e-01
1.27609e+00	5.63179e-01	1.46611e+00	-7.07659e-01
5.56892e-02	-8.39327e-01	3.77234e-01	-9.75550e-02
2.45499e-02	-9.56941e-01	1.48866e+00	1.09018e-01
3.31399e-01	7.86534e-01	6.32213e-02	6.25763e-01
1.08333e+00	-1.93277e-01	1.92085e+00	-4.42006e-01
2.25849e-01	1.52179e-01	8.95572e-01	-9.51252e-01
1.23377e+00	9.36622e-01	2.86079e-01	9.15864e-01
3.64730e-01	-2.07519e-01	1.26954e+00	-5.47224e-01
1.24278e-01	-8.94613e-01	1.98235e+00	-2.52847e-01
2.04374e-01	-6.10091e-02	3.95832e-01	7.50338e-01
6.08950e-02	-4.14854e-01	1.37459e+00	5.82493e-01
6.09111e-01	-1.15782e-01	1.36093e+00	1.34633e-01
9.26246e-01	4.53294e-02	2.51015e-01	-5.34774e-02
6.80449e-02	-9.85852e-01	5.69611e-03	6.69838e-01
2.32669e-01	1.45703e-01	5.40557e-01	8.62397e-02
2.81263e-01	-4.66432e-01	1.69063e+00	4.53956e-01
