# No. of particles = 100 
# Proton - Solar wind	Electron - Solar wind	
6.11417e-01	-4.71921e+00	9.47987e+00	1.57843e+00
5.37941e-01	-4.91743e+00	6.82171e+00	1.31601e+00
5.67096e+00	-4.98351e+00	7.78880e-02	-2.08186e+00
7.42541e+00	-4.71172e+00	7.09651e+00	-2.32521e+00
7.57978e+00	-4.72434e+00	2.57747e+00	1.95680e+00
5.23125e-01	-4.76976e+00	8.16376e+00	-1.41437e+00
5.31658e-01	-4.80137e+00	6.95737e+00	-1.58547e+00
6.86078e-01	-4.80285e+00	1.75699e+00	-4.23600e+00
5.45568e-01	-4.11235e+00	6.70308e+00	8.19438e-01
6.64100e-01	-4.43258e+00	6.28710e+00	-1.61004e-01
2.99861e-01	-2.67634e+00	5.28227e+00	2.76578e+00
7.88221e-01	-2.92651e+00	8.56456e+00	-1.46148e+00
5.53663e-01	-2.66919e+00	4.54995e+00	-2.36160e+00
5.73410e-01	-2.78772e+00	6.40740e+00	-3.50513e+00
4.31184e-01	-2.65305e+00	4.93388e+00	-3.20710e+00
5.73604e-01	-2.47108e+00	1.29394e+00	-2.55515e+00
7.40729e-01	-2.31032e+00	8.61925e+00	-5.91167e-02
7.23400e-01	-2.04325e+00	1.72853e+00	3.71269e+00
4.75935e-01	-2.22062e+00	3.26112e+00	3.50894e+00
6.12749e-01	-1.76511e+00	5.07569e-02	1.10533e+00
6.49629e-01	-1.84760e+00	9.27829e+00	5.99723e-01
7.39733e-01	-1.45591e+00	7.25786e-01	-4.65331e-01
6.62268e-01	-9.49837e-01	7.75472e+00	-5.79817e-01
5.29437e-01	-1.26873e+00	7.64739e+00	-8.69446e-01
7.30136e-01	-8.40591e-01	4.54101e+00	-4.45514e+00
3.81000e-01	-3.30565e-01	4.81796e+00	-2.77057e+00
7.65816e-01	-1.38504e-01	3.57780e+00	3.89226e-01
6.44874e-01	-6.71225e-01	4.38184e+00	-7.08538e-01
4.94198e-01	1.95315e-01	1.78696e+00	2.78319e-01
4.27363e-01	2.90794e-01	7.35792e+00	-3.43474e+00
5.51689e-01	4.29167e-01	6.89544e+00	1.85578e-03
6.27218e-01	4.49879e-01	5.59090e+00	1.07716e-01
7.01456e-01	4.96436e-01	4.75265e+00	1.70265e-01
4.30902e-01	3.65545e-01	6.94033e+00	1.67104e+00
6.32359e-01	5.88797e-01	9.60219e+00	3.55047e+00
5.25864e-01	8.95634e-01	6.75975e+00	-9.62549e-03
6.07364e-01	7.85272e-01	7.73163e+00	8.16307e-01
6.74913e-01	1.01131e+00	1.69364e+00	4.88959e+00
6.82057e-01	1.38663e+00	1.98287e+00	-6.93125e-01
5.93502e-01	1.56695e+00	9.01577e+00	1.84784e+00
5.16919e-01	2.05797e+00	8.05363e+00	-1.21921e+00
5.07081e-01	2.14480e+00	8.14573e+00	2.50026e+00
6.97453e-01	2.57387e+00	7.01809e+00	-3.40801e+00
7.15674e-01	2.95355e+00	9.98589e+00	1.18328e+00
5.31832e-01	2.89907e+00	5.29556e+00	3.11354e+00
6.04030e-01	2.99205e+00	6.12172e+00	2.46556e+00
4.94579e-01	3.11656e+00	2.30088e+00	-3.20080e+00
8.03616e-01	3.20508e+00	6.44782e+00	3.17030e+00
4.53244e-01	3.72841e+00	7.06442e+00	-2.79585e+00
5.18911e-01	3.56726e+00	4.05994e+00	-2.77143e+00
7.81528e-01	3.69673e+00	7.88544e+00	3.21946e+00
6.37841e-01	4.36057e+00	5.46975e+00	1.36762e+00
5.91588e-01	4.33823e+00	5.72337e+00	-2.89272e+00
7.36550e-01	4.40860e+00	4.03385e+00	-2.10552e+00
5.23077e-01	4.58217e+00	2.47389e+00	3.00492e+00
5.11537e-01	4.56319e+00	3.35602e+00	4.63449e+00
6.31926e-01	4.79305e+00	3.23288e+00	-2.89103e+00
5.82312e-01	4.86176e+00	4.73424e+00	1.18872e+00
5.07048e-01	4.96520e+00	5.29326e+00	-3.96715e+00
1.87119e+00	4.60087e+00	3.35415e+00	1.66553e+00
3.62218e+00	4.93013e+00	9.12561e+00	-1.50059e+00
4.49427e+00	4.85323e+00	8.04929e+00	9.40634e-01
4.56419e+00	4.89532e+00	7.09632e+00	4.05549e+00
8.05932e+00	4.80551e+00	6.23629e+00	-1.24936e+00
2.74712e+00	-4.84039e+00	5.11453e+00	4.06770e+00
3.59365e+00	-4.91522e+00	3.59754e+00	-2.72015e+00
5.16802e+00	-4.87834e+00	8.32251e+00	2.58831e+00
5.54411e+00	-4.92066e+00	2.36495e+00	2.87089e+00
5.84552e+00	-4.93998e+00	2.56275e+00	3.34315e+00
8.96824e+00	-4.93968e+00	9.02946e+00	-4.04127e+00
8.96446e+00	-4.92955e+00	8.25060e+00	-2.80801e-02
9.98447e+00	-4.82316e+00	6.93434e-01	3.72414e+00
8.01258e-01	-4.31539e+00	8.69986e+00	-2.11046e+00
5.13836e-01	-4.61934e+00	3.32651e+00	-1.33093e-01
5.82263e-01	-4.38516e+00	5.58404e+00	2.80930e+00
8.23744e-01	-4.18906e+00	4.65594e+00	-4.61482e+00
5.09467e-01	-4.34511e+00	4.13548e+00	-2.64643e+00
7.59476e-01	-4.33958e+00	1.40882e+00	3.20284e+00
2.63535e-01	-4.20473e+00	4.82677e+00	-9.62019e-01
4.85949e-01	-4.11244e+00	9.93417e+00	-1.64177e+00
6.47992e-01	-4.24636e+00	6.44998e+00	-2.32462e+00
4.58476e-01	-3.57057e+00	6.15011e+00	2.92105e+00
7.45498e-01	-3.57462e+00	4.39520e+00	-3.51984e+00
4.68310e-01	-3.35594e+00	9.02601e+00	4.09764e+00
6.25841e-01	-3.45348e+00	2.14927e+00	-2.61194e-01
5.44206e-01	-3.22051e+00	1.28354e+00	3.56904e+00
7.52922e-01	-2.38877e+00	5.25483e+00	2.80307e+00
3.30167e-01	-2.41463e+00	3.33063e+00	-2.58332e+00
7.16155e-01	-2.49932e+00	6.55595e+00	-2.16776e+00
5.87497e-01	-2.36740e+00	4.85362e+00	-3.76768e-01
7.39658e-01	-2.01805e+00	7.93574e+00	2.06042e+00
3.89340e-01	-1.33330e+00	9.17640e+00	2.76946e+00
5.92662e-01	-1.22127e+00	4.61568e+00	-3.19976e+00
5.17530e-01	-5.92265e-01	5.61327e+00	5.91495e-01
6.85278e-01	-7.35034e-01	4.80774e+00	-1.54224e-01
3.20490e-01	-2.66499e-01	4.76016e-01	2.18146e+00
4.98815e-01	-4.48677e-01	7.20885e+00	2.27870e+00
5.42276e-01	-5.52726e-01	1.15493e+00	1.41847e+00
4.78932e-01	-7.18998e-02	2.27195e+00	-7.51230e-01
5.83797e-01	-1.91625e-01	9.07155e+00	6.17685e-01
