# No. of particles = 100 
# Proton - Solar wind	Electron - Solar wind	
1.15944e+00	-3.97987e+00	8.55066e-01	7.38640e-01
5.01736e-01	-3.60549e+00	1.43242e+00	4.01992e+00
2.39835e-01	-2.25191e+00	5.95726e+00	2.54062e+00
2.24253e-01	-6.90039e-01	3.84876e-01	-3.28651e+00
8.60133e+00	4.94936e+00	2.31679e+00	2.98143e+00
2.72546e+00	4.97585e+00	4.93648e+00	4.91769e+00
5.76615e+00	4.95206e+00	3.19617e+00	4.61233e+00
9.85256e-02	-2.92559e+00	3.66191e+00	-1.54876e+00
3.98505e-02	3.88258e+00	1.48936e+00	-2.42425e-01
6.83888e+00	-2.99330e+00	6.96016e+00	1.56273e+00
9.16736e+00	-6.99707e-01	1.79937e+00	6.21991e-01
9.55353e+00	-1.06167e-01	8.50646e+00	-4.24575e+00
9.73400e+00	-1.44807e+00	4.69610e+00	1.30424e+00
9.15205e+00	2.14009e+00	5.25173e+00	-3.02021e+00
8.03845e+00	-3.17276e+00	5.41765e+00	-2.06352e+00
9.46470e+00	3.98279e+00	7.00967e+00	3.23401e-01
9.75161e+00	-3.56769e+00	8.01142e+00	4.89471e+00
8.04232e+00	1.46293e+00	1.19573e+00	3.59114e+00
5.48203e+00	-2.11294e+00	6.09313e+00	2.33904e+00
9.29301e+00	3.06783e+00	8.85484e+00	2.48009e+00
7.75403e+00	-1.09107e+00	5.33627e+00	-1.18151e+00
7.89190e+00	3.49256e+00	2.01459e+00	6.02240e-01
8.84434e+00	1.55756e+00	7.75005e+00	-3.58969e+00
8.55369e+00	4.42646e+00	8.60194e+00	-1.41121e+00
9.86343e+00	2.13429e+00	9.58184e+00	-4.84114e+00
9.29115e+00	4.33696e-01	7.00329e+00	4.50948e+00
8.63480e+00	8.47242e-01	8.75779e+00	6.01946e-01
5.66502e+00	-4.03631e+00	9.73490e+00	2.29779e-01
8.89676e+00	-3.41038e+00	9.20514e+00	-2.61283e+00
6.59452e+00	-3.22113e+00	1.61734e+00	-4.05462e+00
6.57118e+00	-5.79112e-01	8.05840e+00	2.72133e+00
8.59049e+00	-2.12353e+00	4.56127e+00	1.92012e+00
9.59038e+00	3.30723e+00	5.50568e+00	-1.70487e+00
9.97433e+00	-1.31123e+00	5.94786e+00	3.13668e+00
9.41790e+00	4.12039e-01	9.15924e+00	-4.62621e+00
7.32040e+00	-3.13819e+00	4.17676e+00	4.85061e+00
9.18542e+00	-2.71664e-01	5.17126e+00	-4.03404e+00
9.19454e+00	2.12055e+00	9.94606e+00	1.20616e-01
8.78036e+00	2.10621e+00	3.17971e+00	3.09910e+00
8.14378e+00	-1.53795e+00	8.20849e+00	-4.11087e+00
6.04469e+00	1.34688e-01	8.20086e+00	-2.40840e+00
8.71642e+00	2.21850e+00	8.76602e+00	-4.89832e+00
8.58673e+00	1.90021e+00	5.58816e+00	4.70608e+00
7.80229e+00	1.15708e+00	7.07537e+00	9.71675e-02
6.32805e+00	-1.89663e+00	7.29031e+00	2.68234e+00
8.09238e+00	1.91750e+00	9.44215e+00	1.10446e+00
9.40689e+00	-2.98841e+00	1.05857e+00	-6.70174e-01
9.81590e+00	3.29214e+00	2.56708e+00	-8.99787e-02
8.72087e+00	3.53763e-01	6.63314e+00	2.85805e+00
7.15241e+00	-3.22674e-01	7.01591e+00	-1.10460e+00
9.69115e+00	2.77608e+00	7.58082e+00	8.44654e-01
9.84936e+00	-4.54904e+00	6.06684e+00	-4.00886e+00
7.49791e+00	-3.99565e+00	7.32267e+00	8.36734e-01
9.88432e+00	3.95114e+00	8.28077e+00	1.16959e+00
9.81406e+00	2.58934e-01	8.60999e-01	-2.61519e+00
8.33986e+00	2.01656e+00	6.23731e+00	-4.23125e+00
7.48041e+00	-7.29033e-01	5.32476e+00	-2.90092e+00
9.81021e+00	-2.07760e+00	1.73177e+00	-4.88861e+00
6.88576e+00	-4.53641e+00	5.43464e+00	-3.86146e+00
8.58604e+00	5.35193e-01	8.34702e+00	-3.84245e+00
6.22663e+00	-6.07737e-01	2.76986e+00	4.46767e-01
6.54268e+00	-1.89029e+00	3.04115e+00	4.48258e+00
8.49014e+00	-6.35096e-01	7.05081e+00	-9.77631e-01
7.15765e+00	-3.50624e+00	8.40921e+00	3.74269e+00
9.80774e+00	4.88207e+00	7.95135e+00	-3.97503e+00
8.88007e+00	-2.63826e-01	4.99208e+00	1.79169e+00
5.45094e+00	1.09591e+00	5.16073e+00	-1.42701e+00
7.22820e+00	1.90151e+00	5.92224e+00	1.73168e+00
8.22211e+00	1.22591e+00	8.27035e+00	-1.40379e+00
7.13779e+00	3.01147e+00	2.26981e+00	-4.84212e+00
9.58897e+00	-3.85805e+00	7.25427e+00	-1.79356e+00
8.98836e+00	-5.53047e-01	4.99001e+00	-6.54653e-01
6.89667e+00	-4.01181e+00	9.88175e+00	3.91685e+00
9.61722e+00	1.83742e+00	5.65645e+00	-3.79314e+00
8.83483e+00	-2.90135e+00	8.39834e+00	-3.55778e+00
9.24293e+00	-2.15293e+00	8.58999e+00	3.72288e+00
8.97060e+00	3.74043e+00	9.79320e+00	3.89893e+00
8.67769e+00	-5.30427e-01	3.50936e+00	-2.69634e+00
6.25040e+00	-1.62686e+00	6.43885e+00	-4.94819e+00
7.88834e+00	-9.16289e-01	6.44277e+00	2.33293e-01
9.71789e+00	-1.09361e+00	2.56491e+00	4.33321e+00
8.92484e+00	-2.97237e+00	3.66593e+00	1.40367e+00
9.12881e+00	-5.05781e-01	6.05280e+00	-3.10281e+00
8.24373e+00	4.32008e+00	9.31660e+00	3.39063e-01
6.89313e+00	4.12417e-01	1.06397e+00	-7.33914e-01
8.43552e+00	-2.91728e+00	4.23114e+00	1.20456e+00
5.55853e+00	-2.16115e+00	7.20792e+00	-1.80454e+00
9.00477e+00	1.60491e+00	7.48308e+00	4.06430e+00
7.45238e+00	1.72043e+00	3.47008e+00	-2.20197e+00
9.07524e+00	-3.76269e+00	5.31534e+00	5.73476e-01
9.61106e+00	-3.74019e+00	3.15375e+00	-2.02275e+00
9.41619e+00	5.27104e-01	7.01829e+00	-4.65264e+00
8.19482e+00	-1.82087e+00	7.15140e+00	-2.89894e+00
6.86106e+00	-4.03463e-02	5.52492e+00	2.03335e+00
9.03597e+00	-9.99458e-01	5.58121e+00	4.46453e+00
8.37304e+00	2.97698e+00	8.83092e-01	-4.77796e+00
9.27232e+00	2.55700e+00	5.16266e+00	-1.96959e+00
9.45659e+00	8.01004e-01	2.74885e+00	4.10439e+00
9.73739e+00	-8.68692e-03	1.88594e+00	-4.41727e-01
8.08596e+00	3.33171e+00	4.37523e+00	4.07336e+00
