# No. of particles = 100 
# Proton - Solar wind	Electron - Solar wind	
5.96161e-02	-9.41107e-01	5.93087e-01	-3.18480e-01
1.91038e+00	-2.79445e-01	8.04641e-01	-6.85262e-01
6.60169e-02	-9.66861e-01	3.55687e-02	-9.57756e-01
3.42937e-01	-4.70507e-01	2.25884e-01	-8.58083e-01
3.84652e-01	-6.80731e-01	1.21384e+00	-2.43352e-01
1.66020e-01	1.40182e-01	1.14032e+00	1.07990e-01
9.66312e-01	-3.41696e-01	1.88563e-01	9.17580e-01
6.62859e-02	-8.04745e-01	1.39728e-01	-8.22065e-01
5.59323e-01	-7.38402e-01	3.67680e-01	-5.15217e-01
4.09620e-01	-3.44589e-01	7.17130e-01	-4.20804e-01
3.25644e-01	-6.64273e-01	1.41961e+00	6.72501e-01
9.71939e-01	-1.49840e-01	4.18518e-01	-4.63928e-01
7.39742e-01	-8.81805e-01	4.54542e-01	-9.76172e-01
1.49622e-01	-8.45908e-01	1.30814e-02	-7.96970e-01
9.90487e-01	3.68606e-01	1.45186e+00	-4.86613e-01
1.48474e-02	-6.07014e-01	4.71382e-03	-9.97813e-01
1.11266e+00	-9.43148e-01	1.89323e+00	-1.37580e-01
1.95745e+00	4.77754e-01	1.67909e+00	-7.80943e-01
2.00166e-01	-7.65016e-01	1.12262e+00	-4.55171e-01
3.73501e-02	9.45624e-01	8.35053e-01	-7.36677e-01
9.39882e-01	-5.03479e-01	1.89145e+00	-9.03542e-01
2.03151e-01	-7.43445e-01	4.17297e-01	-1.96748e-01
5.09278e-01	-8.52281e-01	8.70698e-02	-7.74702e-01
5.77462e-01	-4.67361e-01	4.26792e-02	-9.39696e-01
5.96633e-01	-9.11235e-01	1.56734e+00	6.15767e-01
1.79912e+00	9.57605e-01	1.98421e+00	-6.69665e-01
1.09867e+00	-1.75506e-01	1.98581e-02	-8.25053e-01
1.67190e+00	8.74438e-01	1.06004e+00	-7.07486e-01
1.46521e+00	7.95988e-02	1.28833e+00	-3.21000e-01
1.89655e+00	9.27988e-01	1.32320e+00	-8.05207e-01
1.34986e-01	-1.47822e-01	1.77252e-01	-6.73466e-01
1.02153e-02	-5.32148e-01	1.54628e+00	-6.22844e-01
1.13994e-01	2.66572e-01	1.03039e+00	6.43722e-01
3.36315e-01	-2.60404e-01	1.06353e+00	-4.58022e-02
1.98921e-01	-8.07528e-01	3.66756e-01	5.04814e-01
5.93897e-01	-6.32553e-01	2.25632e-01	-8.68730e-01
3.37235e-02	-9.06886e-01	8.97211e-01	-8.39840e-01
3.70638e-01	-7.47441e-01	1.80181e+00	-2.48475e-01
9.59405e-01	-6.32362e-01	9.60377e-02	8.03168e-03
1.51677e+00	-3.74632e-01	7.71937e-01	-1.47668e-01
1.18770e+00	-6.70634e-01	1.08064e+00	1.51443e-01
1.29562e+00	1.62655e-01	6.52632e-01	-6.05313e-01
1.03526e-01	-9.93441e-01	1.52742e+00	-8.85420e-01
5.87782e-01	1.11767e-01	1.97570e-01	-4.33084e-01
1.85335e+00	-3.62826e-01	5.76566e-01	-9.93316e-01
4.11484e-01	-8.52910e-01	4.62256e-01	4.16384e-02
1.26701e+00	-5.56464e-01	1.61540e-01	-5.83897e-01
5.97442e-01	-5.02864e-01	8.70118e-01	-4.72113e-01
2.67078e-01	-8.81529e-01	1.69625e+00	-5.36380e-01
1.12220e+00	-1.88387e-01	1.34396e+00	7.83544e-01
5.40167e-02	-7.59938e-01	2.75806e-03	6.44005e-01
5.35624e-01	-7.01851e-01	1.14252e+00	-7.64180e-01
1.47529e-01	-4.15029e-02	4.58745e-02	4.61841e-01
1.86268e+00	-7.89479e-01	1.63877e+00	-9.06549e-01
1.59888e-01	-7.82210e-01	1.30289e+00	3.13408e-01
1.09662e+00	-1.71813e-01	3.30607e-03	-1.28780e-01
9.48145e-01	5.75664e-02	5.98614e-01	4.86755e-01
1.39183e+00	-2.23909e-02	1.49759e+00	-4.08772e-01
7.54948e-01	-5.84013e-01	1.06723e+00	-5.05234e-01
1.24644e+00	7.55680e-01	1.23407e+00	7.50637e-01
1.27790e+00	2.84484e-01	3.83035e-01	-9.23442e-01
1.26488e+00	-7.01462e-01	1.53847e+00	3.93023e-01
1.56350e+00	-4.30431e-01	1.66561e-02	-9.49533e-01
4.56799e-01	7.15564e-01	9.96631e-01	-7.25632e-01
1.91222e+00	-7.78009e-02	3.83749e-02	-2.60213e-01
7.39127e-01	-4.88529e-01	4.98837e-01	-7.88939e-01
6.46317e-01	-3.51145e-01	4.76396e-01	-8.26853e-01
7.16914e-02	-9.83464e-01	3.42234e-01	-5.80549e-01
5.65713e-01	-7.01584e-02	2.30249e-01	-3.19475e-01
2.15211e-01	8.82065e-02	1.21011e+00	-1.06435e-02
1.47015e+00	-2.44906e-01	1.82118e+00	7.64231e-01
7.94332e-02	-9.66025e-01	5.37891e-01	1.61515e-01
1.17481e-01	5.09443e-01	1.82441e+00	5.56566e-01
1.67173e-01	-2.28583e-01	1.19020e+00	-3.71842e-01
1.96948e+00	-5.98593e-01	1.58188e-01	-7.08940e-02
2.09203e-03	-5.19963e-01	9.62759e-02	2.07374e-01
1.03259e+00	3.01256e-01	5.41491e-01	-5.59840e-01
1.32634e-03	-5.82800e-02	1.69117e-01	-8.47663e-01
7.93616e-01	2.73746e-01	6.36153e-01	-9.75048e-01
9.24621e-01	-1.43997e-01	3.71496e-03	-7.67041e-01
1.79968e-01	2.65546e-02	1.71077e+00	-8.17002e-01
7.88317e-01	3.98497e-01	7.66362e-01	-5.56410e-01
7.74245e-01	-7.89992e-01	4.94709e-02	-9.49037e-01
1.93388e+00	2.16047e-01	5.00330e-01	-7.96282e-01
7.58306e-02	9.98770e-01	6.50327e-01	-6.94397e-01
1.69975e+00	-2.83780e-01	1.01409e+00	9.42710e-01
1.42855e+00	-5.59773e-02	3.21800e-01	-5.51268e-01
3.77957e-01	-4.60139e-01	6.21991e-01	4.79556e-01
4.92557e-01	-4.85793e-01	1.73791e+00	-4.10255e-01
1.54696e+00	-8.02597e-01	1.10250e+00	8.89003e-01
8.59814e-01	8.32479e-01	3.92361e-01	-4.33880e-02
1.39373e+00	-2.41850e-01	1.00590e+00	8.36384e-02
9.47516e-01	-4.74111e-01	5.08950e-01	-4.23891e-01
1.53403e+00	8.71357e-01	1.57042e+00	3.98502e-01
8.84759e-01	8.16126e-01	1.08545e+00	3.70813e-01
1.24272e+00	7.86586e-01	1.92957e+00	-4.79832e-02
1.46138e+00	-3.99166e-01	5.39874e-01	5.01696e-01
1.15258e+00	3.60432e-01	1.35913e+00	8.39964e-01
1.66085e+00	4.75807e-01	1.79812e+00	-5.05350e-01
4.17695e-01	-2.51191e-01	1.19210e+00	9.74652e-01
