# No. of particles = 100 
# Proton - Solar wind	Electron - Solar wind	
3.58056e-01	6.47999e-01	1.51832e+00	-3.26561e-01
3.46888e-01	-2.69607e-01	6.12051e-01	-7.77295e-01
4.33233e-01	-6.51821e-01	7.37212e-01	-5.53107e-01
2.77497e-01	9.31132e-01	1.19569e+00	-2.33149e-01
3.36663e-01	-7.79360e-01	5.29809e-01	-8.64147e-01
1.15018e-01	-6.55162e-01	1.60247e+00	1.80629e-01
1.45643e-01	-8.97607e-01	9.04890e-02	-7.10176e-01
3.27280e-01	-5.95431e-01	7.38162e-01	-9.88272e-01
1.56796e+00	-3.81319e-01	5.62015e-01	-6.17108e-01
2.72652e-01	-2.59046e-01	5.21620e-01	-6.37854e-01
1.12738e+00	5.77831e-01	2.43353e-01	-8.80179e-01
2.94732e-01	-6.25295e-01	2.59349e-01	-7.42826e-01
7.90612e-01	-5.11231e-01	5.69681e-01	-4.32462e-01
3.88507e-03	-9.49119e-01	3.82430e-01	2.03654e-01
4.25666e-01	6.66457e-01	2.63431e-01	-7.58851e-01
1.93221e+00	1.01303e-01	9.31002e-01	-1.83710e-01
6.77259e-02	-3.75476e-01	1.56864e+00	-1.92984e-01
5.98182e-01	-5.97087e-01	9.12508e-01	4.92257e-01
1.13460e+00	7.42170e-01	6.64741e-01	-8.75169e-01
5.81034e-01	1.15251e-01	1.87560e-01	-9.51666e-01
3.02640e-01	-5.60483e-01	1.67380e-01	-4.67177e-01
6.73674e-01	-9.39381e-02	1.59228e-01	-8.15664e-01
1.12035e-01	1.45692e-01	1.16999e+00	3.18903e-02
1.94775e-01	2.05197e-02	2.36020e-01	1.63370e-01
1.32358e-01	-9.40955e-01	4.14633e-01	6.75527e-01
3.87819e-01	1.22776e-01	3.96047e-01	-3.54046e-01
1.12011e-01	4.99074e-02	1.46079e-01	-3.37561e-01
1.67276e+00	5.01399e-01	7.15461e-02	-6.84294e-01
3.58608e-01	-8.57760e-01	3.75125e-02	-8.86656e-01
3.41562e-02	-9.42264e-01	7.24250e-01	2.15964e-01
1.06095e+00	-2.60983e-01	3.85254e-01	-8.98876e-01
1.34396e+00	-2.97992e-01	9.52000e-01	-2.61062e-01
1.86859e-01	-7.25625e-01	7.27113e-01	7.73213e-02
7.62780e-01	9.61478e-01	5.81499e-02	-2.48052e-01
1.13634e+00	-2.42810e-01	1.42282e-02	-9.96295e-01
1.51253e+00	9.95312e-02	1.63951e+00	7.67188e-01
1.23344e+00	-6.72290e-01	1.80531e+00	-2.81150e-01
4.61581e-01	7.81776e-01	4.33220e-01	-7.54292e-02
3.98635e-01	9.98539e-01	4.85679e-01	3.22074e-01
1.02479e+00	3.57783e-01	1.03098e-01	-4.79120e-01
4.69496e-01	-3.19841e-01	1.08903e-01	-9.56644e-01
5.11812e-02	-9.36378e-01	1.69128e+00	-7.83091e-01
1.61317e-01	-7.51390e-01	1.34704e+00	8.61630e-01
2.27883e-01	-1.52752e-01	1.80853e+00	7.75678e-01
6.04616e-02	-8.52793e-01	8.26024e-01	1.59298e-02
1.58268e+00	1.05378e-01	4.55290e-01	-8.71913e-01
1.10348e+00	-1.92347e-01	1.05440e+00	-1.11357e-01
5.55900e-02	-9.77167e-01	6.25186e-01	3.11888e-01
4.18086e-01	-5.51832e-01	1.80686e+00	5.04716e-01
6.21904e-01	2.01007e-01	1.92574e+00	-1.95164e-02
8.13987e-01	7.88781e-01	9.00099e-01	2.77477e-01
1.02136e+00	-3.08255e-01	1.80231e-01	-2.66050e-01
1.34903e+00	7.06569e-01	7.13801e-01	3.98075e-04
9.85097e-01	4.80033e-01	1.53561e+00	3.67649e-01
1.07372e+00	2.74395e-01	3.27444e-01	-1.11815e-01
2.32923e-01	1.02991e-02	1.23422e-02	1.51961e-02
1.68430e-01	-7.78117e-01	1.84305e+00	6.78271e-01
4.58340e-01	-4.10790e-01	2.18520e-01	8.53878e-01
1.80766e-01	9.24347e-01	1.89729e+00	-7.71095e-01
6.77935e-01	-2.83895e-01	1.58186e-01	-2.86091e-01
1.03156e-01	-7.31079e-01	1.80263e+00	-1.97478e-01
6.99986e-01	-2.28290e-01	1.58252e+00	-2.01941e-01
1.67681e+00	1.89193e-01	3.92795e-01	-8.59585e-01
1.59527e+00	5.05336e-01	7.50115e-01	-7.40923e-01
1.35322e+00	-6.67327e-01	1.10402e+00	6.48709e-01
6.04174e-02	-9.55546e-01	3.57343e-01	-8.84865e-01
1.23085e+00	-3.26715e-01	1.97363e+00	-5.27681e-02
3.93059e-01	6.98376e-01	4.14917e-01	-6.54433e-02
5.38906e-01	-3.91274e-02	1.68972e+00	1.61691e-01
1.53559e+00	9.76688e-01	1.13763e+00	4.46927e-01
4.81945e-01	3.72834e-01	1.57083e+00	-2.48120e-01
3.07198e-01	2.62966e-01	2.18444e-01	-5.84492e-01
1.64700e+00	7.66233e-01	1.70701e+00	6.90015e-01
4.19975e-01	5.79051e-01	3.73345e-01	2.06531e-01
4.04817e-01	-6.85227e-01	3.51888e-01	-8.13776e-01
5.14322e-01	-7.23844e-01	1.08890e+00	8.96419e-03
4.03554e-01	-4.58698e-01	8.40787e-01	3.42137e-01
1.19210e+00	-2.31334e-01	1.30415e+00	5.95459e-01
1.64298e+00	6.96801e-01	3.84316e-01	1.23059e-01
4.22975e-01	-5.17111e-01	6.60695e-01	1.36599e-01
1.34800e+00	-1.58541e-01	7.25233e-01	8.31663e-02
1.76058e+00	3.28501e-02	6.19831e-01	9.62333e-01
5.98983e-01	-3.52655e-01	1.14167e+00	-5.35066e-01
8.67503e-01	4.58068e-01	6.91445e-01	5.81641e-01
2.44246e-01	-5.32632e-01	7.06049e-01	-3.54190e-01
1.60828e-01	-2.79062e-01	4.11863e-02	-9.46907e-01
2.13175e-01	-6.52273e-01	1.38119e+00	2.92316e-03
2.76036e-02	-8.91650e-01	1.51413e+00	-6.83785e-01
7.78857e-01	-8.91996e-02	1.01698e+00	3.49724e-01
1.53110e+00	-7.01039e-01	1.96127e+00	3.19616e-01
8.71934e-02	-8.42999e-01	1.33158e+00	-2.77159e-01
8.33789e-01	7.04877e-01	7.12858e-01	3.19021e-01
3.98564e-01	-2.50607e-01	1.57542e+00	-7.92449e-01
1.17867e+00	4.42664e-01	1.51930e+00	-1.09001e-01
1.03651e-01	-6.82753e-01	1.73331e+00	6.16558e-01
1.28076e+00	8.66831e-01	1.45742e+00	-2.74809e-01
4.68702e-01	-6.67005e-01	5.68924e-01	-5.33943e-01
1.64333e+00	-2.00604e-01	4.84921e-01	8.25314e-01
9.47189e-01	3.26221e-01	4.10367e-01	2.03059e-01
1.82669e+00	-8.30588e-01	9.80930e-01	-2.30912e-01
