# No. of particles = 100 
# Proton - Solar wind	Electron - Solar wind	
2.77225e-01	-6.56499e-01	1.04223e+00	5.42361e-01
1.21500e+00	1.34930e-01	3.86432e-01	-7.47081e-01
1.68100e+00	3.55027e-01	4.29082e-01	-7.55590e-01
1.27210e-02	-9.38031e-01	1.10331e+00	3.54830e-01
2.06677e-01	-9.26638e-01	1.57971e+00	2.05211e-01
4.87259e-01	-8.24273e-01	1.17952e+00	-9.08522e-01
1.28168e+00	6.49801e-01	4.00612e-03	-8.16619e-01
1.53904e+00	4.28156e-01	1.83101e-01	-8.78621e-01
1.41995e-01	-9.68883e-01	6.79906e-01	9.82158e-01
2.03058e-01	-2.39243e-01	1.79103e+00	-8.02580e-01
6.89257e-02	-7.84259e-01	1.29887e-01	4.32080e-02
1.09327e+00	3.94283e-01	2.58538e-01	-6.79289e-01
1.61220e+00	2.68337e-02	1.50589e-01	-9.14241e-01
7.03999e-01	7.78281e-01	1.19232e+00	-2.22303e-01
1.15370e+00	-8.08179e-01	4.42250e-01	-4.94100e-01
1.30255e+00	5.19622e-01	2.57191e-01	-7.56929e-01
1.85995e-01	1.87970e-01	1.50451e-01	-9.12237e-01
1.56246e-01	-2.77017e-01	1.97199e+00	7.83490e-01
1.27466e+00	8.68591e-01	1.86336e+00	-4.38752e-02
1.06165e+00	2.06911e-01	2.65883e-01	-7.96129e-01
1.12739e-01	-9.67282e-01	9.65397e-01	-8.18551e-01
1.20582e+00	4.65045e-01	1.43095e+00	-6.55997e-01
1.21247e+00	4.89735e-01	9.85005e-01	-4.83131e-01
3.78691e-01	9.01326e-01	6.16032e-01	4.09053e-01
1.72217e+00	7.73032e-01	1.27244e+00	-8.90039e-01
9.43203e-03	-7.30310e-01	8.72416e-01	2.44664e-01
4.44400e-01	3.20753e-01	8.21323e-01	-1.90529e-02
1.73782e+00	7.22757e-02	1.30909e-01	-8.03150e-01
6.05277e-01	-8.88585e-01	1.60144e+00	6.92800e-01
1.57113e-01	-9.96416e-01	9.03281e-01	-3.61525e-01
1.51483e+00	-8.35368e-01	8.52813e-01	2.66335e-01
6.78629e-01	6.98510e-02	1.65321e-02	-5.00516e-01
1.64693e+00	2.31640e-02	1.15254e+00	3.47969e-02
1.77654e-01	-1.58905e-01	7.41130e-01	5.64562e-01
1.29773e-01	-9.81301e-01	4.86458e-01	-2.58177e-01
6.81773e-01	-8.44991e-01	8.76089e-01	6.53571e-01
4.31214e-01	4.31008e-02	1.42032e+00	-8.88413e-02
1.13783e+00	-7.46225e-01	1.85034e+00	1.76645e-01
5.22575e-01	-8.95181e-01	6.70055e-01	1.68843e-01
1.17674e+00	-1.25070e-01	2.15430e-02	-9.91487e-01
4.83455e-01	-8.49118e-01	7.71956e-01	7.73096e-02
6.14727e-01	4.35281e-01	4.03509e-01	-6.69407e-01
5.03139e-01	-3.41992e-01	5.11850e-01	-1.28956e-01
5.15410e-01	-4.24484e-01	2.89999e-01	5.26409e-02
1.51032e-01	-8.09993e-01	6.29738e-02	-1.01580e-01
1.88155e+00	1.27006e-01	1.37793e+00	-6.54370e-01
1.18529e+00	-4.72204e-01	2.59552e-01	-2.51913e-01
1.92322e+00	-7.60092e-01	5.24342e-01	1.39810e-01
2.27598e-01	-3.80178e-02	4.40530e-02	-9.60833e-01
4.57035e-02	-7.36931e-01	5.97602e-01	-2.36730e-01
1.18502e+00	-2.46445e-01	7.28174e-03	-3.12384e-01
1.87606e+00	-4.83141e-01	1.42322e+00	5.92665e-01
1.35235e+00	4.16743e-01	1.40806e+00	2.64669e-01
9.95422e-02	-8.79748e-01	2.07502e-01	-6.94767e-01
1.43908e+00	6.92094e-01	1.41384e+00	-6.33612e-01
9.36023e-01	-9.48495e-01	5.68172e-01	-1.24023e-01
1.69510e-01	2.83903e-01	1.51010e+00	-6.30432e-01
7.76813e-01	-8.55184e-01	3.32195e-01	1.61026e-01
7.50985e-01	4.15705e-01	5.45395e-01	5.88109e-01
5.26507e-01	-4.19994e-01	8.45585e-01	1.33821e-01
6.66523e-03	3.94134e-02	9.95512e-01	5.34475e-01
7.93997e-01	-4.38032e-01	3.99536e-01	-9.52330e-01
7.05337e-01	3.07002e-01	6.47667e-01	7.42926e-01
4.54765e-01	-2.64132e-01	2.61044e-03	-9.83161e-01
1.78902e+00	-5.41929e-01	1.14486e+00	-3.74465e-01
8.09614e-01	-5.18898e-01	2.11210e-01	4.45659e-01
1.42184e-01	4.63931e-01	7.98542e-01	-6.74121e-02
5.20070e-01	-1.72979e-01	3.32966e-01	1.57215e-01
1.83037e-01	-7.00597e-01	1.74854e+00	-1.65852e-01
5.55173e-01	-5.61249e-01	4.52144e-01	-1.68142e-01
6.61049e-01	4.19633e-01	7.59205e-01	4.36971e-01
1.13751e+00	9.37365e-01	8.57238e-02	-9.46712e-01
4.74798e-01	-1.54055e-01	2.89444e-01	-7.95547e-01
8.39689e-01	6.63477e-01	2.93186e-01	5.92370e-01
6.81629e-01	-3.96361e-01	9.23202e-01	-7.16145e-01
1.15347e-01	2.38209e-01	3.74003e-01	-4.08753e-02
1.94022e-01	-6.33276e-01	1.47609e-01	-2.55266e-02
1.40472e+00	7.76214e-01	3.28421e-01	2.20770e-01
8.93978e-01	2.73301e-01	1.86574e+00	-3.36909e-01
1.24252e-01	-7.79085e-01	4.45834e-01	-9.89281e-01
2.69189e-01	1.03036e-01	1.81031e+00	-3.04234e-01
9.10167e-01	7.49430e-01	1.79757e+00	9.37793e-01
1.43209e+00	5.86593e-01	9.98588e-01	-4.56446e-01
1.90273e-01	-9.44474e-01	1.11559e-01	-9.82740e-01
1.01037e+00	5.66942e-01	3.21167e-01	6.04919e-01
3.40387e-01	3.37857e-01	1.31005e-01	-8.32010e-01
4.78088e-01	-2.97607e-01	7.85571e-02	3.83775e-02
8.06923e-01	-8.74058e-01	3.06306e-01	-8.36980e-01
1.53826e+00	-6.51204e-01	3.52121e-01	-4.96219e-01
4.15646e-01	-9.50084e-01	4.55554e-01	4.69936e-01
1.67291e-01	-5.54629e-01	2.93381e-01	-6.53728e-02
1.02063e+00	2.10075e-01	9.83942e-01	-5.15977e-01
7.40629e-01	4.55257e-01	1.63234e+00	9.92381e-01
5.44070e-01	-2.26649e-01	6.04140e-01	3.37585e-01
5.02124e-01	-6.48230e-01	5.09348e-01	3.81388e-01
1.36856e+00	7.18250e-01	2.99500e-01	6.35298e-01
5.42039e-02	-6.98941e-01	1.88762e+00	-1.94280e-01
3.35154e-01	4.80778e-01	8.23889e-02	-9.88870e-01
9.02572e-02	-7.46436e-01	6.04142e-01	2.84435e-01
1.41219e+00	-6.64486e-01	1.69151e+00	5.71085e-01
