# No. of particles = 100 
# Proton - Solar wind	Electron - Solar wind	
2.44893e+00	-5.00367e-01	8.44288e-01	2.19683e-02
5.29079e-01	-2.27478e+00	1.41647e+00	-4.59667e-01
4.59405e-01	-2.45700e+00	1.59685e+00	-8.43077e-01
2.11468e+00	-2.43937e+00	1.74679e+00	7.38113e-01
7.99940e-02	-2.36927e+00	1.67078e+00	-2.03425e+00
9.43413e-02	-2.45466e+00	7.68861e-01	-2.47802e+00
6.00894e-01	-2.41412e+00	1.21166e+00	4.59825e-01
1.16442e+00	-1.95796e+00	3.17454e-02	-2.13661e+00
1.40597e+00	-2.42416e+00	4.76061e-01	-2.22828e+00
2.45373e-01	-2.31174e+00	2.24161e+00	-4.50561e-01
3.54520e-02	-2.49764e+00	1.32180e-02	-2.34288e+00
1.94128e+00	-1.68388e+00	9.22716e-01	-1.59107e+00
4.41842e-01	-2.46528e+00	8.70025e-01	-2.40813e+00
2.19441e+00	-2.05818e+00	2.80478e-02	-1.84786e+00
8.58481e-01	-2.29281e+00	2.05588e+00	-1.96830e+00
2.07673e-01	-9.29665e-01	2.26574e+00	4.24117e-01
5.59155e-01	-1.67539e+00	9.49947e-01	-1.06020e+00
3.07342e-01	-2.25195e+00	2.14509e+00	8.23138e-01
1.85992e+00	-1.52143e+00	1.79111e+00	-6.07665e-02
8.71327e-01	-2.26301e+00	1.28194e+00	-1.55474e-01
5.55155e-01	-2.40548e+00	8.38268e-01	-7.05410e-01
3.62678e-01	-2.44769e+00	1.70226e+00	-9.66733e-01
1.67614e+00	-2.19023e-01	5.91291e-01	-2.27333e+00
3.98403e-01	-6.57041e-01	2.24127e+00	-1.32679e+00
3.16768e-01	-2.40357e+00	1.71160e+00	2.78066e-01
6.48677e-01	-2.12835e+00	3.76246e-01	3.20053e-01
1.00693e+00	-2.49291e+00	1.12801e+00	-1.19598e+00
4.01606e-01	-1.22201e+00	3.10147e-02	-2.16289e+00
9.50983e-01	-2.00027e+00	1.10810e+00	-2.21208e+00
4.74812e-01	5.84775e-01	2.17271e+00	-2.77657e-01
2.39857e+00	-1.39522e+00	2.40296e+00	1.01934e+00
4.54881e-01	-1.04702e+00	3.51553e-01	-2.31805e+00
5.81668e-01	-2.19384e+00	1.57757e-01	-4.44246e-01
1.81784e-01	-2.28687e+00	2.38738e+00	9.95157e-01
8.57987e-01	-2.48779e+00	1.73701e+00	-4.69523e-01
3.86945e-01	2.57308e-01	1.37958e-01	-2.22759e+00
5.58007e-01	-2.06980e+00	5.05414e-01	2.15757e+00
3.17888e-01	-1.09697e-01	5.42867e-01	-2.49955e+00
4.69105e-01	6.34660e-01	4.40561e-01	-1.59120e+00
5.32325e-01	-2.34931e+00	1.03987e+00	1.27129e+00
8.27611e-01	-2.34301e+00	9.75733e-01	-1.96534e+00
2.16994e-01	-1.71496e-01	2.68661e-01	-2.40735e+00
2.75254e-01	-2.40143e+00	6.18161e-01	-1.51296e+00
9.44932e-01	3.36936e-01	1.26927e-01	-2.98516e-01
2.76564e-01	-2.42718e+00	6.57444e-01	-2.27691e+00
7.88495e-01	-2.31830e+00	1.24555e+00	-1.96182e-01
6.56182e-01	7.62510e-01	1.44428e+00	-1.68228e+00
2.48357e+00	-2.02343e+00	4.62731e-01	-1.96745e+00
4.85033e-01	1.44372e+00	2.35275e-01	-2.32430e+00
2.32432e-01	-2.31866e+00	5.73105e-02	-2.14971e+00
8.88802e-01	-2.03568e+00	8.14271e-01	-2.32232e+00
1.37096e+00	-2.42833e+00	2.14434e+00	-1.75962e-01
1.25691e-01	-2.41864e+00	2.97505e-01	1.86519e+00
1.42253e+00	-2.20204e+00	1.11980e+00	-2.19714e-01
3.77623e-01	-6.09703e-01	1.59348e+00	-2.03290e+00
1.38414e+00	3.94091e-01	1.11135e+00	1.80890e+00
1.33017e+00	4.32147e-01	6.58969e-01	-2.28111e+00
4.44345e-01	-2.37513e+00	2.06983e+00	-1.85670e+00
5.24100e-01	-1.08584e+00	1.09125e-01	-1.39774e+00
1.34723e+00	-3.74856e-01	7.52886e-01	-1.85261e+00
2.19380e+00	4.29060e-01	4.57304e-01	-2.40031e+00
6.11139e-01	-1.43448e+00	2.38788e+00	8.56777e-01
2.84571e-01	8.59764e-01	4.83271e-02	-2.44211e+00
5.95722e-01	1.57443e-01	1.95662e+00	1.11934e+00
2.26678e+00	5.44762e-02	1.46645e+00	5.70773e-01
9.53926e-01	-2.09666e+00	1.27560e+00	-2.16425e+00
1.35112e+00	-3.17005e-01	9.91235e-01	-1.67630e+00
9.04955e-01	-1.92418e+00	1.18670e+00	-1.26605e+00
3.10396e-01	-2.49216e+00	1.35613e+00	-4.84779e-01
4.04755e-01	-3.40038e-01	2.32821e+00	-1.72674e+00
1.56427e+00	-2.46402e+00	1.77518e+00	-9.62340e-01
2.35736e+00	2.03297e+00	1.22693e+00	-2.12332e+00
4.29359e-01	-9.32267e-01	4.48031e-01	-1.48924e+00
4.82476e-01	-2.26186e+00	1.02134e+00	-1.27006e+00
1.00456e+00	-2.72621e-01	9.22131e-02	7.17239e-01
5.54689e-01	1.03560e-01	1.53133e+00	-6.12519e-02
1.03192e+00	-6.91819e-02	1.32206e+00	-1.19156e+00
1.27392e+00	-2.26226e+00	1.99344e+00	-1.59093e+00
4.94770e-01	1.10593e+00	1.88316e-01	4.16732e-01
7.65123e-01	1.31849e+00	9.31592e-01	2.12266e+00
4.61489e-01	3.58587e-01	2.24883e+00	-6.96807e-01
2.14106e+00	9.96973e-01	1.53256e+00	-1.37718e+00
1.34922e+00	-2.68312e-01	8.13211e-01	-1.82986e+00
1.58701e+00	-4.86684e-02	1.18680e+00	-1.20796e+00
4.03027e-01	4.42009e-01	3.77194e-01	-2.45444e+00
5.52071e-01	8.09744e-01	2.45694e+00	-1.80798e+00
7.81530e-01	5.25418e-01	2.01492e+00	-1.55447e+00
5.57228e-01	-2.24250e+00	1.93267e+00	1.14315e-02
4.36965e-01	2.88475e-01	5.46192e-01	-2.13922e+00
1.22529e+00	5.02239e-01	4.36627e-01	1.64252e+00
2.24859e-01	-1.77290e-02	4.66365e-03	-2.45327e+00
2.06424e+00	6.85611e-01	1.97314e+00	-5.05651e-01
1.24860e-02	-2.32859e+00	5.53906e-01	2.00124e+00
7.53628e-01	-2.09995e+00	1.57147e+00	-1.95698e+00
6.15210e-01	1.63437e+00	5.41037e-01	1.85685e+00
5.74226e-01	1.31540e+00	3.36156e-01	-2.38848e+00
9.95718e-01	9.91115e-01	5.83921e-01	6.86866e-01
1.54929e+00	-2.09348e+00	8.02726e-01	-1.89583e+00
3.28676e-01	-2.45041e+00	1.16492e+00	1.61690e-01
2.32380e-01	9.70148e-01	5.14149e-01	1.61251e-01
