# No. of particles = 100 
# Proton - Solar wind	Electron - Solar wind	
3.38258e-01	5.57721e-01	1.61087e+00	4.77731e-01
3.12772e-01	-3.41751e-01	1.65585e+00	-6.77364e-01
4.10997e-01	-6.70412e-01	1.43803e+00	4.52562e-03
2.66607e-01	8.23876e-01	1.07415e+00	-4.13735e-01
2.50035e-01	-8.36284e-01	5.35635e-01	-3.89999e-02
1.11829e-01	-7.21478e-01	1.77915e+00	-2.96840e-01
3.76359e-02	-9.78148e-01	2.10528e-02	-5.20642e-01
2.46805e-01	-7.06828e-01	1.54984e-01	-8.00621e-01
1.46667e+00	-4.21887e-01	1.07663e-01	-9.35751e-01
2.60142e-01	-2.97771e-01	7.82146e-01	-4.31186e-01
1.11565e+00	5.60438e-01	1.15156e+00	1.43699e-01
2.80502e-01	-6.43856e-01	4.67282e-01	8.34974e-01
7.75529e-01	-5.21135e-01	6.37515e-01	-5.16969e-01
1.30950e+00	9.66212e-01	1.24822e+00	-7.58445e-01
4.13534e-01	6.04081e-01	8.83166e-01	6.02606e-02
1.80111e+00	2.80338e-02	1.92497e+00	1.79825e-01
6.65506e-02	-4.29659e-01	1.58926e+00	9.14610e-02
5.03289e-01	-6.74943e-01	1.39625e+00	4.18548e-01
1.11066e+00	7.04852e-01	1.21328e-01	-7.38635e-01
5.58917e-01	7.37791e-02	1.55225e-01	-7.97923e-01
2.85997e-01	-5.90786e-01	1.33154e-01	1.61301e-02
6.42250e-01	-1.41574e-01	1.75244e-02	-9.63314e-01
1.07123e-01	-3.92018e-02	9.28345e-01	-1.96818e-01
1.91819e-01	4.63324e-03	1.42664e+00	-9.26740e-01
8.08724e-02	-9.63767e-01	4.61545e-01	-1.19552e-01
3.74218e-01	8.30616e-02	1.81666e-01	-7.12240e-01
1.06135e-01	-1.04871e-02	1.69584e+00	6.30391e-01
1.65706e+00	4.87810e-01	1.12890e+00	-5.40067e-01
2.88300e-01	-8.88819e-01	1.35093e+00	6.73949e-01
1.99784e+00	-1.76157e-01	1.52035e+00	5.20573e-02
9.24069e-01	-3.64344e-01	1.01494e-01	-5.82550e-01
1.51093e+00	-2.84607e-01	6.55109e-01	-6.31676e-01
1.46956e-01	-7.98063e-01	1.35022e+00	-5.39209e-01
7.25329e-01	8.59829e-01	9.79529e-01	-9.00976e-01
1.02053e+00	-3.21241e-01	1.73309e+00	-2.12220e-01
1.47300e+00	6.99064e-02	5.07832e-01	5.70531e-01
1.18049e+00	-6.86240e-01	1.07406e+00	-3.40336e-02
4.45596e-01	7.62951e-01	1.58648e+00	3.48072e-01
3.91496e-01	9.60785e-01	1.92557e+00	-9.97608e-01
9.86311e-01	3.07455e-01	1.42264e+00	-1.72015e-01
3.89296e-01	-4.58400e-01	1.35939e+00	-2.39171e-01
2.73667e-03	-9.83675e-01	5.83477e-01	-2.77467e-01
1.28544e-01	-8.09495e-01	4.26415e-03	-9.75627e-01
2.04088e-01	-2.46737e-01	4.36636e-01	-7.18251e-01
5.00617e-02	-8.88079e-01	5.39150e-01	-3.00293e-01
1.51037e+00	5.29323e-02	4.92938e-01	3.85029e-01
1.08464e+00	-2.06345e-01	1.78003e+00	2.49875e-01
1.96014e+00	-7.74074e-01	3.82807e-01	-2.41320e-01
3.65343e-01	-6.12689e-01	8.22939e-01	2.47384e-01
5.01705e-01	1.43133e-01	1.52029e-01	-7.58073e-01
7.36427e-01	6.15916e-01	6.73533e-01	7.53549e-02
9.93579e-01	-3.26937e-01	8.60460e-01	1.58481e-01
1.31247e+00	6.92762e-01	1.03776e+00	-7.69200e-02
9.65501e-01	4.50457e-01	7.68168e-02	3.63944e-01
1.05435e+00	2.50777e-01	4.25937e-01	-1.09587e-01
1.42479e-01	-3.38464e-02	1.98393e-01	2.22857e-01
5.78797e-02	-9.37496e-01	2.00708e-01	3.40452e-01
3.94134e-01	-3.43481e-01	8.21765e-01	6.16697e-01
1.75537e-01	8.67683e-01	5.50996e-02	6.44568e-01
6.38222e-01	-3.29976e-01	8.22277e-01	-9.25949e-03
9.27060e-02	-6.55076e-01	1.17122e-02	9.15201e-01
6.46374e-01	-2.87796e-01	1.78494e+00	6.24814e-01
1.62952e+00	1.55857e-01	1.81344e+00	-7.76985e-01
1.53381e+00	4.47471e-01	8.27751e-01	-1.02792e-01
1.31509e+00	-6.77002e-01	5.64171e-01	1.74861e-02
4.68919e-02	-9.63073e-01	5.37581e-01	2.90731e-01
1.35493e+00	-2.95612e-01	7.71007e-01	-7.28856e-01
3.66018e-01	5.81337e-01	8.78921e-01	6.15293e-01
5.27265e-01	-5.95418e-02	1.90671e+00	-3.59240e-01
1.50553e+00	9.35833e-01	5.52742e-01	-2.83662e-01
4.70813e-01	3.40037e-01	7.65785e-01	-7.63227e-01
2.89942e-01	1.51882e-01	9.94731e-01	-4.11096e-01
1.61118e+00	7.28075e-01	1.22318e+00	1.55306e-01
3.94240e-01	4.64997e-01	5.58751e-01	6.45242e-01
4.00094e-01	-6.90236e-01	1.88564e-01	-3.94413e-01
3.98615e-01	-8.49358e-01	1.56323e+00	-2.99063e-02
3.49632e-01	-5.28132e-01	2.63904e-01	9.16435e-02
1.23690e+00	-2.19948e-01	6.60575e-01	-7.53255e-01
1.62531e+00	6.90190e-01	1.00652e+00	1.52028e-01
3.51215e-01	-6.14634e-01	2.48477e-01	-6.94731e-01
1.26055e+00	-2.18459e-01	3.37767e-01	8.82251e-01
1.77587e+00	1.95156e-02	3.83963e-01	-5.72088e-01
5.83422e-01	-3.69789e-01	1.46979e-01	-6.36872e-02
8.25777e-01	3.88219e-01	6.21029e-02	-3.49522e-01
2.14153e-01	-5.95698e-01	2.64994e-01	4.72171e-01
1.57860e-01	-2.90143e-01	1.27786e+00	-2.17085e-01
2.08782e-01	-6.58443e-01	1.05237e+00	9.84812e-01
9.95634e-03	-9.84270e-01	3.95349e-01	-8.88405e-01
7.29239e-01	-1.03327e-01	1.33157e-01	-9.35821e-01
1.48265e+00	-7.10975e-01	1.98528e+00	5.29100e-01
8.61605e-02	-8.48060e-01	1.67182e+00	2.11061e-01
8.24501e-01	6.86955e-01	1.28839e+00	-1.05592e-01
3.92418e-01	-2.63508e-01	1.87348e+00	-2.59153e-01
1.15158e+00	4.09340e-01	6.31484e-02	-7.21409e-01
7.73186e-02	-7.79481e-01	1.47494e+00	6.18057e-01
1.26775e+00	8.47271e-01	7.17610e-02	8.54005e-01
4.08634e-01	-7.10173e-01	1.99834e+00	-4.49173e-02
1.58090e+00	-2.31605e-01	9.98323e-03	5.81748e-01
9.23411e-01	3.15734e-01	1.87492e+00	7.71295e-01
1.71293e+00	-8.40709e-01	1.40360e+00	6.49563e-01
