# No. of particles = 100 
# Proton - Solar wind	Electron - Solar wind	
2.41256e+00	-4.24799e+00	2.34249e+00	6.19019e-01
2.12134e+00	-4.99597e+00	4.33026e+00	-2.67927e+00
7.47830e+00	-4.93501e+00	7.57126e+00	-3.86028e+00
8.93286e+00	-3.87611e+00	9.90345e+00	4.87863e+00
8.94839e+00	-3.91215e+00	3.39117e+00	-6.98909e-01
2.07275e+00	-4.68784e+00	8.43895e+00	-3.75297e+00
2.09047e+00	-4.94334e+00	8.00326e+00	-7.27418e-01
2.14537e+00	-4.11665e+00	9.49819e+00	-2.81164e+00
2.58526e+00	-4.67248e+00	4.84350e+00	-2.47416e+00
1.17062e+00	-1.92893e+00	1.03357e+00	-4.81438e+00
3.07486e+00	-2.86997e+00	1.90100e+00	2.17589e+00
2.17933e+00	-2.49090e+00	1.60927e+00	4.29797e-02
2.25187e+00	-2.70850e+00	5.60606e+00	2.35414e+00
1.69936e+00	-2.49068e+00	5.57632e+00	-2.64510e+00
2.24618e+00	-2.50551e+00	1.66441e+00	-3.32799e-01
2.93415e+00	-1.93184e+00	8.68620e+00	1.70150e+00
2.83592e+00	-1.47975e+00	7.93446e+00	2.15289e+00
1.88705e+00	-2.41170e+00	3.12730e+00	-4.67627e+00
2.42389e+00	-1.46168e+00	8.00275e+00	-4.63108e+00
2.53234e+00	-2.47311e+00	5.33625e+00	3.39383e+00
2.89969e+00	-1.24927e+00	3.31367e+00	3.83655e+00
2.61926e+00	-5.21998e-01	4.22372e+00	1.14722e+00
2.09483e+00	-1.23912e+00	3.59607e+00	4.37445e+00
2.87050e+00	-7.40365e-01	7.78290e+00	-4.68195e+00
1.49671e+00	5.33168e-01	8.80180e+00	-4.72712e+00
3.03754e+00	3.11849e-01	3.25989e+00	-1.19352e+00
2.52589e+00	-1.13454e+00	1.52978e-01	-2.65515e+00
1.93948e+00	5.20705e-02	7.88152e+00	9.44202e-02
1.69630e+00	2.50389e-01	8.07618e+00	-2.28244e+00
2.16870e+00	4.53810e-01	2.96182e+00	2.34784e+00
2.46557e+00	9.02547e-01	1.76814e+00	-7.74777e-01
2.77352e+00	5.96176e-01	7.66763e+00	-2.45123e+00
1.71054e+00	1.64880e-01	6.47586e-03	2.30002e+00
2.49144e+00	4.35950e-01	6.29650e+00	2.24829e+00
2.07187e+00	9.47878e-01	7.12919e+00	3.55999e+00
2.40663e+00	7.58344e-01	2.12277e+00	4.97728e+00
2.65065e+00	8.82558e-01	5.23814e+00	4.59295e+00
2.70764e+00	1.32080e+00	6.79383e+00	8.49536e-01
2.34675e+00	1.54896e+00	9.26186e-01	-2.68294e+00
2.01470e+00	2.20069e+00	2.44848e+00	-2.71813e+00
2.01210e+00	1.95546e+00	9.62747e+00	-2.55864e+00
2.76588e+00	2.60298e+00	7.73909e+00	-4.07172e+00
2.83987e+00	2.95849e+00	6.11010e+00	-2.56219e+00
2.10699e+00	2.98859e+00	2.78237e+00	-9.93565e-01
2.36823e+00	2.98390e+00	9.23890e+00	-2.61446e+00
1.92827e+00	2.97609e+00	7.12124e+00	-3.94272e+00
3.17711e+00	2.84792e+00	4.52865e+00	1.46119e+00
1.78019e+00	3.70809e+00	2.41469e+00	-3.18789e+00
2.05132e+00	3.15221e+00	9.01451e+00	-2.02854e+00
3.07710e+00	3.22251e+00	8.84735e-01	-1.01204e+00
2.51499e+00	4.63054e+00	2.14809e+00	2.03939e+00
2.33851e+00	4.30192e+00	9.51743e+00	-2.05150e+00
2.90483e+00	4.66008e+00	7.61875e+00	-8.74190e-01
2.07200e+00	4.64550e+00	2.08014e+00	3.37958e+00
2.02507e+00	4.55478e+00	8.59280e+00	2.12984e+00
2.49984e+00	4.82596e+00	2.44080e+00	4.16879e+00
2.27137e+00	4.96895e+00	6.50543e+00	-4.60404e+00
3.73282e+00	3.43231e+00	4.95134e+00	-3.42075e+00
4.92438e+00	4.72527e+00	6.72591e+00	3.71158e-01
6.44422e+00	4.41846e+00	2.07452e+00	1.99265e+00
6.15112e+00	4.58476e+00	4.58071e+00	5.93548e-01
4.43250e+00	-4.35711e+00	6.35194e-01	4.26412e-01
5.40710e+00	-4.65985e+00	3.34780e+00	2.57386e+00
6.49044e+00	-4.51561e+00	2.56347e+00	-2.18408e+00
7.57820e+00	-4.68150e+00	2.06809e-01	-1.48510e+00
7.48042e+00	-4.75933e+00	1.22417e+00	-7.99597e-01
3.21339e+00	-4.02175e+00	9.21101e+00	8.30798e-01
2.07753e+00	-4.64366e+00	5.52240e+00	-3.59264e+00
2.34033e+00	-4.53704e+00	6.51519e+00	-2.87267e+00
3.29818e+00	-3.71096e+00	4.08285e+00	-2.86849e+00
2.06238e+00	-4.41912e+00	8.01683e+00	3.54693e+00
3.04722e+00	-4.44224e+00	5.40495e+00	1.52300e+00
1.06052e+00	-4.66234e+00	5.91988e+00	3.02816e+00
1.93095e+00	-4.35930e+00	2.67478e-01	-3.77185e+00
2.60038e+00	-4.81876e+00	7.65148e+00	4.82544e+00
1.85240e+00	-3.17008e+00	5.97709e+00	-4.48902e+00
3.00510e+00	-3.46472e+00	9.27087e+00	-1.53353e+00
1.88731e+00	-2.88920e+00	7.40844e-01	1.10225e+00
2.49147e+00	-3.37191e+00	9.38858e+00	-3.37739e+00
2.17965e+00	-3.22291e+00	8.63444e+00	-4.35957e+00
3.04388e+00	-1.62691e+00	3.46820e+00	-3.52539e+00
1.32594e+00	-2.35779e+00	2.82552e-05	-2.60904e+00
2.86896e+00	-2.92658e+00	8.09077e+00	1.31721e+00
2.35120e+00	-2.90816e+00	7.19761e+00	-1.84074e+00
2.97774e+00	-2.15690e+00	6.32216e+00	-3.96178e+00
1.55998e+00	-8.48964e-01	2.84196e+00	-3.52373e+00
2.36825e+00	-1.59075e+00	9.01013e+00	6.36442e-01
2.06844e+00	-4.87020e-01	5.72942e+00	1.51092e+00
2.77928e+00	-7.44937e-01	1.10727e+00	9.00043e-01
1.28435e+00	-1.50032e-01	7.62413e+00	3.67558e+00
2.00859e+00	-4.84515e-01	5.70945e+00	-2.41518e+00
2.18577e+00	-1.13618e+00	9.40384e+00	2.43736e+00
1.91118e+00	-1.43587e-01	7.47270e+00	3.19478e+00
2.33758e+00	-2.94685e-01	6.92759e+00	2.68211e+00
2.14756e+00	6.25751e-01	6.09890e+00	1.99308e+00
2.08632e+00	7.87288e-01	4.66878e+00	-6.21117e-01
2.25752e+00	1.60077e+00	1.89412e+00	-1.06886e+00
2.32355e+00	1.23729e+00	7.07045e+00	-1.25461e+00
2.13612e+00	1.30538e+00	2.78193e+00	-4.62890e+00
2.16196e+00	1.23915e+00	1.31848e+00	-1.88560e+00
