# No. of particles = 100 
# Proton - Solar wind	Electron - Solar wind	
8.82496e-01	4.31773e-01	1.65230e+00	-6.98540e-01
1.31728e+00	-5.55434e-01	1.80016e+00	-5.27419e-01
1.50569e+00	-5.66518e-01	4.37826e-01	3.81014e-01
7.93523e-02	-9.85055e-01	1.05003e+00	5.85884e-02
1.56407e+00	3.26589e-01	3.36478e-01	-6.70447e-01
6.26270e-02	-2.77212e-01	8.33788e-01	1.63988e-02
4.22208e-01	-7.10961e-01	8.04960e-02	-4.00656e-01
1.18665e+00	4.66409e-01	5.76079e-03	-9.67456e-01
3.22396e-02	9.11483e-01	3.14612e-02	-8.42622e-01
3.03116e-02	-9.74616e-01	1.73800e+00	4.25598e-01
1.30589e+00	5.95758e-01	6.61286e-01	1.09966e-01
4.01810e-01	-6.45412e-01	5.95612e-01	-1.59137e-01
2.07832e-01	-9.69411e-01	1.35360e-01	-6.42641e-01
5.67845e-02	-9.49842e-01	8.78371e-02	-9.53188e-01
1.67459e-01	-7.86791e-01	6.99975e-02	-8.20875e-01
1.19643e+00	3.76586e-01	5.06450e-03	-9.79298e-01
4.84908e-01	-9.87969e-01	1.22832e+00	9.18078e-01
1.51712e+00	3.73045e-01	2.16849e-01	-7.08841e-01
1.73929e+00	-3.06792e-01	8.00918e-01	-6.66624e-01
3.19797e-01	3.02564e-01	4.57156e-01	-5.32286e-01
9.79951e-01	-7.28435e-01	4.56965e-01	-1.66680e-01
1.99442e+00	9.78706e-01	1.21904e+00	-2.12521e-01
1.38413e+00	9.63109e-01	1.10654e+00	7.81236e-02
8.69350e-02	-9.16501e-01	3.05396e-02	9.40851e-02
2.36516e-01	-9.68880e-01	7.31071e-01	-1.49558e-01
1.67059e+00	3.11413e-01	1.66453e-01	-9.20092e-01
4.32432e-01	-7.10127e-01	4.28123e-02	-9.81134e-01
1.59003e+00	2.55098e-01	1.60972e+00	-6.27834e-01
1.92345e+00	-2.79129e-01	1.29880e+00	-4.54520e-01
1.85297e+00	2.95569e-01	1.09371e+00	-3.48973e-01
1.81666e-02	-9.50283e-01	7.48230e-01	9.93056e-01
1.14435e+00	7.41345e-01	5.62354e-02	-9.52697e-01
3.52069e-02	-5.65297e-01	1.47782e-01	-7.10692e-01
1.94801e-01	-6.25374e-01	1.37590e+00	-2.82485e-01
8.30663e-03	-9.80424e-01	1.67547e-01	-2.14691e-01
1.05763e+00	-7.71896e-01	2.56106e-01	-3.66309e-01
3.77398e-01	3.73973e-01	5.39184e-01	-8.26301e-01
2.21706e-01	-7.90915e-01	4.98922e-01	6.10923e-01
6.29259e-01	-7.04147e-01	3.47624e-02	-9.56844e-01
1.71464e+00	-5.08581e-01	1.53123e-01	-4.94650e-01
1.47340e+00	-7.27361e-01	4.33393e-01	-5.20961e-01
1.91244e+00	-3.13337e-02	1.88369e-01	5.02900e-01
1.36956e+00	-7.53177e-01	1.95907e+00	-7.12953e-01
1.97891e-01	-7.09692e-01	1.50173e+00	-2.64259e-01
1.38222e+00	7.29785e-01	4.80942e-01	-6.87836e-01
3.93567e-01	-2.81241e-01	1.90061e+00	2.00168e-01
5.30877e-01	-8.25851e-01	5.64021e-01	-1.85187e-01
3.64931e-01	-5.69481e-01	1.30776e-01	-6.92006e-01
5.82494e-01	3.76099e-01	7.93184e-01	-8.21957e-01
5.76861e-01	-6.19433e-01	1.53566e+00	-6.17633e-01
1.75608e+00	-3.82480e-01	5.95842e-01	8.98609e-01
5.59533e-02	-9.64753e-01	6.01293e-01	6.18554e-02
7.92364e-02	-6.30865e-01	6.48401e-01	-2.48555e-01
9.96939e-01	-9.09782e-01	9.11685e-01	-9.52656e-01
7.65804e-01	-7.40724e-01	1.20333e+00	-6.54644e-01
7.12229e-01	-2.95110e-01	7.60059e-01	7.08738e-01
6.05057e-01	-1.16767e-01	5.50120e-01	-7.05100e-02
9.16455e-01	-1.66809e-01	1.25090e-01	-9.26759e-01
4.21212e-01	-7.87460e-01	1.83383e+00	8.65340e-01
1.53605e+00	3.77917e-01	1.66775e+00	-7.73988e-01
1.55998e+00	4.94359e-02	7.28130e-01	8.72598e-01
6.39081e-01	-8.63308e-01	1.35620e+00	-3.48148e-01
1.99002e+00	-1.07060e-01	1.00622e+00	4.44770e-01
9.78546e-01	3.79415e-01	9.35361e-01	-6.92849e-01
1.41856e+00	-2.47771e-01	4.61590e-01	1.09079e-01
1.17526e+00	-4.25156e-01	4.04959e-01	-3.63468e-01
3.85597e-01	-3.08082e-01	6.74636e-02	-6.69909e-02
4.44487e-01	1.94030e-01	1.13911e+00	1.69193e-01
3.23918e-01	-9.00461e-02	6.30510e-01	-3.61068e-01
1.46774e+00	-7.96567e-01	1.15106e+00	-3.24720e-01
1.91633e+00	-1.96111e-01	4.93763e-01	6.24865e-02
1.41858e+00	2.30389e-01	1.01393e+00	-6.90034e-01
7.39064e-01	3.30297e-01	1.86039e+00	-9.80031e-01
1.54915e+00	7.65838e-01	1.92073e+00	6.29761e-01
1.32190e+00	-4.06810e-01	5.07742e-01	6.91533e-01
1.18076e+00	-8.23723e-01	3.22396e-01	-8.81093e-01
1.38472e+00	2.16622e-01	1.32455e+00	2.01309e-01
1.41111e-02	-9.70767e-01	3.41470e-01	-8.58181e-01
1.21551e+00	2.31706e-01	5.04495e-01	5.51495e-01
2.02167e-01	-8.04116e-01	1.32894e-01	-5.21351e-01
7.83924e-01	5.58500e-02	7.26205e-01	-8.13463e-01
1.21075e+00	3.27581e-01	1.90107e+00	-5.02654e-01
1.20199e+00	-5.04199e-01	1.37386e+00	2.33501e-01
1.89506e+00	-6.53615e-01	4.36365e-01	-7.00467e-02
7.11421e-01	7.81768e-01	1.71150e+00	-7.63671e-01
1.67360e+00	4.28699e-01	1.46678e+00	-8.56832e-02
9.41835e-01	6.63838e-02	1.86395e+00	2.09714e-01
1.80225e+00	-7.04018e-01	5.93680e-01	-3.29197e-01
1.55573e-01	-9.55964e-01	1.73053e-01	-1.33541e-01
1.84693e+00	-1.52219e-01	1.51000e+00	4.55000e-01
1.25289e+00	7.17504e-01	3.87636e-02	-9.30394e-01
9.18993e-01	-1.66002e-02	4.80422e-01	2.24146e-01
5.56359e-01	-2.52406e-01	4.52137e-01	-1.93146e-01
1.82145e+00	4.22018e-01	1.66214e-02	-7.15531e-02
1.26744e+00	7.54103e-01	1.10535e-01	9.76768e-01
8.20317e-01	7.46648e-01	4.17948e-01	9.80125e-01
1.83864e+00	-9.68339e-02	2.88009e-01	-7.96961e-01
5.03017e-01	-4.58579e-01	1.03943e+00	-2.31559e-01
1.82516e+00	5.06753e-01	4.72189e-01	8.05365e-01
2.82603e-01	-6.38533e-01	1.28011e+00	-9.89857e-01
