# No. of particles = 100 
# Proton - Solar wind	Electron - Solar wind	
1.22155e+00	6.98008e-01	1.28761e+00	-5.37061e-01
3.45470e-01	-6.31911e-01	1.45030e+00	2.74930e-01
6.03665e-02	-9.46189e-01	8.43041e-01	5.13275e-01
9.73093e-01	-3.86973e-01	1.33865e+00	-8.36354e-01
6.99504e-01	-6.11588e-01	5.83930e-01	-6.52601e-01
1.22947e-01	-6.95748e-01	1.36928e+00	4.42068e-01
1.82366e-01	-9.52609e-01	9.47895e-01	-6.49176e-02
6.36002e-02	-8.81148e-01	3.82706e-01	7.17425e-01
3.64408e-01	-9.56893e-01	1.78919e+00	5.70601e-02
1.77325e-01	-9.25624e-01	9.73557e-01	-1.29098e-01
5.63946e-01	9.03063e-01	7.57324e-01	-4.64240e-02
1.32077e+00	7.25805e-01	1.07175e-01	-8.54587e-01
1.86168e+00	1.74087e-01	5.58289e-01	-2.04760e-01
4.61816e-01	-4.55412e-01	1.25849e-01	-7.59247e-01
1.49818e+00	-7.83120e-01	1.23592e+00	9.83350e-02
3.22565e-01	-7.12741e-01	5.48077e-02	-8.59447e-01
1.79759e+00	-3.15878e-01	7.03774e-01	-1.17142e-01
1.80861e-01	-1.99931e-02	6.20011e-01	-5.71984e-01
8.60510e-01	-7.18750e-01	8.27510e-01	3.83267e-01
3.47391e-02	-8.59170e-01	8.34048e-01	-1.74761e-01
1.21804e+00	-4.26499e-01	5.78344e-01	-8.89489e-01
1.50508e-01	-6.52794e-01	1.03919e+00	3.33399e-01
4.03269e-01	-8.83291e-01	1.12953e+00	5.24802e-01
3.00123e-01	-6.90788e-01	1.01684e+00	-7.26513e-01
9.14347e-01	-6.62560e-01	6.65029e-01	-9.74231e-01
6.72166e-01	-3.17146e-01	2.05141e-01	-6.85703e-01
7.20755e-01	6.00329e-01	1.76638e+00	-4.67442e-01
7.12030e-01	2.56137e-01	5.21750e-01	-5.78211e-02
4.49241e-01	-9.18619e-01	5.03641e-02	-3.39759e-01
2.55777e-01	-5.15800e-01	6.20966e-01	-6.86021e-01
3.08042e-01	-6.40311e-01	1.90385e+00	-6.36279e-01
5.27113e-02	-9.76911e-01	1.72721e+00	-6.32303e-01
2.52653e-01	-3.44410e-01	4.26780e-02	-9.89193e-01
2.74861e-01	7.43358e-01	6.03929e-01	6.60620e-01
3.74220e-01	-2.03047e-01	1.15079e+00	5.85708e-01
9.08633e-01	-8.22651e-01	1.94972e+00	-7.69997e-01
6.24439e-01	6.94184e-01	3.45212e-01	-7.58057e-01
1.53237e+00	-6.93651e-01	1.92322e+00	-1.42805e-02
1.43454e+00	-7.80321e-01	1.06477e+00	4.10186e-01
1.87934e+00	4.04455e-01	3.72806e-01	4.82444e-01
2.12829e-01	-9.20150e-01	3.91406e-01	5.62655e-01
1.02939e+00	7.78360e-01	1.15593e-01	-4.02064e-02
6.79407e-01	1.33006e-02	7.17124e-01	8.28288e-01
6.13048e-01	-2.58867e-01	6.81733e-02	4.10861e-01
1.51582e+00	8.38161e-01	7.15239e-01	-8.69314e-01
3.04121e-01	-8.74955e-01	1.38839e+00	-3.56623e-01
2.03254e-01	-6.84431e-01	1.80793e+00	1.50181e-01
1.11528e-01	-8.92614e-01	1.25363e+00	1.51246e-01
3.12204e-01	4.34385e-01	7.72895e-01	5.06859e-01
1.54763e-02	-2.28874e-01	1.22605e+00	3.42124e-01
1.67056e+00	-5.90963e-04	2.90460e-01	-7.31777e-02
3.96728e-01	-1.51001e-01	1.20859e+00	2.97686e-01
8.60925e-02	-8.18589e-01	1.25468e+00	1.93000e-01
2.74303e-01	-5.87563e-01	2.40396e-01	4.78394e-01
3.15227e-01	-3.98406e-01	8.59066e-01	9.00035e-01
1.80682e+00	-9.36193e-01	1.58161e+00	-1.68089e-01
2.07845e-01	8.46187e-01	2.10830e-01	-2.88609e-01
4.61650e-01	-8.63853e-01	3.45490e-01	-2.18766e-01
1.14887e-01	-9.21254e-01	1.11788e+00	-4.30240e-01
7.78408e-01	-1.26006e-01	4.52850e-01	-1.75001e-02
5.98871e-01	-3.40109e-01	5.71857e-03	-9.46782e-01
1.88681e+00	2.55039e-01	1.43333e+00	4.20629e-01
9.11368e-01	8.31618e-01	5.34561e-01	-9.20034e-01
3.47357e-02	-7.93096e-01	7.42943e-01	1.79246e-01
7.67053e-02	-5.55744e-01	6.78131e-01	-8.58469e-01
9.92304e-01	-4.68256e-01	3.37846e-01	1.16309e-01
1.66603e+00	7.89361e-01	1.71231e+00	-9.26171e-01
8.76309e-01	6.12508e-01	8.45418e-01	-8.74752e-01
7.19796e-01	2.21328e-01	1.13792e-01	-6.45481e-01
1.75602e+00	2.56327e-01	3.52182e-01	-5.88066e-01
8.30401e-01	4.33039e-01	1.17416e+00	4.54221e-02
1.51347e+00	-1.72019e-01	1.30427e-01	-4.90812e-01
5.95541e-01	2.14143e-01	1.71240e+00	9.84334e-01
7.46118e-02	1.83032e-01	3.60818e-02	5.72540e-01
7.10705e-01	-3.73335e-01	1.25865e+00	6.81265e-01
1.63675e-01	3.10174e-01	1.96415e+00	-4.78413e-01
3.86519e-01	-2.42224e-01	1.95424e-01	8.01570e-01
1.01493e-01	-4.39126e-01	1.41594e-02	-9.75481e-01
1.28478e+00	9.00599e-01	4.54740e-01	2.47943e-01
1.35336e-01	-5.23679e-01	1.53189e+00	-9.95236e-01
5.26572e-02	-9.31161e-01	1.00901e+00	7.38274e-01
6.83451e-01	9.59032e-01	3.43772e-02	-8.64096e-01
1.65840e+00	8.55471e-01	1.27712e+00	2.60506e-02
4.84131e-01	-8.90768e-01	1.14979e+00	7.34548e-01
2.46842e-01	-3.35642e-01	1.43230e+00	5.71270e-01
3.69662e-01	5.12628e-01	3.39535e-01	4.52274e-02
5.00500e-01	-2.21226e-01	7.03370e-01	-5.03119e-01
1.74043e+00	-7.75035e-01	1.94427e+00	-8.40875e-02
9.39517e-01	-5.63278e-01	1.49972e+00	-9.01444e-01
7.58320e-01	-9.41957e-01	7.99049e-01	-2.71212e-01
1.77101e-01	-4.85594e-01	1.03676e-01	-6.76336e-01
1.48722e-01	-9.19514e-01	1.22196e+00	2.82073e-01
8.10473e-01	6.82597e-01	1.05074e+00	-3.14484e-01
6.28509e-01	5.04847e-02	1.99325e+00	6.53274e-01
5.99296e-02	-9.39436e-01	1.93374e-01	-4.46906e-01
1.17750e+00	5.79420e-01	1.80539e+00	-7.29908e-01
1.32678e-01	1.86793e-01	1.71795e-01	-7.79543e-01
2.96738e-02	-9.11377e-01	3.06115e-01	-8.50481e-01
1.32250e-01	-4.09993e-01	7.22908e-01	7.09742e-02
1.31412e-01	1.08216e-01	1.26562e+00	-8.47821e-01
