# No. of particles = 100 
# Proton - Solar wind	Electron - Solar wind	
2.56119e-01	-1.14639e-01	8.23472e-01	-4.59490e-01
3.00274e-01	-4.32054e-01	1.03434e+00	-3.81234e-01
9.93820e-01	-1.91141e-01	2.37127e-01	-8.33094e-01
6.32714e-01	2.75285e-01	1.00567e+00	7.27186e-01
1.44224e-02	-7.78489e-01	2.87638e-01	-9.38618e-01
1.99732e-01	9.93632e-01	1.51779e+00	1.28724e-01
2.60786e-01	-6.57186e-01	1.63483e-01	4.43461e-01
6.50608e-01	7.28156e-02	3.42087e-01	-8.44240e-01
4.31625e-02	6.18624e-01	3.85922e-01	3.13740e-01
5.85949e-01	7.05228e-01	1.64122e+00	2.15313e-01
6.88309e-03	-9.74845e-01	1.64188e-01	-3.73256e-01
6.55350e-01	-1.66816e-01	5.98246e-01	-4.53159e-01
1.16542e+00	-2.66103e-01	6.12919e-01	-8.15835e-01
1.51366e-01	-7.68846e-01	1.10730e+00	-5.38564e-01
4.52984e-01	-9.20934e-01	1.50630e+00	-3.37715e-02
4.55247e-01	4.63269e-01	1.98316e-01	-4.29499e-01
1.06415e-01	9.73988e-01	2.20225e-01	-7.78361e-01
5.18422e-02	-8.18191e-01	5.35487e-01	-7.14298e-01
2.14157e-01	-6.89923e-01	5.42759e-01	4.58307e-01
2.63011e-01	-4.34762e-01	3.95377e-01	-7.81022e-01
7.23981e-01	1.88121e-01	1.40579e-01	8.63607e-02
1.03998e-01	-6.81207e-01	4.92133e-01	3.74641e-01
5.23668e-01	-6.94792e-01	1.58474e+00	4.91727e-01
2.74757e-01	4.18858e-01	1.28510e+00	6.19913e-01
1.41912e+00	-3.65092e-01	2.58210e-01	-8.44789e-01
1.00776e-01	-6.08177e-01	1.00423e+00	-1.65374e-01
3.10036e-01	2.02757e-01	1.35416e+00	3.78814e-01
1.05462e-01	-7.50021e-01	1.36893e-01	-8.23875e-01
3.13780e-01	-8.38734e-01	4.05096e-02	-9.74967e-01
9.05691e-01	-3.62348e-02	1.55180e-02	3.80043e-02
7.30436e-01	-1.49614e-02	2.12821e-01	-9.26629e-01
6.88337e-02	-9.88297e-01	6.92518e-01	4.08669e-01
2.81764e-02	-9.24202e-01	8.11538e-01	1.48500e-01
7.23507e-01	-7.83084e-01	1.30164e+00	7.53986e-02
2.49323e-01	7.95793e-01	3.50722e-01	-4.43694e-01
1.97876e-01	-9.50651e-01	7.33860e-01	-6.57295e-01
1.23826e+00	-3.47782e-01	1.89366e+00	-4.02924e-01
3.37254e-01	-9.20910e-01	1.79412e-01	-8.21270e-01
2.89708e-01	9.25027e-02	1.56896e+00	-6.19355e-01
1.52964e-01	3.46648e-01	1.77534e+00	-6.66701e-01
4.79123e-01	3.07353e-01	4.71380e-01	3.94154e-01
1.41059e+00	4.71161e-01	1.74350e+00	-6.69617e-01
9.79742e-01	6.91418e-01	6.66000e-01	-9.51264e-01
2.17860e-01	-8.31664e-01	1.85755e+00	-8.01714e-01
3.26019e-01	2.93795e-02	2.00482e-01	7.77121e-01
2.84690e-01	-8.43341e-01	6.25530e-02	-8.22194e-01
1.57836e+00	1.53682e-01	1.19154e-01	7.11803e-01
4.50546e-01	5.74647e-02	8.38572e-01	-3.52572e-01
1.72704e+00	9.63536e-01	8.47948e-01	4.03397e-02
4.61291e-02	4.10228e-01	1.70627e+00	-1.75742e-01
3.66900e-01	-8.38444e-01	3.02271e-01	-5.64009e-01
1.71767e+00	1.54215e-01	4.98086e-02	-9.86785e-01
5.31076e-01	-5.15015e-02	1.09200e-01	-8.66664e-01
1.08392e+00	4.08046e-01	3.35345e-01	-7.39824e-01
1.55593e+00	8.65295e-01	1.59213e+00	-9.02252e-01
1.93548e+00	-3.34745e-01	5.19830e-01	5.70585e-01
6.07296e-02	-8.78358e-01	5.09032e-01	4.01147e-02
1.20722e+00	-6.01485e-01	2.05126e-01	-6.80582e-01
5.86786e-01	2.64056e-01	5.10027e-01	-6.48853e-01
1.65974e+00	8.66224e-01	1.46883e+00	1.75057e-02
6.07896e-01	4.03791e-01	1.97270e+00	-3.04342e-01
5.95334e-02	4.97231e-01	1.81984e+00	-3.54698e-01
2.24089e-01	-6.67311e-01	1.30933e-01	9.02631e-01
6.15030e-01	-1.25678e-01	1.09125e+00	8.13209e-01
2.91884e-01	-1.80806e-01	1.85171e+00	-5.70973e-01
3.98533e-01	-7.63159e-01	1.01320e+00	9.60111e-01
8.65349e-01	3.22641e-01	8.61770e-01	9.96395e-01
7.06647e-01	9.89870e-01	3.46799e-01	-6.29928e-01
8.32227e-01	4.71701e-01	6.88425e-01	-1.28010e-01
7.45895e-01	1.12010e-01	7.11602e-01	-6.59116e-01
1.37292e+00	-6.05631e-01	2.09623e-01	3.38145e-01
1.67554e+00	3.26863e-01	9.80331e-02	-9.32717e-01
5.79923e-02	-9.10580e-01	2.18573e-01	-3.51825e-02
1.36147e-01	-7.47257e-01	1.14610e+00	-8.40926e-01
5.27731e-01	-5.56994e-01	2.15734e-02	-4.96581e-01
1.11154e+00	-6.84053e-01	1.88675e+00	-6.92009e-01
1.58954e+00	6.61894e-01	8.72176e-02	-6.72501e-01
8.41422e-02	-5.18137e-01	7.23467e-01	2.66205e-01
8.60872e-02	-8.75558e-01	6.08835e-01	-7.45506e-01
5.82844e-01	-3.33878e-01	1.73764e+00	-4.19985e-01
1.94522e+00	-7.53163e-01	1.27188e+00	3.91377e-01
1.37562e+00	3.61395e-01	2.24866e-01	3.30672e-01
9.83897e-01	6.89645e-02	7.76711e-01	5.00043e-01
9.65909e-02	-3.01434e-01	1.27197e-01	-7.02245e-01
2.09730e-01	-9.19446e-01	2.38035e-01	-4.81888e-01
2.38459e-01	-1.83051e-03	1.30742e+00	7.79343e-01
3.28405e-01	-4.95793e-01	5.86554e-02	-5.12271e-01
7.58497e-01	-1.97409e-01	1.11451e+00	-5.62538e-01
2.47400e-02	-1.08099e-01	9.03154e-02	-1.76530e-01
9.57899e-01	8.01147e-01	5.68810e-01	-4.31384e-01
1.18256e-01	-7.15198e-01	1.76137e-01	9.67730e-01
9.05146e-01	2.01913e-01	9.39734e-01	-7.30565e-01
5.53272e-01	7.11241e-02	1.32296e-01	5.75447e-03
1.74763e-01	-8.36599e-01	6.93214e-01	-3.58762e-01
4.63929e-01	-5.40805e-01	2.83179e-01	-2.50617e-01
5.10971e-01	-5.71060e-01	2.39547e-01	-5.67017e-01
1.96425e+00	3.98887e-01	1.37660e+00	7.86231e-01
8.28721e-02	-8.62231e-01	1.82079e+00	8.58786e-01
1.54121e+00	5.88811e-01	7.56882e-01	-5.22740e-01
1.02995e-01	-9.71833e-01	2.11314e-02	-9.98543e-01
