# No. of particles = 100 
# Proton - Solar wind	Electron - Solar wind	
1.73608e-01	-5.12878e-01	2.92620e-01	1.63876e-01
8.75131e-01	8.45601e-01	2.35964e-03	-9.48292e-01
7.80242e-01	-3.65147e-01	1.80685e+00	9.43636e-01
1.03818e-01	-7.78748e-01	3.22614e-01	-4.33749e-01
1.67673e+00	9.88100e-02	1.51734e-01	-8.14956e-01
1.65881e-01	3.70605e-01	8.64769e-02	-8.26615e-01
1.81801e+00	3.45777e-01	1.59556e+00	6.15766e-01
3.63344e-02	-9.73653e-01	1.30932e+00	-8.00518e-01
2.73603e-02	-1.20395e-01	4.25160e-02	-9.37696e-01
4.67342e-01	3.40882e-01	2.09645e-01	-3.03998e-01
1.30961e+00	8.46907e-01	9.25281e-02	-5.85352e-01
5.17731e-01	-3.40930e-01	1.36607e+00	-6.37174e-01
1.02462e+00	-3.58140e-01	3.28135e-01	9.00662e-01
1.60693e+00	7.35918e-01	5.27405e-01	6.76992e-01
2.34756e-01	-9.54110e-01	6.27694e-01	7.42781e-01
4.81534e-01	6.03716e-01	4.25767e-01	-8.61208e-01
8.94537e-02	4.63445e-01	1.56562e+00	6.62387e-01
2.12738e-02	-9.87632e-01	4.29354e-01	-3.33557e-01
9.64196e-01	4.28269e-01	1.58872e+00	7.02754e-01
9.22569e-01	7.55467e-01	1.03006e+00	5.19824e-01
5.63550e-01	-9.34413e-02	9.37047e-01	-3.27283e-01
1.15587e+00	6.44723e-01	1.04484e-01	-9.40146e-01
3.55935e-01	4.50936e-01	2.23082e-01	1.79529e-01
2.42991e-01	2.68370e-01	6.99273e-01	9.26553e-01
9.31897e-01	-5.84530e-01	8.79844e-01	-4.92224e-04
5.98311e-01	7.37844e-01	2.31219e-01	-9.07845e-01
2.07550e-01	9.85915e-01	8.04031e-01	6.20674e-01
1.91378e+00	7.09793e-01	7.13387e-01	4.62338e-01
1.44549e+00	-3.75099e-01	1.74154e+00	-3.74406e-01
5.74752e-01	-3.80440e-01	1.99746e+00	-6.08280e-01
3.82798e-01	-5.30162e-01	1.54839e+00	-1.04308e-02
9.49181e-02	-8.99492e-02	7.79130e-01	-7.80421e-01
8.05795e-01	3.94122e-01	1.19335e-01	-7.41752e-02
1.99858e+00	-3.92857e-01	1.01057e+00	2.68671e-01
1.48776e-01	-1.86694e-01	2.69668e-01	5.60031e-02
4.56105e-02	-9.83427e-01	1.90481e-01	-7.78096e-01
3.70230e-02	-1.17492e-01	8.29371e-01	-6.86947e-01
8.73100e-02	-9.73737e-01	7.26468e-01	-2.99776e-01
1.83597e-01	-3.21749e-01	1.19027e-02	4.14249e-01
4.01219e-02	-7.00214e-01	1.46614e+00	-9.18159e-01
1.62134e-01	-5.87238e-01	4.54082e-01	-9.44080e-01
8.96148e-01	-6.03337e-02	2.50237e-01	-3.86502e-01
6.70149e-01	1.45787e-01	1.35607e+00	-5.72047e-01
1.24098e-01	-9.57294e-01	9.72801e-01	-2.04590e-02
2.24024e-01	-3.05345e-01	9.87956e-01	-5.97351e-02
1.35595e+00	-1.24093e-01	4.67082e-01	5.88161e-01
1.39792e+00	2.31526e-02	1.37277e+00	2.18420e-01
8.74042e-02	-9.98297e-01	7.65141e-01	-7.48048e-01
1.23231e+00	3.89925e-01	1.30618e+00	-5.27133e-01
4.27021e-02	-5.76902e-01	7.14818e-01	4.08925e-01
4.01834e-02	-9.75746e-01	8.50656e-01	2.04614e-01
1.45355e+00	-2.03490e-02	1.24981e+00	7.33226e-01
1.91373e+00	9.17376e-01	1.78170e+00	-6.13413e-01
1.28949e+00	9.37420e-01	3.47939e-02	-9.98365e-01
1.37416e+00	6.40747e-01	1.97120e+00	8.86074e-02
1.63236e+00	6.94947e-01	1.72873e+00	-8.24263e-01
2.16112e-01	-6.84557e-01	1.48131e+00	-3.83543e-01
5.03527e-01	-8.28282e-01	7.36617e-01	-9.98801e-01
3.55959e-01	-2.41031e-01	7.46888e-01	-4.50874e-01
1.28876e+00	4.30447e-01	1.28840e+00	-3.54517e-01
2.70462e-01	-3.72523e-01	2.04625e-03	-9.91860e-01
1.52586e+00	6.93109e-01	1.13359e+00	-7.75917e-02
7.40480e-02	-9.70412e-01	1.08045e+00	-9.46942e-01
3.07500e-01	-5.76812e-01	1.48857e+00	-2.55710e-01
1.94120e+00	-5.15749e-01	1.00866e-02	-9.85093e-01
2.70688e-01	-8.37005e-01	1.30968e+00	-7.82651e-01
3.22282e-01	-5.03760e-01	3.30728e-02	3.53654e-02
5.00937e-01	1.49883e-01	1.75749e+00	2.79713e-01
7.21033e-01	2.78380e-01	6.10230e-01	-6.56720e-01
4.74810e-01	-3.19868e-01	3.64033e-01	-6.86672e-01
6.53652e-01	8.80390e-01	1.16871e+00	9.46258e-01
1.84382e+00	1.34282e-01	1.50488e+00	8.62144e-01
1.51243e-01	2.13354e-01	5.69995e-01	-8.52548e-01
1.50685e+00	-3.64313e-02	2.29302e-01	-9.21781e-01
4.80423e-01	-6.07258e-01	4.57526e-01	-1.40215e-01
1.92001e+00	-1.83086e-01	1.53838e+00	9.35875e-01
1.23746e+00	6.16188e-01	1.70697e+00	6.17969e-01
5.01831e-01	-4.09155e-01	3.88126e-01	-8.71860e-01
1.91261e+00	7.96832e-01	5.00232e-01	-3.00876e-01
1.53144e+00	9.92171e-01	9.01239e-01	-8.71132e-01
8.94509e-01	-3.28617e-01	3.87801e-01	-6.22495e-01
1.52073e+00	2.38208e-01	3.33623e-01	3.41684e-01
8.39978e-01	-8.91572e-02	1.80076e+00	-5.22087e-02
1.43194e-01	-6.84931e-01	8.00342e-02	-9.35747e-01
7.10926e-01	4.44641e-01	3.59966e-02	-9.70041e-01
2.07478e-01	-1.07058e-01	1.07126e+00	-3.37766e-02
2.83408e-01	-5.56496e-01	1.48713e+00	-5.34541e-01
8.24280e-05	-7.29167e-01	2.81767e-01	-1.03660e-01
1.54663e+00	1.27616e-01	3.59659e-01	-7.64489e-01
1.67194e+00	8.33074e-01	5.91003e-01	-4.59026e-01
1.05052e-01	-7.64432e-01	1.36136e+00	4.31992e-01
9.75606e-01	9.81073e-01	5.08186e-01	-9.67438e-01
4.94259e-01	-5.01398e-02	1.02793e+00	3.43556e-01
1.59618e+00	9.58370e-01	9.94992e-01	5.40535e-01
5.11628e-01	8.14103e-01	1.15708e+00	2.07786e-01
1.20325e+00	5.33958e-01	6.57155e-01	4.58042e-01
1.39826e+00	-2.70903e-03	3.98873e-02	-8.39799e-01
1.11604e+00	-7.33705e-01	4.44013e-01	8.45717e-01
1.31624e+00	4.88724e-01	8.05345e-01	-5.18470e-01
8.89554e-01	3.32092e-01	1.98422e+00	5.60108e-01
