# No. of particles = 100 
# Proton - Solar wind	Electron - Solar wind	
7.48838e+00	-3.01153e-01	6.14414e+00	3.55938e-01
9.30585e+00	-4.34628e+00	2.81655e+00	1.70943e-01
8.53665e+00	-1.26329e+00	3.32933e+00	2.10274e+00
9.38520e+00	-3.81918e+00	5.74535e+00	1.24629e+00
5.23049e+00	-3.00268e+00	2.28246e+00	8.49993e-02
7.88411e+00	-4.12376e+00	5.17923e-01	-5.99978e-01
9.91390e+00	-4.16974e+00	9.93051e-01	4.02666e+00
8.49174e+00	-3.59584e+00	6.79915e+00	3.27600e+00
7.63611e+00	-2.12291e+00	3.74643e+00	-4.81281e+00
8.53959e+00	-2.78937e+00	7.37907e+00	4.71801e+00
8.59834e+00	-4.36637e+00	2.70912e-01	-2.26196e+00
5.44579e+00	-3.12823e+00	3.30250e+00	-2.86463e-01
8.24908e+00	-1.34008e+00	7.31406e+00	-3.77941e+00
6.98044e+00	-2.15589e+00	7.83876e+00	2.32784e+00
8.80128e+00	-6.28432e-01	9.02586e+00	-3.88262e+00
8.14928e+00	3.05254e+00	5.07274e+00	-7.10054e-01
8.08211e+00	-9.09798e-01	7.76380e+00	-2.35563e+00
6.85441e+00	-1.62909e+00	9.87919e+00	6.80433e-01
7.52480e+00	-1.15736e+00	4.92646e+00	4.25485e+00
8.07452e+00	-7.20629e-01	6.57463e+00	-1.68058e+00
5.85379e+00	7.26934e-02	8.16148e+00	4.25351e+00
8.51678e+00	3.38041e-01	9.48634e+00	4.19662e+00
9.89534e+00	1.38102e+00	6.87655e+00	-8.75928e-01
7.66353e+00	1.15644e+00	9.14014e+00	-2.54582e+00
5.73619e+00	-1.40667e+00	6.19345e+00	-3.60380e+00
9.05633e+00	2.68049e+00	5.71926e+00	3.56995e+00
9.90201e+00	4.68406e+00	7.86391e-01	3.77170e+00
3.56167e+00	2.78914e+00	1.67892e-01	2.25590e+00
8.17354e+00	4.97986e+00	4.09775e+00	-1.77275e+00
8.57630e+00	4.03246e+00	8.27353e+00	-2.33526e+00
6.83867e+00	2.86904e+00	8.27019e+00	-2.28395e+00
8.68837e+00	4.32543e+00	7.03760e+00	7.99274e-01
9.96870e+00	4.30317e+00	8.59833e+00	1.60572e+00
5.17557e+00	1.22470e+00	4.06416e+00	-3.06687e+00
7.17669e+00	-2.14091e+00	5.34369e+00	-4.52949e+00
9.39467e+00	-4.21088e+00	7.22204e+00	-2.90793e+00
7.77002e+00	-4.75576e+00	7.69859e+00	-4.62528e+00
8.16983e+00	-3.67441e+00	7.38907e+00	1.90082e+00
8.95918e+00	-1.56144e+00	7.52309e+00	2.21603e+00
7.48479e+00	-4.57056e+00	4.99804e-01	-4.21251e+00
7.68298e+00	-3.76305e+00	6.28395e+00	-9.96657e-01
7.80298e+00	-1.87105e+00	9.48572e+00	-1.95028e-01
9.57060e+00	7.84304e-01	6.08618e+00	-3.58830e+00
7.44568e+00	-8.20338e-01	6.07586e+00	4.84957e+00
7.92910e+00	-3.06712e+00	5.08526e-03	8.41427e-01
7.28121e+00	-2.71758e+00	7.18324e+00	-4.01763e+00
8.74620e+00	-1.47852e+00	7.61686e+00	-2.95008e+00
7.02801e+00	-1.31157e+00	7.53601e+00	1.07184e+00
7.57952e+00	-8.15777e-01	8.27018e+00	1.46204e+00
6.88320e+00	-1.89576e+00	7.45072e+00	-2.66335e+00
9.34367e+00	3.32637e+00	6.57563e+00	-1.08066e+00
8.16644e+00	-1.92493e+00	4.03814e+00	1.51505e+00
7.62148e+00	-7.15548e-02	6.45898e+00	-2.98232e+00
7.53919e+00	-3.11698e+00	8.40440e+00	-4.84266e+00
9.22041e+00	-7.58569e-01	6.12985e+00	-3.43170e+00
7.91135e+00	8.55882e-01	4.37259e+00	3.13429e+00
8.08232e+00	-4.93907e-01	9.22180e+00	-3.29568e+00
7.66204e+00	1.14291e+00	4.42664e+00	-4.66024e+00
8.91473e+00	-2.89160e+00	7.19707e+00	-4.98555e-01
9.50653e+00	-7.31025e-01	6.13269e+00	3.85197e+00
6.46583e+00	-2.63371e+00	7.61182e-01	5.77547e-02
5.62909e+00	4.00151e+00	8.54363e+00	2.64903e+00
8.06203e+00	9.95595e-01	9.01425e+00	-2.65911e+00
7.76128e+00	4.51156e-01	9.60455e+00	7.56791e-01
6.15692e+00	4.51573e+00	3.06026e+00	-3.42878e+00
6.61607e+00	-1.38432e+00	7.52583e+00	4.52424e+00
7.92632e+00	1.00780e+00	6.24112e+00	1.49063e+00
9.20869e+00	4.54937e+00	7.32947e+00	1.46980e+00
7.28091e+00	1.05801e+00	4.47016e+00	-1.54057e+00
8.14696e+00	3.80668e+00	7.01429e+00	2.73300e+00
8.43161e+00	4.24154e+00	3.40671e+00	3.64702e+00
7.97489e+00	1.79999e+00	8.99347e+00	-3.69439e+00
8.02383e+00	2.17316e+00	8.30843e+00	2.80832e+00
6.44044e+00	9.62108e-01	7.22853e+00	2.17759e+00
8.43994e+00	3.57316e+00	8.32567e+00	-9.75239e-01
6.96721e+00	1.00929e+00	8.90071e+00	7.57602e-01
8.70657e+00	2.25057e+00	8.44263e+00	3.02044e+00
7.88394e+00	3.69763e+00	6.19933e+00	-9.83222e-01
8.62032e+00	2.18140e+00	1.65939e-01	2.89532e+00
8.00865e+00	3.22634e+00	4.15186e+00	1.83560e+00
9.89237e+00	3.41920e+00	9.32896e+00	-4.51431e+00
8.32043e+00	3.79297e+00	7.80467e+00	2.66973e+00
5.84035e+00	3.43095e+00	7.10492e+00	-4.30847e+00
8.48493e+00	-1.17808e+00	7.37363e+00	-1.94859e+00
9.24348e+00	-4.08388e+00	7.59577e-02	3.97632e-01
7.50664e+00	-1.51639e+00	6.23472e+00	-4.34902e-01
9.90842e+00	-4.27997e+00	5.51360e+00	-8.37668e-01
8.56653e+00	-2.04192e+00	7.94674e+00	2.26887e+00
8.05514e+00	-3.36893e+00	8.29260e+00	3.25654e+00
8.70147e+00	-1.92074e+00	6.61744e+00	1.54765e+00
8.13570e+00	-4.22896e+00	5.87586e+00	-2.00960e+00
8.50721e+00	-1.61655e+00	4.62618e+00	-4.12837e-01
8.26864e+00	-4.64008e+00	4.98630e+00	2.39924e+00
5.95728e+00	-4.10005e+00	6.88010e+00	-4.68147e+00
7.32455e+00	-2.47204e+00	9.30152e+00	3.16267e+00
6.82952e+00	-4.95126e+00	2.73961e+00	-6.63910e-01
8.10769e+00	-2.19028e+00	3.89126e+00	2.54693e+00
9.01772e+00	-9.10794e-01	5.53316e+00	3.13181e-01
8.87247e+00	-1.74119e-01	8.55364e+00	4.32138e+00
8.03855e+00	1.46681e+00	9.98134e+00	-2.11547e+00
