# No. of particles = 100 
# Proton - Solar wind	Electron - Solar wind	
9.18942e-02	-8.95078e-01	1.37834e+00	5.83401e-01
9.56364e-01	-1.21046e-01	9.33894e-01	-5.54356e-01
1.62184e+00	3.07980e-01	1.06412e+00	-4.43209e-01
1.34565e+00	8.91585e-01	2.83844e-01	-1.90740e-01
1.17321e-01	-9.85666e-01	1.00488e+00	-3.52591e-01
1.64307e-01	-9.59794e-01	1.65999e-02	-9.83058e-01
1.19395e+00	5.37527e-01	1.78708e+00	-1.84529e-02
1.33927e+00	2.36950e-01	1.33500e+00	8.96978e-02
1.01850e-01	-9.72892e-01	4.49888e-02	-8.55390e-01
1.30831e-01	-5.30362e-01	5.40309e-01	4.12017e-01
1.20813e+00	9.34843e-01	1.39924e+00	-9.99247e-01
1.05558e+00	3.45314e-01	1.45319e+00	3.93433e-01
1.57407e+00	1.20916e-03	1.13270e+00	3.36049e-01
6.56381e-01	6.45516e-01	4.83414e-01	-8.04842e-01
1.09306e+00	-8.17814e-01	1.42586e+00	-2.10880e-01
1.14863e+00	3.41101e-01	1.45133e+00	9.47912e-01
1.62066e-01	1.45588e-02	5.38999e-01	-8.89132e-01
1.46984e-01	-3.23288e-01	5.39731e-02	-3.02642e-01
1.18325e+00	7.34601e-01	1.64162e+00	-1.42429e-01
9.35105e-01	5.87916e-02	6.14215e-01	3.21990e-01
3.94995e-02	-9.96318e-01	1.51266e+00	5.63797e-01
1.04098e+00	2.62287e-01	2.30211e-02	-8.50967e-01
9.45656e-01	1.56832e-01	1.17444e+00	3.16399e-01
3.69544e-01	8.59965e-01	3.01978e-01	-7.98483e-01
1.47702e+00	5.11217e-01	8.82197e-01	-8.72517e-01
2.06832e-02	-8.81926e-01	2.35066e-01	-1.06893e-01
3.89385e-01	2.76344e-01	1.80060e+00	-4.22492e-01
1.93698e+00	5.74971e-02	7.93159e-01	9.41611e-01
2.34357e-01	-9.46426e-01	1.95354e+00	-3.29388e-01
1.86429e+00	9.75154e-01	1.20000e+00	-8.02299e-01
1.62258e+00	-7.48330e-01	8.17680e-01	9.85810e-01
5.56756e-01	-1.28437e-01	2.41948e-01	-9.52818e-01
1.91062e+00	5.90400e-02	1.02104e+00	-7.49385e-01
1.55848e-01	-3.19510e-01	5.58691e-01	2.80543e-01
1.78888e+00	5.01668e-01	5.89439e-01	-8.14121e-01
6.40155e-01	-8.54207e-01	9.06106e-01	2.26518e-01
3.88541e-01	-6.90677e-02	1.96759e+00	-5.86363e-01
1.06878e+00	-7.61216e-01	8.54829e-01	-7.60784e-01
3.59035e-01	-9.20896e-01	3.27054e-01	9.09431e-01
1.06794e+00	-2.18682e-01	7.22841e-02	4.71246e-01
1.71343e-01	-9.44576e-01	1.73859e+00	5.16345e-01
5.37471e-01	3.81637e-01	7.77787e-02	1.27516e-01
4.57736e-01	-4.10752e-01	4.51055e-01	8.33978e-01
4.90193e-01	-4.59665e-01	1.87107e+00	-1.06214e-01
1.27310e-02	-9.74227e-01	4.64140e-02	-9.83111e-01
1.74426e+00	4.32909e-02	8.81096e-01	9.50949e-04
7.64249e-01	-6.66640e-01	1.28473e+00	8.13904e-01
1.79639e+00	-6.89592e-01	2.37054e-02	-8.25172e-01
2.07246e-01	-1.21684e-01	1.29571e+00	9.06905e-01
4.85313e-02	-8.27987e-01	3.57026e-01	-4.44335e-01
1.11450e+00	-2.97670e-01	1.95456e+00	3.62086e-03
1.63265e+00	-5.48310e-01	4.83870e-01	-1.85147e-01
1.21237e+00	2.52786e-01	8.84711e-02	-9.14114e-01
6.65548e-02	-9.32866e-01	1.82508e+00	2.42953e-01
1.29311e+00	5.12265e-01	5.91345e-01	-6.77810e-01
7.80499e-01	-9.55453e-01	4.04671e-01	-9.35310e-01
1.59695e-01	1.84028e-01	1.54740e+00	3.16292e-02
2.58723e-01	-9.46266e-01	1.68100e+00	-1.03411e-01
6.15210e-01	1.57156e-01	1.95394e+00	-8.90567e-02
4.69665e-01	-4.81336e-01	5.52421e-01	2.35489e-01
4.16648e-01	8.05645e-01	2.61829e-01	-9.38227e-01
6.11631e-01	-5.79399e-01	6.13664e-02	8.46492e-01
6.64171e-01	2.22663e-01	4.90385e-01	1.83466e-01
3.13227e-01	-5.52203e-01	3.91502e-01	4.01036e-01
1.48448e+00	-6.15890e-01	1.60182e+00	6.38003e-01
7.74136e-01	-5.39970e-01	1.98540e+00	-9.47879e-02
1.31548e-01	2.94223e-01	8.84982e-01	4.38394e-01
4.39326e-01	-3.06531e-01	7.68899e-01	1.58187e-01
7.90953e-02	-8.67448e-01	8.77183e-01	-3.75050e-01
3.47918e-01	-7.28211e-01	9.96587e-01	7.50481e-01
2.85390e-01	1.51119e-01	1.49059e+00	1.91768e-01
1.18348e+00	8.85043e-01	6.35141e-01	7.02289e-01
4.38985e-01	-2.19504e-01	1.90800e+00	-5.95441e-01
7.79000e-01	5.42355e-01	1.20445e-02	-8.62529e-01
6.68352e-01	-4.10112e-01	7.82370e-01	-4.45809e-01
1.02673e-01	2.25797e-01	5.96849e-01	8.54010e-01
1.55655e-01	-7.04883e-01	1.34523e+00	-8.47012e-01
1.27065e+00	6.05767e-01	1.54117e+00	-2.31817e-02
8.24352e-01	1.74106e-01	6.72930e-01	-1.01619e-01
1.20300e-01	-8.25244e-01	1.57860e+00	-1.02590e-01
2.22885e-01	-8.68922e-02	1.11592e+00	7.52072e-01
9.50268e-01	7.16564e-01	1.80155e+00	9.37825e-01
1.39339e+00	5.42216e-01	1.21834e+00	-6.83348e-02
1.37074e-01	-9.56313e-01	1.89813e+00	3.55181e-01
1.17569e+00	4.54002e-01	1.58164e+00	8.38619e-01
3.30915e-01	3.08660e-01	1.70894e+00	1.90055e-01
4.65404e-01	-3.14952e-01	1.32430e+00	5.47315e-01
6.40517e-01	-8.97052e-01	1.30089e+00	3.80023e-01
1.24254e+00	-5.40413e-01	9.57071e-02	1.16251e-02
3.54046e-01	-9.55410e-01	1.87993e+00	9.06921e-01
1.62580e-01	-5.68170e-01	1.26713e+00	6.44937e-01
8.37043e-01	-1.50167e-02	5.89342e-01	-3.10300e-01
7.24627e-01	4.23009e-01	1.96769e+00	-2.91874e-01
5.12431e-01	-2.79834e-01	1.91082e+00	-8.23600e-01
2.27820e-01	-8.36656e-01	3.15740e-01	-8.94985e-01
1.16547e+00	4.47097e-01	1.19465e+00	2.96811e-01
1.40427e+00	-9.50987e-01	8.24997e-01	-1.74386e-01
2.65091e-01	3.84300e-01	5.88381e-02	-4.35206e-02
8.04900e-02	-8.06972e-01	1.83067e+00	-5.58130e-02
1.29913e+00	-6.90849e-01	1.33233e-01	-9.58094e-01
