# No. of particles = 100 
# Proton - Solar wind	Electron - Solar wind	
1.70027e+00	-2.00670e+00	1.46047e+00	-2.32097e+00
4.52667e-01	-2.40293e+00	3.96203e-01	1.06545e+00
2.42843e+00	-2.36892e+00	1.94727e+00	-1.12946e+00
8.70049e-01	-2.09582e+00	8.62737e-01	7.89533e-01
2.14674e-01	-2.23947e+00	1.18222e+00	-9.00918e-01
1.24767e+00	-2.47765e+00	1.01651e+00	-1.55523e+00
4.06277e-01	-2.17416e+00	1.64811e+00	-1.97103e+00
1.33491e+00	-2.42894e+00	5.17949e-01	-1.43275e+00
1.65739e+00	-1.98837e+00	2.41923e+00	-5.73796e-01
5.82176e-01	-2.48944e+00	1.54935e+00	1.23493e+00
7.48197e-01	-2.25950e+00	2.26716e-01	-2.40521e+00
1.69207e+00	-2.20642e+00	2.19542e+00	-2.00508e+00
5.32960e-01	-2.27049e+00	2.32543e+00	2.38221e+00
2.19737e-01	-2.36984e+00	2.05035e+00	1.48284e+00
2.58163e-01	-2.47905e+00	5.58281e-02	-2.45433e+00
2.00749e+00	-2.36492e+00	1.90754e+00	4.65821e-01
2.49607e-01	-2.36034e+00	2.49233e+00	-1.16345e-01
9.13874e-01	-1.90570e-01	1.89306e-01	-2.30197e+00
2.42674e+00	-2.21777e+00	2.07615e+00	4.71015e-01
2.38171e+00	-6.69122e-01	1.33164e+00	-1.86365e+00
6.19228e-01	-9.13797e-01	2.98779e-01	-1.98316e+00
1.33016e+00	-2.28732e+00	9.49289e-01	-8.34483e-01
3.14133e-01	-2.82096e-01	1.06446e+00	-2.43684e+00
1.07180e-01	-2.39373e+00	2.12599e+00	-2.34578e+00
2.81088e-02	-2.49252e+00	1.52676e-01	-2.58837e-01
1.76310e+00	-2.38231e+00	2.63964e-01	-2.35115e+00
6.00152e-01	-2.42978e+00	5.05713e-02	-2.45264e+00
2.26256e+00	-2.02425e+00	2.16912e+00	-1.28273e+00
8.47145e-01	-2.39107e+00	6.09637e-01	-5.81703e-01
7.40435e-01	-2.39859e+00	1.66926e-02	-2.40995e+00
1.87767e+00	-6.66380e-01	6.63691e-02	-2.44120e+00
2.15658e+00	8.71259e-01	1.68020e+00	-1.10150e+00
4.64025e-01	-2.35428e+00	1.61362e+00	-4.09939e-01
2.02161e+00	-2.24654e+00	3.65487e-01	-2.06429e+00
5.73322e-01	6.32762e-01	1.50286e+00	-1.35759e+00
1.48654e+00	-2.26713e+00	5.76332e-01	-1.14843e-01
1.17891e+00	-1.72671e+00	2.95714e-01	-1.88028e+00
2.31936e+00	-2.00329e+00	2.13543e+00	6.31766e-01
8.32584e-01	-2.36150e+00	1.39936e-01	-4.42277e-01
1.18146e-01	-2.49200e+00	6.22049e-01	-2.43992e+00
4.87829e-01	-2.17609e+00	6.61091e-01	-6.35940e-01
8.95908e-01	-2.20487e+00	1.32741e+00	-1.66438e+00
7.69813e-01	-2.18818e+00	7.04413e-01	-5.11043e-01
1.59771e+00	-2.13407e+00	1.61609e+00	1.80454e+00
1.93641e+00	4.36485e-01	2.30168e+00	-5.91473e-01
8.55706e-01	-2.29324e+00	1.34638e+00	-1.78521e+00
5.42717e-03	-2.48411e+00	5.16432e-01	-3.71649e-01
2.34661e+00	1.18670e+00	2.35382e+00	-8.22416e-01
1.48047e+00	9.93507e-01	2.27211e+00	1.61310e+00
2.32434e+00	-1.84833e+00	3.68272e-01	-2.47935e+00
3.53392e-01	-4.67833e-01	2.39632e+00	-1.44926e+00
4.28314e-01	-2.49272e+00	1.19616e+00	-2.09836e-01
5.90570e-01	-1.01861e+00	1.45681e-01	-2.44499e+00
2.43001e+00	-2.45655e+00	5.61668e-02	-2.32259e+00
1.27004e+00	-2.42584e+00	1.65146e+00	1.64767e-02
1.67276e+00	-1.44521e+00	1.06870e+00	7.52317e-01
2.03941e+00	-1.83091e+00	9.20761e-01	-1.35395e+00
1.88144e+00	-7.59583e-01	8.58561e-01	-1.93911e+00
2.33938e+00	-2.38038e+00	2.05916e+00	-2.15824e+00
9.70515e-01	-2.17850e+00	7.81899e-01	1.73807e+00
5.37841e-01	7.16601e-01	1.37173e+00	5.53167e-01
2.09976e+00	2.15855e-01	1.80179e+00	-4.02057e-01
2.10932e+00	-1.85416e+00	2.12496e+00	9.19163e-01
2.62064e-01	-2.28428e+00	7.34205e-02	-6.84721e-02
8.51926e-01	-2.43417e-01	2.43326e+00	-2.17915e+00
1.14689e-01	-3.19257e-01	1.06427e+00	-1.43122e+00
1.90992e+00	1.59690e-01	1.32981e+00	-3.85499e-01
1.70939e+00	3.08438e-01	2.04784e+00	6.68842e-01
1.56628e+00	-1.92756e+00	1.05548e-01	-2.22624e+00
9.73181e-01	-2.03916e-01	1.28789e+00	-1.04134e+00
2.72445e-01	-8.30725e-01	2.40326e+00	-2.15823e+00
1.19350e+00	-2.44971e+00	1.84056e+00	1.32010e+00
7.17910e-01	-5.85929e-02	1.33000e+00	3.89460e-01
1.14627e+00	-2.39859e+00	2.09212e+00	-1.41664e+00
9.48210e-01	-2.20616e+00	1.85656e+00	-8.12998e-01
9.88735e-01	4.09824e-01	1.51442e-01	-9.08795e-01
1.87036e+00	-2.44858e+00	8.61553e-02	7.61135e-02
5.37556e-01	-2.36235e+00	1.51167e-01	-5.28575e-01
4.22691e-02	-2.33919e+00	1.51491e+00	-1.93986e+00
6.47486e-01	3.71861e-01	8.66484e-01	3.85636e-01
8.07782e-01	-7.95415e-01	3.69467e-01	-2.49003e+00
1.13990e+00	-2.37828e+00	1.65164e+00	-2.96737e-01
3.68369e-01	-2.27201e+00	5.34654e-01	-1.89982e+00
6.91904e-01	-2.40381e+00	2.48214e+00	1.50215e+00
2.21208e+00	2.90499e-01	2.20365e-01	-1.16670e-01
5.66994e-01	-2.37301e+00	1.47043e+00	-2.26839e+00
2.17078e+00	-2.35805e+00	2.86038e-01	-1.32367e+00
1.21189e+00	-2.38041e+00	4.52865e-01	-2.16552e+00
3.47721e-01	-5.26786e-01	2.37131e+00	1.98619e+00
7.51121e-01	-6.00814e-01	6.23629e-01	-2.49144e+00
7.85002e-01	-2.39325e+00	9.16510e-02	-1.17854e+00
1.96164e-01	-2.35448e+00	1.44746e+00	-6.35308e-01
1.25807e+00	-1.46392e-02	1.06137e+00	-7.05722e-03
3.40383e-01	3.22735e-01	2.04976e+00	-2.18684e-01
2.27707e+00	1.52325e+00	5.04439e-01	1.49349e+00
3.04148e-01	9.50476e-01	1.83437e+00	-5.33719e-01
1.25961e+00	-1.70503e+00	2.30217e-02	-2.42561e+00
4.61049e-01	-2.31253e+00	3.37514e-01	-2.41628e+00
2.21139e+00	-2.23465e+00	1.11142e+00	-4.04018e-01
2.11109e+00	-2.97387e-01	1.74274e+00	5.00381e-01
