# No. of particles = 100 
# Proton - Solar wind	Electron - Solar wind	
2.39059e-02	-9.48431e-01	3.49221e-01	2.88955e-01
6.01328e-01	-3.31012e-01	4.31257e-01	-6.35120e-01
3.18768e-01	-7.03413e-01	6.96614e-01	-7.00822e-01
1.33094e+00	-1.89916e-01	1.77543e-01	-7.78377e-01
8.80282e-01	-5.06853e-01	3.25328e-01	-6.99478e-01
3.83784e-01	7.22490e-02	1.74256e-01	-7.88067e-01
3.99576e-01	-9.23641e-01	1.03942e+00	3.87281e-01
2.16425e-01	-6.51754e-01	4.70052e-01	-8.50165e-01
4.48513e-01	-9.59094e-01	6.83317e-01	-3.32088e-01
4.65530e-01	-7.76584e-01	1.13264e+00	1.39822e-01
4.03964e-01	-5.90511e-01	1.33296e-01	-7.29438e-01
1.41397e+00	8.75443e-01	2.45777e-01	-8.10184e-01
1.97641e+00	2.33120e-01	4.63370e-01	-8.94302e-01
6.58362e-01	-1.43232e-01	4.18437e-01	4.43599e-01
1.63335e+00	-7.86524e-01	9.05396e-01	-1.87454e-01
5.08990e-01	-5.05952e-01	1.52636e+00	9.70886e-02
1.33468e+00	-4.57554e-01	1.66574e-01	-8.34631e-01
1.73880e-01	7.82496e-02	1.12297e+00	1.89272e-02
1.29077e+00	-5.91592e-01	1.04088e+00	-4.35111e-01
4.25607e-01	-4.52828e-01	1.78769e-01	-7.18371e-01
1.64692e+00	-2.47828e-01	4.27164e-01	-4.27418e-01
2.95999e-01	-3.01963e-01	8.58066e-01	2.40896e-01
6.46700e-01	-8.25010e-01	1.12351e+00	6.67577e-01
4.78145e-01	-4.91001e-01	2.69040e-01	-3.02665e-01
1.93758e+00	-2.95632e-01	2.96576e-01	5.76519e-01
1.19437e+00	2.11624e-01	2.59618e-01	1.88516e-01
8.12829e-01	7.27497e-01	1.22988e+00	7.15629e-01
3.20042e-01	4.13888e-01	1.27664e+00	9.19430e-02
9.95922e-01	-8.43138e-01	1.43804e-01	-3.26596e-01
5.24036e-01	1.06887e-02	1.33397e+00	7.35970e-01
4.35368e-01	-4.37756e-01	2.23616e-01	-8.32386e-01
2.30700e-02	-9.33806e-01	3.81809e-01	5.01810e-01
1.41732e-01	-4.26240e-01	1.17496e+00	3.86659e-01
1.30528e-01	-8.12874e-01	3.05233e-01	-2.54988e-01
5.88507e-01	3.59163e-01	4.64379e-01	3.69685e-01
9.93332e-01	-8.31403e-01	8.11566e-01	-8.21009e-01
6.83617e-01	9.58475e-01	1.00123e+00	-4.87734e-02
1.68865e+00	-6.87092e-01	1.98721e+00	-9.02953e-01
1.78460e+00	-7.51053e-01	6.29895e-01	1.13582e-01
1.67616e-01	-6.61052e-01	3.44920e-02	-6.25599e-01
3.56507e-01	-6.24045e-01	4.44284e-01	-6.25257e-01
1.18427e+00	9.31275e-01	5.31533e-01	1.20776e-01
6.72248e-01	1.42347e-01	9.96616e-01	3.76527e-02
6.15009e-01	-2.17798e-01	2.12235e-01	-5.45544e-01
9.91461e-02	-6.48395e-01	1.66218e+00	8.87847e-01
4.20244e-02	-9.44333e-01	1.19832e+00	-5.29816e-01
3.04897e-01	-5.02758e-01	1.08907e+00	9.35730e-01
1.58106e-01	-8.54737e-01	8.10630e-01	7.06331e-01
3.30404e-01	6.19954e-01	1.04969e+00	3.68945e-02
1.87488e+00	-2.72796e-01	1.82795e+00	-7.67517e-01
1.89350e+00	8.62892e-02	3.89082e-01	-8.24681e-01
5.74360e-01	3.29613e-01	1.35963e+00	7.71716e-01
1.43565e-01	-6.13005e-01	8.85603e-01	3.09940e-01
3.34198e-01	-4.81043e-01	1.64885e+00	3.21758e-01
4.82167e-01	1.05647e-02	2.45302e-01	5.78054e-02
1.43856e-01	-9.90229e-01	6.05703e-01	-7.30060e-01
1.08484e-01	-8.92235e-01	1.40101e-01	-2.03762e-02
1.40750e+00	-5.90382e-01	1.71046e+00	-2.85532e-01
6.25502e-01	-3.44173e-01	1.01195e+00	-1.43980e-01
7.90659e-01	-6.24005e-02	1.00553e+00	5.85789e-02
7.99236e-01	-4.99160e-01	3.17981e-02	-9.52587e-01
6.89384e-01	-6.81168e-01	1.37840e+00	-2.27860e-01
7.12158e-02	-9.48536e-01	7.22456e-01	-7.89437e-01
6.34816e-02	-4.48385e-01	8.81874e-01	-5.83283e-01
9.50581e-02	-3.63672e-01	4.23951e-02	-9.59248e-01
1.05722e+00	-4.95233e-01	1.11401e+00	-9.18198e-01
1.13153e-01	-8.15949e-01	2.24327e-01	-7.55571e-01
9.85324e-01	9.45142e-01	4.59382e-01	-9.67268e-01
8.79076e-01	5.89563e-01	1.01736e+00	9.94959e-01
4.02041e-02	-8.33254e-01	1.58986e-01	-7.19289e-01
1.51618e-01	-8.91903e-01	9.51355e-01	1.16947e-01
2.72918e-01	-9.76065e-01	5.62680e-01	-1.83836e-02
5.94153e-01	3.69462e-01	3.37591e-01	-3.89816e-01
2.31430e-01	-9.50091e-01	4.08479e-01	2.68590e-02
6.93144e-01	-3.99663e-01	1.03968e+00	-6.33856e-02
1.69642e-01	3.40285e-01	1.68772e+00	4.19932e-01
4.41764e-01	-9.96341e-02	5.22325e-01	-7.15991e-01
1.00552e-01	-1.60292e-01	1.68878e+00	1.04587e-01
3.06198e-02	-8.46849e-01	7.70755e-01	3.71419e-01
1.31634e-01	-4.28990e-01	1.24578e+00	-2.58292e-02
1.40749e-01	-7.68063e-01	1.39779e+00	-2.51763e-01
3.91053e-01	-8.40723e-01	7.75446e-02	-9.59012e-02
1.74894e+00	9.67231e-01	4.70643e-01	-1.58636e-01
5.94038e-01	-8.78525e-01	1.22295e+00	-1.34533e-01
5.24973e-01	4.06811e-01	4.18676e-02	-5.65619e-01
3.68713e-01	5.86390e-01	3.16456e-01	-1.10370e-01
4.77880e-01	-2.04859e-01	3.92448e-02	8.49420e-02
1.40836e-01	-9.04307e-01	5.80375e-01	-2.21925e-01
1.43629e+00	-3.63195e-01	1.20585e+00	-7.16932e-02
8.88902e-01	-9.53673e-01	5.53067e-01	-3.74992e-01
1.70722e-01	-4.63325e-01	4.25050e-01	2.66542e-01
7.52486e-01	-6.26434e-01	1.26505e+00	-6.01848e-02
8.29750e-01	7.93034e-01	1.62830e+00	4.89653e-01
5.94480e-01	1.55480e-01	8.45072e-01	2.05253e-01
2.50467e-01	-8.02124e-01	4.14210e-01	-1.01984e-01
1.69237e+00	1.67611e-01	4.91987e-01	5.36243e-01
3.72454e-01	3.97729e-01	2.45923e-01	-4.98282e-01
5.77781e-02	-3.73627e-01	1.69938e+00	4.30815e-01
1.38560e-01	-2.83586e-01	1.09652e+00	8.06159e-01
6.47094e-01	-2.85148e-01	9.03962e-02	-2.53288e-01
