# No. of particles = 100 
# Proton - Solar wind	Electron - Solar wind	
2.88315e-01	3.29141e-01	8.77988e-01	1.59644e-01
2.26523e-01	-5.24225e-01	8.74360e-01	-5.74232e-01
3.54835e-01	-7.17408e-01	1.34445e+00	1.44815e-01
2.39142e-01	5.52588e-01	6.27670e-01	-7.70677e-01
3.09413e-02	-9.80219e-01	1.38226e+00	-8.31359e-03
1.03834e-01	-8.89244e-01	1.85455e+00	5.40678e-02
1.81683e+00	7.05091e-01	6.53382e-01	-5.85659e-01
4.32676e-02	-9.88654e-01	1.46886e-01	-6.12613e-01
1.21041e+00	-5.24498e-01	4.70447e-01	3.20550e-01
2.28604e-01	-3.95737e-01	2.56001e-01	-7.39723e-01
1.08603e+00	5.16366e-01	1.83013e+00	-2.12285e-01
2.44507e-01	-6.90817e-01	6.40147e-01	-6.64266e-01
7.37319e-01	-5.46158e-01	2.79867e-01	-8.07637e-01
1.19572e+00	7.94518e-01	6.74399e-01	-7.78775e-01
3.82919e-01	4.46177e-01	1.62800e+00	3.81694e-01
1.46944e+00	-1.57291e-01	9.31636e-01	-6.25218e-01
6.37113e-02	-5.66712e-01	3.46062e-01	4.75910e-01
2.63413e-01	-8.71889e-01	1.26339e+00	-3.60188e-02
1.05021e+00	6.10439e-01	1.48878e+00	-1.91107e-01
5.02930e-01	-3.11255e-02	9.79813e-02	-8.27979e-01
2.43896e-01	-6.67355e-01	5.29699e-01	4.98213e-01
5.62655e-01	-2.61902e-01	1.04761e-02	7.86964e-01
9.47583e-02	-5.06849e-01	2.39608e-01	-7.54677e-01
1.84511e-01	-3.54542e-02	5.80377e-01	-6.34588e-02
1.91852e+00	-6.03784e-01	1.43346e+00	9.48601e-01
3.39971e-01	-1.73657e-02	1.20870e+00	-8.87657e-01
9.13655e-02	-1.63203e-01	5.87365e-01	-4.85924e-01
1.61724e+00	4.53459e-01	3.31721e-01	-5.83906e-01
1.10487e-01	-9.67308e-01	3.10048e-01	-5.84457e-01
1.84946e+00	-2.38291e-01	6.75186e-01	-2.26002e-01
5.77809e-01	-6.25758e-01	1.30333e-02	-9.85855e-01
1.93323e+00	-2.50587e-01	3.66505e-01	6.54589e-02
4.61251e-02	-9.81273e-01	7.03032e-01	-6.14913e-01
6.30499e-01	6.02648e-01	5.81318e-02	-9.67866e-01
7.27657e-01	-5.19593e-01	5.63057e-01	-5.34582e-01
1.37315e+00	-5.21268e-03	1.36321e+00	7.78716e-01
1.04650e+00	-7.21467e-01	1.78138e+00	2.15634e-01
4.05244e-01	7.15281e-01	1.26592e+00	-6.54562e-01
3.73455e-01	8.65087e-01	3.13690e-01	-6.88347e-01
8.89073e-01	1.80161e-01	4.76041e-02	-9.14972e-01
1.86426e-01	-8.08805e-01	4.74514e-01	3.07643e-01
1.80709e+00	-5.32211e-01	1.01988e+00	7.09289e-01
4.57511e-02	-9.56453e-01	1.72456e+00	-8.00978e-01
1.44023e-01	-4.84497e-01	1.69790e+00	3.26921e-01
2.38388e-02	-9.77307e-01	1.87169e+00	-9.86354e-02
1.32757e+00	-7.98536e-02	4.68166e-01	-6.89814e-01
1.03709e+00	-2.41779e-01	2.23718e-02	-9.75819e-01
1.83168e+00	-7.10984e-01	5.12716e-01	-2.29600e-02
2.31922e-01	-7.66569e-01	1.87924e+00	-3.21840e-02
1.97726e-01	-3.31215e-03	9.93500e-01	-9.53602e-01
5.40176e-01	1.78616e-01	4.67790e-01	-8.03275e-01
9.23462e-01	-3.74135e-01	1.34458e+00	9.10968e-01
1.22006e+00	6.57868e-01	1.79779e+00	3.62589e-02
9.15918e-01	3.75605e-01	2.40745e-02	-1.02092e-01
1.00545e+00	1.91019e-01	1.22474e-01	-8.03221e-01
1.95590e+00	-2.51137e-01	2.91420e-01	-2.72631e-01
1.17394e-01	-9.96064e-01	7.52121e-01	-6.97962e-01
2.31752e-01	-1.73248e-01	1.79191e+00	4.48210e-01
1.62348e-01	7.24385e-01	1.03823e+00	-8.84777e-02
5.37748e-01	-4.46566e-01	6.30095e-01	-2.12834e-01
6.63180e-02	-4.62837e-01	6.20797e-01	-7.09019e-01
5.10732e-01	-4.38360e-01	1.02355e+00	7.45908e-01
1.50996e+00	7.14202e-02	1.15948e+00	4.34614e-01
1.37842e+00	3.01108e-01	1.29989e+00	9.65514e-01
1.21863e+00	-7.01381e-01	1.05688e+00	-4.15117e-01
1.27069e-02	-9.82062e-01	1.58955e+00	-2.08646e-02
1.66872e+00	-2.16850e-01	2.53296e-01	3.93660e-02
2.97754e-01	2.85112e-01	1.14813e+00	3.48304e-01
4.97765e-01	-1.10973e-01	1.75348e+00	-8.08157e-01
1.42938e+00	8.32376e-01	4.15311e-01	-6.04891e-01
4.42567e-01	2.57044e-01	6.50636e-01	-7.64582e-01
2.46505e-01	-1.29105e-01	5.53815e-01	1.47003e-01
1.52042e+00	6.31453e-01	4.47137e-01	1.87299e-01
3.29149e-01	1.76452e-01	5.75938e-02	5.57250e-02
3.88230e-01	-7.02869e-01	6.10267e-01	-3.09625e-01
7.78667e-02	8.55640e-01	1.91396e+00	4.06637e-01
2.13226e-01	-7.03665e-01	2.30449e-01	4.47809e-01
1.35019e+00	-1.91065e-01	1.37863e+00	6.97034e-01
1.58042e+00	6.73342e-01	3.87485e-01	1.95181e-01
1.69689e-01	-8.61274e-01	1.69750e+00	7.07626e-01
1.03932e+00	-3.69993e-01	7.89572e-01	-3.15354e-01
1.81432e+00	-1.42525e-02	2.22324e-01	-3.13738e-02
5.44038e-01	-4.13082e-01	8.56423e-01	-5.41456e-02
7.20206e-01	2.11612e-01	8.38900e-01	3.36331e-01
1.38081e-01	-7.55153e-01	1.03128e+00	-2.40426e-01
1.50479e-01	-3.18241e-01	9.33051e-01	-5.10105e-01
1.97736e-01	-6.74056e-01	4.71107e-02	-9.96490e-01
1.28946e-01	9.74833e-01	1.86791e+00	-9.11421e-02
6.03614e-01	-1.38950e-01	7.74827e-01	7.05520e-01
1.36010e+00	-7.35966e-01	5.57690e-01	7.37204e-01
8.36282e-02	-8.60864e-01	5.06071e-01	8.70668e-01
8.00869e-01	6.41505e-01	1.32286e+00	3.22317e-01
3.76931e-01	-2.96115e-01	1.72147e+00	5.60324e-01
1.08304e+00	3.25009e-01	1.49492e+00	-5.53825e-01
1.68938e-01	9.91614e-01	8.70852e-01	6.06881e-01
1.23487e+00	7.97783e-01	1.58624e+00	7.81236e-01
2.56747e-01	-8.19392e-01	2.47130e-01	5.35328e-04
1.42296e+00	-3.09799e-01	1.08199e+00	3.63723e-01
8.63320e-01	2.89264e-01	1.82791e+00	8.23681e-01
1.42519e+00	-8.66221e-01	4.12699e-01	-7.84578e-01
