# No. of particles = 100 
# Proton - Solar wind	Electron - Solar wind	
2.65129e-01	2.22815e-01	1.24448e+00	1.50781e-01
1.86375e-01	-6.09099e-01	1.67424e-02	-2.93970e-01
3.28698e-01	-7.39234e-01	1.39455e-01	6.22429e-01
2.26382e-01	4.26378e-01	3.92853e-01	-8.36173e-01
5.18561e-01	9.48045e-01	1.90856e+00	3.40047e-01
1.00130e-01	-9.67233e-01	5.23557e-01	-1.42176e-01
1.72124e+00	6.11787e-01	1.71763e+00	-1.13720e-01
2.98846e-02	-9.81463e-01	1.85875e-01	-4.47990e-01
1.09120e+00	-5.72213e-01	1.30835e-01	-6.86635e-01
2.13938e-01	-4.41279e-01	5.36948e-01	-5.88641e-01
1.07227e+00	4.95886e-01	4.91264e-01	-5.91543e-01
2.27724e-01	-7.12671e-01	1.26720e+00	2.22870e-01
7.19537e-01	-5.57768e-01	6.04628e-01	-9.07639e-01
1.14276e+00	7.14636e-01	1.31688e+00	2.79004e-01
3.68689e-01	3.72686e-01	1.57293e+00	4.26327e-01
1.31521e+00	-2.43471e-01	4.94186e-02	-9.06472e-01
6.24198e-02	-6.30478e-01	1.20605e-01	-7.27642e-01
1.51833e-01	-9.63508e-01	5.12391e-01	-5.89775e-01
1.02209e+00	5.66542e-01	9.03420e-02	3.87658e-01
4.76859e-01	-7.98854e-02	3.52007e-01	2.18543e-02
2.24280e-01	-7.02972e-01	1.87282e+00	-1.94115e-01
5.25609e-01	-3.17843e-01	6.72835e-02	-5.85440e-01
8.90310e-02	-7.24375e-01	2.77777e-01	4.05526e-01
1.81179e-01	-5.40815e-02	2.82624e-01	-4.95418e-01
1.82232e+00	-6.24179e-01	1.64474e+00	3.26933e-01
3.24126e-01	-6.40524e-02	1.68206e-01	-9.56604e-01
8.44958e-02	-2.34220e-01	9.12297e-01	7.67104e-01
1.59868e+00	4.37448e-01	8.73376e-01	3.61739e-01
1.98444e+00	-2.53642e-01	1.72319e+00	-6.74837e-01
1.78036e+00	-2.67130e-01	6.58411e-02	-4.87531e-02
4.16725e-01	-7.47346e-01	3.35005e-01	9.36949e-01
1.91679e+00	-3.45262e-01	3.10812e-01	-9.58198e-01
7.59002e-01	9.21058e-01	8.91040e-01	-2.05852e-01
5.86419e-01	4.83023e-01	1.95870e+00	5.39188e-01
5.91429e-01	-6.11831e-01	9.58429e-01	7.28666e-01
1.32677e+00	-4.02368e-02	1.33637e+00	-5.33072e-01
9.84206e-01	-7.37853e-01	9.48647e-01	-8.65937e-01
3.86505e-01	6.93112e-01	1.89746e-01	-8.24969e-01
3.65083e-01	8.20539e-01	1.78333e+00	-6.74274e-01
8.43827e-01	1.20994e-01	1.60853e+00	7.61917e-01
9.20346e-02	-9.71764e-01	5.62526e-02	-5.17955e-01
1.70516e+00	-5.57709e-01	3.53706e-02	9.37307e-02
8.28221e-01	9.92221e-01	1.26662e+00	5.11477e-02
1.16120e-01	-5.95101e-01	2.81271e-01	-7.71226e-01
3.86742e-01	9.39712e-01	1.75922e+00	7.67664e-04
1.24257e+00	-1.41661e-01	1.35133e+00	-5.26956e-02
1.01501e+00	-2.58236e-01	1.71531e+00	-3.55425e-02
1.77191e+00	-6.81665e-01	1.57200e+00	3.89826e-01
1.69811e-01	-8.38141e-01	1.81031e+00	-1.96769e-01
5.63957e-02	-7.14037e-02	1.99578e+00	2.39502e-01
4.48894e-01	-2.47747e-02	3.60620e-01	-7.48008e-02
8.90883e-01	-3.96067e-01	5.05814e-02	-9.65459e-01
1.17709e+00	6.41624e-01	2.51403e-01	4.52652e-01
8.92807e-01	3.40792e-01	2.35938e-01	-8.73940e-01
9.82710e-01	1.63260e-01	3.24770e-01	-7.20670e-01
1.90206e+00	-2.72536e-01	1.86161e+00	-1.45354e-01
8.40383e-02	-9.93860e-01	5.54928e-01	-4.42856e-01
1.56295e-01	-9.40423e-02	9.72231e-01	5.38774e-01
1.56197e-01	6.57731e-01	1.08120e+00	9.99192e-01
4.91008e-01	-5.00757e-01	9.96669e-01	-2.62286e-01
5.40659e-02	-3.73434e-01	1.06182e+00	-6.51613e-01
4.47651e-01	-5.08351e-01	1.81842e+00	7.55546e-01
1.45444e+00	3.20713e-02	9.85443e-01	-3.41540e-01
1.30624e+00	2.33050e-01	1.81132e+00	6.66103e-02
1.17375e+00	-7.12737e-01	8.76265e-01	3.69164e-01
5.04918e-01	9.91942e-01	1.72109e+00	5.41677e-01
1.81464e+00	-1.80147e-01	1.23345e+00	5.35039e-01
2.66039e-01	1.47346e-01	3.21165e-01	-6.10706e-01
4.84024e-01	-1.34830e-01	1.82033e+00	-4.91163e-01
1.39398e+00	7.84221e-01	8.81138e-02	-9.63863e-01
4.29445e-01	2.18433e-01	3.08349e-01	-8.02115e-02
2.26385e-01	-2.59785e-01	1.30979e-01	-7.40308e-01
1.47816e+00	5.86488e-01	2.71296e-01	6.16779e-01
2.98932e-01	4.22425e-02	2.33706e-01	-1.12563e-01
3.82708e-01	-7.08692e-01	9.47679e-01	3.91254e-01
7.32178e-02	7.29938e-01	9.05522e-01	2.56116e-01
1.49750e-01	-7.85315e-01	1.11185e+00	7.91366e-01
1.40289e+00	-1.77599e-01	1.87106e+00	1.76261e-01
1.55950e+00	6.65465e-01	1.36920e-01	-6.38724e-01
8.52484e-02	-9.75960e-01	1.04711e+00	5.30368e-01
9.36438e-01	-4.40483e-01	3.23744e-01	-6.71533e-01
1.83214e+00	-2.99507e-02	9.06685e-01	-7.24142e-01
5.25707e-01	-4.33167e-01	5.23602e-01	6.71440e-01
6.71045e-01	1.29505e-01	7.01742e-02	6.48880e-01
1.02710e-01	-8.29328e-01	3.62098e-01	-1.16368e-01
1.47083e-01	-3.31334e-01	8.17366e-01	8.77340e-01
1.92579e-01	-6.81334e-01	7.87249e-01	8.87756e-01
1.28368e-01	9.22275e-01	6.23660e-01	-7.80511e-01
5.45100e-01	-1.55505e-01	1.62784e+00	4.94158e-01
1.30306e+00	-7.47584e-01	3.89482e-01	2.63152e-01
8.24926e-02	-8.66802e-01	1.13242e+00	2.19292e-02
7.89807e-01	6.20326e-01	1.60406e+00	2.84613e-01
3.69772e-01	-3.11230e-01	1.83568e+00	2.62965e-01
1.05116e+00	2.85770e-01	4.95383e-01	8.38415e-01
1.64951e-01	9.56208e-01	6.20106e-01	5.90675e-01
1.21955e+00	7.74767e-01	2.53251e-01	-1.13209e-02
1.86045e-01	-8.70199e-01	3.83562e-01	2.55743e-01
1.34953e+00	-3.46143e-01	1.75491e+00	-1.94734e-02
8.35321e-01	2.76956e-01	9.42371e-01	4.13857e-01
1.29131e+00	-8.78032e-01	1.21168e+00	9.54200e-02
