# No. of particles = 100 
# Proton - Solar wind	Electron - Solar wind	
1.87863e-01	-1.33251e-01	3.63680e-01	-3.30310e-01
5.20758e-02	-8.93485e-01	4.13462e-01	4.26734e-01
2.40924e-01	-8.12296e-01	1.31465e+00	1.01857e-01
1.83785e-01	3.63190e-03	1.24336e-01	-7.32367e-01
4.50325e-01	6.93464e-01	7.55238e-02	-8.60474e-01
8.34505e-01	5.96273e-01	5.29689e-01	-8.57640e-01
1.40082e+00	2.99099e-01	2.90083e-02	-9.87218e-01
1.60711e+00	9.80228e-01	5.41842e-01	9.00123e-01
6.91808e-01	-7.31956e-01	1.51185e+00	-2.73738e-01
1.64815e-01	-5.93943e-01	5.92555e-01	1.63027e-01
1.02593e+00	4.26963e-01	8.96486e-01	-7.60597e-01
1.71580e-01	-7.85900e-01	6.15110e-02	-7.70122e-01
6.60125e-01	-5.96241e-01	1.03818e+00	-1.80275e-01
9.65258e-01	4.46893e-01	1.44933e+00	6.49432e-01
3.21274e-01	1.26505e-01	1.88992e+00	-2.63223e-01
7.98546e-01	-5.32072e-01	6.02552e-03	-7.08253e-01
5.85015e-02	-8.44161e-01	6.02162e-02	-9.26573e-01
3.92785e-02	6.92759e-01	2.01283e-01	-8.83001e-01
9.27495e-01	4.19292e-01	1.08715e-01	6.67787e-01
3.89632e-01	-2.43467e-01	1.23948e+00	8.78028e-01
1.58665e-01	-8.22299e-01	4.05362e-01	-8.93456e-01
4.01425e-01	-5.04916e-01	4.91302e-01	4.21682e-01
1.85268e+00	1.50556e-01	6.82735e-03	-9.93793e-01
1.70230e-01	-1.16605e-01	1.68510e+00	-2.99608e-01
1.49998e+00	-6.92445e-01	1.50296e+00	2.08097e-01
2.71379e-01	-2.20845e-01	1.91165e+00	-6.83378e-01
6.17388e-02	-4.72085e-01	1.52176e+00	-2.69538e-01
1.53625e+00	3.83829e-01	5.58692e-01	-8.76491e-01
1.52443e+00	-4.41405e-01	1.64781e-01	4.33471e-01
1.54856e+00	-3.63440e-01	1.78031e+00	9.87618e-01
1.08327e+00	8.66502e-01	2.84847e-01	-7.43938e-01
1.50296e+00	-4.84651e-01	1.44513e+00	-7.13647e-01
6.27132e-01	5.87135e-01	1.89005e+00	-9.07957e-01
4.39025e-01	8.22585e-02	5.55912e-01	1.00929e-01
1.34896e-01	-9.20727e-01	1.95234e+00	5.68696e-01
1.17142e+00	-1.57746e-01	1.47329e+00	6.59575e-01
7.75450e-01	-7.92639e-01	1.54155e+00	-6.07025e-01
3.23940e-01	6.18808e-01	3.15553e-01	1.16591e-01
3.37103e-01	6.71301e-01	5.46041e-01	-7.90078e-01
6.92044e-01	-7.68575e-02	1.69716e+00	-3.95792e-01
6.02434e-01	-8.43922e-01	7.31995e-01	-6.73578e-01
1.36351e+00	-6.42961e-01	1.83571e-02	-6.99659e-01
7.97022e-01	9.18028e-01	1.37354e+00	-2.83345e-01
2.29385e-02	-9.65683e-01	1.86082e+00	-1.88866e-01
3.08779e-01	4.41454e-01	1.31589e+00	5.21042e-01
9.57896e-01	-3.48617e-01	1.97522e-01	9.61195e-02
9.41084e-01	-3.13335e-01	3.66503e-01	-9.89038e-01
1.57158e+00	-5.83429e-01	1.84850e-01	-5.09681e-01
1.48916e+00	9.58759e-01	1.75232e+00	3.72171e-02
1.79011e+00	4.75116e-02	1.44787e+00	1.33619e-01
1.43240e-01	-7.06055e-01	8.33012e-01	-8.03818e-01
7.81490e-01	-4.69742e-01	1.64601e-01	7.02657e-01
1.03310e+00	5.87068e-01	3.86612e-01	4.24909e-01
8.15139e-01	2.24122e-01	9.93745e-01	1.12280e-01
9.06232e-01	7.07110e-02	1.39842e+00	4.47615e-01
1.72143e+00	-3.44011e-01	2.42712e-02	-9.80699e-01
1.86746e+00	2.45642e-01	7.15243e-01	-6.87640e-02
1.87077e+00	2.01354e-01	1.80236e+00	-9.50439e-01
1.35732e-01	4.34455e-01	9.58561e-02	-5.69698e-01
3.34339e-01	-6.82063e-01	1.28893e+00	-9.53463e-02
1.33891e-02	-7.40565e-02	1.97831e+00	5.94482e-01
2.36217e-01	-7.42669e-01	1.55608e+00	2.76224e-01
1.26878e+00	-9.99023e-02	1.97566e+00	-5.30310e-01
1.06434e+00	5.29642e-03	6.26956e-01	-4.99458e-02
1.02338e+00	-7.50685e-01	1.79113e+00	6.59029e-01
3.70341e-01	3.80356e-01	1.87473e+00	-9.45116e-01
4.16946e-01	8.22419e-01	1.61827e+00	-1.00025e-01
1.60196e-01	-3.14240e-01	1.22036e+00	-7.37011e-01
4.38119e-01	-2.14972e-01	1.58211e-01	-2.50687e-01
1.27544e+00	6.22810e-01	2.22720e-01	-8.38262e-01
3.85780e-01	8.93017e-02	1.27841e+00	-8.09441e-01
1.59210e-01	-6.97545e-01	1.13568e-01	-6.72904e-01
1.33676e+00	4.35657e-01	9.64535e-02	2.39072e-01
1.98169e-01	-4.07475e-01	6.51545e-02	-8.98038e-01
3.63898e-01	-7.28066e-01	1.17677e+00	-1.46780e-01
5.80823e-02	3.08855e-01	1.43989e+00	-2.27685e-01
6.18304e-03	1.14395e-01	1.55906e+00	5.49617e-01
1.57975e+00	-1.32373e-01	1.73230e+00	-2.05552e-01
1.48932e+00	6.38698e-01	1.44700e+00	-4.70084e-01
6.24255e-01	5.23075e-01	4.82842e-01	7.88682e-01
5.91757e-01	-6.76520e-01	5.10039e-01	8.76494e-01
1.89136e+00	-8.23477e-02	9.14329e-01	3.04122e-01
4.64267e-01	-5.00256e-01	1.93032e+00	-4.99693e-01
5.06444e-01	-1.45280e-01	5.85911e-01	2.98924e-01
1.16211e-02	9.44962e-01	1.33399e-01	-5.11725e-01
1.35869e-01	-3.75236e-01	8.68935e-01	8.49483e-01
1.75459e-01	-7.05789e-01	3.75320e-01	-6.97699e-01
1.26559e-01	7.45998e-01	9.01019e-02	-5.63178e-01
3.49179e-01	-2.11155e-01	7.63744e-01	-7.71332e-01
1.11197e+00	-7.86412e-01	2.02190e-01	-5.98703e-01
7.88523e-02	-8.86477e-01	1.28603e+00	1.73768e-01
7.52514e-01	5.49046e-01	1.84529e+00	5.31448e-01
3.45990e-01	-3.61613e-01	5.43698e-01	-6.51115e-01
9.44092e-01	1.54420e-01	1.90305e+00	1.50313e-01
1.51551e-01	8.37219e-01	1.42962e+00	7.15805e-01
1.16821e+00	6.97587e-01	2.12170e-01	-8.92581e-01
1.91071e+00	8.35250e-01	3.26929e-01	7.01271e-01
1.10356e+00	-4.67927e-01	1.02349e+00	4.61047e-01
7.41345e-01	2.35827e-01	7.66194e-02	-5.66986e-01
8.42720e-01	-9.17559e-01	1.90676e+00	6.99578e-01
