# No. of particles = 100 
# Proton - Solar wind	Electron - Solar wind	
4.39032e-01	7.66806e-01	1.25233e+00	-2.20074e-01
2.92447e-01	-7.78619e-01	2.78854e-02	-9.21154e-01
1.47006e+00	1.86689e-01	1.06326e+00	9.53930e-01
9.19861e-01	2.93574e-01	9.72104e-01	-8.49818e-01
5.11716e-01	6.66083e-01	2.54914e-01	-6.93373e-01
1.26759e+00	5.63929e-01	3.73048e-02	-7.72664e-01
9.68463e-01	2.48524e-01	1.86305e-01	2.43051e-01
8.26715e-01	-2.54149e-01	8.26775e-01	5.13861e-01
8.63223e-01	9.91822e-01	1.27272e+00	1.96871e-01
8.21785e-01	7.38131e-01	1.69373e+00	-6.31134e-01
8.89587e-01	3.63433e-01	2.12144e-02	-6.07337e-02
9.59143e-01	2.19919e-01	1.72996e-01	-2.51427e-02
1.47567e+00	-6.41409e-02	1.02248e+00	1.23550e-01
5.34193e-01	3.04000e-01	1.17392e+00	6.25282e-01
9.37361e-01	-8.42890e-01	1.04860e+00	-3.66171e-01
7.52841e-01	-1.16537e-01	7.70357e-01	-5.42223e-01
1.00538e-01	-4.30203e-01	7.15601e-01	-6.18393e-01
1.23251e-01	-4.42602e-01	1.06777e+00	-4.45563e-01
9.48977e-01	3.90309e-01	1.56353e-01	-9.44911e-01
6.09392e-01	-3.20512e-01	5.16983e-03	-9.99375e-01
1.07949e+00	8.13692e-01	1.81582e+00	-1.31982e-01
6.17431e-01	-2.57635e-01	1.66595e+00	-7.38799e-01
2.60443e-01	-6.97517e-01	4.58158e-02	-9.85607e-01
3.46303e-01	7.53504e-01	1.18477e+00	6.93459e-01
8.47254e-01	-1.61144e-01	4.15874e-01	-3.97729e-01
1.33806e+00	-8.54060e-01	1.51048e+00	1.73337e-01
2.49034e-01	1.62461e-01	1.32752e+00	-7.56858e-01
5.48552e-01	6.14198e-01	1.09550e+00	-8.10869e-01
7.44745e-01	-2.84320e-01	1.85079e+00	-2.08901e-01
1.63186e+00	7.30881e-01	1.08995e+00	-2.80445e-01
1.89969e+00	-5.24069e-01	8.33946e-01	6.41743e-01
2.43576e-01	-6.37505e-01	7.50069e-01	-1.94410e-01
3.76081e-01	5.80060e-01	2.13015e-01	-8.39361e-01
1.00132e-01	-7.32539e-01	1.20126e-01	-4.10224e-02
1.21440e+00	2.34272e-02	7.03936e-01	6.46382e-02
5.33210e-01	-8.77485e-01	9.49982e-01	8.44153e-01
2.78969e-01	-3.56894e-01	5.98567e-01	-7.88501e-01
8.91492e-01	-8.00180e-01	1.35882e+00	4.28461e-01
4.68056e-03	-9.45159e-01	1.63940e+00	-3.45329e-01
7.88552e-01	-4.59245e-01	1.63055e-01	7.20835e-01
2.24152e-01	4.44291e-01	7.28606e-01	-7.85096e-01
3.39283e-01	2.43109e-01	7.97612e-01	-3.53697e-01
3.40750e-01	-5.87688e-01	1.15893e+00	-6.04478e-02
4.24952e-01	-5.50222e-01	2.54093e-01	9.61243e-02
5.50646e-01	7.72366e-01	3.72513e-01	-3.03144e-01
1.39158e+00	-1.71147e-01	1.91066e+00	6.92725e-02
1.97439e+00	4.44700e-01	3.84836e-01	5.72809e-01
1.47032e+00	-5.08156e-01	1.28094e+00	-8.84977e-01
1.55406e-01	-3.36701e-01	5.46717e-01	2.25471e-01
6.77995e-01	7.93689e-01	4.30930e-01	-5.41645e-01
9.33453e-01	-4.29083e-01	8.81910e-01	4.41666e-01
1.00742e+00	-7.16322e-01	1.24875e+00	-3.08007e-01
8.52961e-01	-1.67735e-01	6.77158e-01	-2.12764e-01
1.24340e+00	8.67631e-01	8.21853e-01	-2.47829e-01
9.17371e-01	5.04802e-02	7.12941e-01	-8.39753e-01
3.81172e-01	-9.73149e-01	1.04009e+00	-6.67901e-01
1.34515e-01	-7.27970e-02	8.74890e-01	-8.51199e-01
8.02626e-01	3.07799e-01	4.23613e-01	5.00513e-02
2.66576e-01	-5.06486e-01	5.15127e-01	-5.36972e-01
3.23055e-01	-6.39242e-01	1.21991e+00	-3.29294e-01
2.84720e-01	2.13025e-01	1.68757e+00	-2.51995e-01
1.42953e-01	-9.42890e-01	1.28669e+00	2.66398e-01
5.58112e-01	6.87782e-03	1.48495e+00	6.65188e-01
1.29651e+00	8.74789e-01	1.33590e+00	-9.98196e-01
7.02707e-01	-8.06090e-01	1.34229e+00	3.65812e-01
6.82749e-01	-5.94345e-01	6.74145e-02	-6.96825e-01
1.04445e-01	-1.41901e-01	1.93144e+00	1.18024e-01
2.31375e-01	-6.49318e-01	4.55529e-01	8.75237e-01
1.07851e+00	9.02979e-01	1.93542e-01	1.62102e-01
2.68325e-02	-7.92043e-01	6.49911e-01	-1.66708e-01
7.81635e-01	6.47751e-01	1.28205e+00	8.00695e-01
1.30213e+00	7.50263e-01	1.70401e+00	8.15320e-01
3.47022e-01	-3.87333e-01	1.79404e+00	1.11668e-01
6.23578e-01	2.30640e-01	1.36690e+00	8.85708e-01
6.34058e-01	-4.45723e-01	4.33407e-02	6.99165e-01
7.02125e-02	1.93485e-01	6.01204e-02	-9.87836e-01
5.79098e-02	-8.87886e-01	9.82338e-01	-8.87531e-01
9.25916e-01	1.67790e-01	3.41839e-01	-1.57959e-01
6.45801e-01	-8.03143e-02	9.01797e-01	-6.32283e-01
1.10829e-01	-9.43394e-01	1.91094e-01	-1.41847e-02
1.04221e-01	-5.75044e-01	6.99285e-01	7.93714e-01
1.05358e+00	6.31384e-01	1.82720e+00	-9.10294e-01
1.29364e+00	4.28093e-01	9.26127e-01	-6.87423e-02
5.78140e-04	-9.86059e-01	1.08569e-01	-9.29080e-01
1.60013e+00	1.63542e-01	1.12975e+00	3.09492e-01
3.07432e-01	2.33633e-01	5.94245e-01	4.45980e-01
4.32415e-01	-3.58993e-01	8.81488e-01	-2.45575e-01
2.13019e-01	-9.55494e-01	1.67583e+00	3.79619e-01
4.83260e-01	-2.55888e-01	8.28391e-01	-8.37312e-01
1.95497e-01	-9.68203e-01	1.47218e+00	-1.20386e-01
1.51113e-01	-6.03743e-01	1.89286e+00	-4.18317e-01
3.65177e-01	-5.92621e-01	5.21751e-01	-7.08842e-01
6.83600e-01	3.39194e-01	1.18305e+00	1.81001e-01
4.30775e-01	-4.15602e-01	5.90601e-01	6.01325e-02
1.22169e+00	7.31785e-01	8.37271e-01	1.81006e-01
6.43316e-01	-2.48900e-01	1.38968e+00	3.39373e-02
8.25857e-01	-3.44339e-01	2.31911e-01	-4.30086e-01
8.56082e-02	1.36488e-01	1.27824e+00	-6.12092e-01
5.59455e-02	-9.62005e-01	6.95967e-01	6.14241e-02
1.00913e+00	-7.58874e-01	6.92880e-01	-3.96779e-01
