# No. of particles = 100 
# Proton - Solar wind	Electron - Solar wind	
4.77551e-02	-3.36550e+00	7.24697e+00	3.03300e+00
8.64780e+00	-4.34028e+00	8.53353e+00	1.97039e+00
4.86522e+00	1.24235e+00	7.27768e+00	-4.81336e+00
9.07701e+00	-1.73443e+00	4.56079e+00	-2.13574e+00
9.37356e+00	-2.37237e+00	9.39621e+00	2.95904e-01
7.08024e+00	-1.80176e+00	4.79800e+00	-4.20248e+00
9.34292e+00	-2.65159e+00	9.83424e+00	-4.15079e+00
7.87442e+00	-3.22248e+00	4.40353e+00	9.47193e-01
8.73677e+00	-1.11349e+00	9.95200e+00	1.24838e+00
6.23065e+00	4.19798e+00	2.18416e-01	-3.57311e+00
8.07180e+00	-5.55714e-01	9.34592e+00	-3.70224e+00
7.08041e+00	7.89529e-02	8.09649e+00	1.07844e+00
9.02968e+00	5.58369e-01	8.60624e+00	1.92410e+00
7.14004e+00	-6.86541e-01	9.79657e+00	-4.65378e+00
8.63154e+00	1.16955e+00	1.26773e+00	-1.26351e+00
9.78577e+00	1.47263e+00	9.56580e+00	-1.44571e+00
8.36978e+00	2.80625e+00	6.14184e+00	-1.66745e+00
8.39790e+00	1.15209e+00	6.14032e+00	2.26242e+00
8.79037e+00	3.36842e+00	3.32196e-01	-2.34478e+00
9.85373e+00	2.94930e+00	8.75297e+00	-2.57734e+00
8.01141e+00	2.38009e+00	2.92104e+00	-2.54625e+00
7.41042e+00	3.62183e+00	6.44877e-01	-4.89789e+00
8.55332e+00	1.39118e+00	7.80931e+00	1.25581e+00
9.75067e+00	4.14785e+00	7.81231e+00	-1.25978e+00
8.64405e+00	4.91420e+00	8.51090e+00	-1.39894e+00
8.44697e+00	4.51909e+00	8.88443e+00	-3.82427e+00
8.71229e+00	-4.74686e+00	9.63760e+00	-3.81936e+00
8.65137e+00	-4.73312e+00	5.24895e+00	-4.03985e+00
7.76679e+00	-1.47081e+00	7.99366e+00	-9.40687e-02
7.90809e+00	-9.08813e-01	9.42182e+00	4.16985e+00
9.11882e+00	-3.23309e+00	9.85088e+00	2.97207e+00
5.55102e+00	-2.11665e+00	9.55919e+00	-4.98839e+00
6.52702e+00	1.20607e+00	7.80793e+00	2.71548e-01
9.90207e+00	-3.15847e+00	7.80409e+00	-1.60991e+00
8.64893e+00	-4.04629e-02	8.22499e+00	-1.82190e+00
5.37400e+00	3.44137e-01	8.60908e+00	4.42812e+00
8.41452e+00	-6.36574e-01	7.04440e+00	3.68071e+00
9.15908e+00	-3.61178e+00	6.82910e+00	-1.02483e+00
7.98822e+00	-4.47753e-01	6.09222e+00	-2.90050e+00
9.77886e+00	-7.31966e-01	7.96430e+00	-3.93547e+00
8.98649e+00	5.85738e-01	9.52789e+00	1.36957e+00
8.71147e+00	5.20253e-01	8.00109e+00	-2.17588e+00
9.43832e+00	3.06787e+00	8.31663e+00	-2.12835e+00
9.70894e+00	1.61350e+00	8.68999e+00	-3.51436e+00
8.95175e+00	1.20942e+00	5.67989e+00	3.87621e+00
9.03348e+00	7.28466e-01	3.38627e+00	-2.48298e+00
6.81434e+00	3.52007e+00	7.31393e+00	4.78088e+00
5.60404e+00	9.16560e-01	8.53557e+00	2.35051e-01
8.92326e+00	2.47018e+00	4.26769e+00	2.03471e+00
9.42965e+00	1.95226e+00	9.17252e+00	7.49361e-01
9.51233e+00	3.63259e+00	4.51897e+00	4.64124e+00
7.86471e+00	2.54127e+00	9.81435e+00	-1.29167e+00
7.97744e+00	3.69535e+00	7.83223e+00	2.88993e+00
9.25761e+00	2.45862e+00	8.32532e+00	-4.55610e+00
6.63653e+00	1.97134e+00	8.51505e+00	-3.83975e+00
8.88921e+00	3.20918e+00	2.00968e+00	1.12891e+00
9.07315e+00	3.40498e+00	8.32608e+00	2.95269e+00
9.03717e+00	3.03043e+00	8.73881e+00	4.76677e+00
9.30262e+00	3.92639e+00	7.55433e+00	-3.07569e+00
8.54259e+00	3.33249e+00	8.00373e+00	1.90354e+00
8.81651e+00	3.94946e+00	6.91725e+00	1.24449e+00
9.64261e+00	2.40982e+00	7.35636e+00	-3.07724e+00
8.99819e+00	4.66045e+00	1.32417e+00	-1.62042e+00
7.85322e+00	1.12511e+00	8.65035e+00	1.59589e-01
9.35167e+00	4.00768e+00	6.65420e+00	3.63832e+00
9.74336e+00	-2.41977e+00	8.49403e+00	-4.48768e+00
8.60356e+00	-4.49604e+00	3.45622e+00	-8.80194e-01
8.69974e+00	-3.72058e+00	9.27102e+00	-3.08892e+00
5.10593e+00	1.21802e+00	6.68432e+00	2.99231e+00
6.73111e+00	1.83750e+00	6.34541e+00	-1.90356e+00
5.99846e+00	-3.14960e+00	5.45881e+00	-2.87787e+00
9.74921e+00	5.20211e-01	4.30674e+00	-1.13758e+00
7.47206e+00	-2.62933e+00	5.68175e+00	6.92630e-01
7.10909e+00	-8.62656e-01	2.36682e+00	-1.83662e+00
7.50286e+00	1.41471e+00	8.15306e+00	1.19001e+00
9.13816e+00	-2.08039e+00	4.92548e+00	2.41922e+00
9.18800e+00	-1.46161e+00	3.12426e+00	-4.22057e+00
8.39289e+00	-2.71015e-02	8.17547e+00	-4.92679e+00
5.45083e+00	-2.19647e+00	7.12118e+00	2.76538e+00
7.22714e+00	3.99229e+00	2.80521e+00	2.41919e+00
6.52823e+00	2.83541e-02	5.01346e+00	-1.90722e+00
7.97790e+00	6.42714e-02	8.75569e+00	4.12182e+00
8.51277e+00	1.59569e+00	8.22544e+00	2.27550e+00
6.13867e+00	1.50507e+00	8.27372e+00	3.21904e+00
8.56613e+00	1.93055e+00	9.47010e+00	1.32726e+00
8.13140e+00	-2.84867e-01	7.38200e+00	2.50690e-01
8.37365e+00	7.22426e-01	9.95250e+00	4.21086e+00
9.05320e+00	4.61662e-01	5.83180e+00	3.65552e+00
8.97623e+00	3.39017e+00	8.38451e+00	2.54495e+00
8.65767e+00	3.52830e+00	6.18515e+00	3.76711e+00
8.52235e+00	4.75540e+00	9.20293e+00	1.05571e+00
9.74561e+00	3.81659e+00	8.28965e+00	3.07617e+00
9.28214e+00	-4.33227e+00	6.29124e+00	-3.26202e+00
9.06694e+00	-4.43035e+00	8.72989e-01	7.06095e-01
8.85405e+00	-4.08775e+00	8.10321e+00	-1.89874e+00
8.92993e+00	-3.60529e+00	7.80645e+00	-1.93069e+00
8.74501e+00	-2.82484e+00	7.46183e+00	-4.58411e+00
8.66011e+00	-2.51172e+00	5.22678e+00	4.19873e+00
6.14382e+00	-4.42856e+00	6.51252e+00	1.55345e+00
9.98999e+00	-1.67593e+00	7.97423e+00	-3.25957e+00
