# No. of particles = 100 
# Proton - Solar wind	Electron - Solar wind	
1.67453e-02	-9.67364e-01	7.16408e-01	2.31266e-02
1.84017e+00	-3.12945e-01	1.72391e+00	-1.87616e-01
2.19701e-03	-9.55642e-01	1.42660e+00	3.30256e-02
3.10391e-01	-5.33049e-01	3.20342e-01	7.15629e-01
2.97873e-01	-7.55660e-01	1.10646e-01	6.64970e-01
1.51486e-01	8.99528e-02	1.70771e+00	6.38863e-02
9.00636e-01	-3.86793e-01	4.22950e-01	-9.24213e-01
4.08544e-02	-8.97367e-01	1.96880e-01	-9.20825e-01
4.84511e-01	-7.72480e-01	3.27395e-01	-7.54466e-01
3.63084e-01	-4.20928e-01	6.61963e-01	4.64449e-01
2.31092e-01	-7.64635e-01	1.91565e-01	-2.60295e-01
9.03101e-01	-2.09889e-01	1.16843e+00	2.89941e-02
6.75609e-01	-8.94300e-01	8.24093e-02	-8.40387e-01
1.22602e-01	-8.93418e-01	3.52526e-01	-2.66163e-01
8.91161e-01	2.29459e-01	1.69697e+00	-4.66399e-01
1.37632e+00	9.67526e-01	1.36848e+00	-4.08651e-01
1.03713e+00	-9.51123e-01	8.89078e-01	3.97740e-01
1.77503e+00	9.66156e-01	3.55316e-02	-9.27755e-01
1.30529e-01	-8.98644e-01	3.62965e-02	-9.48178e-01
7.01165e-02	8.68676e-01	3.59471e-01	-7.62589e-01
9.44744e-01	-5.31489e-01	2.51883e-02	-1.51457e-01
1.79324e-01	-7.75265e-01	7.95736e-02	-6.64423e-01
4.45043e-01	-8.69225e-01	1.49153e+00	-1.16300e-01
5.17792e-01	-5.22189e-01	1.46346e+00	-2.06923e-01
5.53161e-01	-9.20103e-01	8.35514e-01	9.62149e-01
1.78444e+00	8.80507e-01	3.47341e-01	-6.30644e-01
1.01839e+00	-2.40334e-01	1.19986e-01	-9.31711e-01
1.66279e+00	8.00615e-01	6.69824e-01	3.93604e-01
1.52139e+00	3.64518e-02	1.23670e+00	-3.89725e-02
1.89253e+00	8.52249e-01	8.56798e-01	-5.82035e-01
1.19034e-01	-2.44476e-01	3.38343e-01	3.48022e-01
1.11533e-02	-6.22515e-01	1.51516e+00	3.28157e-01
1.02263e-01	1.66491e-01	2.85316e-02	-9.63392e-01
3.18122e-01	-3.04623e-01	7.19025e-02	-7.18487e-01
1.76041e-01	-8.31820e-01	1.42992e+00	7.07902e-01
6.49519e-01	-6.50498e-01	1.17542e+00	2.95935e-01
1.20382e-02	-9.85084e-01	1.03701e-01	-6.88210e-01
3.52089e-01	-7.53639e-01	1.40894e+00	8.75827e-01
9.19548e-01	-6.42103e-01	1.62423e+00	-8.09359e-01
1.54133e+00	-3.91132e-01	5.40249e-01	1.85499e-01
1.22234e+00	-6.78574e-01	2.50118e-02	-4.83629e-01
1.37068e+00	1.39373e-01	1.81423e+00	-3.09265e-02
1.95273e+00	-7.14002e-01	1.88107e+00	-6.08517e-01
5.39957e-01	1.27334e-02	1.29540e+00	-7.00675e-01
1.97633e+00	-3.14217e-01	2.91362e-02	-8.36084e-01
3.33856e-01	-8.90000e-01	7.28491e-01	1.61256e-01
1.17851e+00	-5.89983e-01	1.90395e-01	3.66187e-01
5.68877e-01	-5.11609e-01	3.55667e-02	-3.97028e-01
1.40087e-01	-9.73968e-01	8.61712e-01	-2.96904e-01
1.05657e+00	-2.40707e-01	6.28824e-01	-5.02863e-01
6.38255e-02	-8.34754e-01	5.53869e-02	6.71646e-01
4.77456e-01	-7.34534e-01	6.19253e-01	-8.08997e-01
1.37331e-01	-1.12492e-01	1.59542e+00	4.24468e-01
1.75886e+00	-8.05360e-01	4.71593e-02	1.70793e-01
2.32246e-01	-7.78282e-01	3.51730e-01	1.23214e-01
1.05039e+00	-1.86819e-01	1.98816e-01	-6.18023e-01
9.06901e-01	3.65703e-02	3.83816e-01	-3.21338e-01
1.33486e+00	-3.97330e-02	1.05834e+00	-3.02701e-01
7.14427e-01	-6.09540e-01	1.35389e+00	-5.18392e-01
1.28170e+00	7.11081e-01	5.37032e-01	-4.19918e-01
1.31241e+00	2.56335e-01	1.41698e-01	7.44460e-01
1.18969e+00	-7.22410e-01	1.98067e+00	-9.68654e-02
1.61608e+00	-3.91709e-01	3.15893e-01	6.12128e-02
5.19272e-01	6.76000e-01	1.88900e-01	-8.92350e-01
1.97962e+00	-8.94765e-02	1.59307e+00	-5.02463e-01
7.91570e-01	-4.81554e-01	3.23743e-01	-8.71203e-01
6.14378e-01	-3.46392e-01	1.89345e-01	-8.62610e-01
5.16228e-02	-9.88421e-01	1.24517e+00	8.35392e-02
5.35741e-01	-7.25880e-02	1.64880e+00	-1.39240e-02
6.46504e-02	1.42640e-01	1.84458e+00	6.94619e-01
1.52488e+00	-2.39200e-01	1.90589e+00	2.84910e-01
2.70876e-02	-9.92148e-01	5.82439e-02	-4.19072e-01
1.91224e-01	4.88236e-01	2.08469e-01	-2.77313e-01
1.16912e-01	-9.70957e-02	2.01601e-01	-8.46768e-01
1.89268e+00	-5.75919e-01	6.68568e-01	-3.73853e-01
2.72176e-02	-6.26735e-01	1.51348e+00	7.03229e-02
1.07522e+00	2.91307e-01	1.54437e+00	-9.88536e-01
4.42782e-04	-1.68061e-01	2.49543e-02	-4.07077e-01
8.44438e-01	2.68837e-01	1.94540e+00	-3.84175e-02
8.37331e-01	-2.23884e-01	1.30310e+00	4.17537e-01
2.51653e-01	3.01358e-02	7.81014e-01	-1.49167e-01
8.39196e-01	3.90405e-01	1.04661e+00	-2.12918e-01
8.25693e-01	-7.56833e-01	2.32739e-01	-6.60401e-01
1.94964e+00	2.06857e-01	7.34664e-02	-9.51982e-01
1.52056e-01	9.74195e-01	1.53157e+00	-6.77028e-01
1.76122e+00	-2.37205e-01	8.85307e-01	5.16936e-01
1.37026e+00	-4.12373e-02	1.67167e+00	4.86792e-01
3.19501e-01	-5.44423e-01	6.13312e-01	8.90324e-02
4.51378e-01	-5.43193e-01	8.90060e-01	-8.46190e-01
1.58391e+00	-7.24933e-01	1.55323e+00	6.03157e-01
9.07166e-01	8.20328e-01	1.83210e+00	2.57791e-01
1.33684e+00	-2.14818e-01	8.41012e-01	-2.52844e-01
9.00264e-01	-4.47920e-01	1.53083e+00	7.16810e-01
1.56932e+00	8.18111e-01	2.34878e-01	-4.65233e-01
9.30875e-01	8.10353e-01	1.53843e+00	-5.79930e-01
1.19200e+00	7.83377e-01	6.94882e-01	2.08995e-02
1.50770e+00	-3.63020e-01	7.10121e-02	-9.63777e-01
1.07448e+00	2.61829e-01	1.41275e+00	1.79212e-03
1.68171e+00	4.79944e-01	3.42332e-01	5.03255e-01
4.00503e-01	-2.98219e-01	1.08556e+00	3.12976e-01
