# No. of particles = 100 
# Proton - Solar wind	Electron - Solar wind	
2.92958e-01	3.50409e-01	1.40324e+00	8.40245e-01
2.34547e-01	-5.07252e-01	1.13158e+00	-4.48990e-01
3.60058e-01	-7.13043e-01	1.64765e+00	4.14284e-01
2.41695e-01	5.77828e-01	6.69085e-01	-7.55580e-01
5.13202e-02	-9.66833e-01	9.24758e-03	-9.98561e-01
1.04575e-01	-8.73638e-01	2.61806e-01	-2.16582e-01
1.83594e+00	7.23752e-01	8.94252e-01	-4.39146e-01
6.21992e-02	-9.62439e-01	2.62922e-01	-2.45971e-01
1.23425e+00	-5.14955e-01	5.31005e-01	5.21503e-01
2.31533e-01	-3.86627e-01	1.02644e+00	3.78376e-04
1.08879e+00	5.20463e-01	5.65737e-01	-8.32470e-01
2.47859e-01	-6.86449e-01	1.21153e+00	-3.60575e-01
7.40877e-01	-5.43833e-01	9.12459e-01	-4.12669e-01
1.20631e+00	8.10494e-01	1.24292e+00	-6.08513e-01
3.85767e-01	4.60870e-01	1.27958e+00	6.15639e-01
1.50029e+00	-1.40054e-01	3.13345e-01	-8.01652e-01
6.39698e-02	-5.53962e-01	1.07501e-01	-6.80935e-01
2.85725e-01	-8.53565e-01	1.41278e+00	8.03026e-02
1.05583e+00	6.19219e-01	1.87072e+00	2.26223e-02
5.08145e-01	-2.13709e-02	2.30295e-01	-5.81578e-01
2.47815e-01	-6.60234e-01	1.75062e-01	-6.44976e-01
5.70065e-01	-2.50709e-01	3.49977e-01	1.27566e-01
9.59040e-02	-4.63346e-01	3.00300e-01	-6.99288e-01
1.85182e-01	-3.17264e-02	2.62142e-02	-9.03542e-01
1.93776e+00	-5.99703e-01	7.03657e-01	-4.23759e-01
3.43147e-01	-8.02786e-03	9.93058e-02	-9.98619e-01
9.27345e-02	-1.48999e-01	9.20329e-01	-1.90456e-01
1.62095e+00	4.56658e-01	6.64222e-01	-1.57084e-01
1.27027e-01	-9.60013e-01	3.99755e-01	-4.66010e-01
1.86327e+00	-2.32517e-01	9.97837e-01	1.39388e-01
6.10027e-01	-6.01441e-01	1.79026e+00	-7.48359e-01
1.89395e+00	-2.53765e-01	5.65862e-01	6.60080e-01
5.55008e-02	-9.64232e-01	1.17412e+00	-3.71442e-01
6.39319e-01	6.26574e-01	1.38638e+00	-5.49174e-01
7.54904e-01	-5.01144e-01	1.50505e+00	-3.78074e-01
1.38242e+00	1.78531e-03	1.25004e+00	-7.57678e-01
1.05896e+00	-7.18187e-01	1.87162e+00	8.69810e-01
4.08994e-01	7.19715e-01	6.91134e-02	-9.41473e-01
3.75130e-01	8.73998e-01	7.14614e-01	-2.72275e-01
8.98117e-01	1.92000e-01	3.22376e-01	-3.75319e-01
2.05300e-01	-7.76211e-01	5.49514e-01	4.72103e-01
1.82747e+00	-5.27110e-01	6.12992e-02	-8.74096e-01
5.34480e-02	-9.42785e-01	1.33785e+00	-8.53654e-01
1.49603e-01	-4.62377e-01	1.98145e+00	5.48885e-01
2.62744e-02	-9.69009e-01	1.17940e-01	-6.55983e-01
1.34457e+00	-6.74946e-02	1.67764e+00	8.91769e-01
1.04151e+00	-2.38484e-01	1.80273e-01	-8.57634e-01
1.84363e+00	-7.16850e-01	6.24111e-01	1.80471e-01
2.44339e-01	-7.52256e-01	1.03993e+00	-7.88017e-01
2.25998e-01	1.03086e-02	1.28324e-01	-9.76649e-01
5.58434e-01	2.19296e-01	6.72360e-01	-7.13816e-01
9.29977e-01	-3.69747e-01	1.51272e+00	7.03992e-01
1.22865e+00	6.61114e-01	1.73049e+00	2.32286e-02
9.20535e-01	3.82567e-01	1.01873e+00	-6.34896e-01
1.01000e+00	1.96575e-01	2.36872e-01	3.72739e-01
1.96667e+00	-2.46856e-01	5.38953e-01	-5.56611e-01
1.24065e-01	-9.96506e-01	1.21539e+00	-5.11971e-01
2.46850e-01	-1.89084e-01	1.95564e+00	4.33434e-01
1.63574e-01	7.37714e-01	1.32990e+00	1.75208e-01
5.47098e-01	-4.35725e-01	1.61880e+00	-4.17782e-01
6.87684e-02	-4.80717e-01	1.00251e+00	-7.64338e-01
5.23352e-01	-4.24359e-01	3.29813e-02	-4.06944e-01
1.52107e+00	7.92819e-02	7.82197e-01	6.45598e-01
1.39286e+00	3.14720e-01	1.03191e+00	-9.04455e-01
1.22760e+00	-6.99110e-01	3.92289e-01	-7.23244e-01
1.58854e-02	-9.80298e-01	1.00619e+00	-9.69122e-01
1.63954e+00	-2.24188e-01	6.26917e-01	3.54082e-03
3.04101e-01	3.12671e-01	1.53246e+00	8.05061e-01
5.00513e-01	-1.06198e-01	1.74767e+00	-8.71968e-01
1.43647e+00	8.42009e-01	8.76170e-01	-1.54030e-01
4.45196e-01	2.64766e-01	8.06210e-01	-7.07258e-01
2.50536e-01	-1.02966e-01	6.34829e-01	3.23363e-01
1.52887e+00	6.40446e-01	5.47787e-01	4.67336e-01
3.35200e-01	2.03295e-01	2.03278e-02	8.69177e-02
3.89332e-01	-7.01702e-01	1.20920e+00	3.43831e-01
7.87970e-02	8.80777e-01	1.71809e+00	4.42613e-03
2.25917e-01	-6.87339e-01	3.05060e-01	6.02683e-01
1.33965e+00	-1.93758e-01	1.94481e+00	3.70019e-02
1.58461e+00	6.74917e-01	4.27038e-01	3.62169e-01
1.86577e-01	-8.38332e-01	1.89497e+00	3.26868e-01
1.05990e+00	-3.55895e-01	1.06428e+00	-3.88492e-01
1.81076e+00	-1.11132e-02	3.32617e-01	4.56502e-01
5.47705e-01	-4.09061e-01	2.13670e-01	3.80674e-01
7.30036e-01	2.28037e-01	9.93049e-01	2.80939e-01
1.45155e-01	-7.40321e-01	1.16357e+00	-2.66148e-01
1.51160e-01	-3.15625e-01	4.10685e-01	-5.19109e-01
1.98764e-01	-6.72604e-01	3.60839e-01	-9.64871e-01
1.29061e-01	9.85344e-01	9.01702e-01	-5.83445e-01
6.15311e-01	-1.35637e-01	1.74413e-01	-7.78141e-01
1.37150e+00	-7.33642e-01	8.68442e-01	8.06475e-01
8.38588e-02	-8.59674e-01	6.54095e-01	9.49888e-01
8.03075e-01	6.45739e-01	1.61351e+00	6.15350e-01
3.78369e-01	-2.93085e-01	1.70873e+00	6.16852e-01
1.08942e+00	3.32857e-01	1.56591e+00	-2.01942e-01
1.69735e-01	9.98695e-01	9.29220e-01	6.12490e-01
1.23793e+00	8.02386e-01	1.44566e+00	7.82688e-01
2.70880e-01	-8.09232e-01	1.94295e+00	1.09635e-01
1.43765e+00	-3.02534e-01	9.44896e-01	4.43633e-01
8.68916e-01	2.91725e-01	4.37850e-01	-6.13856e-01
1.45195e+00	-8.63853e-01	8.12032e-01	-5.85392e-01
