# No. of particles = 100 
# Proton - Solar wind	Electron - Solar wind	
4.29797e-01	7.22000e-01	1.12134e-01	-9.14449e-01
1.86675e-01	-8.83371e-01	2.83647e-01	-2.13188e-01
1.44579e+00	1.67397e-01	2.91053e-01	-4.98350e-01
8.52074e-01	1.98265e-01	5.74540e-01	-7.16123e-01
4.86202e-01	5.72355e-01	7.09097e-02	-9.29082e-01
1.20293e+00	4.84077e-01	1.54627e+00	6.63012e-01
9.32529e-01	2.02455e-01	1.60328e+00	2.01813e-01
7.45143e-01	-3.32410e-01	1.91282e+00	9.27670e-01
8.08249e-01	8.59554e-01	1.04111e+00	2.32369e-01
7.57442e-01	5.98826e-01	3.07814e-01	-9.37041e-01
8.38919e-01	2.72278e-01	9.35519e-01	1.78468e-01
9.43784e-01	2.00050e-01	2.48154e-01	3.02478e-03
1.45992e+00	-7.45050e-02	9.02903e-01	-9.90039e-01
5.14745e-01	2.49472e-01	7.29879e-01	-7.23153e-02
9.12599e-01	-8.46872e-01	1.39414e+00	-8.29232e-01
6.89708e-01	-1.89319e-01	1.46789e+00	-2.44826e-01
9.07434e-02	-5.01060e-01	1.22272e+00	-1.57584e-01
1.19510e-01	-4.61707e-01	1.28423e+00	4.69355e-01
9.11692e-01	3.35384e-01	1.37938e-01	1.82924e-01
5.57447e-01	-3.80906e-01	6.10521e-01	-1.40651e-01
1.06131e+00	7.81851e-01	5.13261e-01	-7.65379e-01
5.49919e-01	-3.40401e-01	7.47773e-01	3.20768e-02
1.51219e-01	-8.33578e-01	6.71698e-01	-7.91840e-01
3.42635e-01	7.36553e-01	3.14147e-02	-7.14864e-01
7.46933e-01	-2.68246e-01	3.79230e-01	-2.71451e-01
1.18536e+00	-8.69423e-01	1.90714e+00	-2.05284e-01
2.26878e-01	1.44275e-01	1.27319e+00	-4.00401e-01
5.26200e-01	5.44691e-01	2.18043e-01	-6.77087e-01
9.01537e-01	-2.41496e-01	1.08001e+00	-8.14404e-01
1.59490e+00	6.91895e-01	5.45884e-02	-9.20317e-01
1.94380e+00	-4.88223e-01	1.21284e+00	3.80935e-01
1.93610e-01	-7.18556e-01	1.87856e+00	-1.14777e-02
3.58406e-01	5.03510e-01	1.37310e+00	4.02865e-01
9.13457e-02	-7.98354e-01	9.82928e-01	8.64699e-01
1.12289e+00	-5.27554e-02	1.08497e+00	3.34363e-01
5.16201e-01	-8.81138e-01	5.40188e-02	-9.56247e-01
2.61532e-01	-4.02679e-01	3.89760e-01	-5.43511e-01
8.63267e-01	-8.06391e-01	1.34248e+00	7.58156e-01
5.11869e-01	9.66333e-01	1.39214e+00	-5.06980e-01
7.44047e-01	-4.97597e-01	2.27634e-01	-8.99132e-01
2.06625e-01	3.31678e-01	4.94197e-01	-8.56592e-01
3.07780e-01	2.20898e-01	1.44996e+00	6.21822e-01
3.21981e-01	-6.15912e-01	3.53965e-01	-6.96674e-01
4.14522e-01	-5.64674e-01	2.45444e-02	2.78094e-01
5.39364e-01	7.34596e-01	1.80200e+00	-5.41736e-01
1.33537e+00	-2.05299e-01	6.65924e-01	8.15833e-01
1.95450e+00	4.29946e-01	1.22265e+00	8.29315e-01
1.41839e+00	-4.79182e-01	1.78035e+00	-6.96135e-01
1.47225e-01	-3.70895e-01	1.51076e-01	-9.61898e-01
6.30862e-01	6.68661e-01	6.02362e-01	-8.28199e-01
9.04582e-01	-4.49966e-01	1.71417e+00	4.07606e-01
9.07833e-01	-7.43126e-01	1.07052e+00	3.65817e-01
7.95700e-01	-2.34735e-01	9.91022e-02	7.04626e-01
1.13470e+00	7.03987e-01	5.69007e-01	-2.60646e-01
8.57418e-01	-2.28907e-02	3.49809e-01	-9.41712e-01
3.17560e-01	-9.75970e-01	4.84781e-01	-3.25550e-01
1.30613e-01	-1.13747e-01	1.40078e+00	5.67612e-01
7.20765e-01	1.71930e-01	2.93581e-01	-5.06368e-01
2.11007e-01	-6.12193e-01	1.43151e+00	-5.34774e-01
2.99586e-01	-6.64453e-01	1.48790e+00	-3.35920e-01
2.63795e-01	1.18540e-01	8.28888e-01	-6.35810e-01
1.68138e-01	9.94677e-01	1.49875e+00	-7.08686e-01
5.41120e-01	-2.74302e-02	8.26337e-01	-7.72796e-01
1.26184e+00	8.23875e-01	1.08133e+00	-9.44819e-01
5.78174e-01	-8.36388e-01	6.05487e-01	-7.96161e-01
6.68213e-01	-6.03110e-01	9.87023e-01	2.76197e-01
1.00230e-01	-2.11388e-01	8.62087e-01	5.19670e-01
1.98177e-01	-7.03883e-01	5.30079e-01	-3.70625e-01
1.06597e+00	8.80961e-01	6.26981e-01	-2.54694e-01
3.83898e-02	-9.51422e-01	9.70570e-01	8.80102e-01
8.84675e-01	5.67813e-01	5.59451e-01	-2.55836e-01
1.32101e+00	7.28726e-01	1.41918e+00	-9.15770e-01
3.32359e-01	-4.14026e-01	1.55096e+00	-3.56297e-01
5.98837e-01	1.80921e-01	1.77550e+00	1.57911e-01
6.28606e-01	-4.51364e-01	1.98504e-01	6.07374e-01
6.50672e-02	1.88313e-01	8.52254e-01	-7.09356e-01
4.24158e-02	-9.16945e-01	1.42576e+00	-3.95053e-01
8.70965e-01	9.80778e-02	5.42027e-02	8.50147e-01
6.17362e-01	-1.20784e-01	1.92433e+00	-3.26393e-02
1.09375e-01	-9.62169e-01	1.69960e+00	3.61474e-01
8.54020e-02	-6.52849e-01	1.24030e+00	-5.13936e-02
1.07007e+00	6.17701e-01	4.06098e-01	-2.05915e-03
1.27776e+00	4.09867e-01	7.29948e-01	-1.06308e-01
4.49832e-03	5.03280e-01	1.95746e+00	-1.27453e-01
1.66766e+00	1.17301e-01	1.50157e+00	5.87423e-01
3.03877e-01	2.21600e-01	5.05488e-01	7.77055e-01
4.27166e-01	-3.65905e-01	6.70450e-01	-9.05151e-01
1.44911e-01	-9.64750e-01	1.42689e+00	2.50443e-01
3.62287e-01	-2.10550e-01	2.45742e-01	1.38535e-01
1.70227e-01	-9.70165e-01	5.78717e-01	-6.48866e-01
1.49398e-01	-6.09446e-01	4.49010e-01	-7.25658e-01
2.89968e-01	-6.84581e-01	1.12946e+00	4.11093e-01
6.77078e-01	3.25723e-01	1.48412e+00	5.82665e-01
4.17755e-01	-4.37152e-01	1.34221e+00	7.24060e-02
1.18322e+00	6.66954e-01	1.74228e+00	-4.17304e-02
5.60089e-01	-3.59694e-01	1.70676e+00	-5.79801e-01
7.33721e-01	-2.47716e-01	3.70633e-01	6.67949e-01
5.70908e-02	9.69768e-02	1.29132e+00	-4.72893e-01
5.20688e-02	-9.86676e-01	7.90069e-03	-6.96567e-01
9.62966e-01	-7.69778e-01	1.74485e+00	-2.10957e-01
