# No. of particles = 100 
# Proton - Solar wind	Electron - Solar wind	
8.47289e+00	-2.62766e+00	7.29349e+00	3.08886e+00
7.23741e-01	4.84468e+00	1.94212e+00	4.66192e+00
4.53428e+00	-4.94981e+00	7.97326e+00	1.66284e-01
2.07426e-01	3.93384e+00	6.64655e-01	-2.14262e+00
9.71001e+00	-2.28561e+00	1.37110e+00	7.49756e-01
8.14177e+00	-1.59608e-01	3.45719e+00	-2.68247e+00
7.97824e+00	-2.71848e+00	1.83972e+00	4.39643e+00
4.95274e+00	2.92310e+00	1.62902e+00	1.58552e+00
9.51226e+00	2.36457e+00	3.91340e+00	3.38616e+00
6.52003e+00	-2.52526e-01	9.65410e+00	-2.94974e+00
9.36525e+00	-1.02166e+00	6.50304e+00	-4.84259e+00
9.78134e+00	-1.04749e+00	9.98027e+00	-2.32267e+00
9.57882e+00	-1.98912e+00	6.68453e+00	-2.06024e+00
8.99884e+00	-3.74764e+00	8.56967e+00	-4.00843e+00
9.20946e+00	-2.24245e+00	9.26923e+00	-2.57410e+00
8.96129e+00	2.63176e-01	5.69289e+00	1.62719e-01
9.69558e+00	1.69414e-01	9.11037e+00	-2.72129e+00
8.12829e+00	2.83917e+00	8.64737e+00	-2.97533e+00
8.29316e+00	-4.40537e+00	8.65449e+00	4.26753e+00
8.72413e+00	5.78911e-01	8.82719e+00	1.09458e+00
4.81388e+00	2.99760e+00	6.32404e+00	-1.68245e+00
6.87633e+00	1.30225e+00	5.77479e+00	2.83338e+00
9.83060e+00	5.79421e-01	8.56195e+00	1.48580e+00
9.89403e+00	4.51616e+00	1.79164e+00	4.19416e+00
8.11715e+00	3.36315e-01	6.99781e+00	7.06510e-01
9.54328e+00	7.90935e-01	5.90185e+00	8.02059e-01
8.46463e+00	-3.83519e+00	5.53547e+00	-3.19318e+00
8.95394e+00	-2.05892e+00	7.43755e+00	-4.01563e+00
8.82364e+00	-1.80090e+00	7.11826e+00	-1.50597e+00
8.65887e+00	-2.23025e+00	7.34311e+00	-2.74708e+00
5.78148e+00	2.03035e+00	7.86346e+00	4.65783e-01
7.17236e+00	2.21061e+00	6.67977e+00	-2.70793e+00
7.56008e+00	3.24507e+00	9.44923e+00	1.66153e+00
7.90710e+00	2.28395e+00	9.54653e+00	1.67362e+00
8.92266e+00	1.85036e-01	8.39544e+00	-3.53445e+00
5.96533e+00	-3.00577e+00	6.61291e+00	-1.34924e+00
9.62914e+00	-3.74468e+00	9.52823e+00	-2.80195e-01
8.41252e+00	3.37448e+00	4.62155e-01	1.49446e+00
9.70397e+00	3.27709e+00	5.58016e+00	3.89049e+00
9.84046e+00	-1.60488e-01	9.74825e+00	-3.40310e+00
3.66585e+00	-3.38521e+00	7.93661e+00	4.41996e-01
4.01735e+00	-1.92975e+00	6.75852e+00	1.14888e+00
9.23582e+00	-1.29378e-01	7.80269e+00	-4.18801e+00
9.47375e+00	2.32704e+00	3.05691e+00	-3.61585e+00
8.18549e+00	2.40312e+00	4.15518e+00	-2.54989e-01
8.54487e+00	-2.82024e+00	2.35391e+00	-1.19320e+00
9.01627e+00	4.23866e+00	7.52894e+00	-5.47725e-01
8.63974e+00	4.43527e+00	8.86973e+00	2.29382e+00
7.39007e+00	-8.79856e-01	9.98395e+00	3.56419e+00
6.43462e+00	3.44307e+00	8.82101e+00	-1.58289e+00
6.11468e+00	-4.12526e+00	8.27226e+00	5.84370e-02
6.64808e+00	1.69814e-01	9.39364e+00	-1.73329e+00
9.88744e+00	-3.07130e+00	9.48212e+00	-7.58750e-01
5.30406e+00	8.22929e-01	5.53640e+00	-1.84215e+00
9.54698e+00	1.53991e+00	5.86073e+00	4.00565e+00
6.73870e+00	-1.78087e+00	7.25267e+00	-2.51622e+00
9.98519e+00	-2.77936e+00	9.78653e+00	1.19846e+00
9.72620e+00	-1.55007e-01	1.47893e+00	1.03877e+00
8.95376e+00	3.80069e+00	5.68949e+00	-3.84145e+00
7.60640e+00	-3.77893e-01	2.78514e+00	2.22828e-01
9.98952e+00	1.61244e+00	7.81628e+00	2.30022e-01
9.11588e+00	-3.81203e-02	9.37087e+00	4.01122e+00
8.72653e+00	4.26976e+00	2.03812e+00	2.76401e+00
8.31186e+00	3.87564e+00	5.59460e+00	-1.33986e+00
8.52943e+00	2.38132e+00	3.35510e+00	4.44748e+00
9.52676e+00	-3.99758e+00	9.32988e+00	-1.27009e+00
6.43417e+00	-3.59621e+00	2.22074e+00	-4.84258e+00
9.61204e+00	-9.63404e-01	2.32605e+00	-5.78317e-01
6.93168e+00	-3.02294e+00	5.25400e+00	2.93187e+00
8.82165e+00	4.33071e+00	8.87669e+00	3.35847e+00
7.37725e+00	-2.71899e+00	7.82950e+00	4.46422e+00
9.88639e+00	-3.09727e+00	8.35390e+00	-2.65726e+00
7.61228e+00	-1.78037e+00	1.98879e+00	1.41347e+00
9.66673e+00	5.73268e-01	4.33715e+00	1.29679e+00
9.56635e+00	-3.37471e+00	6.94995e+00	-1.61608e+00
9.37579e+00	1.89534e+00	6.39737e+00	2.57310e-01
8.23190e+00	2.41458e+00	7.67429e+00	-2.84635e-01
9.15149e+00	3.27929e+00	5.95521e+00	4.59862e+00
7.75682e+00	-1.99678e+00	3.70058e+00	7.63305e-01
9.61885e+00	-3.94052e+00	2.63415e+00	-2.82350e+00
9.51928e+00	-3.16687e+00	5.62019e+00	-4.99485e+00
5.86353e+00	-2.38800e+00	5.89439e+00	-1.52021e-01
9.72020e+00	-1.28090e+00	6.94175e+00	3.60308e+00
8.81927e+00	-3.76549e+00	7.81523e+00	2.62164e+00
9.45235e+00	-1.46042e+00	4.45913e+00	-2.46014e+00
9.34120e+00	-4.04274e-01	7.28603e+00	3.87824e+00
9.76535e+00	-2.21862e+00	8.81704e+00	2.08057e+00
7.96676e+00	-4.45780e+00	9.96317e+00	-9.63530e-02
9.51327e+00	-2.36201e+00	6.85197e-01	-3.14476e+00
9.86532e+00	9.50518e-01	5.19070e+00	3.31366e+00
9.86825e+00	-4.77434e-01	5.22419e+00	-4.32319e-01
9.97026e+00	-6.94060e-01	8.80655e+00	3.32002e+00
6.68446e+00	3.95720e+00	9.89197e+00	-1.61441e+00
9.71054e+00	2.12325e-01	9.54458e+00	6.47332e-01
8.31772e+00	2.47708e+00	1.55415e+00	-1.65026e+00
8.25902e+00	4.85905e+00	7.19525e+00	2.15206e+00
8.44451e+00	-1.13081e+00	3.09246e+00	-1.98381e+00
9.65959e+00	-1.34900e+00	9.37001e+00	3.87098e+00
8.59477e+00	-1.34111e+00	6.43343e+00	2.94577e+00
6.37358e+00	2.74149e+00	6.60615e+00	1.82764e+00
