# No. of particles = 100 
# Proton - Solar wind	Electron - Solar wind	
1.15832e+00	5.92774e-01	1.72569e+00	-5.81415e-01
2.95870e-01	-6.90089e-01	1.75923e-01	-8.28206e-01
1.07697e-02	-9.92878e-01	6.28172e-01	-6.01247e-01
9.05662e-01	-4.29093e-01	1.34300e+00	-5.37167e-01
6.64271e-01	-6.33052e-01	1.36139e+00	3.74684e-01
7.23812e-02	-8.42972e-01	4.98220e-01	-4.47034e-01
1.40679e-01	-9.58477e-01	2.85779e-01	4.33300e-01
3.41114e-02	-9.25219e-01	1.86126e+00	-1.85049e-01
3.48276e-01	-9.57019e-01	1.90244e+00	-4.01001e-01
1.22001e-01	-9.54451e-01	2.10537e-01	-8.41012e-01
5.29685e-01	7.78871e-01	1.90790e+00	-7.14572e-02
1.30314e+00	6.97957e-01	9.42970e-01	2.47696e-01
1.84076e+00	1.62990e-01	1.34284e+00	-6.99827e-02
4.22762e-01	-5.16191e-01	1.87712e+00	3.43054e-01
1.47247e+00	-7.83022e-01	1.11215e+00	1.06990e-01
2.86491e-01	-7.52772e-01	2.26930e-01	-5.95954e-01
1.88723e+00	-2.89223e-01	1.83071e+00	-5.96355e-01
1.81258e-01	-3.87858e-02	4.12641e-01	-8.70198e-01
7.78091e-01	-7.44375e-01	2.96665e-02	-9.82890e-01
6.40283e-02	-9.70240e-01	6.40473e-01	1.17789e-02
1.13727e+00	-4.62482e-01	3.40523e-01	-5.61543e-01
1.22152e-01	-7.20186e-01	1.03386e+00	-2.49527e-01
3.56529e-01	-8.94939e-01	7.44171e-01	-3.42143e-01
2.65635e-01	-7.29459e-01	1.09775e+00	-3.16818e-01
7.18751e-01	-7.34197e-01	4.68292e-02	-9.65246e-01
5.67419e-01	-4.21028e-01	1.03938e+00	-8.30102e-01
7.02658e-01	5.77158e-01	3.54256e-01	-1.98169e-01
7.84873e-01	2.27725e-01	1.14012e+00	-9.73505e-01
3.44439e-01	-9.33731e-01	6.54819e-01	5.96428e-01
2.03536e-01	-6.16994e-01	6.26918e-01	2.75454e-01
2.83196e-01	-6.79527e-01	6.17925e-01	-1.00440e-01
5.83268e-02	-9.85244e-01	1.60434e-01	-9.87601e-01
3.56228e-01	-3.06130e-01	1.36398e+00	-6.36634e-01
2.69280e-01	6.76836e-01	7.13213e-01	-7.18345e-02
3.31451e-01	-3.10730e-01	2.17425e-01	-8.15396e-01
8.92357e-01	-8.21991e-01	9.31001e-01	-9.13733e-01
6.12787e-01	6.44364e-01	2.90350e-01	-6.20621e-01
1.50273e+00	-6.95448e-01	2.85288e-01	-9.95412e-01
1.36772e+00	-7.86512e-01	3.24274e-01	-5.52772e-01
1.82362e+00	3.64898e-01	1.97406e-02	-8.78578e-01
1.85141e-01	-9.77157e-01	1.54168e+00	6.45640e-01
9.99790e-01	7.50029e-01	1.92774e+00	-2.87381e-02
6.75335e-01	-1.07033e-02	1.86177e+00	-8.13247e-01
6.10147e-01	-2.68176e-01	6.44806e-02	-8.48403e-01
1.42106e+00	7.11025e-01	1.62349e+00	-7.03024e-01
2.78720e-01	-8.08839e-01	3.91927e-01	-9.72731e-01
1.83418e-01	-7.19466e-01	6.44258e-02	-3.76655e-02
1.02481e-01	-9.00073e-01	2.33422e-01	-7.76151e-02
3.08061e-01	3.99248e-01	1.73271e+00	2.82147e-01
1.91506e-02	-2.65974e-01	1.65875e+00	6.71576e-01
1.62918e+00	-1.71502e-02	1.06516e+00	4.43119e-02
3.60853e-01	-2.43003e-01	1.71894e+00	-7.96344e-01
7.47791e-02	-8.58037e-01	1.16706e+00	-2.92499e-01
2.62352e-01	-6.08379e-01	9.49719e-01	-9.38346e-01
2.82202e-01	-4.77049e-01	1.86493e+00	8.89259e-01
1.74296e+00	-9.35422e-01	1.61217e+00	6.38501e-01
2.05926e-01	8.04722e-01	3.92890e-01	-2.08500e-01
2.80428e-01	-9.16996e-01	7.91345e-01	-4.11851e-01
2.56885e-02	-9.36795e-01	4.58793e-01	3.49801e-01
7.68249e-01	-1.41897e-01	1.55099e+00	7.28639e-01
5.58904e-01	-3.11289e-01	2.83899e-02	5.64444e-01
1.80099e+00	2.06916e-01	1.14433e+00	4.05135e-01
8.97283e-01	7.89879e-01	6.71738e-01	-4.80906e-01
2.88055e-02	-8.59132e-01	1.77914e+00	-4.36259e-01
7.25871e-02	-5.92634e-01	2.56667e-02	-9.77599e-01
9.79859e-01	-4.65925e-01	4.40273e-01	4.44724e-01
1.72147e+00	6.32763e-01	1.95709e+00	2.39523e-01
8.55282e-01	5.50124e-01	1.35769e+00	5.49724e-01
6.86865e-01	1.53586e-01	3.09718e-01	-5.57420e-01
1.66139e+00	2.01453e-01	1.97908e+00	-5.66958e-02
7.50551e-01	2.62380e-01	9.19613e-01	2.07969e-01
1.35066e+00	-2.55822e-01	1.78548e+00	-5.34528e-01
5.93475e-01	1.85886e-01	1.19818e+00	-5.93320e-01
7.52855e-02	1.39083e-02	2.62811e-01	-2.19304e-01
7.12343e-01	-3.70377e-01	1.58767e+00	-5.15003e-01
1.61858e-01	3.04597e-01	1.58783e-01	9.45105e-01
3.74558e-01	-2.69912e-01	1.29788e-01	6.34034e-01
1.00931e-01	-4.92614e-01	1.04894e+00	9.17117e-01
1.25587e+00	8.51019e-01	1.97633e-01	-8.48454e-01
1.35433e-01	-5.42019e-01	6.20913e-01	-2.02545e-01
3.56309e-02	-9.62526e-01	6.69048e-01	-5.68193e-01
7.00216e-01	9.41831e-01	1.11592e+00	-9.36251e-01
1.64118e+00	8.34429e-01	2.72179e-02	1.02093e-01
4.63013e-01	-8.93665e-01	3.90184e-01	-6.93924e-01
1.92396e-01	-4.77868e-01	1.12511e-01	-4.55882e-01
3.69207e-01	4.98932e-01	2.66782e-01	3.45331e-01
5.02971e-01	-2.25057e-01	3.40327e-01	3.21455e-01
1.67174e+00	-7.80525e-01	1.46320e-01	1.11244e-01
8.44735e-01	-6.03785e-01	9.97918e-01	5.85880e-02
7.33313e-01	-9.40663e-01	1.63694e+00	-3.95478e-01
1.77683e-01	-4.90114e-01	1.84075e+00	-1.09173e-01
3.29221e-02	-9.76039e-01	8.63819e-01	-4.69811e-02
8.06543e-01	6.62580e-01	4.19577e-01	-8.27213e-01
6.31033e-01	3.10654e-02	3.89665e-01	-9.36761e-03
1.94989e+00	2.61574e-01	3.43755e-02	-9.41336e-01
1.08046e+00	4.33752e-01	1.82162e+00	1.57751e-01
8.59183e-02	1.46623e-01	1.93109e+00	-1.56541e-01
6.89031e-01	9.95200e-01	9.15482e-01	2.47512e-01
1.30289e-01	-4.34305e-01	1.66751e-01	-6.37009e-01
3.14380e-02	1.83455e-01	7.33575e-01	-6.68182e-01
