# No. of particles = 100 
# Proton - Solar wind	Electron - Solar wind	
1.57609e+00	-2.38656e+00	9.05050e-01	-2.47782e+00
5.89653e-01	-2.46008e+00	3.72898e-01	-2.27089e+00
1.96462e+00	-2.34531e+00	2.56097e-01	-2.32324e+00
5.35130e-01	-2.41769e+00	1.35233e+00	1.75621e+00
1.66248e+00	-2.40543e+00	5.45123e-01	-1.86505e+00
2.16931e+00	-2.45426e+00	1.14236e+00	-1.64193e+00
2.50635e-01	-2.31834e+00	1.18573e+00	-2.22704e+00
3.28328e-01	-2.38691e+00	8.82545e-01	1.20928e-01
1.13700e+00	-2.36300e+00	2.12504e+00	-5.27763e-01
2.42571e-01	-2.42963e+00	1.63732e+00	-1.71011e+00
2.16337e+00	-2.48971e+00	1.59921e+00	-1.32056e+00
8.76650e-01	-2.32797e+00	4.47438e-01	-1.83147e+00
4.84222e-01	-2.46310e-02	2.02743e-01	-1.33320e+00
1.44881e+00	-2.28846e+00	1.59876e+00	-1.23469e+00
5.31207e-02	-2.40214e+00	3.04570e-01	-2.48793e+00
1.95991e+00	-1.04815e+00	2.68595e-02	-2.37549e+00
1.87320e+00	-3.46867e-01	1.33183e+00	-2.31645e+00
2.38227e+00	-1.55976e+00	1.20067e+00	-5.94368e-01
7.87396e-01	-2.26837e+00	2.32151e+00	2.67326e-01
2.98602e-01	-2.31496e+00	6.64212e-01	-2.40855e+00
3.11019e-01	-2.19007e+00	1.37797e+00	6.72825e-01
1.22474e-02	-2.28518e+00	6.23527e-01	-1.11906e+00
5.71964e-01	-2.27067e+00	3.47100e-01	-7.01263e-01
2.40571e+00	-6.65680e-01	7.98859e-01	5.30729e-01
2.39191e+00	-1.67429e+00	2.37639e-01	-2.36613e+00
1.89505e+00	-1.92411e+00	1.99493e-01	2.18844e+00
3.21807e-01	-2.33281e+00	9.53354e-01	-1.14200e+00
1.73501e+00	-1.19606e+00	1.73336e+00	-1.05688e+00
2.08398e-01	-2.45291e+00	7.47249e-01	1.20989e+00
2.42414e+00	8.37198e-01	3.06550e-01	-2.14889e+00
1.30942e+00	-2.17535e+00	2.71084e-01	-2.00608e+00
1.98041e+00	-1.19259e+00	1.91986e+00	-2.14981e+00
2.32281e+00	-2.10563e+00	1.38454e-01	-9.16944e-01
2.26698e+00	-1.45106e+00	4.59511e-02	2.26601e-01
6.71373e-02	-3.65599e-01	1.40675e+00	-1.54479e+00
2.37431e+00	3.52635e-01	9.68312e-01	1.38680e-01
2.15575e+00	-1.32769e+00	9.81679e-01	-2.21621e+00
2.45308e+00	-8.21584e-02	1.92418e+00	8.89534e-01
1.88388e+00	8.79277e-01	5.30544e-02	-2.36669e+00
2.43079e+00	-2.32098e+00	1.82578e+00	2.44128e-01
4.90907e-01	-2.40802e+00	2.41390e+00	-1.46460e+00
2.23776e+00	-6.67164e-02	5.31744e-01	-2.19671e+00
2.28686e+00	-2.04664e+00	2.28179e+00	-1.92212e+00
3.51419e-01	3.44578e-02	1.31220e+00	-1.91684e+00
2.70667e-01	-2.46149e+00	2.24815e+00	7.77013e-02
1.48744e-01	-2.39599e+00	9.49501e-01	-1.74427e+00
4.15359e-02	-2.39272e+00	3.06202e-01	-2.12753e+00
1.71350e+00	-2.16994e+00	7.65061e-01	-2.37928e+00
3.57708e-01	-2.43905e+00	9.85316e-01	1.06338e+00
2.06631e+00	-2.26753e+00	1.40686e+00	-1.61774e+00
2.10832e-02	-2.09816e-01	4.49596e-01	4.60203e-01
9.72905e-01	-2.39086e+00	7.57065e-01	-2.11452e+00
9.28993e-01	-2.44946e+00	5.61576e-01	-1.75492e+00
8.81016e-01	-2.38870e+00	1.23563e+00	9.19365e-02
2.11307e+00	-8.47342e-01	1.42997e+00	-1.21394e+00
7.63342e-01	5.34563e-01	1.69381e+00	-5.35441e-01
8.93876e-01	-7.45665e-01	9.56520e-01	2.00200e+00
2.30812e+00	-2.29142e+00	4.82467e-01	-1.93700e+00
2.40533e+00	-1.02994e+00	1.96491e+00	1.24519e+00
2.20249e+00	-5.03368e-01	5.57448e-01	6.48303e-01
1.41817e+00	-2.32698e-01	2.36355e+00	-2.38403e+00
6.74893e-02	-2.41428e+00	1.07980e+00	1.27467e+00
2.24885e+00	7.69078e-01	3.00573e-02	-2.26850e+00
5.54728e-02	3.78425e-01	4.51514e-02	-2.44266e+00
1.99040e+00	-2.38249e+00	1.28438e+00	-4.66012e-01
5.43290e-01	6.39995e-01	1.97381e+00	-1.06278e+00
8.61327e-01	6.32634e-01	1.46821e+00	-9.15992e-01
2.49345e-01	-1.02255e-01	1.14727e-01	-1.95262e+00
2.25167e+00	-2.47719e+00	1.52712e-01	-7.62819e-01
6.16234e-01	-2.28241e+00	2.36147e+00	-5.61776e-01
7.53187e-01	5.95819e-01	1.42681e-02	-2.49616e+00
1.12871e+00	5.44983e-02	1.46650e+00	7.25449e-01
2.30468e+00	-7.32460e-01	2.07821e+00	-9.03612e-01
2.40225e+00	-2.25294e+00	4.99198e-01	-1.92147e+00
2.72851e-01	-2.20485e+00	2.63654e-01	-1.42373e+00
2.33028e-02	-2.47676e+00	6.32297e-01	-9.12334e-01
3.91084e-01	-1.12805e+00	8.67393e-01	-1.99475e+00
6.85536e-01	-2.33279e+00	1.45794e+00	1.82661e-01
1.88971e-01	-2.28562e+00	2.42530e-01	-1.97077e+00
6.33838e-01	3.77068e-01	4.56026e-01	-1.46608e+00
1.94924e+00	5.84208e-01	2.06132e+00	-2.35814e+00
9.09779e-01	-2.01971e+00	1.80853e-01	-2.47732e+00
9.39598e-01	2.23434e-01	1.20132e+00	-1.25525e+00
2.47482e-01	-5.11048e-02	1.85904e+00	1.45023e+00
1.85216e+00	-4.40691e-01	5.64743e-01	9.90002e-01
2.35790e+00	9.80333e-01	9.41482e-02	-3.35840e-01
1.74942e-01	-3.62903e-01	3.99104e-01	-2.39554e+00
2.45937e+00	-2.26223e+00	1.88651e+00	-1.34092e+00
2.28509e+00	4.92239e-01	1.10574e+00	-1.46404e+00
7.09056e-01	-2.45661e+00	7.28596e-03	-5.16634e-01
2.05234e+00	2.74751e-02	2.15490e+00	6.26739e-01
1.28784e+00	-2.35259e+00	2.21111e+00	-5.60802e-01
1.71542e+00	-1.75674e+00	1.97302e+00	1.67975e-02
2.97430e-01	-2.22816e-01	1.98287e+00	1.90711e+00
9.55090e-02	-2.42942e+00	3.39098e-01	-1.81130e+00
3.82387e-01	1.62101e+00	2.36806e+00	1.88733e+00
3.15091e-01	-2.29048e+00	1.03984e+00	-2.39496e+00
1.17163e+00	-2.29037e+00	7.92207e-01	3.19451e-01
1.15479e+00	-2.38390e+00	7.37574e-01	-9.60895e-01
2.20065e+00	8.39868e-01	2.42334e+00	-1.29936e+00
