# No. of particles = 100 
# Proton - Solar wind	Electron - Solar wind	
3.60091e-01	3.85924e-01	8.23456e-01	9.59289e-02
7.89320e-01	5.49082e-01	2.18775e-02	-9.98842e-01
1.26359e+00	2.34677e-02	6.62197e-04	-9.55756e-01
3.43132e-01	-5.17056e-01	1.06885e+00	-1.62404e-01
2.93529e-01	-1.30080e-01	4.96931e-01	9.14987e-01
7.18505e-01	-1.14727e-01	1.30390e+00	-7.43607e-01
6.62716e-01	-1.42801e-01	1.20971e+00	-7.36187e-01
1.32962e-01	-9.18946e-01	1.68027e-01	-9.06653e-01
3.96000e-01	-1.32275e-01	9.00921e-02	-8.16249e-01
2.74429e-01	-4.46301e-01	1.10113e+00	2.68516e-01
4.58382e-01	-4.11957e-01	6.23738e-01	-5.25136e-01
8.28878e-01	5.15294e-02	9.05695e-01	-2.21041e-01
1.34171e+00	-1.51758e-01	4.21225e-02	9.99661e-01
3.68666e-01	-1.59760e-01	1.73496e+00	-5.21108e-01
7.27425e-01	-8.76859e-01	6.74535e-01	-2.47656e-01
2.15643e-01	-7.34625e-01	8.01643e-01	9.35610e-01
1.91753e+00	-1.07246e-01	2.49671e-01	-3.97243e-01
9.18224e-02	-6.05386e-01	5.46869e-01	8.05802e-01
6.31853e-01	-7.67579e-02	6.75868e-01	-7.02340e-01
1.67726e-01	-8.33690e-01	1.45995e-02	-6.15893e-01
9.25407e-01	5.42705e-01	2.07804e-03	-9.87872e-01
4.37373e-02	-9.61306e-01	9.80346e-01	-5.14120e-01
1.47138e+00	-1.67598e-02	3.96008e-01	-5.81162e-01
3.15198e-01	6.09196e-01	1.11861e+00	2.12054e-01
4.04403e-02	-9.91712e-01	3.72379e-01	-4.81746e-01
4.04760e-02	-9.84715e-01	1.14382e+00	8.71440e-01
6.10987e-02	8.14750e-03	8.06849e-01	-4.36457e-01
3.57549e-01	2.38056e-02	2.32213e-01	-8.69332e-01
1.92967e+00	4.49217e-01	1.90671e+00	-2.98095e-01
1.31800e+00	3.98799e-01	7.56991e-01	4.47397e-01
1.16765e+00	6.34429e-01	6.10886e-02	-9.30111e-01
1.48949e+00	-8.71491e-01	1.73964e+00	-3.36351e-01
2.25454e-01	-7.05624e-02	8.52816e-01	-9.67486e-01
1.63786e+00	-5.27093e-01	2.25533e-01	-4.81632e-01
4.36946e-01	-6.24855e-01	3.82645e-01	7.00735e-02
3.88552e-01	-9.08665e-01	2.81046e-01	-7.11799e-01
1.30570e-01	-7.46604e-01	5.72823e-01	-7.04144e-01
6.51552e-01	-8.52806e-01	1.22990e+00	-1.23446e-01
4.22862e-01	6.14935e-01	5.76188e-01	1.77586e-01
4.10441e-01	-7.85032e-01	4.78790e-01	-1.80707e-01
7.54774e-02	-5.12901e-01	2.88438e-01	3.52504e-02
7.19383e-02	5.45370e-02	1.36138e+00	-7.99972e-01
1.80513e-01	-8.27229e-01	3.02082e-01	-8.87021e-01
3.35851e-01	-6.72565e-01	9.85637e-01	3.08286e-01
4.54197e-01	4.51272e-01	2.11802e-01	-4.72244e-01
9.13464e-01	-4.61316e-01	9.61027e-01	-9.52846e-01
1.80430e+00	3.18935e-01	1.05576e+00	-4.26818e-01
1.02930e+00	-2.62731e-01	7.07704e-01	3.44074e-01
8.59692e-02	-6.27908e-01	1.24843e-01	-6.24612e-01
2.76784e-01	-2.68766e-01	8.70430e-02	5.51192e-02
6.88220e-01	-6.06657e-01	1.01402e+00	-5.39067e-01
1.60823e-01	-9.44419e-01	2.29409e-01	-8.60586e-01
3.66176e-01	-7.36953e-01	2.46543e-01	-9.13411e-02
3.19429e-01	-5.22977e-01	1.78134e-02	5.72906e-01
4.06764e-01	-5.73165e-01	9.84657e-01	9.79142e-01
1.79010e+00	-8.77755e-01	1.55262e-02	-9.85120e-01
1.01684e-01	-4.20566e-01	5.89893e-02	-4.55482e-02
1.06542e-01	-8.47179e-01	4.23522e-02	-9.24670e-01
8.77977e-01	8.98929e-01	9.58503e-01	8.80896e-02
1.22867e-01	-8.53389e-01	1.36613e+00	3.83288e-01
1.07670e-01	-5.89818e-01	9.93487e-01	4.57021e-01
8.47472e-02	-5.94424e-02	4.52023e-01	-5.22172e-01
4.13694e-01	-2.84647e-01	2.62693e-01	-4.67316e-01
1.00178e+00	4.42118e-01	1.09576e+00	3.43943e-01
4.69462e-02	-8.81374e-01	5.28206e-01	-6.10399e-01
5.59288e-01	-6.68442e-01	4.65588e-01	-9.52687e-01
6.87652e-02	-7.32416e-01	1.15341e+00	8.54496e-02
1.15262e+00	9.13777e-01	1.64842e+00	-4.65944e-01
9.72129e-01	7.16015e-01	1.97654e+00	-8.05668e-01
1.08612e+00	6.56130e-01	8.98084e-01	-1.65330e-01
1.65766e+00	-3.16918e-02	2.05127e-01	6.94402e-01
1.46324e+00	5.67423e-01	1.69898e+00	-8.07111e-01
2.22260e-01	-6.14109e-01	4.71716e-01	7.67548e-01
4.12932e-01	-1.92191e-01	1.17220e+00	8.22755e-01
5.87751e-01	-4.93590e-01	1.59284e-01	3.79190e-01
2.73554e-02	1.49418e-01	2.76539e-02	5.96814e-01
3.00787e-01	8.13324e-01	1.94327e+00	-1.23817e-01
4.57763e-01	-4.24795e-01	2.70977e-01	-4.12922e-01
4.03987e-01	-4.23859e-01	1.07687e+00	3.39805e-01
1.31919e+00	5.62228e-01	2.90336e-01	7.89617e-01
1.55657e+00	-1.62144e-01	2.11893e-01	5.88030e-01
1.19332e+00	5.15292e-01	1.99535e+00	7.15207e-01
1.15953e+00	2.72390e-01	1.92489e+00	-4.81949e-01
4.04379e-02	1.79928e-01	1.67808e+00	-6.78196e-01
8.96439e-02	6.38754e-01	3.41704e-01	4.37521e-01
2.77386e-01	1.31802e-01	1.42165e-01	-6.57148e-01
3.87578e-01	-4.17915e-01	1.07145e+00	7.59824e-01
1.71454e+00	-5.21642e-01	8.54230e-01	1.22278e-01
9.11304e-01	-7.56366e-01	1.10667e+00	-1.34605e-01
6.21450e-02	7.60139e-01	1.32106e+00	8.93368e-02
1.36846e-01	-6.52421e-01	8.81798e-01	6.51555e-03
3.46142e-02	-9.91335e-01	1.59345e+00	-6.98101e-01
6.27490e-01	2.23917e-01	1.95605e+00	6.92939e-02
3.20098e-01	-5.98557e-01	2.63826e-01	-6.66810e-01
8.94512e-01	1.81296e-01	8.02806e-01	6.92645e-01
1.77737e+00	7.93259e-01	1.27796e+00	9.06468e-01
4.24018e-02	4.77360e-01	1.57332e+00	-7.91372e-01
5.95692e-01	3.86777e-01	7.24716e-01	-4.36117e-01
1.82421e+00	7.15346e-01	3.32936e-01	-3.01593e-01
6.17249e-01	-8.51334e-01	5.04598e-01	2.33040e-01
