# No. of particles = 100 
# Proton - Solar wind	Electron - Solar wind	
4.95959e-01	-3.74778e-01	4.26417e-01	7.60818e-01
1.52136e+00	4.37939e-01	6.95075e-01	-6.73762e-01
1.75111e+00	4.10602e-01	3.03868e-01	-1.32997e-01
2.35009e-01	-8.71493e-01	6.07228e-01	-7.64153e-01
3.12259e-01	-8.56983e-01	1.25038e+00	3.43142e-01
8.68799e-01	-6.64275e-01	1.62177e+00	3.28120e-01
1.38530e+00	7.82760e-01	4.36340e-01	-7.89729e-01
1.77530e+00	6.54013e-01	1.11887e-01	-7.82943e-01
1.89406e-01	-9.64348e-01	1.26950e+00	2.49320e-01
2.88146e-01	1.04935e-01	1.52235e+00	-8.39243e-01
1.79219e-01	-4.27752e-01	7.69815e-03	-9.69447e-01
1.13809e+00	4.53028e-01	9.72266e-01	-2.41392e-01
1.65755e+00	5.72623e-02	4.27213e-01	-6.04263e-01
7.60327e-01	9.35359e-01	9.95688e-01	-6.10204e-01
1.22539e+00	-7.97185e-01	7.48860e-01	-9.71532e-02
1.48434e+00	7.30836e-01	1.92667e+00	4.70456e-01
2.14115e-01	3.92870e-01	1.15337e+00	1.79480e-01
1.66893e-01	-2.22371e-01	1.89495e+00	9.04194e-01
9.31809e-03	-9.56230e-01	6.24145e-02	-9.48862e-01
1.21182e+00	3.83345e-01	3.12780e-01	-9.77606e-01
3.47673e-01	-8.47708e-01	7.46173e-01	2.70375e-01
1.40065e+00	7.05081e-01	9.12460e-01	-2.87323e-01
1.52780e+00	8.83497e-01	1.63065e+00	2.57863e-01
3.89503e-01	9.50142e-01	7.73623e-01	-3.61062e-01
1.22160e-01	-9.71493e-01	1.55294e+00	-5.85522e-01
1.22487e-01	-9.73491e-01	1.61721e+00	5.97314e-01
5.09130e-01	3.73573e-01	1.67293e+00	6.22022e-01
1.50288e+00	9.01131e-02	1.37115e+00	3.64958e-01
1.04365e+00	-8.20634e-01	1.43562e+00	3.89467e-01
4.09580e-01	-9.95104e-01	7.65426e-02	-6.70200e-01
1.38762e+00	-9.38498e-01	1.73644e+00	-3.95945e-01
8.21742e-01	3.05117e-01	4.63647e-01	-5.03351e-01
1.33608e+00	-1.91687e-02	1.46636e+00	2.46425e-01
2.03222e-01	3.09040e-02	1.98176e+00	3.12158e-01
6.22713e-02	-6.10770e-01	2.63669e-01	-8.69546e-01
7.30794e-01	-8.34466e-01	1.36413e+00	-3.38670e-01
4.80932e-01	1.75758e-01	3.01254e-01	-8.88329e-01
1.21945e+00	-7.29012e-01	1.28428e-01	-1.76455e-01
7.15843e-01	-8.65043e-01	3.88330e-02	-9.97377e-01
1.30711e+00	-1.46348e-02	1.57883e+00	-4.56429e-01
8.52199e-01	-7.36512e-01	1.27494e+00	-2.04112e-01
7.05751e-01	4.99177e-01	5.44682e-02	-1.35302e-01
5.56325e-01	-2.60891e-01	1.55837e+00	4.23733e-01
5.44842e-01	-3.83048e-01	1.59998e+00	-1.50477e-01
4.58864e-01	-4.68911e-01	2.63001e-01	-8.49438e-01
2.19755e-02	-1.67308e-01	7.86654e-01	-9.41621e-01
1.68323e+00	-2.42513e-01	7.25963e-01	-3.47036e-02
1.32838e-02	-9.74476e-01	4.09863e-01	-1.54485e-01
2.51495e-01	6.08603e-02	1.11212e-01	-8.65482e-01
4.22707e-02	-6.29277e-01	3.79364e-01	-6.31932e-01
1.26935e+00	-1.86637e-01	1.33522e+00	-8.69402e-01
7.90887e-02	-9.17664e-01	6.31650e-01	-7.70659e-01
1.51773e+00	6.10791e-01	1.12570e+00	2.75304e-01
1.38374e-01	-8.16999e-01	4.77305e-01	-3.18685e-01
1.61131e+00	9.04940e-01	9.06578e-01	-2.79662e-01
1.11984e+00	-9.40665e-01	5.82982e-01	6.58821e-01
1.80929e-01	4.01866e-01	6.12595e-01	-1.57529e-01
1.38915e+00	-7.47908e-01	9.05398e-01	-8.92842e-02
9.11374e-01	7.21842e-01	1.88599e+00	-4.11145e-01
5.93250e-01	-3.47681e-01	9.20080e-02	9.41795e-01
1.38842e-01	-4.00124e-02	1.00140e-03	-9.90951e-01
1.00925e+00	-2.72249e-01	1.42876e+00	-3.12995e-01
7.53558e-01	4.07374e-01	1.99524e+00	7.50090e-01
6.21021e-01	7.64890e-02	1.70297e+00	2.96920e-01
2.70144e-02	-9.54987e-01	3.37799e-01	-6.69774e-01
8.51424e-01	-4.94685e-01	1.71642e+00	7.56335e-01
1.54627e-01	6.64518e-01	4.60708e-01	1.96526e-02
6.14282e-01	-1.50724e-02	4.42605e-01	-6.91050e-01
3.05629e-01	-5.03504e-01	2.50519e-01	-7.98514e-01
7.99734e-01	-3.64608e-01	1.76632e+00	8.05224e-01
1.10502e+00	7.37535e-01	9.81417e-01	-4.59613e-01
1.08333e+00	9.99246e-01	1.85730e+00	5.76355e-01
5.16263e-01	-7.66269e-02	5.64254e-01	7.78874e-01
9.11312e-01	8.06893e-01	2.67972e-01	-4.34258e-01
6.96861e-01	-3.80455e-01	4.84244e-01	-9.22938e-02
1.30153e-01	2.52760e-01	1.67802e+00	5.76050e-01
2.39157e-01	-5.48615e-01	9.94394e-02	-7.59168e-01
1.56299e+00	9.77873e-01	3.15767e-01	-9.79124e-02
9.76223e-01	3.91823e-01	1.69736e+00	4.07475e-01
1.28777e-01	-7.24498e-01	3.25736e-01	-7.17964e-01
3.23464e-01	3.27581e-01	9.71870e-02	-5.31346e-01
8.62852e-01	7.88571e-01	4.14703e-02	-7.23816e-02
1.47778e+00	6.39338e-01	1.01525e+00	5.19303e-02
2.53126e-01	-9.30602e-01	9.39606e-01	2.44518e-02
8.15139e-01	7.00805e-01	1.26452e+00	2.82066e-01
3.51233e-01	3.72414e-01	3.73195e-01	2.96576e-01
4.92573e-01	-2.77069e-01	3.10094e-01	-6.83193e-01
1.00359e+00	-8.47310e-01	1.07246e+00	-6.88669e-01
1.88789e+00	-7.82226e-01	1.57171e+00	7.76156e-01
4.88344e-01	-9.44046e-01	1.27706e+00	7.10818e-01
1.72729e-01	-5.38720e-01	4.17699e-01	4.45364e-01
1.23790e+00	4.77179e-01	5.96181e-01	2.11718e-01
7.59345e-01	4.93994e-01	6.18131e-01	2.65215e-01
5.80523e-01	-1.63858e-01	6.76443e-01	9.70038e-01
8.26052e-01	-4.26189e-01	3.62124e-01	-4.19247e-01
7.52893e-02	-9.46514e-01	1.85247e+00	7.13084e-01
4.97058e-02	-2.47610e-01	9.19441e-01	-3.68274e-01
4.17822e-01	5.95010e-01	1.00968e+00	6.60802e-02
1.01664e-01	-6.74839e-01	9.48965e-01	4.05567e-01
1.54615e+00	-6.33549e-01	2.41394e-01	-6.26900e-01
