# No. of particles = 100 
# Proton - Solar wind	Electron - Solar wind	
6.36426e-01	-5.42576e-01	8.93686e-01	9.31730e-02
7.82298e-01	-8.86636e-01	1.40292e+00	2.83474e-01
1.01818e+00	4.78862e-01	6.07852e-02	-9.29827e-01
1.13925e+00	-7.17135e-01	2.68391e-01	-7.63734e-01
1.02036e+00	-8.73051e-02	2.01797e-01	-9.38657e-01
2.67222e-01	-5.69824e-01	1.88718e-01	-3.56257e-01
1.28601e+00	-7.54761e-01	1.16690e-01	7.78093e-01
4.43444e-01	-4.42887e-01	1.36888e-01	-7.70827e-01
5.99881e-01	-9.28730e-01	1.53020e+00	-8.04996e-01
1.19050e-01	4.39818e-01	2.95225e-01	-2.49601e-01
4.95515e-01	-3.21044e-01	1.03592e+00	-7.65834e-01
1.70619e+00	2.22682e-01	4.20233e-01	-5.88780e-01
1.89406e-02	-9.93798e-01	4.21757e-01	-7.65325e-01
9.84768e-01	-3.24159e-01	1.81927e+00	-4.46879e-01
8.98215e-01	-3.70123e-01	1.10441e+00	1.53276e-01
1.79283e+00	-4.90556e-01	1.40506e+00	-1.38097e-01
6.65953e-01	-5.36904e-01	2.91366e-03	-9.27979e-01
1.30897e+00	2.82671e-01	1.88864e+00	-9.34298e-02
5.70344e-01	5.17986e-01	1.80895e+00	6.29221e-01
1.72242e+00	4.35668e-01	1.71810e+00	5.86775e-01
7.79651e-01	-5.84412e-01	1.76477e-01	-9.18667e-01
3.72581e-01	-9.39373e-01	1.58986e+00	7.12782e-01
4.67541e-01	-6.57654e-01	4.27397e-01	-1.35371e-01
8.49737e-02	-7.98478e-01	1.13992e+00	-5.89312e-01
5.33853e-01	-8.67995e-01	1.45578e+00	3.03067e-01
1.48173e+00	4.68032e-01	1.00119e+00	6.67078e-01
1.71769e-01	-8.67630e-01	1.79944e+00	5.64399e-01
8.52597e-01	-2.25844e-01	1.66314e-01	-5.47807e-02
9.74410e-01	9.77821e-01	1.74950e+00	-9.00228e-01
1.99242e+00	-1.19729e-01	2.85243e-02	-9.54831e-01
7.43897e-02	-6.46225e-01	2.74539e-01	-3.01233e-01
3.75994e-02	-3.20797e-01	2.73752e-01	-9.73545e-01
1.13138e-01	-7.51707e-01	3.71897e-01	-2.75786e-01
1.07027e+00	1.62272e-01	1.98352e+00	-6.92688e-01
1.69338e+00	7.80937e-01	9.63084e-02	-9.52877e-01
5.65760e-01	-2.39404e-02	1.69011e+00	9.04266e-01
6.21327e-01	1.96359e-01	1.87161e+00	-1.28915e-01
1.55341e+00	-1.89651e-01	7.39574e-01	-8.73709e-01
5.49575e-02	-9.76255e-01	3.94638e-01	-7.92607e-01
1.65979e-01	-7.40544e-01	6.35220e-01	4.40160e-01
9.27889e-01	1.29973e-01	1.74392e+00	2.20191e-01
1.87104e-01	-9.14692e-01	1.05981e+00	8.42049e-02
4.45515e-01	7.93102e-02	1.27761e+00	1.20986e-01
1.72611e-01	-9.55541e-01	1.38318e+00	2.19430e-01
3.83501e-01	-4.94511e-01	4.68198e-01	-2.27483e-01
3.94297e-01	1.13424e-01	6.92376e-01	-8.51778e-01
1.31001e-01	-9.16744e-01	8.68524e-02	-8.98375e-01
7.67753e-01	-1.50620e-01	1.16526e+00	-7.36565e-01
1.88491e-01	-8.33864e-01	1.68207e+00	3.21413e-01
4.75317e-01	3.97717e-02	2.55818e-01	-8.92769e-01
4.06304e-01	-3.77109e-01	5.41783e-01	4.56427e-01
6.27174e-01	-6.22171e-01	8.01803e-01	-8.51337e-01
1.12126e+00	4.76940e-01	1.68172e+00	2.98867e-02
1.69857e+00	-8.15266e-01	1.73887e+00	3.59279e-01
4.34041e-02	-9.42537e-01	4.38388e-01	-8.15384e-01
1.43483e+00	-1.47253e-01	9.32270e-01	-2.93243e-01
1.85840e+00	9.87720e-02	1.04206e+00	-7.45600e-01
8.30693e-03	-8.13779e-01	1.01090e+00	-7.22727e-01
4.01573e-02	-2.54343e-01	2.73297e-01	-6.51547e-01
5.76313e-01	-2.13718e-01	4.84918e-01	-5.67542e-01
1.87723e+00	1.99229e-01	1.56178e+00	4.38591e-01
2.14640e-01	-6.25730e-01	1.02720e+00	-8.69827e-01
1.42612e+00	-2.83808e-01	1.40327e+00	-2.04093e-01
7.90120e-03	6.81080e-01	3.06821e-02	-4.03261e-02
5.07168e-02	-9.57999e-01	1.76901e+00	-1.36562e-01
5.46428e-01	9.70868e-01	8.29178e-01	8.39997e-01
9.46782e-01	1.81907e-01	1.39060e-01	-7.81202e-01
1.34797e+00	-3.73359e-01	1.80820e+00	-6.57207e-01
1.41138e+00	-5.00016e-01	1.43952e+00	2.83476e-01
1.21257e+00	-6.76231e-01	1.30958e+00	-5.27110e-01
1.30508e+00	-9.43720e-01	1.93733e+00	5.76127e-01
7.41543e-01	1.49641e-01	1.00824e+00	2.99345e-01
6.55379e-02	2.94587e-01	1.90755e+00	-7.12778e-01
6.98881e-01	9.83519e-01	2.31664e-01	-4.25628e-02
1.79264e-01	-9.14995e-01	6.36871e-01	9.88826e-01
1.01455e+00	9.47079e-01	1.35062e+00	-8.44225e-01
4.96990e-01	3.70631e-01	9.99080e-01	3.98269e-01
6.35739e-01	-8.55453e-01	1.26193e+00	-7.10523e-01
7.08921e-01	3.41100e-01	1.73911e+00	9.51418e-01
1.77420e+00	7.26474e-01	1.92100e+00	3.11406e-01
7.15261e-02	-9.96401e-01	1.86672e+00	-7.52699e-01
1.05131e+00	-2.81828e-01	2.59120e-01	3.94886e-01
1.31413e+00	-7.51027e-01	6.93290e-01	-1.48558e-01
6.96139e-01	7.22813e-01	7.11942e-01	9.46003e-01
1.22863e+00	5.04587e-01	5.81612e-01	6.59017e-01
5.40913e-02	-8.63588e-01	1.69803e+00	-2.23881e-01
1.80765e-02	-9.69363e-01	1.11105e+00	-1.99140e-01
2.91278e-01	5.63074e-01	8.86413e-01	9.17528e-01
8.82449e-01	-3.45019e-01	1.50539e+00	5.25494e-01
2.05410e-01	5.23865e-02	8.78588e-01	-8.98766e-01
1.17098e+00	8.38299e-01	1.40553e+00	5.30736e-01
3.44710e-01	-2.46943e-01	1.73002e+00	4.72810e-01
1.14431e-01	-9.22083e-01	1.13080e+00	-3.98944e-01
1.42799e-01	-3.89126e-01	5.23863e-01	-5.52827e-01
6.03446e-02	-4.80858e-01	4.43982e-01	-7.97838e-01
5.78908e-01	-1.58489e-01	6.00366e-01	3.69387e-01
7.56626e-01	1.44482e-02	9.90494e-02	-5.33776e-01
1.90978e+00	-6.70124e-01	1.85525e-02	-8.24225e-02
2.84209e-01	1.58179e-01	1.22684e+00	5.16779e-01
2.06417e-01	-6.46109e-01	1.15061e+00	-5.36422e-01
