# No. of particles = 100 
# Proton - Solar wind	Electron - Solar wind	
7.69043e+00	-1.59872e+00	5.23837e+00	-4.20104e+00
7.89182e+00	-4.44994e+00	2.94010e+00	2.83175e-01
7.30925e+00	-1.85615e+00	2.90164e+00	5.20276e-01
9.34403e+00	-2.82012e+00	8.42555e+00	-3.81681e+00
7.89503e+00	-3.91253e+00	2.43839e+00	3.70863e+00
4.40018e+00	-3.19821e+00	9.18439e-01	-2.63537e+00
6.63451e+00	-4.14400e+00	3.09431e+00	-3.02589e+00
8.34126e+00	-4.14904e+00	9.54447e-01	3.79487e+00
7.14562e+00	-3.62479e+00	9.00406e+00	-1.04491e-01
6.42537e+00	-2.36967e+00	8.55996e-02	3.09851e+00
7.18570e+00	-2.89048e+00	3.19103e-02	-1.62478e+00
7.23496e+00	-4.21337e+00	7.43664e+00	-1.46653e+00
4.58149e+00	-3.19109e+00	8.81084e+00	3.32455e+00
6.94038e+00	-1.45400e+00	2.23928e+00	-2.42141e-01
5.87278e+00	-2.10326e+00	5.60370e+00	-4.42813e+00
7.40449e+00	-8.02866e-01	7.66283e+00	2.90614e+00
9.64121e+00	1.84486e-01	8.77025e+00	3.44730e+00
6.85557e+00	2.34015e+00	4.69942e+00	-4.68417e+00
6.80101e+00	-1.00793e+00	6.49070e+00	3.62186e+00
5.76757e+00	-1.51602e+00	4.85099e+00	1.06013e+00
6.33136e+00	-1.12076e+00	3.27077e+00	5.62201e-01
6.79277e+00	-6.66789e-01	6.05090e+00	4.90236e-01
4.92533e+00	1.66961e-01	8.84466e+00	-2.84796e+00
7.16460e+00	4.34172e-01	7.34761e+00	-2.36977e+00
8.32615e+00	1.39032e+00	6.49367e+00	4.80609e+00
6.44792e+00	1.20515e+00	1.38457e+00	-9.56016e-01
4.82637e+00	-8.74335e-01	6.57718e+00	2.30267e+00
7.62084e+00	2.57310e+00	7.57268e+00	-2.87851e+00
9.43818e+00	4.80510e+00	4.40293e+00	-1.40087e+00
8.33111e+00	4.30379e+00	6.51325e+00	-2.32753e+00
2.99717e+00	2.73478e+00	8.28812e+00	1.37569e+00
6.87680e+00	4.81491e+00	4.99296e+00	2.76386e+00
7.21521e+00	4.05857e+00	3.96620e+00	4.06060e+00
5.75374e+00	3.07376e+00	8.93200e-01	2.84577e+00
7.30902e+00	4.33049e+00	5.51394e+00	-1.49582e+00
8.38789e+00	4.38008e+00	9.34867e+00	-2.59735e+00
4.62999e+00	1.82415e+00	6.84273e+00	3.82167e+00
6.28858e+00	-2.59510e+00	7.95257e+00	4.11754e+00
7.90108e+00	-4.28367e+00	5.76343e+00	-8.56820e-01
6.53410e+00	-4.75408e+00	9.42574e+00	-2.80945e+00
6.87248e+00	-3.77701e+00	7.65831e+00	-2.35151e+00
7.53473e+00	-1.94071e+00	5.18877e+00	-3.35954e+00
6.29611e+00	-4.48786e+00	6.04844e+00	2.17949e+00
6.46269e+00	-3.76157e+00	8.79298e+00	-2.47623e-01
6.56314e+00	-2.13208e+00	6.58652e-01	3.62479e+00
8.04974e+00	1.15967e-01	9.17813e+00	-9.23861e-01
9.28044e+00	-4.43216e+00	3.58824e-01	2.70264e+00
6.26313e+00	-1.13888e+00	3.43019e+00	-1.22549e+00
6.66861e+00	-3.06859e+00	7.50933e+00	-1.13956e+00
6.12285e+00	-2.74303e+00	6.92144e+00	-1.52908e+00
7.35567e+00	-1.64791e+00	5.88705e+00	1.07969e+00
5.91072e+00	-1.41874e+00	9.62317e+00	-4.03573e+00
6.37577e+00	-9.76578e-01	5.44375e+00	4.89848e+00
5.78933e+00	-1.85787e+00	7.72083e+00	5.24276e-01
7.85947e+00	2.54239e+00	5.03657e+00	-2.80827e+00
6.86784e+00	-1.85867e+00	4.96452e+00	-2.96752e+00
6.40992e+00	-2.97110e-01	9.03987e+00	4.83673e+00
6.34010e+00	-2.78516e+00	3.33668e+00	3.60837e+00
7.75427e+00	-8.10881e-01	4.16839e+00	3.78048e+00
6.65444e+00	6.06341e-01	7.44016e+00	-3.25193e+00
6.79669e+00	-4.89300e-01	6.43087e+00	-4.41410e+00
6.44410e+00	9.30265e-01	1.18842e+00	-4.63462e+00
7.49902e+00	-2.45514e+00	8.92319e+00	-3.43663e-01
7.99602e+00	-6.29995e-01	9.51441e+00	-1.68908e+00
5.43794e+00	-2.18168e+00	6.17085e+00	2.31882e+00
4.73392e+00	3.39181e+00	6.28154e+00	2.32153e+00
8.65892e+00	-2.75118e+00	1.59382e+00	-2.68957e+00
6.78079e+00	9.41200e-01	5.24498e+00	-5.88896e-01
6.52881e+00	4.69038e-01	7.91612e+00	-9.13874e-01
5.17867e+00	3.94244e+00	5.07839e+00	-3.41781e+00
5.56368e+00	-1.03609e+00	1.23306e+00	-1.26382e-01
6.66573e+00	9.99714e-01	5.99195e+00	-4.12788e+00
7.74460e+00	4.03355e+00	6.28585e+00	8.29986e-01
6.12426e+00	1.20140e+00	6.21223e+00	-2.65718e+00
6.85120e+00	3.50001e+00	3.36665e+00	2.06382e+00
7.09251e+00	3.90539e+00	3.55275e+00	4.08825e+00
6.70669e+00	1.84624e+00	5.38306e+00	-3.08825e+00
6.74750e+00	2.21820e+00	5.10824e+00	-3.61689e+00
5.41748e+00	1.24573e+00	3.68598e+00	1.77800e+00
7.09975e+00	3.52360e+00	4.22944e+00	-3.04839e+00
5.86004e+00	1.35011e+00	5.10935e+00	3.68334e+00
9.72850e+00	1.46554e+00	1.39335e+00	-7.87106e-01
7.32250e+00	2.46979e+00	7.11573e+00	2.42322e+00
6.63017e+00	3.69993e+00	7.99545e+00	3.01887e-01
7.24922e+00	2.45954e+00	2.81481e+00	-2.01468e+00
6.73655e+00	3.32877e+00	5.19171e+00	1.65134e+00
8.32020e+00	3.55569e+00	3.71787e+00	-1.48299e+00
6.99692e+00	3.89528e+00	2.53453e+00	-4.41363e-01
8.92916e+00	4.53634e+00	9.97273e+00	-4.62320e+00
4.91191e+00	3.67109e+00	5.41933e+00	-3.34485e+00
8.85623e+00	7.09488e-01	7.47408e+00	-3.58776e+00
7.15080e+00	-1.78655e+00	5.06691e+00	-4.84418e+00
9.08385e+00	-3.01167e+00	6.90174e+00	2.45402e+00
8.18412e+00	-4.22989e+00	9.37988e+00	1.63034e+00
6.31086e+00	-1.99300e+00	6.71101e+00	2.33381e+00
8.32993e+00	-4.23871e+00	6.00157e+00	1.83116e+00
7.20180e+00	-2.36755e+00	6.91104e+00	-8.23986e-01
6.77155e+00	-3.44669e+00	1.07655e+00	-3.84933e+00
7.31685e+00	-2.20149e+00	7.38558e+00	1.38255e+00
6.84054e+00	-4.13520e+00	7.00424e+00	3.13278e+00
