# No. of particles = 100 
# Proton - Solar wind	Electron - Solar wind	
4.57996e+00	2.31449e+00	7.44263e+00	-5.35785e-01
1.22123e+00	-4.26761e+00	2.31538e+00	2.98667e+00
9.16007e-01	-4.74170e-01	1.67634e+00	-2.77451e-01
4.64051e-01	-3.31144e+00	2.82642e-01	-2.57125e+00
2.96656e-01	-2.86093e-01	6.60579e+00	-4.38598e+00
4.09812e+00	-4.99739e+00	5.47176e+00	-2.84154e+00
8.68414e+00	-2.82764e+00	1.04355e+00	3.72466e+00
5.85142e+00	-2.29761e+00	6.25782e-02	3.79024e+00
7.79914e+00	2.73191e+00	1.02746e+00	-2.13010e+00
8.90993e+00	-4.04601e+00	9.93647e+00	-4.78260e+00
9.68962e+00	1.90291e+00	3.99075e+00	-4.89987e+00
7.72795e+00	2.50050e+00	6.05918e+00	4.98047e+00
9.81936e+00	-2.45033e+00	5.12565e+00	4.96103e+00
9.38191e+00	-3.79134e+00	9.05728e+00	4.96829e+00
8.55047e+00	-2.16474e+00	2.74661e+00	6.72003e-01
9.30913e+00	4.32061e+00	6.34019e+00	-4.49487e+00
9.30514e+00	-2.67547e+00	7.88184e+00	2.51590e+00
7.66716e+00	-1.69455e+00	4.17097e+00	-3.76121e+00
7.06417e+00	1.27270e+00	9.64345e+00	-4.16212e+00
9.45508e+00	6.57422e-02	5.91908e+00	4.47236e+00
5.76225e+00	3.19680e+00	5.97255e-01	-1.19485e+00
9.69790e+00	-4.16475e+00	7.79839e+00	-2.14200e+00
4.57226e+00	-9.13823e-01	6.70510e-01	2.90194e+00
9.47814e+00	-1.27251e+00	9.39533e+00	1.24891e+00
9.95890e+00	1.44311e+00	2.10639e+00	3.72070e+00
5.17780e+00	-3.11385e+00	3.93776e-01	-7.41901e-01
8.30692e+00	-2.95406e-01	3.98924e+00	-2.20803e+00
9.42249e+00	1.05473e-01	7.68903e+00	-2.80641e+00
9.80133e+00	-3.30364e+00	8.80370e+00	4.51068e+00
8.58902e+00	5.79872e-01	1.52476e+00	2.94674e+00
8.67990e+00	-2.09828e+00	6.77306e+00	-2.67006e+00
8.97656e+00	2.13503e+00	7.98583e+00	1.92771e+00
9.64690e+00	-4.11421e+00	4.20800e+00	1.80857e+00
7.14430e+00	4.00966e+00	7.90498e+00	3.94074e+00
9.74266e+00	2.56732e+00	2.72577e+00	-3.23095e+00
7.92036e+00	1.36638e+00	9.10656e+00	1.22956e+00
8.04603e+00	3.82189e+00	6.80335e+00	-4.63828e+00
6.32957e+00	-2.78258e+00	7.76972e+00	4.84119e+00
8.94054e+00	-5.63580e-01	6.09051e+00	-3.88512e+00
9.79269e+00	8.88969e-02	3.95397e+00	-4.91855e+00
7.27847e+00	-2.11124e+00	8.84884e+00	-1.31019e+00
9.49618e+00	4.12798e+00	1.04283e+00	-3.75816e-01
9.90041e+00	-9.47130e-01	1.52766e+00	2.37242e+00
9.19317e+00	2.07221e+00	1.57069e+00	4.86356e+00
8.47677e+00	2.49897e+00	7.07398e+00	-2.62888e+00
3.73511e+00	-5.46277e-01	5.27260e+00	-4.68509e+00
9.81906e+00	1.90730e+00	2.65290e+00	1.56125e+00
9.43216e+00	-1.81197e+00	7.41568e+00	-4.68354e+00
6.73975e+00	2.26700e+00	5.47693e+00	-1.57762e+00
9.50829e+00	3.82575e+00	4.61389e+00	-3.18483e-01
7.57361e+00	-4.58945e+00	3.22986e+00	-2.90946e+00
9.10462e+00	2.45644e+00	8.07460e+00	-4.35067e+00
9.55594e+00	-4.18194e-01	8.52913e+00	4.39941e+00
8.20133e+00	1.88394e+00	6.64599e+00	-2.74278e+00
8.22584e+00	3.07186e+00	9.73361e+00	4.55999e+00
8.18220e+00	1.32016e+00	8.26351e+00	-1.13063e+00
9.31326e+00	-3.14221e+00	7.01967e+00	1.67673e+00
8.93561e+00	-6.08796e-01	5.50085e+00	3.02894e+00
8.72568e+00	2.48212e+00	9.69494e+00	1.55284e+00
8.96448e+00	-1.95228e+00	1.27876e+00	5.96965e-01
7.23703e+00	3.01793e+00	6.71369e-01	-4.00217e+00
8.74006e+00	1.95690e+00	9.50357e+00	-1.25384e+00
6.74855e+00	-1.96186e+00	6.89547e+00	2.32487e+00
9.80074e+00	2.49131e+00	9.25961e+00	-1.41608e+00
9.92331e+00	4.58886e+00	6.51020e+00	-1.20657e+00
9.97865e+00	-7.83944e-01	8.33040e+00	-4.16183e+00
9.91739e+00	-6.77045e-01	9.27258e+00	1.33488e+00
9.79999e+00	4.37768e+00	5.16246e+00	6.02037e-01
9.70018e+00	-1.61868e+00	3.73749e+00	-2.41258e+00
9.84509e+00	3.56533e+00	5.72511e+00	-1.95239e+00
9.40853e+00	-1.39232e+00	3.53266e-01	-3.72240e-01
8.99646e+00	4.90607e+00	3.47204e+00	6.11707e-01
6.42448e+00	-7.21748e-01	8.74846e+00	-2.03048e+00
8.56467e+00	-1.22958e+00	4.21507e+00	2.43026e+00
6.31673e+00	-3.97417e+00	8.39509e+00	-4.78264e+00
8.65216e+00	-4.86794e+00	4.60317e+00	2.62308e-01
8.69159e+00	-2.76966e+00	1.47555e+00	2.30124e+00
9.98894e+00	-2.55768e+00	2.87443e-01	3.44903e+00
5.90287e+00	2.43536e+00	7.35564e+00	1.92247e+00
9.33568e+00	1.24587e+00	9.31810e+00	1.39043e+00
9.94179e+00	-1.42666e+00	9.86481e+00	4.88001e+00
4.36967e+00	-2.62180e+00	9.61932e+00	-2.95032e-01
7.96986e+00	8.79229e-01	7.59359e+00	-4.41841e+00
9.00814e+00	4.53061e+00	9.67202e+00	-6.79667e-01
8.22613e+00	-6.06051e-01	1.13213e+00	-2.69310e+00
9.86310e+00	-1.85736e+00	9.76810e+00	1.05857e+00
9.82439e+00	3.56430e+00	7.11984e+00	1.16344e+00
7.28674e+00	-1.43279e+00	6.64611e+00	2.01176e+00
9.30634e+00	2.44859e+00	3.81076e+00	-2.57870e+00
9.94509e+00	-1.46033e+00	9.79387e+00	-2.52802e+00
9.54542e+00	-2.63924e+00	1.30615e+00	4.81729e+00
8.27740e+00	-1.77812e+00	5.59176e-01	-2.50682e+00
8.57459e+00	-2.06025e+00	7.34922e-01	-1.30997e-02
9.79228e+00	2.72038e+00	6.84712e+00	-4.22938e+00
7.35017e+00	-1.75188e+00	9.44829e-01	5.48909e-01
9.79089e+00	2.07285e+00	9.80789e+00	4.10231e+00
8.80006e+00	-3.85635e+00	6.19915e+00	3.25525e+00
4.42193e+00	5.05754e-01	7.28068e+00	4.67030e+00
9.98670e+00	2.36889e+00	1.95247e+00	1.66178e+00
9.48001e+00	1.71582e+00	5.66501e+00	2.41225e+00
