# No. of particles = 100 
# Proton - Solar wind	Electron - Solar wind	
1.17725e+00	4.77174e+00	8.08371e+00	-1.03594e+00
4.60304e-01	-1.70952e+00	2.18631e+00	3.18507e+00
1.86705e-01	-7.02457e-02	7.53053e+00	2.33891e+00
9.41202e-02	-4.81323e+00	9.28835e+00	4.08977e+00
5.32156e-02	3.74698e+00	7.95944e-01	-3.75133e+00
9.56911e+00	-1.77470e+00	9.13382e+00	-4.61305e+00
8.95585e+00	1.36554e+00	3.71469e+00	-4.66545e+00
8.34057e+00	6.99925e-01	6.27994e-01	3.42571e+00
6.36286e+00	1.03644e+00	3.27382e+00	1.50008e+00
9.76379e+00	-3.91288e+00	6.17732e+00	-2.04804e+00
7.45631e+00	-1.14334e+00	8.44955e+00	-2.26618e+00
8.74196e+00	-1.72212e-01	3.19507e+00	-2.64693e+00
9.57463e+00	2.73671e+00	9.83822e+00	-8.95298e-01
8.73320e+00	-7.85442e-01	4.08789e+00	-4.48841e+00
8.30853e+00	1.36847e+00	7.76484e+00	-5.42191e-01
7.15921e+00	-1.10759e+00	9.72676e-01	3.78843e+00
7.59297e+00	-3.34620e+00	1.78173e+00	-2.96012e+00
8.57013e+00	1.89238e+00	3.44768e+00	-3.63216e+00
8.00011e+00	-2.82755e+00	7.25673e+00	1.29710e+00
6.25858e+00	-1.87465e+00	9.50147e-01	-7.15947e-01
9.93311e+00	6.31579e-01	2.45663e+00	-3.50489e+00
9.80833e+00	-5.43517e-01	4.06684e+00	-3.42769e+00
9.76546e+00	2.30413e+00	5.94068e+00	-2.35981e+00
9.05514e+00	-2.30135e-01	7.93509e+00	-3.75011e+00
9.80634e+00	-6.10646e-02	6.33374e+00	2.92527e+00
6.20207e+00	-1.35628e+00	9.93697e+00	-8.14015e-02
7.85586e+00	-7.19203e-01	8.03619e+00	1.13169e+00
9.99154e+00	-1.91241e+00	5.79744e+00	4.29000e-02
8.50862e+00	-2.64222e+00	6.96624e+00	-1.80636e+00
5.28498e+00	-2.50029e+00	9.03000e+00	2.20103e+00
6.97884e+00	-5.04132e-01	8.40991e+00	3.83330e+00
6.08309e+00	2.03382e+00	4.61247e+00	-5.63929e-02
5.36622e+00	-1.57794e+00	1.05861e+00	-3.84368e+00
8.76381e+00	-5.10292e-01	8.07828e+00	1.29178e+00
5.15732e+00	-2.77214e+00	5.44980e+00	4.60171e+00
7.39164e+00	-9.94429e-01	2.98151e+00	2.23864e+00
9.27336e+00	-1.03940e+00	8.69863e+00	2.39664e+00
8.96550e+00	1.45644e+00	9.06509e+00	-9.55452e-01
9.04651e+00	4.65441e-01	7.23633e+00	1.22650e+00
7.72696e+00	1.78986e-01	3.30498e+00	3.04959e+00
9.08440e+00	4.84724e+00	1.77777e+00	-1.16117e+00
9.14569e+00	3.81885e+00	6.42197e+00	-7.89854e-01
7.39781e+00	-9.23197e-01	9.37264e+00	-7.37213e-01
9.69280e+00	-5.18423e-01	1.88895e+00	3.86432e+00
9.99508e+00	2.18573e+00	8.46823e+00	-1.14298e+00
9.07780e+00	-4.82203e+00	2.77967e+00	4.77583e+00
8.36432e+00	-1.29327e+00	5.63497e+00	1.95156e+00
4.42929e+00	-1.94168e+00	5.84493e+00	-1.09430e+00
7.81220e+00	-3.30237e+00	4.64619e-01	-1.61127e+00
9.21763e+00	-5.13337e-01	8.26449e+00	-4.35365e+00
8.77404e+00	6.08806e-01	8.63767e+00	2.90197e+00
7.78450e+00	-3.52630e+00	9.98387e+00	-4.60166e+00
9.84867e+00	1.07303e+00	4.14108e+00	-2.16898e+00
9.15255e+00	-3.28979e+00	1.36538e+00	1.58641e+00
9.96866e+00	-2.57596e+00	5.49389e+00	-4.69577e+00
7.37286e+00	3.16420e+00	3.18786e+00	-2.21547e-01
8.00556e+00	-2.32746e+00	9.07274e+00	4.44827e+00
9.15811e+00	-9.71001e-01	8.57506e+00	-3.02396e+00
9.45725e+00	3.49492e+00	8.19832e+00	-1.36916e+00
7.08578e+00	3.52703e+00	9.49447e+00	2.33587e+00
9.21482e+00	-3.03246e+00	3.68051e+00	2.98678e+00
5.58044e+00	-4.12202e-01	6.36412e+00	1.98758e+00
8.40878e+00	-2.58618e+00	6.08632e+00	-3.49543e+00
9.38945e+00	3.81722e+00	9.62181e+00	-2.71339e+00
6.74273e+00	-3.94095e+00	7.81864e-01	1.27848e+00
8.73785e+00	-1.58112e+00	1.31985e+00	-4.63705e+00
9.56395e+00	8.97202e-01	9.90747e+00	4.98919e+00
5.90324e+00	3.22412e-01	7.11119e+00	7.75093e-01
7.00285e+00	-4.89744e-01	1.32372e+00	-4.95934e+00
9.09211e+00	-3.09641e+00	8.53816e+00	-7.98696e-01
8.92722e+00	9.79267e-01	1.87594e+00	-1.12579e+00
8.94700e+00	3.77324e+00	6.49862e+00	-2.48306e+00
8.61204e+00	4.90010e+00	6.55485e+00	2.22466e+00
8.01377e+00	3.02599e+00	8.79926e+00	4.57172e+00
8.21768e+00	6.72781e-01	5.74881e+00	8.64917e-01
6.62331e+00	4.88480e+00	9.73904e+00	-1.52348e+00
7.82048e+00	3.90583e+00	7.31629e+00	2.35461e+00
6.12362e+00	-4.49939e-01	7.93027e+00	1.07856e-01
9.64530e+00	4.48543e+00	3.75247e+00	5.67278e-02
7.88070e+00	-3.15898e+00	7.70214e+00	2.29414e+00
8.73710e+00	1.89462e+00	9.52794e+00	4.66824e+00
8.99402e+00	-4.68736e+00	9.75802e+00	4.58771e+00
6.74434e+00	-5.87070e-01	8.76363e+00	-6.27592e-01
7.80461e+00	4.83396e+00	9.31290e+00	-7.35429e-01
9.74175e+00	-6.84762e-01	3.04579e+00	-2.88452e+00
9.13340e+00	-4.46155e-01	6.55129e+00	6.98111e-01
9.60774e+00	-8.95507e-01	9.11528e+00	-4.10036e+00
8.11252e+00	-6.68361e-01	9.35512e+00	-5.91378e-02
9.63089e+00	-2.82351e+00	8.82840e+00	-2.40281e+00
7.02782e+00	-4.28027e+00	5.83726e+00	-4.01929e-01
9.93594e+00	-7.94684e-01	1.21365e+00	1.49640e+00
7.98928e+00	2.48586e+00	9.57514e+00	-3.63415e+00
8.22540e+00	1.32404e+00	4.80061e+00	4.46040e+00
9.28639e+00	-1.30376e+00	8.17134e+00	-4.90254e-01
7.28271e+00	5.66545e-01	4.38311e+00	-3.63101e+00
9.98168e+00	-2.65293e+00	8.44974e+00	6.76624e-02
7.51597e+00	-4.01120e+00	6.72810e+00	-2.38223e+00
6.19752e+00	-1.83589e+00	9.16462e+00	1.66009e+00
5.82685e+00	3.08930e+00	1.97842e+00	-8.55624e-01
9.72353e+00	-4.02096e+00	9.63334e+00	4.62988e-01
