# No. of particles = 100 
# Proton - Solar wind	Electron - Solar wind	
1.50495e+00	-4.15646e+00	1.34009e+00	-9.95163e-01
1.81124e+00	4.77939e+00	6.49266e+00	-3.14728e+00
3.02317e-01	1.11941e+00	8.25997e+00	4.53023e+00
3.71041e-01	4.92226e+00	9.28651e+00	1.68049e+00
1.78009e-01	-3.87469e+00	9.79299e+00	-2.41103e+00
9.37584e-02	-2.12201e+00	1.79951e+00	4.91363e+00
9.48622e-02	-1.61780e+00	3.09100e+00	-4.91952e+00
7.57021e-02	3.55353e+00	4.61133e+00	-2.96489e+00
7.58060e-02	3.36337e+00	6.88784e+00	1.58026e+00
9.37847e+00	-7.65814e-01	1.72291e+00	5.17431e-01
9.96273e+00	-1.42299e+00	8.64128e+00	-4.46926e+00
9.36711e+00	2.07870e+00	4.62180e+00	1.45937e+00
8.22892e+00	-3.13831e+00	5.38522e+00	-3.20122e+00
9.68944e+00	4.02617e+00	5.30812e+00	-2.24711e+00
9.98365e+00	-3.54182e+00	7.03909e+00	2.00434e-01
8.23450e+00	1.46636e+00	1.03037e+00	3.81973e+00
5.60122e+00	-2.04287e+00	5.98907e+00	2.34194e+00
9.51866e+00	3.04954e+00	8.86074e+00	2.68109e+00
7.94268e+00	-1.16142e+00	5.36326e+00	-1.34763e+00
8.08496e+00	3.66850e+00	2.00343e+00	4.81351e-01
9.05354e+00	1.47317e+00	7.96781e+00	-3.58702e+00
8.76455e+00	4.44493e+00	8.84383e+00	-1.51931e+00
9.52639e+00	3.71452e-01	7.06761e+00	4.49541e+00
8.85454e+00	8.94859e-01	8.95949e+00	7.63558e-01
5.81003e+00	-4.17272e+00	9.19544e+00	-2.83650e+00
9.12553e+00	-3.60772e+00	1.56074e+00	-4.32152e+00
6.76435e+00	-3.28520e+00	8.17588e+00	2.95124e+00
6.74073e+00	-5.41511e-01	4.69780e+00	2.06073e+00
8.81236e+00	-2.22887e+00	5.36984e+00	-1.81491e+00
9.83853e+00	3.29709e+00	5.91320e+00	3.38317e+00
9.61654e+00	5.53179e-01	9.43800e+00	-4.76439e+00
7.51228e+00	-3.19199e+00	5.12637e+00	-4.31214e+00
9.42662e+00	-3.52110e-01	3.03106e+00	3.34884e+00
9.43763e+00	2.12838e+00	8.15119e+00	-4.33175e+00
9.01295e+00	2.09990e+00	8.35971e+00	-2.64568e+00
8.36461e+00	-1.68263e+00	5.76831e+00	4.85451e+00
6.20894e+00	9.64005e-02	7.30378e+00	1.51056e-01
8.95346e+00	2.19638e+00	7.50877e+00	2.93139e+00
8.82041e+00	1.87708e+00	9.65962e+00	1.30388e+00
8.01650e+00	1.22533e+00	1.02807e+00	-5.27220e-01
6.50301e+00	-2.02266e+00	2.59159e+00	7.23511e-02
8.30028e+00	2.10979e+00	6.85503e+00	2.82680e+00
9.67184e+00	-3.02326e+00	6.91520e+00	-1.03116e+00
8.96687e+00	3.56610e-01	7.55332e+00	7.03422e-01
7.35481e+00	-2.07389e-01	6.12526e+00	-4.31606e+00
9.95619e+00	2.99636e+00	7.51455e+00	1.03583e+00
7.71133e+00	-4.20394e+00	8.41167e+00	1.03832e+00
8.57819e+00	2.07321e+00	8.90995e-01	-2.56192e+00
7.64896e+00	-8.92837e-01	6.14047e+00	-4.55299e+00
7.08391e+00	-4.58102e+00	5.23850e+00	-3.17764e+00
8.83326e+00	6.29729e-01	5.62068e+00	-4.17445e+00
6.40754e+00	-7.15838e-01	8.28836e+00	-4.11168e+00
6.72980e+00	-1.79985e+00	2.81383e+00	6.40272e-01
8.73810e+00	-5.81479e-01	3.07365e+00	4.81961e+00
7.36761e+00	-3.61167e+00	7.16603e+00	-8.34665e-01
9.14095e+00	-2.12230e-01	8.39618e+00	4.05453e+00
5.61146e+00	1.24614e+00	8.11009e+00	-4.29566e+00
7.38721e+00	1.81024e+00	4.81120e+00	1.77716e+00
8.46447e+00	1.16513e+00	5.10316e+00	-1.66000e+00
7.34925e+00	3.13087e+00	6.13798e+00	1.89360e+00
9.87334e+00	-3.98875e+00	8.57204e+00	-1.44336e+00
9.25513e+00	-5.59176e-01	7.51981e+00	-1.70411e+00
7.10172e+00	-4.06081e+00	5.17331e+00	-7.86642e-01
9.90463e+00	1.87135e+00	5.66304e+00	-4.11659e+00
9.04580e+00	-3.13837e+00	8.70784e+00	-3.56928e+00
9.52069e+00	-2.29993e+00	8.90722e+00	3.82506e+00
9.24086e+00	3.71907e+00	3.47204e+00	-2.61075e+00
8.94079e+00	-5.58460e-01	6.68488e+00	2.73331e-01
6.44053e+00	-1.76694e+00	2.59886e+00	4.30815e+00
8.11110e+00	-1.09618e+00	2.29135e+00	2.90500e+00
9.19808e+00	-3.21302e+00	9.20058e+00	3.17052e-01
9.40852e+00	-4.72122e-01	3.42792e+00	1.64827e+00
8.49664e+00	4.52738e+00	5.39971e+00	3.59251e+00
7.10531e+00	4.76724e-01	8.77373e+00	-2.08108e+00
8.69662e+00	-3.01252e+00	5.90054e+00	-3.24566e+00
5.73076e+00	-2.27434e+00	2.50450e+00	3.07750e+00
9.26932e+00	1.80980e+00	6.85033e+00	-1.67379e+00
7.68489e+00	1.75350e+00	9.44945e+00	5.46453e-01
9.35956e+00	-3.85644e+00	5.99921e+00	-4.66624e+00
9.91436e+00	-3.80504e+00	7.83209e+00	5.05563e-01
9.71369e+00	4.69664e-01	7.14032e-01	-9.19253e-01
8.45391e+00	-1.80386e+00	4.09963e+00	1.44816e+00
7.05047e+00	-2.00128e-01	2.39050e+00	3.77248e+00
9.31094e+00	-1.19101e+00	1.06333e-01	-3.43651e+00
8.64056e+00	2.93015e+00	4.57705e+00	3.79535e+00
9.56875e+00	2.59744e+00	1.16548e+00	-3.41557e+00
9.75906e+00	6.82378e-01	4.21604e+00	7.12744e-01
8.34640e+00	3.49072e+00	7.20336e+00	-3.22722e+00
9.74052e+00	1.54519e+00	5.66782e+00	1.90797e+00
9.40528e+00	5.11662e-01	5.82044e+00	4.70369e+00
7.39292e+00	-8.72185e-01	4.87844e-01	-4.85261e+00
7.37042e+00	4.81713e-01	8.75223e+00	2.97306e+00
8.91806e+00	-3.63846e-01	9.04827e+00	-2.50004e+00
8.50194e+00	1.04836e+00	1.59501e+00	-2.41239e+00
8.80495e+00	1.12383e+00	2.05908e+00	1.23436e+00
9.80352e+00	-3.92695e+00	6.59046e+00	-3.89508e+00
8.20214e+00	-4.06171e+00	9.26540e+00	1.66455e+00
9.82557e+00	2.73628e+00	3.91770e+00	4.78293e+00
8.70679e+00	-1.86126e+00	5.11218e+00	-3.95502e+00
5.98504e+00	-3.03750e-02	8.27844e+00	-3.23337e-01
