# No. of particles = 100 
# Proton - Solar wind	Electron - Solar wind	
2.38535e-02	-9.49640e-01	3.17489e-01	2.28505e-01
5.98652e-01	-3.34175e-01	2.32878e-01	-7.96098e-01
3.16028e-01	-7.05982e-01	5.10227e-01	-7.83417e-01
1.32700e+00	-1.91843e-01	2.45436e-02	-4.28179e-01
8.78382e-01	-5.07889e-01	4.80969e-02	-9.31275e-01
3.81059e-01	6.40830e-02	7.96555e-02	-8.86806e-01
3.97271e-01	-9.23930e-01	8.86056e-01	2.21790e-01
2.14812e-01	-6.54185e-01	3.96712e-01	-8.72188e-01
4.47621e-01	-9.59041e-01	5.30213e-01	-4.79555e-01
4.62473e-01	-7.78151e-01	1.04155e+00	-2.36238e-02
3.98786e-01	-5.95587e-01	2.26671e-02	-9.76200e-01
1.41297e+00	8.73818e-01	2.20675e-01	-8.31679e-01
1.97515e+00	2.32489e-01	1.70542e-01	-9.45752e-01
6.56383e-01	-1.46493e-01	5.86380e-01	3.64740e-01
1.63190e+00	-7.86465e-01	9.29214e-01	-1.52341e-01
5.07031e-01	-5.08125e-01	1.31387e+00	-7.56593e-02
1.33955e+00	-4.56003e-01	1.94698e+00	-6.27067e-01
1.73997e-01	7.71999e-02	9.14081e-01	-1.89239e-01
1.28618e+00	-5.92883e-01	9.40387e-01	-4.99223e-01
4.20590e-01	-4.60311e-01	7.33303e-02	-8.86810e-01
1.64230e+00	-2.49689e-01	3.20014e-01	-5.76938e-01
2.94485e-01	-3.05685e-01	8.08698e-01	2.02796e-01
6.44116e-01	-8.25600e-01	1.14832e+00	6.41822e-01
4.76277e-01	-4.93102e-01	2.44197e-01	-3.31896e-01
1.92666e+00	-2.99503e-01	3.06993e-01	5.29388e-01
1.18877e+00	2.05783e-01	2.30329e-01	1.35417e-01
8.11863e-01	7.26095e-01	1.43098e+00	5.17875e-01
3.24270e-01	4.12172e-01	1.28353e+00	1.03794e-02
9.90112e-01	-8.43900e-01	1.17017e-01	-4.57395e-01
5.21258e-01	5.10097e-03	1.35419e+00	6.90993e-01
4.34042e-01	-4.39889e-01	8.69287e-02	-9.50970e-01
2.33911e-02	-9.34261e-01	3.14358e-01	2.40151e-01
1.41016e-01	-4.37558e-01	1.14488e+00	3.02400e-01
1.25846e-01	-8.20407e-01	1.39347e-01	-1.10843e-01
5.86317e-01	3.53149e-01	3.85308e-01	1.54300e-01
9.92432e-01	-8.31264e-01	4.66214e-01	-8.88367e-01
6.82992e-01	9.55632e-01	1.13622e+00	1.50813e-02
1.68698e+00	-6.87143e-01	1.75446e+00	-9.18156e-01
1.78086e+00	-7.51345e-01	5.52650e-01	-4.88424e-03
1.62804e-01	-6.71894e-01	2.40629e-02	-7.88652e-01
3.54993e-01	-6.27176e-01	4.15392e-01	-6.49783e-01
1.18262e+00	9.29611e-01	4.85944e-01	6.45546e-02
6.72547e-01	1.40911e-01	8.73864e-01	-5.40686e-02
6.15109e-01	-2.18168e-01	1.49903e-01	-6.88407e-01
9.84138e-02	-6.56184e-01	1.52257e+00	7.65693e-01
4.13374e-02	-9.44878e-01	1.02975e+00	-6.03992e-01
3.03840e-01	-5.04675e-01	9.41958e-01	6.92630e-01
1.57616e-01	-8.55131e-01	7.09671e-01	5.18922e-01
3.30234e-01	6.17964e-01	9.70668e-01	-9.49182e-02
1.87884e+00	-2.66592e-01	1.67447e+00	-7.92595e-01
1.89108e+00	8.53584e-02	1.34278e-01	-9.68937e-01
5.72564e-01	3.24468e-01	1.20313e+00	7.11667e-01
1.42972e-01	-6.15188e-01	8.59566e-01	2.96982e-01
3.33588e-01	-4.82156e-01	1.79776e+00	1.51015e-01
4.80467e-01	6.22390e-03	2.10490e-01	4.73282e-02
1.39915e-01	-9.90011e-01	8.49682e-01	-6.26149e-01
1.04564e-01	-8.95578e-01	1.25495e-01	-9.03884e-02
1.39743e+00	-5.93240e-01	1.71390e+00	-2.72259e-01
6.20104e-01	-3.50281e-01	7.97188e-01	-1.07759e-01
7.90943e-01	-6.29214e-02	1.13707e+00	7.96307e-02
7.97159e-01	-4.97386e-01	3.13031e-01	-9.20274e-01
6.79275e-01	-6.85466e-01	1.35513e+00	-1.90099e-01
7.04662e-02	-9.50867e-01	6.56067e-01	-7.66134e-01
6.32014e-02	-4.52050e-01	1.13116e+00	-4.63256e-01
9.48946e-02	-3.65711e-01	2.52673e-01	3.18203e-02
1.05653e+00	-4.94827e-01	1.03108e+00	-7.28959e-01
1.11801e-01	-8.18591e-01	1.60989e-01	-8.23691e-01
9.84168e-01	9.41559e-01	2.35728e-01	-9.81355e-01
8.77430e-01	5.85538e-01	1.00173e+00	9.77540e-01
3.99782e-02	-8.36771e-01	4.90802e-01	9.79448e-01
1.46580e-01	-8.95422e-01	9.91148e-01	1.91538e-01
2.66237e-01	-9.76170e-01	6.86961e-01	7.18582e-02
5.94252e-01	3.67742e-01	3.17409e-01	-1.32578e-01
2.29606e-01	-9.56945e-01	2.94443e-01	1.87074e-02
6.93403e-01	-3.99295e-01	1.34290e+00	-4.62191e-02
1.69609e-01	3.39959e-01	1.65099e+00	3.42705e-01
4.41248e-01	-1.01136e-01	4.37247e-01	-7.64812e-01
1.00600e-01	-1.63254e-01	1.34999e+00	-1.30691e-01
3.35952e-02	-8.50320e-01	9.87995e-01	3.27335e-01
1.31704e-01	-4.29989e-01	1.36661e+00	6.56445e-02
1.39822e-01	-7.69791e-01	1.75332e+00	-1.16063e-01
3.83474e-01	-8.43307e-01	6.30147e-02	-2.21913e-01
1.74797e+00	9.66026e-01	6.82410e-01	-1.65307e-01
5.92870e-01	-8.78627e-01	1.57262e+00	-9.23401e-02
5.22085e-01	3.98891e-01	2.72966e-02	-7.37282e-01
3.68748e-01	5.85586e-01	2.33820e-01	-3.28037e-01
4.78201e-01	-2.05005e-01	1.87050e+00	7.71578e-01
1.37419e-01	-9.07898e-01	4.70067e-01	-3.69905e-01
1.43096e+00	-3.65239e-01	9.32011e-01	-2.84002e-01
8.87514e-01	-9.53504e-01	5.20131e-01	-4.07219e-01
1.70821e-01	-4.63552e-01	4.84248e-01	3.11992e-01
7.46078e-01	-6.29517e-01	9.00576e-01	-3.35687e-01
8.29556e-01	7.91817e-01	1.51212e+00	4.84932e-01
5.94998e-01	1.54320e-01	7.41890e-01	1.92980e-01
2.48047e-01	-8.04449e-01	2.93653e-01	-5.14922e-02
1.69955e+00	1.67765e-01	2.94362e-01	2.67488e-01
3.69943e-01	3.95470e-01	1.77972e-01	-3.22405e-01
5.75060e-02	-3.79346e-01	1.58067e+00	4.28037e-01
1.38529e-01	-2.84927e-01	1.18689e+00	8.01641e-01
6.41693e-01	-2.80933e-01	1.90219e-01	-2.68111e-01
