# No. of particles = 100 
# Proton - Solar wind	Electron - Solar wind	
8.39110e+00	3.19495e+00	5.02740e+00	4.20676e+00
1.26366e+00	-1.03072e+00	8.15217e+00	-4.21932e+00
5.85849e-01	-2.06624e+00	5.56719e+00	3.02509e+00
3.78989e-01	4.08519e+00	8.20893e+00	-4.19742e+00
1.87802e-01	4.43384e+00	1.41769e+00	-4.43436e+00
7.93595e+00	-1.80825e+00	1.33400e+00	-9.73837e-01
8.91849e+00	1.83696e+00	6.82163e+00	2.31355e+00
7.49962e+00	2.76016e+00	2.78277e+00	1.31685e+00
9.30277e+00	2.87408e+00	2.09886e+00	-4.69400e+00
9.80762e+00	4.19178e+00	3.23954e-01	4.55672e-01
7.73988e+00	-2.88950e+00	5.86138e+00	-4.75182e+00
4.65028e+00	-2.90396e+00	7.28267e+00	4.98360e+00
5.21444e+00	-2.16985e+00	9.99739e+00	4.25093e+00
9.29913e+00	-2.63134e+00	4.06214e-03	4.89079e+00
7.32524e+00	2.97890e+00	5.72332e+00	-4.66349e-03
7.93912e+00	-4.07353e+00	2.61022e+00	2.42085e-02
8.63328e+00	1.30099e+00	9.93728e+00	3.35580e-01
6.88612e+00	1.91787e+00	4.24882e+00	-4.04446e+00
8.74943e+00	-2.21782e+00	7.74863e+00	4.91432e+00
9.87665e+00	-1.11495e+00	9.59565e+00	-3.09337e+00
8.35814e+00	-3.72357e+00	4.29408e+00	-4.17587e+00
9.00350e+00	-3.07458e+00	4.46696e-01	1.00891e+00
9.58127e+00	-2.73331e+00	6.08124e+00	-3.39912e+00
9.88623e+00	-1.73799e+00	6.96918e+00	2.66037e+00
7.61728e+00	-2.24228e+00	3.68595e+00	-2.75907e+00
8.69018e+00	4.89029e+00	9.22683e+00	-3.09543e+00
8.28960e+00	3.77217e+00	5.36966e+00	3.36947e+00
8.28610e+00	-2.46513e+00	6.13329e-01	-4.73479e-01
6.82736e+00	-1.49534e+00	9.14701e+00	-5.01633e-01
6.29051e+00	1.41103e+00	7.31181e+00	-1.30871e+00
8.41820e+00	-1.27380e-01	1.76080e+00	2.87046e+00
9.91969e+00	3.83210e+00	8.78453e+00	5.16835e-01
5.13029e+00	3.34107e+00	2.66006e+00	2.69358e+00
9.32597e+00	2.03097e+00	5.54308e-01	-6.50344e-02
9.82285e+00	2.09018e+00	3.51861e+00	-2.42178e+00
9.79658e+00	2.82949e+00	7.06574e+00	-1.88453e+00
8.63086e+00	-3.90303e+00	8.51844e+00	3.38347e+00
9.11070e+00	7.37621e-01	1.34390e+00	2.62993e+00
4.06821e+00	-1.04611e+00	5.96942e+00	-2.59715e+00
9.55637e+00	-3.36245e+00	9.22194e+00	1.02680e+00
8.43221e+00	-7.38603e-01	8.19119e+00	2.29250e+00
9.65486e+00	2.41743e+00	3.70728e+00	2.01799e+00
9.51366e+00	4.13309e+00	6.96229e+00	3.72295e+00
9.23002e+00	4.81980e+00	3.59349e+00	-2.25897e+00
9.20974e+00	7.30080e-01	8.01429e+00	1.17363e+00
9.56731e+00	-1.70385e+00	5.98697e+00	-4.39986e+00
4.60421e+00	-2.81520e+00	6.83608e+00	4.29898e+00
7.38721e+00	3.99550e-02	8.80750e+00	4.62210e+00
8.37783e+00	4.25197e-01	1.66376e+00	-4.40193e+00
8.79700e+00	-3.49186e+00	6.31744e+00	-2.81342e+00
7.99666e+00	-3.97860e-02	8.67085e+00	4.42768e+00
7.71597e+00	-2.11607e+00	3.50464e+00	-3.72042e+00
9.61474e+00	-2.43002e+00	8.90771e+00	1.62513e+00
9.69990e+00	1.54909e+00	7.77802e+00	-1.65989e+00
7.97808e+00	2.33811e+00	2.04171e+00	2.75320e-01
9.90334e+00	1.69467e+00	1.63146e+00	1.47758e+00
8.57104e+00	-4.12152e+00	6.10250e+00	-4.98134e+00
9.45854e+00	2.24492e+00	2.59613e+00	4.33611e+00
9.03819e+00	-2.76098e+00	6.20793e+00	-2.82565e+00
9.47106e+00	-2.71039e+00	4.62636e+00	-4.49739e+00
6.34621e+00	3.58836e+00	3.55417e+00	8.21619e-01
8.65434e+00	2.75451e+00	7.62721e+00	-3.49332e+00
9.80777e+00	-1.07748e+00	5.48925e+00	-7.68453e-01
9.29274e+00	-2.40188e+00	5.27883e+00	-5.29775e-02
9.57147e+00	6.71710e-01	2.83086e+00	-2.34621e+00
7.03392e+00	1.13270e+00	7.07635e+00	-4.25467e+00
7.14592e+00	3.34305e+00	7.46720e+00	3.40238e+00
5.62133e+00	-2.41744e+00	9.44719e+00	3.06558e+00
9.47453e+00	-1.46082e+00	7.06741e+00	-2.89092e+00
7.93917e+00	-8.73224e-01	8.50831e+00	3.69693e+00
9.94025e+00	7.91999e-01	7.21608e+00	-7.25620e-01
8.69576e+00	1.16074e-01	9.50992e+00	4.26512e+00
6.46344e+00	-1.60569e+00	8.46096e+00	8.12951e-01
9.08650e+00	2.41129e-01	8.33524e+00	-4.35955e+00
9.19992e+00	-4.33365e+00	9.72895e+00	-1.97128e+00
8.43109e+00	3.78304e+00	9.34277e+00	-3.35284e+00
9.07535e+00	3.81135e+00	1.87088e+00	-3.38891e+00
9.13017e+00	-3.98003e+00	6.00388e+00	1.69974e+00
8.78780e+00	-5.43339e-01	8.05907e+00	-1.29176e+00
8.15915e+00	1.88042e+00	7.49989e+00	-4.92025e+00
7.52242e+00	2.48492e+00	7.24011e+00	-3.80845e+00
9.70111e+00	7.66079e-01	9.35219e+00	2.97163e+00
9.40880e+00	2.34597e+00	2.69904e-01	3.40800e+00
3.31415e+00	-2.34264e-01	4.47962e+00	1.85371e-01
8.99046e+00	2.25586e+00	4.95854e+00	-1.57556e+00
8.36822e+00	-2.07268e+00	1.64757e+00	-7.77098e-01
8.33360e+00	-4.86937e+00	9.98373e+00	1.05389e+00
9.81453e+00	3.02255e+00	3.00124e+00	8.42810e-01
5.97971e+00	2.00281e+00	7.74491e+00	-2.43539e+00
8.43617e+00	3.40535e+00	1.75698e-02	-2.67940e-01
6.71836e+00	-4.38170e+00	3.99554e+00	2.78221e+00
8.07647e+00	2.34342e+00	9.66218e+00	3.49650e+00
9.85868e+00	7.86092e-01	9.21674e+00	2.61108e+00
8.89712e+00	-3.03318e+00	8.33210e+00	-3.62960e+00
8.47557e+00	-4.57315e-01	8.65632e+00	-3.16240e-01
7.27479e+00	2.06238e+00	7.23132e+00	-4.34603e+00
9.07682e+00	-1.55501e+00	9.99833e+00	-2.93544e+00
7.29529e+00	3.14832e+00	2.69444e-01	-2.29574e+00
7.25533e+00	1.05820e+00	9.80925e+00	1.62942e+00
9.70804e+00	-3.16684e+00	8.99534e+00	-1.68707e+00
