# No. of particles = 100 
# Proton - Solar wind	Electron - Solar wind	
3.50737e-01	3.41114e-01	5.16327e-01	-3.52229e-01
7.45519e-01	4.61148e-01	9.80175e-01	-4.18359e-01
1.23927e+00	4.35089e-03	3.60846e-01	-8.77458e-01
2.75261e-01	-6.12448e-01	8.28030e-01	2.25329e-01
2.67759e-01	-2.23656e-01	1.19039e+00	6.34131e-01
6.53907e-01	-1.94507e-01	3.37857e-02	2.37405e-01
6.26714e-01	-1.88814e-01	1.14974e+00	-8.34920e-01
5.12622e-02	-9.97154e-01	1.62358e+00	9.08880e-01
3.41044e-01	-2.64452e-01	3.05466e-01	-5.13772e-01
2.09973e-01	-5.85678e-01	1.40380e+00	7.13961e-01
4.07629e-01	-5.03245e-01	1.42771e+00	2.07440e-01
8.13496e-01	3.19127e-02	4.91970e-01	-5.47251e-01
1.32592e+00	-1.62011e-01	2.01167e-02	4.29839e-01
3.49171e-01	-2.14324e-01	8.55745e-02	-9.82932e-01
7.02839e-01	-8.80850e-01	4.98244e-01	-4.62873e-01
1.52385e-01	-8.07281e-01	6.80772e-01	-1.76259e-01
1.75157e+00	-1.90943e-01	1.41477e+00	-4.05512e-01
8.81974e-02	-6.24518e-01	6.86180e-01	-8.25832e-01
5.94476e-01	-1.31628e-01	6.27127e-01	-4.67923e-01
1.15678e-01	-8.94025e-01	1.22075e+00	-7.60628e-01
9.07304e-01	5.10755e-01	5.70252e-02	8.65974e-01
1.40517e-02	-9.95307e-01	1.78872e+00	-3.13866e-01
1.38652e+00	-7.74923e-02	7.45581e-01	-1.01165e-01
3.11557e-01	5.92163e-01	2.86000e-01	8.96283e-01
1.97714e+00	-1.16156e-01	6.40195e-01	6.43568e-01
2.38468e-01	9.08191e-01	2.91187e-01	-2.46788e-01
3.91026e-02	-9.97763e-03	2.64449e-01	-1.61664e-01
3.34987e-01	-4.55159e-02	6.95019e-01	7.56284e-01
1.78496e+00	3.33900e-01	1.88679e+00	-3.71627e-01
1.28108e+00	3.59692e-01	1.41878e-01	-7.16879e-01
1.12853e+00	5.76163e-01	4.79746e-01	4.33508e-01
1.36227e+00	-8.82020e-01	1.72881e-01	-5.65284e-01
2.07741e-01	-1.47034e-01	1.94210e-01	-9.95756e-01
1.55595e+00	-5.50033e-01	8.66150e-01	2.04685e-01
3.45498e-01	-7.01158e-01	9.64006e-01	-5.41264e-01
3.71497e-01	-9.12395e-01	5.47658e-01	-7.58118e-01
1.13086e-01	-7.92478e-01	1.79553e+00	7.84112e-01
6.23372e-01	-8.58963e-01	1.25296e+00	-2.27990e-01
4.10958e-01	5.68080e-01	1.43770e+00	2.92908e-01
3.65987e-01	-8.23268e-01	2.29578e-02	-9.91932e-01
5.80941e-02	-6.25542e-01	6.19381e-01	-5.06068e-01
4.06134e-02	3.23747e-02	8.90073e-01	6.12376e-01
1.61587e-01	-8.55374e-01	9.27668e-01	2.72865e-01
3.25303e-01	-6.86883e-01	3.00429e-01	-7.09013e-01
4.42729e-01	4.13498e-01	1.41313e+00	-6.95788e-01
8.57192e-01	-4.95538e-01	2.71423e-01	-2.44496e-01
1.78414e+00	3.04133e-01	7.92285e-01	-5.58942e-01
9.77455e-01	-2.33968e-01	1.13467e+00	8.29174e-01
7.78519e-02	-6.62160e-01	1.77807e+00	6.22138e-01
2.29532e-01	-3.93749e-01	7.84356e-01	-8.98961e-01
6.59394e-01	-6.27520e-01	2.41806e-01	-1.63416e-02
6.11962e-02	-9.71312e-01	1.22554e+00	-7.15810e-01
3.08946e-01	-8.03849e-01	1.12268e+00	1.99567e-01
2.10716e-01	-6.86559e-01	3.20549e-01	5.93798e-01
3.46715e-01	-6.46542e-01	4.56351e-01	-7.08481e-01
1.80326e+00	-8.29153e-01	1.54716e+00	-6.41495e-01
9.79224e-02	-4.61523e-01	8.82839e-01	-6.54299e-01
2.46333e-02	-9.83030e-01	1.80075e-01	4.06951e-01
8.51812e-01	8.42094e-01	1.00145e+00	-5.37953e-01
9.92723e-02	-8.78598e-01	1.97792e+00	-6.76630e-01
8.69127e-02	-6.84215e-01	1.56199e+00	1.06315e-01
7.36991e-02	-1.99973e-01	1.72771e+00	3.59731e-01
3.96692e-01	-3.18943e-01	2.39695e-01	-9.73335e-01
9.67129e-01	3.91134e-01	2.00949e-01	-7.13336e-01
6.92728e-01	9.41896e-01	1.99265e+00	-6.81544e-02
5.44795e-01	-6.77016e-01	1.89274e+00	4.82499e-01
6.46225e-02	-8.01896e-01	1.75256e-03	-9.86276e-01
1.04856e+00	8.30992e-01	9.99392e-01	2.43282e-01
9.59583e-01	6.94064e-01	1.10552e+00	1.30606e-01
1.05570e+00	6.07256e-01	1.21254e+00	-5.40921e-01
1.76082e+00	-1.11560e-01	1.91629e-01	1.51005e-01
1.48224e+00	5.45955e-01	2.38766e-02	8.69942e-01
2.07548e-01	-6.40744e-01	2.66916e-01	-4.57916e-02
3.88124e-01	-2.41903e-01	1.74265e+00	-6.60502e-01
5.82353e-01	-4.99289e-01	5.93184e-01	3.20118e-01
2.24354e-02	1.44245e-01	6.89797e-01	-5.64903e-01
4.16106e-01	7.99811e-01	5.32945e-01	3.68519e-01
4.02649e-01	-4.94576e-01	1.54690e+00	-1.03091e-01
3.75528e-01	-4.64286e-01	8.46170e-01	3.82873e-01
1.25323e+00	4.81876e-01	1.43964e+00	-8.54904e-01
1.41092e+00	-1.38345e-01	3.32608e-01	3.08893e-01
1.20967e+00	5.01535e-01	9.76395e-01	-5.50467e-01
1.14376e+00	2.54060e-01	3.87980e-01	-7.00237e-01
4.53751e-02	1.36826e-01	1.23565e+00	-5.38006e-01
1.00398e-01	4.99219e-01	8.77470e-01	6.20095e-01
2.73898e-01	1.19867e-01	1.48180e+00	2.42155e-01
3.82234e-01	-4.24934e-01	6.45083e-01	4.66787e-01
1.62901e+00	-4.92497e-01	6.61973e-01	-3.57412e-01
8.31946e-01	-6.98366e-01	1.12270e+00	-6.16395e-01
1.42299e-01	7.63854e-01	7.28161e-01	-4.00077e-01
1.35186e-01	-6.58135e-01	2.71037e-01	4.33399e-02
2.72518e-02	-9.89137e-01	1.44466e+00	-6.67462e-01
6.20871e-01	2.10262e-01	4.43353e-01	-7.77628e-01
3.07098e-01	-6.19974e-01	1.23982e+00	-9.06611e-01
8.56049e-01	1.16634e-01	6.09901e-01	2.78877e-01
1.66393e+00	6.71102e-01	1.69817e+00	-1.53306e-01
1.38722e+00	9.68194e-01	8.58035e-02	6.35256e-01
5.49754e-01	2.74887e-01	5.66359e-01	-3.68438e-01
1.79889e+00	7.04077e-01	1.11214e+00	5.72811e-02
5.71209e-01	-8.62158e-01	5.78555e-01	-7.21743e-01
