# No. of particles = 100 
# Proton - Solar wind	Electron - Solar wind	
4.94937e+00	-4.02855e+00	5.44428e+00	-7.27037e-01
3.75074e+00	-4.75351e+00	3.26103e+00	4.74570e+00
3.71471e+00	-3.59241e+00	7.08434e+00	-1.93323e-01
5.96449e+00	-4.02461e+00	4.81944e+00	-4.73967e+00
3.53096e+00	-4.18593e+00	6.30445e+00	-3.30006e+00
1.96857e+00	-3.77081e+00	6.18405e+00	-3.09943e+00
4.68685e+00	-4.21669e+00	3.90297e+00	3.98081e+00
2.97498e+00	-4.20329e+00	2.51903e+00	4.13000e+00
3.73567e+00	-4.08843e+00	5.59909e+00	4.63336e+00
3.20341e+00	-3.70955e+00	6.67389e+00	-1.37668e+00
2.87964e+00	-3.09230e+00	6.40167e+00	3.13345e+00
3.22072e+00	-3.18658e+00	3.91769e+00	1.86873e+00
3.24222e+00	-3.76531e+00	6.73914e+00	4.57364e+00
2.05033e+00	-3.37518e+00	4.02282e+00	-2.88006e+00
3.10777e+00	-1.78762e+00	1.72482e+00	2.96844e+00
2.62895e+00	-1.94911e+00	4.69150e-01	-2.06194e+00
3.31388e+00	-1.31371e+00	7.24671e+00	-3.67490e+00
4.31701e+00	-7.90286e-01	7.65302e+00	-2.64146e+00
3.06685e+00	2.53856e-01	7.10401e+00	2.02263e-01
3.04923e+00	-1.29530e+00	7.11825e+00	-1.87468e+00
2.58471e+00	-1.18487e+00	6.41745e+00	-3.25412e+00
2.83628e+00	-1.01360e+00	6.36888e+00	-2.33974e+00
3.03906e+00	-5.09112e-01	5.13257e+00	-2.31551e+00
4.90488e+00	-1.07142e+00	5.71061e+00	1.80006e+00
2.20627e+00	4.43030e-01	5.15519e+00	-1.10096e+00
3.20465e+00	7.15697e-01	9.41052e+00	4.47330e+00
3.73066e+00	1.41754e+00	3.40709e+00	4.17324e+00
2.88792e+00	1.34783e+00	5.14166e+00	-2.26914e-01
2.16190e+00	6.84633e-01	8.67546e+00	-1.36389e+00
3.41688e+00	2.25859e+00	4.51855e+00	-1.73314e+00
4.22961e+00	3.39819e+00	6.45607e+00	-1.65742e+00
4.59977e+00	7.57731e-01	9.97166e+00	-1.89275e-01
3.73062e+00	3.19012e+00	4.36680e+00	4.38676e-02
1.34401e+00	2.57559e+00	2.15601e+00	-4.68283e-01
4.09634e+00	4.12859e+00	6.62966e+00	-2.18428e+00
3.53166e+00	4.31967e+00	5.41515e+00	-2.04613e+00
3.07920e+00	4.33186e+00	6.48630e-01	2.04111e+00
3.22918e+00	4.13504e+00	5.11257e-01	-5.92877e-01
2.57644e+00	3.67328e+00	1.40151e+00	8.97856e-02
3.26949e+00	4.34529e+00	8.66856e+00	3.69014e+00
3.75841e+00	4.60529e+00	5.70289e+00	5.51624e-02
3.03221e+00	3.57969e+00	8.41076e+00	-4.70507e+00
8.81794e+00	3.43587e+00	1.69717e-03	3.62045e+00
9.51479e+00	4.83010e+00	4.29930e+00	7.73666e-01
3.68769e+00	-3.92523e+00	3.62769e+00	-2.48967e+00
7.26485e+00	-3.57190e+00	6.30702e+00	-3.22079e-01
3.52700e+00	-4.49683e+00	5.84999e+00	1.29863e+00
2.91460e+00	-4.74916e+00	1.62350e+00	9.45686e-01
2.96093e+00	-4.59048e+00	5.58216e+00	-1.63305e+00
3.07311e+00	-4.07751e+00	5.42853e+00	3.99526e+00
3.36314e+00	-3.05142e+00	5.52278e+00	2.27682e+00
2.81495e+00	-4.24569e+00	4.62449e+00	-3.43496e+00
2.88900e+00	-3.75724e+00	5.60653e+00	4.13125e+00
2.93219e+00	-2.89651e+00	5.01783e+00	3.06592e+00
3.59578e+00	-1.84131e+00	8.98814e+00	-2.82211e+00
4.14540e+00	-3.70852e+00	3.06838e-01	3.54981e+00
2.79997e+00	-2.07177e+00	3.89995e+00	2.71741e+00
2.97715e+00	-3.07287e+00	3.62453e+00	-5.93908e-01
2.73053e+00	-2.81756e+00	2.06055e-01	-3.59610e+00
3.28341e+00	-2.14398e+00	5.59574e-01	3.25176e+00
2.63865e+00	-1.73258e+00	1.93880e-01	3.99023e+00
2.85050e+00	-1.44750e+00	8.25908e+00	1.36668e+00
2.58584e+00	-1.74692e+00	3.41272e+00	2.98804e+00
3.51289e+00	2.46439e-01	3.71122e+00	-4.82449e+00
3.06480e+00	-1.66462e+00	6.52890e+00	4.56955e-01
2.86179e+00	-9.57664e-01	7.68232e+00	4.64390e+00
2.82847e+00	-1.81338e+00	6.56883e+00	1.21998e+00
3.46057e+00	-9.64078e-01	5.44862e+00	-2.98315e+00
2.97349e+00	-1.24459e-01	8.48921e+00	1.65117e-01
3.03165e+00	-4.75806e-01	2.47639e+00	-4.31916e+00
2.87728e+00	3.07516e-01	1.40864e+00	-3.22075e+00
3.35302e+00	-1.17694e+00	2.82355e+00	4.43253e-01
3.57240e+00	-3.34122e-01	7.09537e+00	-7.17405e-02
2.42769e+00	-8.57881e-01	2.91894e+00	5.02231e-01
2.11236e+00	1.60624e+00	8.55611e+00	2.77040e+00
3.87071e+00	-1.20265e+00	3.87093e+00	1.36759e+00
3.02857e+00	7.81900e-01	2.98393e-01	-6.74680e-01
2.91946e+00	5.21407e-01	2.81810e+00	4.12229e+00
2.31379e+00	2.26351e+00	4.12389e+00	1.38093e+00
2.48168e+00	-1.62845e-02	7.93938e+00	4.45832e+00
2.97400e+00	9.76037e-01	6.87480e+00	1.63914e-01
4.66328e+00	1.35794e+00	5.06301e+00	4.30581e+00
3.45690e+00	2.52292e+00	7.86138e+00	-7.59613e-01
4.70773e+00	1.56607e+00	2.85776e+00	2.14905e+00
2.73692e+00	1.62134e+00	4.92725e+00	-3.45564e+00
3.05647e+00	2.60191e+00	4.54034e+00	5.96589e-01
3.17089e+00	2.92095e+00	7.75563e-01	3.35765e+00
2.99266e+00	1.98172e+00	3.17784e+00	3.04757e+00
3.00969e+00	2.35010e+00	2.66152e+00	9.42010e-01
2.42169e+00	2.07635e+00	7.44585e+00	1.75848e+00
3.17490e+00	3.37846e+00	2.39925e+00	3.70266e+00
2.61762e+00	2.34822e+00	9.29213e+00	-3.40568e+00
4.33988e+00	2.39402e+00	2.67922e+00	-1.40248e-01
3.26914e+00	3.11181e+00	2.72459e+00	-4.93670e+00
2.95841e+00	3.70666e+00	5.39764e+00	-4.64959e+00
3.23387e+00	3.27410e+00	8.31985e+00	4.69140e+00
3.01111e+00	3.62873e+00	2.84974e+00	2.36520e+00
3.71599e+00	3.95542e+00	1.72499e+00	4.54377e+00
3.12092e+00	4.19491e+00	2.88253e+00	2.22894e+00
3.19148e+00	4.87839e+00	5.00056e+00	3.31107e+00
