# No. of particles = 100 
# Proton - Solar wind	Electron - Solar wind	
5.93816e+00	2.06381e+00	9.77566e+00	3.92058e+00
6.39186e-01	-2.86327e-01	5.69796e+00	-2.37407e+00
6.94571e-01	-5.06140e-02	7.81103e+00	-1.35569e+00
3.79298e-01	-2.57235e+00	2.88307e+00	4.73054e-01
2.71357e-01	-4.39779e+00	7.20978e+00	2.23143e+00
6.59117e+00	4.51567e+00	3.95417e+00	4.33295e+00
7.91733e+00	2.93760e+00	1.15016e+00	1.66150e+00
9.82072e+00	3.03538e+00	8.59808e+00	-1.78364e-02
8.17131e+00	-2.86124e+00	1.64316e+00	3.33379e+00
4.88961e+00	-2.78696e+00	4.51716e+00	4.56217e+00
5.50547e+00	-2.22822e+00	9.67629e+00	2.43035e+00
9.76326e+00	-3.05716e+00	9.99735e+00	-3.85353e+00
7.54176e+00	2.86605e+00	2.55689e+00	4.81950e+00
8.38268e+00	-4.06096e+00	3.88629e+00	4.96602e+00
9.11592e+00	1.57601e+00	5.80683e+00	-1.97896e-01
7.27075e+00	2.18407e+00	3.93578e+00	-4.57988e+00
9.23828e+00	-2.32405e+00	3.95483e+00	-4.25718e+00
8.82590e+00	-3.75453e+00	6.19955e+00	-3.89977e+00
9.50720e+00	-3.08713e+00	7.38617e+00	2.59436e+00
8.04365e+00	-2.20685e+00	3.90756e+00	-3.21694e+00
8.75542e+00	4.02275e+00	9.41718e+00	-3.58280e+00
8.75170e+00	-2.56124e+00	5.62069e+00	3.87337e+00
7.21106e+00	-1.58636e+00	6.05985e-01	-8.03073e-01
6.64399e+00	1.34783e+00	9.68115e+00	-2.30689e-01
8.89195e+00	-3.91430e-02	7.53413e+00	-1.68944e+00
5.41903e+00	3.27515e+00	1.26265e+00	2.88484e+00
9.85150e+00	1.86811e+00	9.06361e+00	8.51316e-01
9.11839e+00	-4.02261e+00	2.40709e+00	3.16287e+00
9.62587e+00	7.74776e-01	4.80961e-01	-3.74292e-01
4.29851e+00	-9.85667e-01	3.73364e+00	-2.32412e+00
8.91009e+00	-9.82543e-01	7.35052e+00	-2.30573e+00
9.75427e+00	4.89496e+00	8.64877e+00	3.89849e+00
9.55203e+00	1.05586e+00	1.42653e+00	2.77468e+00
4.86628e+00	-2.95165e+00	6.33660e+00	-2.63046e+00
7.80742e+00	-1.13270e-01	9.62042e+00	7.82369e-01
8.85513e+00	2.79116e-01	8.09736e+00	2.12583e+00
9.25588e+00	-3.40586e+00	3.93606e+00	1.92231e+00
8.26731e+00	2.43334e-01	7.39300e+00	3.82246e+00
8.15639e+00	-2.10794e+00	3.19703e+00	-2.70307e+00
8.43428e+00	2.24532e+00	8.51335e+00	1.19918e+00
9.06259e+00	-4.11818e+00	6.35997e+00	-4.50879e+00
9.55666e+00	-2.67355e+00	7.26266e+00	4.54671e+00
6.71086e+00	3.78085e+00	1.31641e+00	-4.98982e+00
9.15159e+00	2.66899e+00	6.21375e+00	-3.30307e+00
9.82804e+00	-2.26522e+00	9.21481e+00	4.78797e+00
7.43893e+00	1.23947e+00	3.70994e+00	-4.26784e+00
7.55718e+00	3.56183e+00	9.46726e+00	1.57590e+00
5.94492e+00	-2.58427e+00	8.26727e+00	-1.50011e+00
8.39669e+00	-7.31749e-01	1.58532e+00	-2.21817e-02
9.19694e+00	1.03657e-01	1.58404e+00	1.88643e+00
6.83583e+00	-1.83668e+00	2.12761e+00	4.57710e+00
9.61012e+00	1.04809e-01	6.60362e+00	-2.73575e+00
9.73067e+00	-4.36175e+00	4.92162e+00	-4.58315e+00
8.91773e+00	3.94064e+00	3.14238e+00	1.15955e+00
9.59943e+00	3.79320e+00	7.53056e+00	-4.03713e+00
9.65830e+00	-4.01623e+00	5.48362e+00	-1.13816e+00
9.29615e+00	-7.27830e-01	4.97502e+00	-1.74286e-01
8.63159e+00	1.96805e+00	3.01316e+00	-2.60356e+00
7.95846e+00	2.49134e+00	7.53244e+00	-4.29853e+00
9.95482e+00	2.43025e+00	7.95239e+00	3.85792e+00
3.50649e+00	-3.76822e-01	9.79655e+00	3.59123e+00
9.36904e+00	2.09660e+00	6.87487e+00	-2.82323e+00
8.85433e+00	-1.95356e+00	9.06814e+00	4.09126e+00
8.81756e+00	-4.94517e+00	4.34121e-01	3.07402e+00
6.32697e+00	2.12352e+00	7.69465e+00	-9.10668e-01
8.92602e+00	3.59743e+00	6.74209e+00	1.21699e+00
7.10912e+00	-4.47662e+00	9.96040e+00	4.87978e+00
8.54623e+00	2.39506e+00	5.12132e+00	2.91228e+00
9.41526e+00	-3.00729e+00	9.02476e+00	1.15101e+00
8.96919e+00	-4.39441e-01	8.85601e+00	-4.98452e+00
7.69812e+00	1.98085e+00	1.88487e+00	4.28934e-01
9.56597e+00	-1.93643e+00	1.32283e+00	-3.66911e+00
7.72045e+00	3.11339e+00	6.41124e+00	1.98536e+00
7.67881e+00	1.17789e+00	6.05099e+00	-1.05792e+00
9.64472e+00	-1.48870e+00	8.61290e+00	1.53771e+00
9.62884e+00	-4.69667e+00	9.98398e+00	4.89853e+00
9.42895e+00	2.79731e+00	4.79161e+00	3.75744e-01
8.73918e+00	-3.23617e+00	5.30878e+00	-1.74773e+00
9.54200e+00	-1.62901e+00	1.05621e+00	-5.92120e-01
8.38524e+00	-5.53555e-01	5.77997e+00	4.13504e+00
8.18803e+00	2.37300e+00	1.41665e+00	3.30159e+00
8.41195e+00	-1.72962e+00	9.21077e+00	2.78946e+00
6.79097e+00	2.98004e+00	9.29068e+00	-1.17238e+00
9.68704e+00	1.83372e-01	9.88816e+00	2.88746e+00
8.20042e+00	2.11049e+00	8.54633e+00	-4.26273e+00
9.62495e+00	-3.98026e+00	7.76304e+00	-4.54552e+00
6.33092e+00	-1.94109e+00	4.90912e+00	-1.36605e-01
9.19432e+00	2.26911e+00	9.66471e+00	-1.73261e+00
9.30876e+00	4.16576e+00	2.27666e-01	3.09014e+00
9.36078e+00	-7.82048e-01	4.93586e-01	2.80476e+00
9.30340e+00	-5.07848e-01	6.86717e+00	1.39407e+00
9.19326e+00	4.27884e+00	8.59732e+00	1.50621e+00
9.09763e+00	-1.48623e+00	9.09989e+00	4.77064e+00
9.23355e+00	3.63755e+00	9.67195e+00	-3.48031e+00
9.63937e+00	-3.23088e+00	8.54880e+00	2.38022e+00
8.82365e+00	-1.56835e+00	9.84202e+00	-3.62811e+00
8.43699e+00	4.72268e+00	8.91446e+00	-8.08791e-01
6.09360e+00	-3.66086e-01	1.82727e+00	-2.68539e+00
8.03157e+00	-1.37972e+00	5.91433e+00	-1.84775e+00
5.92357e+00	-3.88103e+00	9.52062e+00	1.05701e+00
