# No. of particles = 100 
# Proton - Solar wind	Electron - Solar wind	
8.13316e-01	6.75303e-01	1.53796e+00	1.84733e+00
9.87882e+00	-4.27520e+00	9.45782e+00	-3.87515e+00
8.08767e+00	-1.67278e+00	4.57870e+00	-1.67523e+00
8.99541e+00	-3.37427e+00	1.25982e+00	1.06726e+00
9.98031e+00	-1.08997e+00	9.72156e+00	-7.99912e-01
7.11696e+00	4.88412e+00	9.66143e+00	1.03348e+00
9.21992e+00	-6.69507e-01	2.87702e-02	5.32988e-02
8.08845e+00	4.68558e-02	9.25772e+00	1.48046e+00
8.15657e+00	-8.45947e-01	1.21070e+00	-7.26561e-01
9.85967e+00	1.21105e+00	6.58638e+00	-2.62672e+00
9.55961e+00	2.91963e+00	7.02493e+00	3.28986e+00
9.59348e+00	1.00167e+00	1.89708e+00	-3.21121e+00
9.15032e+00	2.26850e+00	8.93969e+00	7.13431e-01
8.46454e+00	3.60568e+00	8.94414e+00	-1.44239e+00
9.77065e+00	1.06147e+00	9.74418e+00	-1.41013e+00
9.87450e+00	4.96451e+00	6.01356e+00	-3.91920e+00
9.64930e+00	4.51241e+00	9.15834e+00	1.28578e-01
9.95448e+00	-4.76618e+00	8.95393e+00	-2.81789e-01
9.88499e+00	-4.79191e+00	7.48153e+00	-2.09678e+00
8.87411e+00	-1.15266e+00	8.45443e+00	-1.35458e+00
9.03533e+00	-5.38037e-01	9.87557e+00	4.74202e+00
6.34206e+00	-2.07150e+00	6.79929e+00	4.95929e+00
7.45697e+00	1.59083e+00	6.36205e+00	-1.17101e+00
9.88096e+00	4.31435e-02	6.99285e+00	-2.80929e+00
6.13969e+00	4.36658e-01	9.14231e+00	-3.93224e+00
9.61387e+00	-6.65043e-01	9.18647e+00	-2.20874e+00
9.12599e+00	-5.04701e-01	9.54981e+00	-2.33767e+00
9.95187e+00	4.70257e-01	9.97991e+00	-4.20068e+00
7.78536e+00	3.77628e+00	6.52513e+00	4.54895e+00
6.40297e+00	7.79515e-01	2.40199e+00	-3.08316e+00
8.98599e+00	2.50942e+00	8.40319e+00	4.94097e+00
9.11420e+00	3.85572e+00	9.59828e+00	-4.74741e-01
7.58235e+00	1.83865e+00	3.70027e+00	3.08295e+00
9.76053e+00	3.30930e+00	9.82079e+00	-7.36859e-01
8.96274e+00	5.72645e-01	8.49915e+00	4.07092e+00
9.83195e+00	-4.50925e+00	9.57198e+00	-4.51413e+00
9.94180e+00	-3.63446e+00	9.79034e+00	-3.75675e+00
5.83497e+00	1.83996e+00	2.05166e+00	2.04695e+00
7.69202e+00	2.56271e+00	9.57372e+00	2.87397e+00
6.85489e+00	-3.15295e+00	8.68710e+00	-4.09161e+00
8.53777e+00	-2.65243e+00	7.70430e+00	2.88761e+00
8.12435e+00	-6.34906e-01	7.06823e+00	2.18244e+00
8.57327e+00	1.93932e+00	8.46024e+00	-4.29065e+00
9.59008e+00	4.84125e-03	2.92673e-01	-1.11199e+00
6.22950e+00	-2.53380e+00	9.95176e+00	2.20473e-01
8.25953e+00	4.43443e+00	7.65548e+00	4.41784e+00
7.46035e+00	-1.34113e-01	9.77293e+00	-4.44512e+00
9.11751e+00	-9.18248e-02	3.04876e+00	-2.59852e-01
9.72862e+00	1.63943e+00	6.18422e+00	3.76001e+00
7.01428e+00	1.47360e+00	7.00160e+00	-2.94861e+00
9.78811e+00	1.92262e+00	5.79704e+00	-4.07056e+00
9.29175e+00	-5.98201e-01	4.02527e+00	-5.51739e-01
9.56831e+00	5.17979e-01	6.54385e+00	2.69773e-01
9.89335e+00	3.53873e+00	2.49749e+00	-1.35591e+00
9.73963e+00	4.84729e+00	9.08265e+00	2.13127e+00
9.99463e+00	-2.76801e+00	5.67519e+00	2.69302e+00
9.89868e+00	-2.49302e+00	6.90496e+00	3.95293e+00
7.02183e+00	-4.71717e+00	1.76615e+00	3.55495e+00
9.11649e+00	1.17068e-01	4.25006e+00	-1.83364e+00
9.60619e+00	-9.22212e-01	3.45208e+00	-1.97475e+00
9.86670e+00	-1.09053e+00	9.06373e+00	3.97594e+00
4.71874e+00	-1.74462e+00	9.46173e+00	3.16953e+00
8.24996e+00	-3.45911e-01	9.49150e+00	2.27127e+00
9.65086e+00	-1.39500e+00	5.88047e-01	-2.73356e+00
9.33003e+00	-3.18614e+00	9.54874e+00	3.21964e+00
9.03784e+00	3.81445e+00	6.55042e+00	-4.92896e+00
9.08182e+00	2.74247e+00	8.82723e+00	-1.11536e+00
8.94266e+00	3.33243e+00	4.13352e+00	-1.79372e-02
3.75011e+00	1.18559e+00	8.52302e+00	-1.58642e-01
9.08567e+00	3.91262e+00	7.48124e+00	-3.90424e+00
8.53944e+00	1.43646e-01	1.91805e+00	-4.72553e+00
9.42392e+00	2.41821e+00	6.43962e+00	3.44683e+00
7.02171e+00	9.80239e-01	9.68959e+00	2.38137e+00
9.18234e+00	1.63310e-01	8.41451e+00	3.96195e+00
8.01546e+00	-5.46428e-01	4.27702e+00	3.99744e+00
9.09487e+00	-2.31352e+00	9.10972e+00	1.21217e+00
9.32065e+00	-1.39316e+00	9.58800e+00	3.53656e+00
9.94660e+00	-4.02551e+00	9.69299e+00	2.52557e+00
9.08772e+00	2.02058e+00	8.96010e+00	-2.73356e+00
9.20141e+00	-3.47722e+00	7.27759e+00	-3.01198e+00
8.52376e+00	4.80331e+00	9.39915e+00	-1.94617e+00
9.83475e+00	2.46457e+00	3.24434e+00	1.43015e+00
5.06076e+00	3.45090e+00	9.03997e+00	-1.92698e+00
8.26350e+00	1.41560e+00	9.31480e+00	-1.34741e+00
9.85121e+00	4.80337e+00	1.75582e+00	-1.97941e+00
8.92196e+00	-1.39837e+00	9.89886e+00	-3.01066e+00
7.42757e+00	-5.74091e-01	3.10905e-01	-1.85895e+00
4.13121e+00	-1.12203e+00	7.11311e+00	-3.54953e+00
9.80128e+00	-4.32164e+00	9.58187e+00	-4.71498e+00
8.83409e+00	-3.49401e+00	9.62609e+00	-2.09063e+00
8.56115e+00	7.98972e-02	6.44135e+00	-2.16568e-01
6.55729e+00	-5.15540e-01	4.82408e+00	-2.21339e+00
9.63278e+00	8.68019e-01	1.32309e+00	-1.32419e+00
8.79128e+00	1.09487e+00	4.00285e+00	2.48754e+00
8.42750e+00	2.47419e+00	9.26197e+00	-1.67664e+00
9.02938e+00	-5.52335e-03	1.59310e+00	5.92663e-01
9.58444e+00	-1.87745e+00	8.61824e+00	-2.28838e+00
8.98528e+00	9.85035e-01	5.56066e+00	-5.21305e-01
9.06587e+00	1.37242e+00	9.41683e+00	-3.71124e+00
9.55757e+00	3.03099e+00	7.19775e+00	1.53793e+00
