# No. of particles = 100 
# Proton - Solar wind	Electron - Solar wind	
1.13728e+00	5.57817e-01	1.60971e+00	-3.75764e-01
2.79308e-01	-7.09508e-01	1.03674e+00	7.26547e-01
1.99473e+00	5.96552e-01	4.67625e-01	-7.30690e-01
8.83141e-01	-4.43376e-01	4.93346e-01	-8.40708e-01
6.52482e-01	-6.40284e-01	3.82853e-02	-9.85626e-01
5.55103e-02	-8.92048e-01	3.59896e-01	-5.64729e-01
1.26781e-01	-9.60445e-01	3.97228e-02	-8.09617e-01
2.42723e-02	-9.39915e-01	1.54544e+00	-4.15275e-03
3.42895e-01	-9.57097e-01	1.71800e+00	1.46718e-01
1.03559e-01	-9.64072e-01	1.60096e-02	-9.94508e-01
5.18246e-01	7.37517e-01	3.32066e-01	-8.48474e-01
1.29728e+00	6.88749e-01	1.71747e+00	9.10428e-01
1.83387e+00	1.59312e-01	1.81658e+00	-9.44695e-01
4.09682e-01	-5.36497e-01	9.76703e-01	-3.81731e-01
1.46392e+00	-7.83038e-01	1.07976e+00	1.06049e-01
2.74447e-01	-7.66139e-01	1.33242e+00	4.19891e-01
1.91719e+00	-2.80348e-01	1.33389e+00	-7.77115e-01
1.81317e-01	-4.50529e-02	1.37357e+00	7.20039e-01
7.50604e-01	-7.52997e-01	1.81762e+00	6.58270e-01
1.72046e+00	9.94250e-01	1.75169e+00	-5.22568e-01
1.11040e+00	-4.74659e-01	1.43433e+00	-5.02101e-01
1.12673e-01	-7.42659e-01	1.30143e+00	-2.13340e-02
3.40935e-01	-8.98846e-01	4.68512e-01	-2.75068e-01
2.54115e-01	-7.42371e-01	4.13554e-01	-7.44819e-01
6.53535e-01	-7.58157e-01	1.48311e+00	-4.03897e-01
5.32396e-01	-4.55751e-01	2.57969e-01	-9.66736e-01
6.96572e-01	5.69523e-01	1.64347e-03	5.22076e-02
8.08891e-01	2.18522e-01	1.24811e+00	-8.19176e-01
3.09496e-01	-9.38801e-01	1.55740e-01	-6.61572e-01
1.86088e-01	-6.50750e-01	1.75345e+00	2.16213e-01
2.74885e-01	-6.92623e-01	3.47087e-01	-9.76521e-01
6.01974e-02	-9.88030e-01	1.29204e+00	-8.22519e-01
3.90683e-01	-2.93397e-01	1.89620e+00	-1.31773e-01
2.67385e-01	6.54681e-01	1.81377e+00	-6.48253e-01
3.17118e-01	-3.46653e-01	1.89670e-01	5.97389e-01
8.86928e-01	-8.21852e-01	1.75956e+00	-8.03152e-02
6.08856e-01	6.27825e-01	2.03067e-01	5.77641e-01
1.49287e+00	-6.96102e-01	1.46852e+00	4.77451e-01
1.34548e+00	-7.88639e-01	8.93839e-01	1.70075e-01
1.80511e+00	3.51726e-01	8.74438e-01	9.25386e-02
1.75906e-01	-9.96172e-01	7.76021e-01	4.61877e-02
9.89928e-01	7.40676e-01	1.82186e+00	5.72781e-01
6.73576e-01	-1.87199e-02	6.31995e-01	-6.27321e-01
6.09010e-01	-2.71384e-01	1.22535e+00	2.81029e-01
1.38950e+00	6.68705e-01	3.37499e-01	-9.40799e-01
2.70238e-01	-7.86823e-01	1.71698e+00	2.15152e-01
1.76779e-01	-7.31158e-01	1.52784e+00	1.10312e-01
9.94614e-02	-9.02571e-01	1.14379e+00	-4.82352e-01
3.06622e-01	3.87566e-01	1.91691e+00	8.83127e-02
2.03008e-02	-2.78342e-01	1.72354e+00	6.96980e-01
1.61550e+00	-2.26769e-02	5.90843e-01	-2.02992e-01
3.48801e-01	-2.73697e-01	1.36642e+00	-5.93346e-01
7.09953e-02	-8.71191e-01	1.06789e+00	4.86195e-02
2.58333e-01	-6.15345e-01	3.44855e-01	-9.77430e-01
2.71152e-01	-5.03295e-01	9.83415e-01	-1.71288e-01
1.72168e+00	-9.35201e-01	9.00604e-01	-2.49901e-01
2.05273e-01	7.90913e-01	6.16977e-01	-1.40198e-01
2.20006e-01	-9.34733e-01	1.09287e+00	-2.11695e-01
5.55921e-02	-9.82142e-01	2.33404e-01	-2.28384e-01
7.64419e-01	-1.47461e-01	1.78696e+00	1.02909e-01
5.45449e-01	-3.01770e-01	7.53116e-01	1.14578e-01
1.77247e+00	1.90905e-01	9.33592e-01	3.01294e-02
8.92581e-01	7.76050e-01	1.50055e-01	1.70999e-01
2.68101e-02	-8.81144e-01	1.26317e+00	-4.60429e-01
7.11795e-02	-6.04944e-01	1.39321e+00	2.76575e-01
9.75698e-01	-4.65355e-01	1.15940e+00	3.32365e-01
1.73998e+00	5.80584e-01	1.29461e+00	-3.27497e-01
8.48237e-01	5.29464e-01	7.37528e-01	-3.28418e-01
6.75591e-01	1.31170e-01	1.89837e+00	-8.18378e-01
1.62994e+00	1.83197e-01	1.74945e+00	-3.59258e-02
7.23750e-01	2.05720e-01	1.04262e+00	-2.28848e-01
1.29656e+00	-2.83862e-01	5.53397e-01	3.02680e-01
5.92578e-01	1.76561e-01	6.09338e-01	-8.10346e-01
7.54419e-02	-4.24632e-02	2.64878e-02	-9.32512e-01
7.12766e-01	-3.69547e-01	1.78408e+00	-9.80477e-02
1.61199e-01	3.02755e-01	3.07840e-01	-9.37874e-01
3.70483e-01	-2.79173e-01	2.22815e-02	2.53465e-01
1.00699e-01	-5.10457e-01	3.55397e-01	3.02019e-01
1.24625e+00	8.34551e-01	2.45526e-01	2.44180e-01
1.35427e-01	-5.48151e-01	1.26826e+00	9.79931e-02
2.99524e-02	-9.72988e-01	3.66184e-01	-7.65831e-01
7.05798e-01	9.36160e-01	5.34072e-01	-9.84570e-01
1.63545e+00	8.27441e-01	1.48669e-01	1.19982e-02
4.55965e-01	-8.94669e-01	1.04562e-01	-9.54330e-01
1.74199e-01	-5.25300e-01	1.34413e+00	2.38324e-01
3.69000e-01	4.94393e-01	2.50906e-02	-9.27645e-01
5.03651e-01	-2.26393e-01	4.65090e-01	2.47888e-01
1.64886e+00	-7.82381e-01	6.38441e-03	-9.70537e-01
8.13118e-01	-6.17412e-01	4.86692e-01	1.52651e-01
7.24978e-01	-9.40301e-01	3.69527e-01	-4.03655e-01
1.77834e-01	-4.91644e-01	1.30052e+00	2.52908e-01
1.13898e-03	-9.72454e-01	4.87201e-01	1.76644e-02
8.05208e-01	6.56007e-01	2.56447e-01	-8.94816e-01
6.31559e-01	2.46114e-02	1.50255e+00	8.77835e-01
1.91039e+00	2.38635e-01	1.12082e+00	-3.19840e-01
1.04816e+00	3.85389e-01	7.85379e-01	3.97890e-01
7.02643e-02	1.33237e-01	5.56458e-01	-2.56440e-01
6.79876e-01	9.81176e-01	2.34731e-01	-6.43710e-01
1.29583e-01	-4.42425e-01	8.24651e-02	-8.33419e-01
1.99762e+00	-5.42014e-01	1.71785e-01	-2.09619e-01
