# No. of particles = 100 
# Proton - Solar wind	Electron - Solar wind	
7.92633e-01	1.54492e-02	3.97154e-02	-9.58203e-01
1.95533e+00	8.66165e-01	1.42789e+00	-9.19167e-01
1.85324e+00	4.89910e-01	6.40952e-01	-7.62511e-01
5.15206e-01	-6.84221e-01	3.67316e-01	-8.87232e-01
4.59629e-01	-7.61533e-01	1.35580e-01	1.87085e-02
1.40451e+00	-4.47210e-01	2.88336e-01	7.34241e-01
1.53149e+00	9.73401e-01	3.53573e-01	-9.10534e-01
2.15936e-02	-8.88606e-01	1.48455e-01	-7.93223e-01
2.55584e-01	-9.59973e-01	7.38581e-02	-5.04345e-01
4.01974e-01	5.89341e-01	3.01248e-01	5.10446e-01
3.29593e-01	7.18482e-02	1.90630e+00	-9.93799e-01
1.20439e+00	5.47112e-01	1.09082e+00	1.24091e-01
1.72816e+00	1.00488e-01	1.08400e+00	-4.60029e-02
1.95639e-01	-8.66847e-01	8.88597e-01	2.41707e-01
1.32685e+00	-7.87252e-01	1.11568e+00	1.86904e-01
7.88244e-02	-9.83385e-01	6.60583e-01	-5.26324e-01
2.49979e-01	6.81472e-01	1.80665e-01	-9.96743e-01
1.77107e-01	-1.46216e-01	1.17620e+00	-6.46387e-01
3.05012e-01	-8.96321e-01	1.24728e+00	8.26317e-02
1.42810e+00	6.41731e-01	8.55600e-01	-5.49157e-01
6.76444e-01	-6.82723e-01	1.60871e+00	3.36134e-02
3.07003e-02	-9.64794e-01	1.22374e+00	1.52959e-01
8.82344e-02	-9.63085e-01	4.12899e-01	-5.59442e-02
6.69310e-02	-9.52233e-01	8.32632e-02	-2.29132e-01
2.95135e-02	-8.90297e-01	1.78035e+00	-7.50971e-01
1.03373e-02	-8.40534e-01	2.07372e-02	-9.39198e-01
5.93858e-01	4.52689e-01	9.19577e-01	1.38482e-01
1.18720e+00	1.19152e-01	5.48712e-01	-6.93814e-01
1.65966e+00	-7.30673e-01	1.75643e+00	-5.41305e-01
7.63980e-01	-9.97196e-01	1.61976e+00	-3.56509e-01
1.39184e-01	-9.05652e-01	3.47407e-01	-7.61926e-01
1.01527e+00	6.50745e-01	1.62350e+00	2.87775e-01
9.33256e-01	-9.58257e-02	1.69912e+00	7.68718e-01
2.33893e-01	2.97913e-01	6.79343e-02	-9.53869e-01
8.26828e-02	-9.28843e-01	3.04031e-01	-6.87426e-01
7.98619e-01	-8.24903e-01	1.44798e+00	6.05551e-01
5.41343e-01	3.65622e-01	5.30238e-01	4.49059e-01
1.33529e+00	-7.10886e-01	1.72616e+00	3.91029e-01
9.86393e-01	-8.27869e-01	7.40316e-01	-4.56920e-01
1.51189e+00	1.40666e-01	9.55060e-02	6.45884e-01
1.36968e+00	-5.84759e-01	5.77104e-01	-4.54733e-01
8.29623e-01	5.96730e-01	5.70970e-01	-9.80881e-02
6.20491e-01	-1.52417e-01	1.28468e-02	-9.64422e-01
5.79530e-01	-3.30032e-01	3.13735e-02	-8.86913e-01
8.81661e-01	3.85889e-03	5.86424e-01	-9.71947e-01
1.31105e-01	-4.32473e-01	1.84779e+00	-3.10253e-02
6.85981e-02	-9.21017e-01	1.42235e+00	3.29412e-01
5.04829e-02	-9.43346e-01	1.60627e+00	-7.73291e-01
2.79146e-01	2.00340e-01	2.81261e-01	4.96094e-01
3.49951e-02	-4.78381e-01	8.35622e-03	-8.81171e-01
1.40558e+00	-1.12988e-01	1.52808e+00	-6.48334e-01
1.50143e-01	-7.71607e-01	4.91549e-01	-8.47545e-01
1.75191e+00	8.86443e-01	1.07892e+00	3.40513e-01
1.91278e-01	-7.29638e-01	1.00781e-01	-8.44432e-01
9.05016e-02	-9.29045e-01	3.80562e-01	-8.15113e-01
1.37805e+00	-9.35006e-01	2.62756e-01	-6.60643e-01
1.93309e-01	5.68280e-01	8.00319e-01	-7.85920e-01
9.09794e-02	-2.42540e-01	1.57736e+00	-1.89345e-01
1.95509e+00	-1.65249e-01	3.96768e-01	9.37194e-01
6.78520e-01	-2.53003e-01	1.03287e+00	5.56360e-01
3.19057e-01	-1.51497e-01	1.53609e+00	5.68618e-01
1.32100e+00	-6.66952e-02	5.16518e-01	3.52585e-01
8.15616e-01	5.58961e-01	1.62953e+00	-1.54517e-01
8.40079e-01	5.61204e-01	1.12464e+00	-8.97179e-01
4.68401e-02	-8.04469e-01	1.43825e+00	-3.42207e-01
9.06947e-01	-4.71392e-01	1.17107e+00	2.37998e-01
1.70449e-01	9.46969e-01	1.81420e+00	2.24414e-01
7.27463e-01	2.08852e-01	3.94915e-01	-8.98446e-01
4.73115e-01	-2.29065e-01	1.13424e-01	-7.60238e-01
1.13806e+00	-1.10686e-01	1.12907e+00	-4.21218e-03
2.74246e-01	-7.08602e-01	9.35081e-01	6.85826e-02
4.25699e-01	-7.51030e-01	1.93993e+00	-6.11249e-01
5.61585e-01	3.08057e-02	8.14985e-01	-9.17773e-01
7.45134e-02	-9.54122e-01	6.94824e-01	-5.02157e-01
7.10502e-01	-3.67268e-01	6.27465e-01	-3.02457e-01
1.46660e-01	2.73757e-01	7.54138e-01	1.73951e-02
2.99068e-01	-4.31301e-01	1.25385e+00	8.51739e-01
9.51493e-02	-7.99596e-01	1.54699e+00	4.63395e-01
1.09149e+00	5.74066e-01	1.19771e+00	-4.23391e-01
1.33182e-01	-6.48297e-01	8.92160e-01	8.97801e-01
3.94956e-01	6.44644e-01	1.61560e+00	-2.34723e-01
7.95770e-01	8.48423e-01	1.71975e+00	6.38008e-02
1.54400e+00	7.17321e-01	1.28594e+00	-2.40382e-01
3.40886e-01	-9.13390e-01	1.03215e+00	7.91310e-01
5.40144e-01	8.94089e-01	4.09456e-01	-2.93431e-01
3.61868e-01	4.23036e-01	1.50539e-01	-1.39594e-01
5.04718e-01	-2.52035e-01	6.62755e-01	-6.50269e-02
1.27997e+00	-8.15573e-01	9.68717e-01	3.10423e-02
3.00159e-01	-8.42916e-01	7.95249e-02	-7.91704e-01
5.90119e-01	-9.39228e-01	1.89257e+00	-1.75473e-02
1.77327e-01	-5.17546e-01	1.70927e+00	7.66582e-01
1.54600e+00	8.60053e-01	9.38167e-01	-2.13027e-03
7.81611e-01	5.57210e-01	4.92322e-01	-5.40530e-01
6.17629e-01	-8.04060e-02	1.09311e+00	1.39477e-01
1.28009e+00	-1.31560e-01	1.20738e-01	7.57565e-01
5.04235e-01	-3.74477e-01	1.42636e+00	2.96456e-01
3.88880e-02	3.85849e-01	5.78402e-01	6.05661e-01
5.31350e-01	7.58249e-01	2.44060e-01	-9.15156e-01
1.15455e-01	-5.74604e-01	1.68530e+00	-1.64539e-01
1.73743e+00	-5.92903e-01	9.30733e-01	5.91763e-01
