# No. of particles = 100 
# Proton - Solar wind	Electron - Solar wind	
2.14228e-01	-3.16284e-01	1.88133e+00	8.07482e-01
1.03523e-01	-8.27313e-01	4.08574e-01	-5.99767e-01
8.85712e-01	-2.78986e-01	1.29084e+00	5.97749e-01
3.64809e-01	-2.58244e-01	1.09120e+00	3.68424e-01
7.40779e-03	-9.87854e-01	1.08797e-01	-6.95373e-01
1.82354e-01	6.78503e-01	5.63438e-01	-7.03461e-01
9.94818e-02	-8.64492e-01	1.07866e+00	-2.85413e-01
3.39409e-01	-4.56895e-01	1.03397e+00	-6.53444e-02
3.48205e-02	2.44462e-01	7.87836e-01	-6.02312e-01
5.25895e-01	5.20855e-01	1.51663e+00	-7.74885e-01
1.36417e+00	9.26867e-01	8.17307e-01	-4.65652e-01
5.85566e-01	-2.54969e-01	8.30108e-01	-9.25568e-01
1.09414e+00	-3.12439e-01	8.11819e-01	5.39440e-01
1.39998e-02	-5.04037e-01	1.11818e+00	-5.95000e-01
3.42441e-01	-9.38076e-01	5.96410e-01	-8.48663e-01
7.12126e-02	1.43490e-01	2.35708e-01	-1.14256e-01
9.76345e-02	7.15613e-01	3.21899e-01	-7.17300e-01
3.62213e-02	-9.04013e-01	1.27981e+00	-2.86622e-01
4.59597e-02	-9.36839e-01	3.43925e-01	-4.19834e-01
1.02584e+00	9.47492e-01	4.38569e-02	-9.79389e-01
6.42768e-01	4.57057e-02	1.96782e+00	9.11223e-02
1.30010e+00	8.67371e-01	4.56823e-01	-5.74965e-01
1.41963e-01	-9.67560e-01	1.36531e+00	-4.36309e-01
2.58564e-01	3.42537e-01	1.49477e+00	5.58080e-01
1.17254e+00	-4.76127e-01	7.97079e-01	-4.96801e-01
6.60825e-01	9.22285e-01	5.59699e-01	8.70760e-01
1.55947e-01	-4.20899e-01	5.31482e-01	-3.10425e-01
1.98490e+00	7.71912e-01	8.26164e-01	-7.75093e-02
1.77186e+00	-2.29685e-01	3.02247e-01	-8.76136e-01
7.38176e-01	-2.10354e-01	1.85543e-01	-6.31531e-01
5.54424e-01	-2.75724e-01	1.69992e-01	9.64094e-01
1.25611e-01	4.80368e-01	1.49582e+00	7.25448e-01
9.91862e-01	7.30566e-01	1.23581e+00	8.04442e-01
3.55178e-01	-8.85751e-01	1.13990e+00	-9.39551e-01
1.98217e-01	2.98343e-01	6.34036e-01	-3.06282e-01
1.20833e-01	-9.67315e-01	5.63873e-01	-6.46411e-01
6.30047e-01	-2.31086e-01	9.22769e-01	6.30726e-01
2.10657e-01	-9.47806e-01	5.72721e-03	-9.37873e-01
2.35901e-01	-1.17263e-01	1.20127e+00	-4.74228e-01
9.54947e-02	-1.83242e-01	5.81782e-01	6.05245e-02
3.18514e-01	-1.45528e-01	1.22786e+00	-6.04614e-01
1.15019e+00	2.02071e-01	2.81564e-01	-2.83614e-02
8.23058e-01	4.15129e-01	1.22113e+00	-6.35046e-01
1.70344e-01	-8.95582e-01	1.04863e-01	-9.64348e-01
2.74286e-01	-1.40208e-01	2.44856e-01	-3.11685e-01
3.14214e-02	-9.96636e-01	1.04781e+00	2.72532e-01
1.48692e+00	8.75594e-02	1.70513e+00	2.34579e-01
2.16978e-01	1.86679e-01	1.21999e-01	1.05028e-01
1.47641e+00	6.72966e-01	1.50402e+00	4.85959e-01
4.40478e-02	-8.94971e-02	7.03997e-01	1.12767e-02
2.37590e-01	-9.31078e-01	2.27240e-02	-9.46466e-01
1.58386e+00	6.58558e-02	1.35462e+00	-6.23786e-01
1.67832e-01	-7.04635e-01	1.72064e+00	-3.71604e-01
1.68582e+00	1.86824e-01	1.09860e-01	-1.22860e-01
1.46390e+00	7.51574e-01	1.73866e+00	-2.15753e-01
1.99338e+00	-1.16046e-01	1.00869e+00	6.23044e-01
4.47637e-01	-9.18025e-01	2.46456e-01	-9.00894e-01
8.51037e-01	-7.16592e-01	1.68230e+00	7.55611e-01
4.69926e-01	8.36919e-03	4.43378e-01	-5.67891e-01
1.47174e+00	6.45431e-01	1.94221e-01	-1.08756e-01
4.37038e-01	1.06664e-02	8.80798e-01	9.58031e-02
1.77330e+00	9.69813e-01	1.51146e+00	3.61409e-01
1.47945e-01	-8.21180e-01	2.72794e-02	6.90765e-01
4.59231e-01	-3.53825e-01	1.89741e+00	5.09239e-01
1.14996e-01	-6.77916e-01	6.87476e-02	-3.42523e-01
3.33879e-01	-8.00769e-01	1.72006e+00	-5.60451e-01
5.90523e-01	-9.57630e-02	6.99229e-02	-7.49484e-01
6.02341e-01	5.64673e-01	2.43578e-02	-9.52471e-01
7.75963e-01	3.73698e-01	1.22847e+00	7.18705e-02
6.08812e-01	-1.06638e-01	1.67101e+00	1.13512e-01
7.43888e-02	-8.98724e-01	1.60388e+00	-4.14046e-01
1.76083e+00	2.29539e-01	3.18698e-03	-9.96036e-01
2.05709e-01	8.37825e-01	1.37668e+00	3.73109e-01
2.46919e-02	-9.70870e-01	1.64409e-01	-6.40708e-01
5.03734e-01	-5.82576e-01	1.45751e+00	2.52968e-01
1.52091e+00	-4.30523e-01	9.17595e-01	3.63499e-01
1.48767e+00	9.39538e-01	9.96319e-03	-9.00135e-01
2.95140e-01	-4.62860e-01	1.89581e+00	-5.71366e-01
1.99267e+00	8.26059e-01	1.56479e+00	-8.24635e-01
2.86235e-01	-6.95083e-01	9.04953e-01	-2.57635e-01
1.41337e+00	-5.38285e-01	7.59617e-01	7.91641e-01
1.44896e+00	2.99268e-01	1.90594e+00	8.16576e-01
9.12093e-01	-1.10425e-02	1.16406e+00	3.65602e-01
1.19996e-01	-4.95590e-01	1.19035e+00	-7.82113e-01
8.51254e-01	7.38061e-01	6.18554e-01	-2.02416e-01
2.22617e-01	-5.51641e-02	8.50138e-02	-5.03409e-01
3.05313e-01	-5.26691e-01	3.39371e-01	6.74978e-01
3.73241e-01	-6.71958e-02	1.96130e+00	-2.67460e-01
1.77808e+00	1.92081e-01	1.43082e-01	2.41204e-01
1.31940e+00	8.17485e-01	7.33945e-01	4.98312e-01
1.11125e-01	-7.40341e-01	2.12350e-01	1.35463e-01
1.53228e+00	1.12515e-01	7.47477e-02	-9.05373e-01
5.23427e-01	9.94049e-03	1.65480e+00	8.33832e-01
1.16021e-01	-9.32402e-01	7.09328e-01	-6.66215e-01
2.90507e-01	-8.32043e-01	1.79371e+00	3.12761e-01
1.85266e+00	2.83440e-01	5.82321e-01	-3.28492e-01
1.67767e+00	1.95765e-01	3.90827e-01	-7.46974e-01
1.62495e+00	-6.05680e-01	1.68792e+00	-3.38729e-01
1.42714e+00	5.38050e-01	8.63527e-01	-5.57351e-01
1.15092e+00	7.74300e-01	5.08824e-01	-3.22180e-01
