# No. of particles = 100 
# Proton - Solar wind	Electron - Solar wind	
1.35239e+00	-2.40352e+00	2.22507e+00	-2.48340e+00
1.45069e-01	-2.42987e+00	1.89866e+00	-1.63286e+00
1.57738e+00	-2.40626e+00	6.73307e-02	-2.27391e+00
1.42924e+00	-2.35204e+00	1.86092e-01	-2.36797e+00
1.70176e+00	-2.20593e+00	5.22218e-01	-2.13225e+00
1.68307e+00	-2.35024e+00	1.67089e+00	-1.00191e+00
5.32764e-01	-2.44379e+00	2.91391e-01	1.86391e+00
6.50009e-01	-2.33032e+00	1.87197e+00	-1.80403e+00
1.43382e-01	-2.48603e+00	5.91563e-01	-2.30172e+00
3.02948e-01	-2.34535e+00	3.86479e-01	-1.50996e+00
2.12445e+00	-2.12519e+00	2.23706e-01	-2.12528e+00
7.43217e-01	-2.15221e+00	1.10037e+00	7.19817e-01
1.68437e-02	-2.35029e+00	1.74948e+00	2.03417e+00
1.14543e+00	-2.26983e+00	2.07516e+00	2.82343e-01
1.76353e+00	-2.44719e+00	8.88270e-02	-2.43509e+00
2.21601e+00	-1.98143e+00	1.65701e+00	-1.61878e+00
4.68548e-01	-2.22801e+00	6.85649e-01	-2.10027e+00
2.01335e+00	-9.87393e-01	6.06892e-01	3.25619e-01
4.76840e-01	-2.26949e+00	1.61082e+00	8.10799e-01
2.42868e+00	-2.20945e+00	8.79640e-01	-2.38071e+00
1.64170e-01	-2.30424e+00	2.02131e+00	2.31568e+00
1.12762e+00	-2.34818e+00	7.40551e-01	-2.26508e+00
2.88077e-01	-2.40414e+00	2.98233e-02	4.09304e-01
1.94053e+00	-2.22786e+00	3.30568e-01	5.61123e-01
2.43048e+00	4.91607e-01	1.41238e+00	-2.76194e-01
8.46954e-01	-1.83995e-01	2.00089e+00	-2.33058e+00
6.14186e-01	-1.66578e+00	1.31725e+00	-1.10312e+00
7.98069e-01	-1.98086e+00	1.06435e+00	6.36588e-01
2.46464e+00	-2.06784e+00	2.37831e+00	-1.87321e+00
1.09486e+00	4.80034e-01	2.07619e+00	-2.07350e+00
8.14589e-01	-6.87239e-01	2.21714e+00	-8.05530e-01
1.77519e+00	-1.53565e+00	1.80436e+00	7.16518e-01
5.92746e-01	-8.19774e-01	9.86389e-01	-1.71754e-01
4.89783e-01	-3.95205e-01	1.01627e+00	-2.06766e+00
1.66797e-01	-3.33286e-01	1.28197e+00	-1.71018e+00
2.08692e-01	-2.29687e+00	8.83934e-01	-8.45800e-01
7.68267e-02	-2.36575e+00	5.62424e-01	-1.93567e+00
2.19923e+00	-2.00999e+00	1.32855e+00	-3.91507e-02
1.33858e+00	-1.90327e+00	2.27965e+00	-2.38383e+00
2.14502e+00	5.01931e-01	1.83097e+00	-1.68045e+00
5.29801e-01	-2.48582e+00	1.75163e-01	-2.23739e+00
8.81600e-01	-2.28890e+00	2.33496e+00	-1.55635e+00
2.29708e+00	5.73046e-02	2.00978e+00	4.89397e-01
1.77948e-01	-2.34268e+00	7.68057e-02	-1.23870e+00
2.11137e+00	-2.36876e+00	1.18133e+00	2.15292e-01
1.80795e+00	-9.35424e-01	7.96528e-01	-2.12519e+00
2.31483e+00	-2.31043e+00	8.69240e-01	-2.29302e+00
1.38758e+00	-2.13333e+00	1.20038e+00	-1.40908e+00
2.49726e+00	-2.47413e+00	8.68082e-01	2.44348e-01
1.86627e+00	4.08237e-01	1.26546e-01	-2.37767e+00
1.58332e+00	6.04215e-01	1.48313e+00	-1.64281e+00
9.29540e-01	-2.47231e+00	1.44518e+00	-1.02426e+00
2.36390e-01	-2.38244e+00	1.89546e+00	-7.47261e-02
8.32375e-01	5.54902e-02	7.05354e-01	-1.39931e+00
6.60927e-01	-3.41235e-01	1.21833e+00	2.41835e+00
4.34967e-01	-8.12295e-01	1.55128e+00	6.94859e-01
8.77662e-01	4.33439e-01	4.18984e-01	-2.34381e+00
8.23620e-02	-2.36712e+00	1.12951e+00	-1.66444e+00
3.25347e-01	-2.46192e+00	1.85942e+00	2.16623e+00
1.91074e+00	6.35367e-01	1.49603e+00	-1.31548e+00
3.39331e-01	-2.30402e+00	3.84177e-01	-2.15542e+00
1.05368e+00	-1.83598e+00	1.49423e+00	-2.13634e-01
1.92558e+00	-2.41104e+00	4.80264e-02	-8.67887e-01
1.95129e+00	1.02673e+00	1.82167e+00	-1.71596e+00
9.95423e-01	8.14417e-01	5.98509e-01	-1.92301e+00
2.51280e-01	-2.21704e+00	5.29199e-01	1.57763e+00
4.44834e-01	1.00848e+00	1.36652e+00	-1.75823e+00
1.20878e-01	5.42687e-02	7.42269e-01	-2.32710e+00
2.25700e+00	4.30186e-01	7.43975e-02	-2.05801e+00
6.35019e-01	1.65319e+00	1.74534e+00	-1.15255e+00
2.39386e+00	9.00124e-01	4.00768e-01	1.06304e+00
1.03533e+00	5.79402e-01	1.19606e+00	1.15500e+00
2.23444e+00	8.71039e-01	2.30021e+00	-1.79420e+00
1.77353e+00	1.17313e+00	2.24193e+00	1.05182e+00
1.75652e+00	-1.45942e+00	1.04027e+00	-1.09535e+00
2.31328e+00	-2.47818e+00	1.08738e+00	-1.69600e+00
2.40254e+00	-1.21915e+00	1.61481e+00	-8.05513e-01
5.27453e-01	-2.45394e+00	1.01440e+00	-1.91936e+00
6.37532e-01	-2.42754e+00	1.71013e+00	-5.16758e-01
3.67241e-01	-2.30852e+00	2.03838e+00	-5.35999e-01
4.96280e-01	8.67461e-01	7.23261e-01	-2.29208e+00
2.37021e+00	-1.51337e+00	1.71921e+00	-8.56992e-01
1.17836e+00	-2.32289e+00	1.66395e+00	-5.70327e-01
5.31768e-01	-3.66707e-02	1.48452e+00	-1.66611e+00
1.17408e+00	-2.36268e+00	8.23100e-01	-1.55694e+00
1.53935e+00	-2.01385e+00	3.72537e-02	-2.41604e+00
9.32517e-02	-2.70337e-01	2.19217e+00	-3.84195e-01
2.39361e+00	-4.34623e-02	1.94974e-01	-1.34612e+00
1.94190e+00	-1.21318e+00	2.39374e+00	-3.03348e-01
1.22027e+00	-2.42047e+00	6.16616e-01	-1.90616e+00
2.47376e+00	-1.92673e+00	2.45171e-01	-2.23367e-01
9.82274e-01	-2.49038e+00	2.08686e-01	-2.49114e+00
1.32941e+00	-2.27184e+00	5.53730e-01	-2.18880e-01
3.57142e-03	-2.45078e+00	5.18635e-01	-1.58774e+00
2.34121e+00	-1.96656e+00	6.72859e-01	-9.21774e-01
2.40646e+00	1.89595e+00	3.16383e-01	5.67878e-01
1.35982e-02	4.80971e-01	2.35268e+00	6.15042e-01
1.13626e+00	2.68648e-01	1.79686e+00	-6.74419e-01
9.40489e-01	-2.42410e+00	2.05066e-01	-2.39134e+00
4.60982e-02	-2.28641e+00	6.44886e-01	-1.23385e+00
