# No. of particles = 100 
# Proton - Solar wind	Electron - Solar wind	
1.05330e+00	4.18810e-01	3.45956e-01	-3.01717e-01
2.12933e-01	-7.87305e-01	1.12677e+00	-8.25196e-01
1.95930e+00	5.70129e-01	2.17148e-02	-9.92652e-01
7.92779e-01	-5.01485e-01	2.19635e-01	5.78083e-01
6.05148e-01	-6.69556e-01	1.27247e+00	-3.86614e-01
1.94566e+00	-2.37660e-01	9.57114e-02	-8.06236e-01
7.11982e-02	-9.68359e-01	3.07712e-01	7.92352e-02
2.74063e-03	-5.36309e-01	1.90489e-01	-6.80673e-01
3.21342e-01	-9.57542e-01	5.14524e-01	-9.65367e-01
3.58162e-04	-9.64721e-01	2.72563e-01	-5.37421e-01
4.72342e-01	5.72316e-01	1.88576e+00	9.28536e-01
1.27395e+00	6.52366e-01	3.24857e-01	-1.15269e-01
1.80669e+00	1.44648e-01	4.62776e-01	-9.81096e-01
3.57133e-01	-6.17902e-01	5.46466e-01	7.05373e-01
1.42978e+00	-7.83359e-01	9.24254e-01	-1.54706e-01
2.26168e-01	-8.19721e-01	1.88917e-01	-6.72229e-01
2.83645e-01	9.71612e-01	6.07621e-01	-6.57280e-01
1.81199e-01	-7.01167e-02	7.89349e-01	-8.13159e-01
6.40584e-01	-7.87820e-01	8.96671e-01	-6.72151e-01
1.64794e+00	9.06543e-01	1.31078e+00	3.13813e-01
1.00312e+00	-5.24319e-01	6.53004e-01	9.12409e-01
7.46914e-02	-8.32573e-01	1.01831e+00	-2.85343e-01
2.78498e-01	-9.14557e-01	2.38603e-01	2.31759e-01
2.07927e-01	-7.94133e-01	8.77408e-01	-8.07325e-01
3.92568e-01	-8.54261e-01	1.25274e+00	-7.82598e-01
3.91939e-01	-5.94920e-01	5.95472e-01	-5.54849e-01
6.71966e-01	5.39414e-01	5.28914e-01	-5.45223e-01
9.03388e-01	1.83743e-01	1.03717e+00	3.71104e-01
1.69682e-01	-9.59167e-01	1.45176e+00	7.50330e-01
1.16178e-01	-7.85868e-01	1.47777e+00	-9.88484e-01
2.41504e-01	-7.45131e-01	6.24764e-03	-9.64883e-01
6.76774e-02	-9.99236e-01	9.90242e-02	-9.61060e-01
5.27995e-01	-2.42699e-01	9.20115e-01	-3.76100e-01
2.59627e-01	5.66149e-01	1.99585e+00	-8.05756e-01
2.59520e-01	-4.90474e-01	7.08841e-01	-7.38528e-01
8.65195e-01	-8.21669e-01	5.90176e-01	7.42309e-01
5.92925e-01	5.61989e-01	1.21329e+00	1.96111e-01
1.45357e+00	-6.98994e-01	1.34752e+00	8.63668e-01
1.25655e+00	-7.97459e-01	1.75089e+00	-7.75932e-01
1.73137e+00	2.99160e-01	1.14784e+00	9.68450e-01
1.89035e+00	-4.39292e-01	1.05865e+00	1.34022e-01
9.50463e-01	7.03719e-01	1.13210e+00	-1.29009e-01
6.64620e-01	-5.09484e-02	2.45162e-01	-1.58125e-01
6.03635e-01	-2.84705e-01	7.52133e-01	-2.46612e-01
1.26339e+00	4.99832e-01	5.35389e-01	-7.54950e-01
2.36200e-01	-6.98882e-01	3.59350e-01	-2.57936e-01
1.50124e-01	-7.78004e-01	1.97041e+00	6.19589e-01
8.73841e-02	-9.12587e-01	9.83325e-01	5.60753e-01
3.00596e-01	3.40983e-01	8.86119e-01	-8.79350e-01
2.45654e-02	-3.27812e-01	1.76912e+00	5.94415e-01
1.56146e+00	-4.48191e-02	1.20267e-01	-7.40057e-01
3.00233e-01	-3.96613e-01	2.28787e-02	-8.89643e-01
5.58278e-02	-9.23811e-01	1.02677e+00	3.15318e-01
2.42099e-01	-6.43340e-01	5.45571e-01	-3.54809e-01
2.26758e-01	-6.08416e-01	5.66969e-01	-2.56846e-01
1.63660e+00	-9.34510e-01	1.76129e+00	-7.47292e-01
2.02573e-01	7.35713e-01	1.34220e+00	2.07755e-01
7.95404e-03	-9.77283e-01	5.00196e-01	3.34596e-01
1.83563e+00	-8.07658e-01	1.07391e-01	-1.31275e-02
7.47096e-01	-1.70958e-01	8.38236e-01	-3.21607e-01
4.90943e-01	-2.64040e-01	1.65555e-01	-9.10854e-01
1.65882e+00	1.26954e-01	1.56160e+00	-3.92346e-01
8.73743e-01	7.21122e-01	1.23718e+00	5.08852e-01
1.87562e-02	-9.69199e-01	1.89288e+00	-6.59039e-01
6.54188e-02	-6.54240e-01	9.06693e-02	-5.55369e-01
9.58965e-01	-4.64155e-01	8.65076e-01	-4.69654e-01
1.81424e+00	3.71955e-01	3.50975e-01	-8.27661e-01
8.19775e-01	4.47607e-01	3.31783e-01	-7.84534e-01
6.28873e-01	4.20163e-02	1.84649e+00	8.43835e-02
1.50475e+00	1.10367e-01	1.19589e-01	-1.50401e-02
6.15002e-01	-2.01606e-02	1.33921e+00	-9.50559e-02
1.08093e+00	-3.97063e-01	4.15472e-01	-2.75485e-01
5.87880e-01	1.39697e-01	2.82848e-02	8.76279e-01
7.57577e-02	-2.67952e-01	7.96546e-01	-3.07304e-03
7.13815e-01	-3.67005e-01	1.77253e+00	-6.78811e-01
1.58296e-01	2.95454e-01	5.05676e-01	1.58091e-01
3.53773e-01	-3.16392e-01	1.94214e+00	6.96854e-01
9.96046e-02	-5.81893e-01	4.02890e-01	-3.60541e-01
1.20780e+00	7.68979e-01	1.71352e+00	-9.01042e-01
1.35236e-01	-5.72755e-01	1.00524e+00	-8.17125e-01
4.63819e-01	9.64279e-01	2.41561e-01	5.74064e-01
7.28103e-01	9.13753e-01	4.47930e-01	3.71152e-01
1.61258e+00	7.99638e-01	1.27106e+00	3.58228e-01
4.27694e-01	-8.98862e-01	1.53095e+00	-3.78149e-01
1.01246e-01	-7.15112e-01	1.55328e-01	-9.24973e-03
3.67901e-01	4.76368e-01	5.48332e-01	-2.22990e-01
5.05653e-01	-2.32016e-01	6.46572e-01	-5.91191e-01
1.55742e+00	-7.89992e-01	5.04381e-01	1.73026e-01
6.86520e-01	-6.72409e-01	5.31334e-01	5.51104e-01
6.91629e-01	-9.39204e-01	3.53881e-01	-4.66874e-01
1.78219e-01	-4.97858e-01	2.13100e-01	9.16711e-01
2.14491e-02	-9.12575e-01	2.16242e-01	2.32314e-01
7.99763e-01	6.30194e-01	1.29685e+00	7.64752e-01
6.32065e-01	-1.15619e-03	3.65546e-01	9.80192e-01
1.75276e+00	1.46940e-01	1.68200e+00	6.95481e-01
9.18917e-01	1.93806e-01	2.34293e-01	-5.77522e-01
7.35697e-03	7.97167e-02	5.55842e-01	-2.67936e-01
6.43238e-01	9.25362e-01	5.98866e-01	-8.14213e-01
1.26551e-01	-4.74993e-01	6.77554e-01	3.93275e-01
1.93260e+00	-5.54483e-01	4.70223e-01	2.19055e-01
