# No. of particles = 100 
# Proton - Solar wind	Electron - Solar wind	
1.53047e+00	2.36456e-03	4.06609e-01	-6.70940e-01
1.56739e+00	-2.69645e-01	2.54373e-01	-6.67377e-01
3.00983e-01	8.41361e-01	5.33848e-01	2.27718e-01
5.98007e-01	-2.71313e-01	8.04129e-01	8.90980e-01
1.54957e+00	9.50201e-01	9.90402e-01	-2.41897e-01
1.38507e-01	-2.46698e-01	5.91139e-01	-8.73305e-02
8.47448e-02	-9.65936e-01	1.80958e-02	1.77253e-01
2.47875e-01	2.42698e-01	1.22439e+00	-9.89675e-01
7.52511e-01	-8.16537e-01	2.54623e-02	-9.95755e-01
1.14252e+00	-1.27514e-01	6.54476e-01	3.47351e-02
1.84873e-01	-7.51853e-01	3.24609e-01	-9.21084e-01
6.65126e-01	-5.54560e-01	9.75844e-01	-1.53516e-01
1.54416e+00	-5.71990e-01	1.18914e+00	7.35445e-02
1.11254e+00	7.75091e-01	1.55690e-01	-8.28418e-01
2.46686e-01	7.41768e-02	9.37247e-02	-9.38370e-01
9.79459e-01	-5.64738e-01	9.08469e-01	-1.62970e-01
4.44552e-01	6.19996e-01	1.87879e+00	7.87793e-01
2.71893e-01	-7.45075e-01	3.69416e-02	3.71308e-02
1.27236e-01	-3.07568e-01	4.03254e-02	-6.33660e-01
6.99338e-01	-4.50378e-01	9.76264e-01	9.53693e-01
7.64242e-01	4.60532e-01	7.44751e-01	-6.57823e-01
1.05561e+00	3.56929e-01	6.52427e-01	-2.15230e-01
2.21832e-01	-3.97505e-01	8.09118e-01	-2.43662e-01
4.97571e-01	3.43270e-01	2.00994e-01	4.93774e-01
3.96101e-02	-8.76030e-01	1.91562e+00	-2.69785e-01
4.72743e-01	-8.21762e-01	2.04851e-02	-9.97158e-01
1.04406e+00	-3.43041e-01	6.34150e-01	6.65819e-01
4.60917e-01	-6.12723e-01	4.82406e-02	7.48173e-01
5.48854e-01	4.53284e-01	2.36412e-01	-6.04794e-01
1.39465e+00	8.62375e-01	3.91301e-01	5.09170e-01
1.02079e+00	-1.34180e-01	1.08811e+00	-8.01956e-01
2.93036e-01	-8.03891e-01	9.66592e-01	-7.49395e-01
3.47811e-01	-1.61664e-02	1.13552e+00	1.80206e-01
1.51922e-01	-8.35455e-01	7.15414e-01	-6.99825e-01
1.01683e+00	5.50816e-02	1.37451e+00	-5.75317e-01
6.36139e-01	5.81694e-01	9.08250e-01	5.92110e-01
2.18358e-02	-1.92840e-01	1.14870e+00	-8.49726e-01
1.02062e+00	-4.59341e-01	8.90203e-01	5.17375e-01
1.67162e+00	-2.39236e-01	1.09894e+00	-4.62949e-01
6.61529e-01	1.79145e-01	9.16838e-01	-4.11553e-01
3.47681e-02	-3.38289e-01	2.10994e-01	-3.68096e-01
6.77417e-01	-5.92066e-01	7.89117e-01	-9.79280e-02
2.48048e-01	-4.20706e-01	2.26816e-01	1.70687e-01
6.63765e-01	-2.32312e-02	1.53440e+00	-1.66010e-01
4.52403e-01	-5.63569e-01	4.92703e-01	3.25439e-01
1.56268e-01	-6.49598e-01	2.48968e-01	8.99716e-02
1.06249e-02	-9.48359e-01	5.44695e-01	-8.78064e-01
1.55922e+00	-1.67372e-01	9.23904e-01	2.12887e-01
6.92495e-01	-1.12750e-01	2.52491e-01	1.69166e-01
1.37663e+00	-2.61505e-01	1.41973e+00	7.16590e-01
2.01119e-01	-9.33862e-01	1.06911e+00	6.21899e-01
1.23724e+00	-9.39385e-01	1.32250e+00	6.37742e-01
4.39176e-01	-4.27247e-01	1.06634e-01	1.03210e-01
3.81996e-01	-9.40269e-02	1.28222e+00	-1.63039e-01
3.77357e-01	-3.44851e-01	1.22384e+00	5.27397e-01
8.68440e-01	1.36073e-01	5.74076e-01	-4.75876e-01
4.15037e-01	-7.19583e-01	1.54094e-01	5.11260e-01
6.59064e-02	-9.71140e-01	1.13017e+00	-2.51425e-01
2.67993e-01	-9.47929e-01	4.02573e-01	7.87007e-01
1.78854e+00	7.34134e-01	3.14296e-01	6.31046e-03
1.16439e-01	-5.87392e-01	1.62073e+00	9.25236e-02
1.63490e+00	8.93547e-01	2.27125e-01	9.64652e-01
1.53650e+00	4.35879e-01	1.56104e+00	7.99916e-01
1.54079e-02	-9.86558e-01	3.37648e-01	-6.18486e-01
1.63998e+00	2.04820e-01	1.11239e+00	5.93914e-02
4.06887e-02	-8.43338e-01	4.53519e-02	-9.04100e-01
1.71476e+00	-4.74434e-01	1.21634e+00	-7.20480e-01
7.64785e-01	-7.00569e-01	1.33014e-01	-9.15312e-01
1.57786e+00	-3.84989e-03	9.22961e-01	4.36743e-01
6.13406e-01	-8.05415e-01	6.49714e-02	7.93029e-01
3.34865e-01	-3.91141e-01	1.37413e+00	-3.48894e-01
1.12174e+00	-8.79993e-01	1.02488e-01	1.03115e-01
2.42879e-01	-2.54804e-01	4.01466e-01	-8.65751e-01
9.27131e-01	8.91963e-01	7.38814e-01	3.28552e-01
9.09468e-02	-9.78344e-01	3.43812e-01	9.72769e-01
5.30570e-01	3.56893e-01	8.35969e-01	-6.22438e-02
1.09599e-01	1.85110e-01	1.10096e+00	3.32536e-01
1.69341e+00	7.66044e-01	4.46122e-01	-7.59569e-01
2.51370e-01	1.57463e-01	1.51313e+00	9.84216e-01
2.41019e-01	-7.47692e-01	1.76110e+00	6.55480e-02
1.06819e+00	6.63245e-01	1.64243e-01	-9.00169e-01
1.04093e+00	-8.86700e-01	1.64293e+00	8.83620e-01
1.44096e-02	-9.82550e-01	5.55781e-01	-8.82850e-01
1.27610e+00	5.08108e-01	1.34469e+00	-5.52731e-02
6.55349e-01	-1.95900e-01	1.74898e+00	9.11870e-01
6.85315e-01	6.48388e-01	8.09967e-01	5.07752e-01
4.11859e-03	-9.57571e-01	9.15880e-01	6.90760e-01
7.49728e-02	-7.76011e-01	4.60712e-01	-2.39393e-01
4.86538e-01	-3.95815e-01	1.53326e+00	-2.84299e-01
1.45452e+00	8.38330e-01	1.90110e+00	-2.35894e-01
4.16135e-01	-3.51788e-01	9.68278e-01	8.35617e-01
1.23039e-01	-7.17528e-01	1.85725e+00	-6.31857e-01
7.23277e-01	-5.06757e-01	4.12945e-01	-8.22907e-01
4.09432e-02	-9.60381e-01	8.15493e-01	6.41763e-01
8.05769e-01	2.60938e-02	1.61156e+00	3.22905e-01
2.24935e-01	-6.72462e-01	1.03210e+00	1.77504e-01
1.15660e+00	-2.43387e-01	1.38618e-01	8.77924e-01
7.64798e-01	-3.80254e-01	4.08661e-01	6.52223e-01
9.13944e-01	3.06678e-01	6.08041e-01	-7.36845e-01
6.69545e-01	-9.08956e-01	1.10653e+00	1.04311e-01
