# No. of particles = 100 
# Proton - Solar wind	Electron - Solar wind	
5.33161e-01	-2.26134e+00	1.20673e+00	-1.72220e+00
5.08588e-01	-2.31901e+00	2.33110e+00	-3.53902e-01
8.10788e-01	-2.32115e+00	1.56685e+00	2.92835e-01
1.25790e+00	-2.41377e+00	1.63935e+00	-1.39297e+00
5.54676e-01	-2.20796e+00	5.52587e-01	-2.22441e+00
1.71564e+00	-2.23201e+00	2.67827e-01	-2.29819e+00
1.95458e+00	-2.37298e+00	1.76695e+00	1.69893e-01
3.49062e-01	-2.25118e+00	2.35545e-01	-1.50891e+00
2.00791e+00	-2.41864e+00	3.84394e-01	-2.15259e+00
3.09919e-01	-2.20278e+00	2.38568e-01	8.71560e-01
1.10655e+00	-2.25266e+00	5.49127e-01	-1.39405e+00
3.99754e-01	-2.25666e+00	9.65088e-02	-1.54399e+00
1.16134e+00	-2.33885e+00	1.94640e+00	1.96082e+00
2.46788e+00	-1.36076e+00	2.07925e+00	4.84224e-01
5.16538e-01	-2.27935e+00	9.22099e-01	-1.50372e+00
5.32399e-01	-2.40511e+00	1.68312e+00	-1.94069e+00
1.57719e-01	-2.39483e+00	7.48409e-01	-8.36489e-01
1.61020e+00	-2.11872e+00	1.37632e+00	-1.83811e+00
4.04380e-01	2.72298e-01	1.06793e+00	-2.49037e+00
6.16369e-01	4.79914e-01	1.57461e+00	9.76271e-01
7.10821e-01	-2.37351e+00	2.93371e-01	6.02986e-01
2.35845e+00	-2.45940e+00	2.17566e+00	-1.48531e+00
1.60167e+00	-2.02776e+00	9.18972e-01	-1.45330e+00
1.12157e+00	-2.75014e-02	2.22102e+00	-1.03787e+00
1.47372e+00	-2.38224e+00	7.12934e-01	-1.55132e+00
2.01788e-01	-2.38300e+00	1.01528e+00	-1.11853e+00
1.25602e+00	-1.69916e+00	8.97273e-01	-1.19855e+00
3.39875e-01	-2.45865e+00	4.53442e-01	-2.10756e+00
1.26407e+00	-2.19573e+00	1.24467e+00	-1.10484e+00
1.00954e+00	-2.32959e+00	2.92877e-01	-4.04018e-01
6.25974e-01	-2.49234e+00	4.20583e-01	-2.31780e+00
1.52284e+00	-1.66023e+00	1.14155e+00	1.02302e+00
1.82272e+00	-1.49789e+00	3.39800e-01	-2.22784e+00
2.25804e+00	-2.45171e+00	1.41490e+00	2.10531e-01
8.09895e-01	-2.10244e+00	2.34334e+00	-1.75643e+00
1.01856e+00	-2.02310e+00	3.94403e-01	-2.08870e+00
9.17931e-02	-2.40119e+00	1.03345e+00	-2.01697e+00
1.55045e-01	-2.40251e+00	7.58241e-01	-1.27600e-01
1.90549e+00	-1.80533e+00	5.19710e-01	-1.43281e+00
6.48256e-01	-2.36620e+00	1.84003e+00	2.42314e-02
6.18982e-03	-2.25805e+00	1.87385e+00	-1.89019e+00
2.16785e+00	-2.47706e+00	1.02154e+00	-3.81560e-01
5.20322e-01	-2.36299e+00	1.07062e+00	-1.43296e+00
2.27616e+00	-1.40940e+00	4.22987e-01	-1.06785e+00
5.78612e-01	-2.23872e+00	1.47237e+00	1.39163e+00
8.82269e-01	-1.63378e+00	1.27229e+00	-1.99339e+00
4.66533e-01	-2.47255e+00	1.07303e+00	-2.62061e-01
9.59338e-01	-2.38653e+00	9.41710e-02	-2.34687e+00
1.88046e+00	-2.48264e+00	9.44985e-02	1.75025e-01
2.02693e+00	-1.34844e+00	2.04939e+00	-5.41754e-01
1.47533e-01	4.72206e-04	1.59266e+00	-1.06634e+00
9.84247e-01	-2.32245e+00	1.00081e+00	-7.89803e-01
9.42492e-01	4.13606e-01	1.58344e+00	1.15908e+00
1.23742e-01	-2.36004e+00	1.62486e+00	-1.50678e+00
2.16556e+00	-2.15741e+00	1.39736e+00	1.55579e+00
2.48560e+00	-1.12639e+00	3.59385e-01	-2.16986e+00
7.78463e-01	-2.38794e+00	1.88221e+00	1.70454e+00
2.97618e-01	-3.64323e-01	1.39650e+00	-8.82827e-01
2.48947e+00	-2.40505e+00	1.90718e+00	7.31038e-01
2.11146e+00	-2.10792e+00	1.61577e+00	2.44268e-01
1.20894e+00	2.11585e+00	4.15446e-02	-2.46589e+00
1.93862e+00	-1.43758e+00	1.22023e+00	-4.74369e-01
2.28408e+00	-2.46016e-01	1.57492e-01	-2.31741e+00
2.15947e+00	9.75280e-01	2.40985e+00	5.42294e-01
1.85494e-01	-1.12505e+00	5.82365e-01	-2.22288e+00
7.62842e-01	-2.83474e-01	1.66290e-01	-1.46694e+00
2.33568e+00	-1.15337e+00	1.80784e-01	-7.05888e-01
2.34080e+00	-8.05286e-01	8.75613e-02	-2.40421e+00
3.10223e-01	-2.23007e+00	1.87917e+00	-7.11946e-01
1.08553e+00	-2.00271e-02	8.59804e-01	8.66094e-01
1.02140e+00	-2.06834e+00	3.90594e-01	-2.22673e+00
2.30622e+00	-2.00894e+00	7.57401e-01	1.15710e-01
8.37140e-01	-2.35137e+00	2.23257e+00	2.22825e-01
1.28170e-02	-1.45019e-01	1.92973e+00	-1.43474e+00
1.80784e+00	-2.22180e+00	1.21572e-02	-2.49446e+00
7.46396e-01	-5.46858e-01	2.15281e+00	1.66813e+00
2.38679e+00	-2.36494e+00	6.87119e-02	-2.42804e+00
1.15802e+00	-1.19828e-01	5.16134e-01	-5.73892e-01
7.01796e-01	6.46400e-01	2.11622e+00	-5.16039e-01
9.20170e-01	1.43291e+00	2.81217e-01	4.95311e-01
1.76975e+00	-1.82936e+00	1.01050e+00	-1.08115e+00
2.98826e-01	6.00993e-01	1.90147e+00	-2.37647e+00
1.88833e+00	3.43757e-01	3.74398e-02	-1.00535e+00
1.23378e+00	5.78040e-01	1.90469e+00	1.78856e+00
7.50765e-01	-2.31747e+00	5.93131e-01	5.04703e-01
1.53156e+00	-2.36666e+00	2.22378e+00	-1.73476e-01
4.61976e-01	2.05921e-01	2.49773e+00	-4.77183e-01
1.90631e+00	5.35110e-01	1.50804e-01	-2.30339e+00
1.35432e+00	-2.24312e+00	7.11417e-01	1.04809e+00
8.29746e-01	-2.47564e+00	4.33749e-01	-3.72935e-02
1.65105e+00	-2.44704e-01	2.16516e+00	-6.26349e-01
9.47159e-01	-2.29886e+00	1.90905e+00	-9.77926e-01
1.71178e+00	-2.21089e+00	2.20721e+00	-1.32410e+00
8.09219e-01	-5.41890e-01	2.35428e+00	-3.23929e-01
1.86031e+00	5.06304e-01	1.84918e+00	-2.32283e+00
6.14892e-01	3.91220e-01	6.84901e-02	-2.37763e+00
2.25716e+00	2.00576e-01	1.76324e+00	-7.38496e-01
1.16494e+00	-2.27458e+00	1.77193e+00	-9.34508e-01
2.46840e+00	6.42967e-01	2.21180e-01	1.97714e-01
8.24074e-01	3.43562e-01	9.90013e-02	-2.05302e+00
