# No. of particles = 100 
# Proton - Solar wind	Electron - Solar wind	
1.29444e+00	-4.79736e+00	2.05512e+00	-2.54064e+00
4.71054e+00	4.94004e+00	3.56386e+00	4.03868e+00
4.02397e-02	-1.35144e+00	2.42277e+00	2.57581e+00
7.81518e+00	6.39115e-01	2.80460e-01	2.45954e+00
9.91019e+00	4.33693e+00	8.31041e+00	3.93129e+00
8.15122e+00	4.79629e-01	9.44873e+00	3.68147e+00
9.65202e+00	1.54830e+00	1.97314e-02	8.61716e-01
7.43028e+00	3.20093e+00	8.95649e+00	-3.31996e-01
9.79471e+00	4.14966e+00	8.96365e+00	-2.60969e+00
8.72895e+00	-3.16029e+00	2.48141e-01	-4.39648e+00
7.93341e+00	-3.27197e+00	9.83487e+00	4.77194e-01
9.50005e+00	-4.89630e-01	2.14351e+00	4.05584e+00
8.93034e+00	1.40474e+00	7.39863e+00	4.23489e+00
6.01010e+00	-2.02248e+00	2.15715e+00	1.09760e+00
4.77637e+00	5.74142e-01	3.40934e+00	7.30212e-01
8.80451e+00	-1.19685e-01	8.43032e+00	-6.55537e-01
6.44739e+00	3.74338e+00	2.78343e+00	-3.04003e-01
9.46782e+00	4.80066e-01	7.31573e+00	3.29216e+00
5.26536e+00	-2.52432e-01	2.57956e+00	-1.67261e+00
8.35787e+00	-5.95044e-01	4.45583e+00	-2.00175e+00
6.98472e+00	-2.19625e+00	2.41498e+00	7.16861e-01
7.99407e+00	-1.66050e+00	9.67348e+00	-4.23561e+00
7.67307e+00	-1.59799e+00	7.76967e+00	2.99017e+00
8.75421e+00	2.22385e+00	9.43596e+00	-2.46486e+00
8.94552e+00	4.03030e+00	1.23426e+00	1.10206e+00
9.58775e+00	4.75931e+00	7.40224e+00	-2.00990e-01
7.87440e+00	-3.01565e+00	2.28592e+00	-2.22527e+00
9.80608e+00	4.91250e+00	8.35846e+00	-2.20301e+00
4.72980e+00	3.22002e-01	9.27746e+00	-3.51177e+00
8.48962e+00	-3.98834e+00	8.82931e+00	-2.07164e+00
8.77478e+00	-6.90035e-01	8.41375e+00	8.75442e-01
8.17630e+00	3.31877e+00	8.05931e+00	2.70258e+00
7.95642e+00	1.60416e+00	3.23450e+00	-3.28372e+00
9.48586e+00	4.08591e+00	1.20053e+00	-2.46061e+00
9.61233e+00	-2.72575e-01	3.66755e+00	-1.76048e+00
9.20601e+00	6.12313e-01	5.23849e+00	3.89454e+00
9.77277e+00	-1.65860e+00	8.24634e+00	-1.19792e+00
6.53199e+00	8.34643e-01	7.01354e+00	2.49015e+00
8.56435e+00	2.45063e+00	1.24195e+00	2.32759e+00
6.08070e+00	-8.39923e-01	5.51650e+00	-6.97844e-01
9.50586e+00	-9.37592e-01	9.50661e+00	9.04958e-01
9.73200e+00	1.99304e+00	3.57750e+00	1.23805e+00
4.63811e+00	1.00102e+00	4.16882e+00	-1.41956e+00
9.25987e+00	-4.14522e+00	4.11829e+00	-1.12120e+00
9.19068e+00	3.72925e+00	2.63304e+00	-4.02087e+00
8.42409e+00	1.05256e+00	9.47094e+00	5.27513e-01
9.65375e+00	2.22715e+00	1.56676e+00	-2.35778e+00
9.17105e+00	-4.24650e+00	7.77229e-01	-2.59177e+00
9.21049e+00	-1.38080e+00	8.11173e+00	-3.23370e+00
7.11234e+00	-2.50010e+00	5.76825e+00	2.38389e+00
7.80630e+00	-5.87176e-01	7.02518e+00	3.93683e+00
9.20009e+00	-2.18306e-01	3.60938e+00	-5.26158e-01
8.30894e+00	1.82730e-01	8.58827e+00	4.05205e+00
9.73401e+00	-1.78451e+00	2.97073e+00	-3.94574e+00
8.43274e+00	-8.04530e-01	9.88575e+00	-1.35337e+00
9.28836e+00	4.72032e+00	5.18424e+00	-9.38165e-01
9.52214e+00	2.96310e+00	7.14620e+00	-2.78888e+00
9.17004e+00	3.11200e+00	2.58080e+00	-1.00402e+00
7.99303e+00	4.61681e-01	5.43617e+00	3.05670e+00
7.69872e+00	-2.47000e+00	4.82981e+00	3.55488e+00
8.98627e+00	3.23361e+00	8.21240e+00	-1.13811e+00
9.47252e+00	-3.72835e-01	8.59906e+00	2.49636e+00
7.53073e+00	2.57060e+00	5.86826e+00	5.57347e-01
9.59030e+00	-3.60573e+00	8.75967e+00	-1.55400e+00
8.75258e+00	5.64729e-01	3.60212e+00	-3.51333e+00
9.81339e+00	-2.20867e+00	9.18778e+00	-2.16219e+00
7.36492e+00	1.67765e+00	7.48375e+00	-1.89542e+00
7.71449e+00	-1.91067e-01	5.29731e+00	-2.53926e+00
8.16062e+00	1.32614e+00	8.59790e+00	3.01942e+00
5.42480e+00	5.20014e-01	5.61845e+00	2.26626e+00
8.44600e+00	5.15918e-02	5.84960e+00	3.68302e+00
9.64394e+00	-2.35305e+00	6.38679e+00	1.53743e+00
9.94451e+00	8.35063e-03	9.87076e+00	1.11356e+00
8.09571e+00	1.12928e+00	8.77922e+00	-1.78042e+00
9.89178e+00	-2.78690e-01	4.99819e+00	-2.77121e+00
9.61420e+00	-2.38886e+00	2.26206e-01	-1.89824e+00
6.47879e+00	3.83153e+00	9.71816e+00	7.64689e-01
9.30515e+00	-2.51318e-01	7.21194e-01	1.96781e+00
7.75336e+00	5.94780e-01	6.12977e+00	-4.72673e+00
6.35511e+00	1.14749e+00	9.12926e+00	1.54049e-02
7.73992e+00	-3.49827e+00	8.14155e+00	-3.66270e+00
9.22542e+00	2.71761e+00	7.05996e-01	-1.79503e+00
9.01484e+00	1.84195e+00	5.50252e-01	-4.04021e+00
9.76791e+00	-1.76329e+00	9.45587e+00	3.71485e+00
9.15104e+00	-3.17540e+00	8.07814e+00	1.04773e+00
6.95548e+00	2.61608e+00	4.21438e+00	-2.27918e+00
8.77569e+00	-1.96212e-01	9.93097e+00	-7.44185e-01
7.45726e+00	3.42210e+00	6.41979e+00	1.63041e+00
8.19910e+00	-4.11500e+00	5.99655e+00	1.96709e+00
7.86471e+00	4.52400e-01	9.83736e+00	3.34489e+00
9.93862e+00	-1.74324e+00	9.00827e+00	2.55401e+00
8.80564e+00	-1.67960e+00	4.96089e+00	-4.08129e-01
6.33591e+00	-1.88422e+00	8.21297e+00	3.12826e-01
8.72530e+00	-3.02720e+00	5.31923e+00	1.03839e+00
8.70069e+00	-2.41434e+00	4.35206e+00	2.65509e+00
6.02746e+00	5.12238e-01	2.01569e+00	-3.05042e+00
7.30701e+00	1.08958e+00	8.70879e+00	-2.65959e+00
9.20061e+00	3.94452e+00	9.36588e+00	-2.43684e+00
9.79961e+00	-4.89193e+00	7.94275e+00	1.22970e+00
5.19086e+00	-2.04186e+00	7.27394e+00	-4.90039e+00
