# No. of particles = 100 
# Proton - Solar wind	Electron - Solar wind	
8.68887e-01	-2.41645e+00	7.23995e-01	-1.90008e+00
1.01611e+00	-2.10933e+00	1.60403e+00	-1.47726e+00
1.40821e+00	-2.30306e+00	1.29535e+00	-2.17171e+00
2.24535e+00	-2.29211e+00	4.33554e-01	-1.89416e+00
1.68888e+00	-2.22720e+00	1.74883e+00	-6.80200e-01
1.29321e+00	3.02793e-01	2.11696e+00	1.08712e+00
2.06614e+00	-1.99876e+00	2.04465e+00	1.81585e+00
9.18754e-01	-2.46703e+00	1.01751e-01	-2.05599e+00
1.29092e+00	-2.45157e+00	1.85937e+00	-2.39819e+00
2.49997e+00	-2.04638e+00	1.92148e+00	1.71768e+00
1.74882e+00	-2.05646e+00	1.82230e+00	-6.03274e-01
5.99507e-01	-2.13770e+00	6.01263e-01	-2.19493e+00
1.81048e+00	-2.13136e+00	2.76555e-01	1.27166e+00
8.52035e-01	-2.31865e+00	2.06599e+00	-1.93734e+00
1.75137e+00	-2.05482e+00	2.46959e+00	-4.14007e-01
1.76221e+00	-1.90576e+00	2.99998e-01	-1.20794e+00
2.45080e+00	-1.75549e+00	1.09258e+00	-1.46731e+00
3.80062e-01	-2.31440e+00	4.18160e-01	-7.64617e-01
2.39871e-01	-2.40683e+00	1.39596e+00	-1.99925e+00
2.11944e+00	-2.44955e+00	5.70087e-01	-1.39610e+00
2.20231e+00	-1.92745e+00	3.58680e-01	-1.26926e+00
6.50713e-01	-2.48814e+00	1.42451e+00	-1.55703e-01
1.37211e-01	-2.35817e+00	1.90300e+00	2.33613e-02
1.43962e+00	-2.30375e+00	8.75704e-01	-2.24541e+00
1.70148e+00	-1.07427e+00	7.01572e-01	4.51328e-01
2.14556e+00	-1.23764e+00	2.35783e+00	-2.10014e+00
1.84286e+00	-4.26417e-01	4.77624e-01	-2.18157e+00
2.20104e+00	-1.53103e+00	1.29378e+00	-2.16919e+00
2.01246e+00	-2.45508e+00	5.14424e-01	-1.74517e+00
4.79413e-01	-2.30304e+00	4.28817e-01	2.09228e+00
2.21793e-01	-2.40403e+00	1.38442e+00	-2.31412e+00
1.42229e+00	-2.39173e+00	3.58931e-01	-2.41427e+00
1.81474e-01	-2.34701e+00	2.18953e+00	1.49963e-01
1.28086e-01	-5.65689e-01	1.35327e+00	-2.22874e+00
2.31131e+00	-4.67632e-01	1.40997e+00	7.31548e-01
6.97975e-02	-2.33256e+00	2.33511e+00	1.60101e-01
8.31619e-01	-4.64216e-01	1.70391e+00	-1.79360e+00
1.35707e+00	-2.23493e+00	5.77114e-02	-2.35580e+00
8.77303e-01	-2.36574e+00	1.93025e+00	-7.32209e-01
1.96097e+00	-2.30442e+00	1.17628e+00	-2.48160e+00
4.47112e-02	-2.32010e+00	1.85863e+00	1.73229e+00
8.47439e-01	-2.41816e+00	7.02747e-01	-2.19229e+00
1.93076e+00	-1.93941e+00	8.56491e-01	1.68610e+00
3.08018e-01	-2.19135e+00	1.53385e+00	4.83251e-01
1.46937e+00	5.57741e-01	1.37150e+00	-1.26752e+00
1.17654e+00	-2.09992e+00	1.26916e+00	8.27693e-01
2.18320e+00	-2.37125e+00	1.67320e-01	-2.48694e+00
9.16917e-01	-5.84642e-01	2.33470e+00	2.62937e-01
1.61825e+00	-2.38408e+00	6.35576e-01	-2.39474e+00
2.03626e+00	-2.16418e+00	4.07355e-01	-8.79960e-01
1.08030e+00	-2.36202e+00	2.76144e-01	2.00273e+00
4.35296e-01	-2.18278e-02	7.57521e-01	9.96336e-01
1.93009e+00	-2.14254e+00	5.15104e-01	7.91760e-01
4.68431e-01	-2.94869e-01	2.35994e-01	-2.31241e+00
5.72176e-01	-2.23407e+00	3.82619e-01	-1.81157e+00
5.69159e-02	-2.42042e+00	3.66760e-01	-6.48714e-01
7.72584e-01	3.84054e-01	1.45600e+00	7.58550e-01
1.98813e+00	-2.28451e+00	4.82239e-01	-3.74248e-02
1.28225e-01	-2.41869e+00	7.94325e-02	-1.54261e+00
1.78703e+00	-2.37611e+00	2.46685e+00	-1.96682e+00
8.22639e-02	-2.46301e+00	1.09719e-02	-2.28115e+00
1.88800e+00	-9.29174e-01	2.10707e+00	-2.30936e+00
1.39031e+00	-2.09271e+00	8.65660e-01	-1.80954e+00
1.72416e+00	-5.53055e-01	4.09105e-01	6.14957e-01
2.10503e+00	1.12304e+00	3.71904e-01	-2.24474e+00
2.24030e+00	-2.14207e+00	2.39286e+00	-3.19200e-01
1.80060e-01	-2.28859e+00	7.21174e-01	1.38430e+00
2.07210e+00	2.90188e-01	5.76829e-01	-7.22889e-01
1.79189e+00	1.69650e-01	2.20168e+00	9.57353e-01
3.45424e-01	5.41438e-01	1.29159e-01	1.17881e+00
2.19693e+00	-1.02400e+00	2.10904e-01	-2.17272e+00
4.09685e-01	-1.74637e-01	2.23729e+00	-7.91552e-01
1.17655e+00	-2.21566e+00	7.83533e-01	-2.38305e-01
1.19300e+00	-7.39291e-02	2.11324e-01	-1.23621e+00
9.18466e-01	1.55035e+00	5.61435e-01	1.32987e-01
1.87250e+00	1.18600e-01	4.35842e-02	1.95498e-01
4.79431e-02	-2.24272e+00	1.90267e-01	-2.41906e+00
1.72349e+00	-2.44398e+00	1.59266e+00	1.29072e+00
1.24580e+00	-1.55255e+00	5.00037e-01	-1.54081e+00
2.44769e-01	-2.27126e+00	9.22969e-02	-2.23694e+00
2.29421e+00	6.08534e-01	1.79980e+00	-1.40514e+00
2.90671e-01	-2.30652e+00	2.43299e-01	1.82673e+00
9.97273e-01	-2.41944e+00	2.08622e+00	5.48411e-02
8.37622e-02	-2.38074e+00	3.21967e-01	-1.72562e+00
5.19004e-01	-2.30858e+00	1.51457e+00	-1.92136e+00
9.31681e-01	-2.44920e+00	1.95310e+00	2.34876e+00
3.19671e-02	-2.39063e+00	2.36421e+00	-2.06447e-01
1.77995e+00	-2.09825e+00	1.89091e+00	-1.23837e+00
1.32817e+00	-2.48823e+00	5.36539e-01	-6.80385e-01
1.61511e+00	-5.87653e-01	1.36213e+00	-2.32855e+00
2.14623e+00	-6.70454e-01	1.74901e+00	-3.31657e-02
2.04620e+00	4.81085e-01	1.47577e-01	1.14838e+00
6.06266e-01	-2.36272e+00	1.89104e+00	-7.12065e-01
1.82492e+00	-1.30546e+00	1.37355e+00	-1.67418e+00
5.60550e-01	-2.48768e+00	1.07088e+00	-6.28532e-01
1.96534e+00	2.37021e-01	2.26442e+00	-1.22388e+00
2.38122e-01	7.22826e-01	1.68755e+00	-1.71622e+00
7.15768e-01	-2.40101e+00	7.99865e-01	-1.24734e-01
6.36587e-01	-2.26178e+00	1.12905e+00	2.27284e+00
2.34306e-01	8.63502e-02	2.13070e+00	1.97162e+00
