# No. of particles = 100 
# Proton - Solar wind	Electron - Solar wind	
2.27303e-02	-9.75065e-01	1.82679e+00	3.50854e-01
5.42148e-01	-4.00839e-01	6.33447e-01	-7.88876e-01
2.58420e-01	-7.60009e-01	1.13025e-01	-8.85318e-01
1.24505e+00	-2.32847e-01	1.88681e+00	-8.97505e-01
8.38398e-01	-5.30083e-01	2.50809e-01	-4.99188e-01
3.23506e-01	-1.07388e-01	6.48781e-02	6.56441e-02
3.48819e-01	-9.30124e-01	5.70481e-01	8.21918e-01
1.80862e-01	-7.05298e-01	5.77657e-01	-7.76428e-01
4.28857e-01	-9.58109e-01	7.07865e-01	-3.60434e-01
3.98217e-01	-8.11185e-01	9.54324e-01	2.63506e-02
2.89908e-01	-7.02303e-01	9.94620e-01	-2.79265e-01
1.39199e+00	8.39834e-01	1.84776e-01	-4.55879e-01
1.94881e+00	2.19232e-01	1.83061e+00	9.93477e-01
6.14053e-01	-2.15319e-01	1.47090e+00	6.13871e-01
1.60158e+00	-7.85350e-01	9.15477e-01	-2.55631e-01
4.65751e-01	-5.53902e-01	1.55708e+00	-6.00831e-01
1.44218e+00	-4.23732e-01	7.43483e-02	-8.79673e-01
1.76245e-01	5.51980e-02	3.14938e-01	-5.41574e-01
1.18988e+00	-6.20320e-01	5.61176e-01	3.85519e-01
3.15069e-01	-6.17556e-01	1.66753e-01	-8.42621e-01
1.54545e+00	-2.88861e-01	2.90038e-02	-7.09135e-01
2.62486e-01	-3.83881e-01	1.30385e+00	-7.74595e-02
5.89824e-01	-8.38185e-01	9.29211e-01	-3.23834e-01
4.36894e-01	-5.37347e-01	9.01350e-04	-9.02990e-01
1.69750e+00	-3.80833e-01	1.22924e+00	-3.25846e-01
1.07277e+00	8.47733e-02	1.76508e-03	-9.50022e-01
7.91536e-01	6.96877e-01	9.70010e-01	-4.17168e-01
4.12883e-01	3.76221e-01	5.12805e-01	-8.40074e-01
8.68094e-01	-8.60144e-01	1.76727e-01	-8.19891e-01
4.62373e-01	-1.12271e-01	1.20818e+00	-4.92039e-01
4.06025e-01	-4.84775e-01	1.60647e-01	-4.36105e-01
3.00903e-02	-9.43821e-01	5.81737e-02	-3.40116e-01
1.25857e-01	-6.75267e-01	2.04179e-01	-8.41830e-01
2.74675e-02	-9.78627e-01	1.23610e+00	7.54264e-01
5.39953e-01	2.27157e-01	4.56994e-01	-3.14497e-01
9.73522e-01	-8.28556e-01	6.16630e-01	6.62364e-02
6.69851e-01	8.96082e-01	1.81129e-01	-5.47973e-01
1.65185e+00	-6.88302e-01	1.45987e+00	2.69790e-01
1.70250e+00	-7.57559e-01	1.35184e-01	4.89777e-02
6.16754e-02	-8.99594e-01	9.62541e-01	2.21681e-01
3.23075e-01	-6.93042e-01	1.31642e+00	-8.62033e-01
1.14797e+00	8.94829e-01	1.45883e+00	4.75008e-01
6.77851e-01	1.11133e-01	1.77840e+00	-3.10341e-01
6.16595e-01	-2.26267e-01	1.63673e+00	-7.00755e-01
8.29359e-02	-8.19754e-01	1.83035e+00	-5.57876e-01
2.68699e-02	-9.56359e-01	1.92650e+00	-8.26107e-02
2.81474e-01	-5.45009e-01	1.78778e+00	-4.21086e-02
1.47287e-01	-8.63455e-01	9.77832e-01	3.27455e-02
3.26557e-01	5.76246e-01	2.71034e-01	7.31969e-02
1.96230e+00	-1.36321e-01	2.43981e-01	-6.49348e-01
1.84046e+00	6.58366e-02	2.60443e-01	-2.31923e-01
5.34424e-01	2.16700e-01	1.76877e+00	-9.30219e-01
1.30400e-01	-6.61047e-01	1.23412e+00	1.98806e-01
3.20608e-01	-5.05608e-01	1.09877e+00	-3.55591e-01
4.44278e-01	-8.49417e-02	8.12878e-02	-3.65435e-01
5.71381e-02	-9.85575e-01	5.17567e-01	3.65163e-02
2.21758e-02	-9.65803e-01	1.15753e-01	-1.94566e-01
1.18606e+00	-6.53514e-01	1.31958e+00	1.09449e-01
5.06447e-01	-4.78792e-01	1.55382e-02	-9.05470e-01
7.94714e-01	-7.45499e-02	2.12137e-01	2.21752e-01
7.53361e-01	-4.60535e-01	7.49442e-01	-8.07473e-01
4.66920e-01	-7.75928e-01	5.31314e-01	-3.70156e-01
5.46919e-02	-9.99870e-01	2.97894e-01	-3.91529e-01
5.71634e-02	-5.29031e-01	2.14075e-01	5.07982e-01
9.12949e-02	-4.08543e-01	1.87295e+00	3.54809e-01
1.04195e+00	-4.86842e-01	1.72775e+00	1.79435e-01
8.33610e-02	-8.74102e-01	1.44669e-01	-6.41649e-01
9.59879e-01	8.66516e-01	4.88148e-01	2.57703e-01
8.42760e-01	5.01437e-01	7.74643e-01	1.53042e-01
3.51401e-02	-9.10628e-01	4.71874e-01	-3.16737e-01
4.07251e-02	-9.69355e-01	7.61241e-01	8.16981e-03
1.25922e-01	-9.78504e-01	6.46237e-01	5.60574e-01
5.95968e-01	3.31942e-01	1.24178e+00	1.32786e-01
6.99280e-02	8.59809e-01	1.36696e+00	2.12503e-01
6.98524e-01	-3.91959e-01	3.58874e-02	-9.63824e-01
1.68760e-01	3.33136e-01	2.69731e-01	-8.55619e-01
4.30019e-01	-1.32751e-01	1.59730e-01	-6.94694e-01
1.01414e-01	-2.25471e-01	1.04808e+00	8.20045e-01
9.59982e-02	-9.23214e-01	1.03618e-01	8.03145e-01
1.33010e-01	-4.51009e-01	1.23515e+00	-4.68754e-01
1.20285e-01	-8.06120e-01	4.86590e-01	-1.74691e-01
2.24268e-01	-8.97662e-01	1.59936e+00	-9.19863e-01
1.72769e+00	9.40801e-01	1.02295e+00	3.87879e-01
5.68367e-01	-8.80940e-01	1.79123e+00	6.84833e-02
4.61131e-01	2.32782e-01	1.20423e+00	2.08750e-01
3.69369e-01	5.68807e-01	7.47107e-01	2.46552e-01
4.84561e-01	-2.08205e-01	1.14332e+00	1.84530e-01
6.56190e-02	-9.83385e-01	1.77377e+00	7.50730e-01
1.31927e+00	-4.08439e-01	5.89142e-01	3.26762e-01
8.58357e-01	-9.50199e-01	6.58923e-02	-9.10453e-01
1.72744e-01	-4.68364e-01	1.94618e+00	6.66997e-01
6.11412e-01	-6.94500e-01	9.04916e-01	9.75697e-02
8.25431e-01	7.66434e-01	9.32277e-02	-4.63904e-02
6.05192e-01	1.30193e-01	1.32668e+00	1.44053e-01
1.97195e-01	-8.53339e-01	1.47826e+00	4.87397e-01
1.85057e+00	1.71034e-01	7.91025e-01	4.14639e-01
3.17015e-01	3.48129e-01	3.35240e-02	9.47457e-01
5.16188e-02	-4.99450e-01	1.96134e+00	5.72050e-01
1.37694e-01	-3.13100e-01	1.81632e+00	1.31794e-01
5.27760e-01	-1.92736e-01	5.83456e-01	-7.30747e-02
