# No. of particles = 100 
# Proton - Solar wind	Electron - Solar wind	
4.60555e-01	8.71309e-01	5.72989e-01	-8.43685e-01
5.39245e-01	-5.34187e-01	7.33841e-01	4.82700e-01
1.52656e+00	2.31774e-01	1.07397e+00	8.60181e-01
1.07807e+00	5.15866e-01	1.03310e+00	-8.29143e-01
5.71230e-01	8.84854e-01	8.70906e-01	1.99544e-01
1.41844e+00	7.50233e-01	8.63176e-02	-3.60981e-01
1.05230e+00	3.56054e-01	1.05179e+00	3.58029e-01
1.01706e+00	-7.15789e-02	1.23899e+00	-3.85998e-01
3.71461e-02	-9.78989e-01	3.46522e-01	-9.21665e-01
7.25134e-04	-9.95951e-01	4.23731e-01	-9.84424e-01
1.00787e+00	5.75960e-01	4.66013e-01	-4.77588e-01
9.94972e-01	2.66410e-01	1.17397e+00	3.11522e-01
1.51236e+00	-3.99180e-02	2.52657e-01	-1.42663e-01
5.79578e-01	4.31108e-01	1.45962e+00	-8.72912e-01
9.95260e-01	-8.33569e-01	4.48974e-01	-6.48792e-01
9.00069e-01	5.33282e-02	1.96116e+00	-7.85236e-01
1.23451e-01	-2.64945e-01	1.91625e+00	-4.80485e-01
1.32066e-01	-3.98136e-01	1.89808e+00	-1.98466e-01
1.03603e+00	5.18304e-01	2.96056e-01	-8.69221e-01
7.30550e-01	-1.79653e-01	7.87564e-01	7.01986e-01
1.12198e+00	8.87960e-01	1.17336e+00	4.71135e-01
7.74936e-01	-6.45432e-02	1.87931e+00	7.01347e-02
5.15231e-01	-3.80031e-01	6.71804e-02	-9.63303e-01
3.54949e-01	7.93053e-01	1.81621e-01	-6.26817e-01
1.08131e+00	8.86482e-02	4.67335e-01	-6.47291e-01
1.69429e+00	-8.18153e-01	1.32963e+00	4.48263e-01
3.00931e-01	2.04851e-01	1.10095e+00	-4.49564e-01
6.00706e-01	7.76499e-01	1.38230e+00	7.08920e-02
3.78893e-01	-3.84220e-01	2.46677e-01	-7.91848e-01
1.71820e+00	8.21778e-01	4.00735e-01	-2.13043e-01
1.79665e+00	-6.07616e-01	5.58279e-01	-2.48866e-01
3.60044e-01	-4.48338e-01	1.84696e+00	7.30992e-01
4.17304e-01	7.58731e-01	5.68696e-04	2.07118e-02
1.20748e-01	-5.78919e-01	1.91456e-02	-5.09983e-01
1.42793e+00	2.01241e-01	2.66158e-01	-7.44237e-01
5.72921e-01	-8.68883e-01	1.84790e+00	-9.97714e-01
3.19654e-01	-2.49990e-01	1.03801e+00	-7.67083e-01
9.57432e-01	-7.85633e-01	1.65661e+00	-5.86861e-02
9.51030e-02	-9.61859e-01	1.75367e+00	6.08211e-01
8.92437e-01	-3.69790e-01	1.56818e+00	1.60759e-01
2.65030e-01	7.07029e-01	1.31352e+00	-7.13512e-01
4.12901e-01	2.94758e-01	1.69225e-01	1.51934e-01
3.84371e-01	-5.21861e-01	1.49912e+00	2.47906e-01
4.49293e-01	-5.16524e-01	5.06146e-01	-5.77234e-01
5.76953e-01	8.60491e-01	5.55361e-02	-5.94733e-01
1.52273e+00	-9.14749e-02	8.87012e-01	3.84135e-01
8.45438e-02	-9.80265e-01	6.46240e-01	-3.07508e-01
1.59146e+00	-5.75728e-01	1.71778e+00	-6.03739e-01
1.74622e-01	-2.56872e-01	1.19599e+00	7.23183e-01
5.32893e-02	-9.74749e-01	1.45895e+00	3.28688e-01
1.00075e+00	-3.80295e-01	2.28507e-01	-6.20009e-01
1.23982e+00	-6.53794e-01	1.54283e+00	-9.90678e-01
9.86542e-01	-1.15172e-02	1.34190e+00	-2.01266e-01
6.58132e-03	-9.83027e-01	1.81027e+00	-2.27579e-02
1.05713e+00	2.21958e-01	1.57235e+00	-5.79182e-01
5.29567e-01	-9.66556e-01	1.39975e+00	-9.84691e-01
1.43764e-01	2.27366e-02	1.91043e+00	-2.46761e-01
9.93679e-01	6.24711e-01	1.63172e-03	-9.92821e-01
3.96153e-01	-2.59876e-01	2.65587e-01	-1.55500e-01
3.77676e-01	-5.80453e-01	1.71396e-01	5.56608e-01
3.33718e-01	4.33373e-01	8.79132e-01	-8.51754e-01
3.17244e-01	-8.07802e-01	1.88205e+00	2.42870e-01
5.97646e-01	8.70050e-02	6.54858e-02	5.30622e-01
1.37736e+00	9.93468e-01	1.08612e+00	-4.38269e-01
9.93274e-01	-7.35331e-01	5.01627e-02	3.02945e-01
7.16676e-01	-5.74021e-01	1.21366e+00	-4.64031e-01
1.14409e-01	2.02798e-02	7.37604e-02	-9.27715e-01
3.08777e-01	-5.21893e-01	9.95828e-02	-9.17802e-01
1.10782e+00	9.54254e-01	1.84666e-01	-7.05093e-01
1.35916e-02	-9.97683e-01	8.34800e-01	-4.76431e-01
5.41204e-01	8.34284e-01	1.72561e+00	7.21284e-01
1.25802e+00	8.00418e-01	1.91106e+00	2.00857e-01
3.81185e-01	-3.24998e-01	1.13038e+00	-3.34358e-01
6.81282e-01	3.46608e-01	1.17436e+00	1.07914e-01
6.46789e-01	-4.32507e-01	1.07912e-01	-5.65113e-01
8.22593e-02	2.05553e-01	6.37549e-01	-6.29940e-01
9.41087e-02	-8.20056e-01	9.87844e-01	-1.95798e-02
1.05410e+00	3.30623e-01	6.17744e-01	3.70181e-01
7.12130e-01	1.41891e-02	1.18725e+00	2.43864e-01
1.14232e-01	-8.99548e-01	1.79414e-01	-2.73211e-01
1.48312e-01	-3.93540e-01	1.21685e+00	-3.63031e-01
1.01514e+00	6.63247e-01	1.60114e-01	3.42148e-01
1.33072e+00	4.70522e-01	1.11696e+00	1.96689e-01
5.12795e-02	-9.75069e-01	6.38693e-01	-8.69115e-01
1.44241e+00	2.71492e-01	8.99810e-01	-9.02268e-01
3.15931e-01	2.61565e-01	4.85837e-03	4.36621e-02
4.44713e-01	-3.42742e-01	1.08556e-01	-6.95034e-01
3.71949e-01	-9.33851e-01	3.58146e-01	-5.90965e-01
7.65505e-01	-3.61617e-01	3.55009e-01	-5.91132e-01
2.54472e-01	-9.63595e-01	1.86891e+00	2.85583e-01
1.55288e-01	-5.90408e-01	9.21959e-02	-5.49955e-01
5.40619e-01	-3.78021e-01	3.29430e-01	-9.41689e-01
6.98789e-01	3.70479e-01	1.18449e+00	-3.34229e-01
4.61183e-01	-3.65268e-01	1.64349e+00	-1.77768e-01
1.31144e+00	8.82992e-01	8.71027e-01	-5.84485e-01
8.37500e-01	9.59576e-03	8.06155e-02	-8.67898e-01
1.04082e+00	-5.69768e-01	1.33978e+00	2.31733e-02
1.52231e-01	2.28614e-01	1.17829e+00	-9.57061e-01
6.49967e-02	-9.04421e-01	1.48127e+00	4.94035e-01
1.11687e+00	-7.33495e-01	7.68125e-01	6.31245e-01
