# No. of particles = 100 
# Proton - Solar wind	Electron - Solar wind	
3.79053e-01	7.43554e-01	2.21488e-02	-8.99659e-01
3.83021e-01	-1.93252e-01	5.21029e-02	-9.19791e-01
4.56800e-01	-6.32138e-01	1.81594e+00	1.33315e-01
2.40394e-02	-9.25195e-01	1.27052e+00	-3.41930e-02
4.28398e-01	-7.19090e-01	7.06590e-01	3.10313e-01
1.18404e-01	-5.84950e-01	1.57637e+00	-5.68935e-01
2.60022e-01	-8.12308e-01	1.97690e+00	-1.51787e-01
4.12503e-01	-4.77494e-01	6.05406e-01	-4.66775e-01
1.67520e+00	-3.38363e-01	1.04070e+00	-2.41555e-01
2.85919e-01	-2.18076e-01	1.72922e+00	1.63651e-01
1.13983e+00	5.96233e-01	4.83745e-02	-8.88166e-01
3.09807e-01	-6.05657e-01	1.79689e+00	7.29336e-01
8.06593e-01	-5.00765e-01	2.93589e-02	-9.85967e-01
1.15306e-01	-8.88196e-01	1.97577e-01	-6.16948e-01
4.38546e-01	7.32487e-01	1.94043e+00	9.35277e-01
1.85429e-02	-9.22430e-01	8.43027e-01	6.64365e-01
6.89930e-02	-3.18089e-01	7.18122e-01	-9.09245e-01
6.98662e-01	-5.14669e-01	2.33246e-01	2.34647e-01
1.16002e+00	7.81649e-01	5.56295e-01	-9.49528e-01
6.04471e-01	1.59135e-01	8.27420e-01	-8.74899e-01
3.20279e-01	-5.28396e-01	9.18641e-01	-8.79839e-01
7.06940e-01	-4.34292e-02	2.61307e-01	-6.49576e-01
1.17249e-01	3.41475e-01	1.36157e+00	2.99716e-01
1.97905e-01	3.73793e-02	1.50502e+00	1.50867e-01
1.86885e-01	-9.16763e-01	6.23444e-01	8.04493e-02
4.02255e-01	1.64830e-01	6.25447e-01	2.57435e-02
1.18232e-01	1.13869e-01	4.28700e-01	-1.35134e-01
1.68935e+00	5.15787e-01	7.65566e-02	3.79816e-01
4.33065e-01	-8.24855e-01	9.73625e-02	-7.13650e-02
7.10112e-02	-9.03917e-01	1.25313e+00	9.55382e-01
1.20592e+00	-1.51548e-01	1.01156e+00	-7.97204e-01
1.16715e+00	-3.12147e-01	1.26035e+00	1.11873e-01
2.29133e-01	-6.48942e-01	1.14725e+00	-6.88446e-01
2.26280e-02	-9.84094e-01	6.67380e-01	-5.48716e-01
1.25900e+00	-1.59774e-01	6.59479e-01	-2.05628e-01
1.55441e+00	1.30875e-01	1.06582e+00	3.57780e-01
1.28948e+00	-6.57496e-01	1.81103e+00	5.65539e-01
4.78529e-01	8.01681e-01	3.07544e-01	-9.83862e-01
2.41593e-02	-9.55137e-01	1.93142e+00	-4.69438e-01
1.06556e+00	4.11058e-01	1.22941e+00	-2.18112e-01
5.54393e-01	-1.73138e-01	4.76492e-01	-3.12103e-01
1.08812e-01	-8.76383e-01	1.12241e+00	-4.21811e-01
1.96043e-01	-6.89885e-01	8.98848e-01	7.08073e-01
2.53092e-01	-5.32663e-02	6.90264e-01	-5.87459e-02
7.15081e-02	-8.15425e-01	1.10721e+00	8.95502e-01
1.65926e+00	1.60883e-01	1.58516e+00	-6.48832e-01
1.12345e+00	-1.77526e-01	5.20770e-01	-5.98378e-01
1.67936e-01	-8.32182e-01	8.87768e-01	8.80633e-01
4.73942e-01	-4.87388e-01	1.73305e+00	9.13730e-01
7.49174e-01	2.62245e-01	1.74915e-01	8.63430e-02
8.96115e-01	9.71783e-01	4.64014e-01	-7.19090e-01
1.05081e+00	-2.88468e-01	1.74459e+00	6.59127e-02
1.38773e+00	7.21175e-01	3.93293e-01	2.34379e-02
1.00588e+00	5.11355e-01	1.97150e+00	5.61599e-01
1.09424e+00	2.99382e-01	9.33563e-01	2.28470e-01
3.28708e-01	5.70751e-02	5.04520e-02	-8.87468e-01
2.85511e-01	-6.09375e-01	5.46703e-02	8.98429e-02
5.26313e-01	-4.82066e-01	1.42029e+00	5.31624e-02
1.86302e-01	9.84336e-01	3.11147e-01	-8.02021e-01
7.19976e-01	-2.35133e-01	2.15703e-01	-9.12275e-01
1.14235e-01	-8.11566e-01	3.88068e-01	-1.90309e-01
7.56752e-01	-1.65290e-01	7.44187e-01	-5.67386e-01
1.72685e+00	2.24461e-01	8.18753e-01	-7.68691e-01
1.66032e+00	5.66592e-01	9.51899e-01	-9.17386e-02
1.39359e+00	-6.57051e-01	4.52086e-01	2.57977e-01
7.47520e-02	-9.47552e-01	1.76102e+00	6.48134e-01
1.09947e+00	-3.59643e-01	1.98023e-01	-7.06198e-01
4.21729e-01	8.22278e-01	1.79754e+00	-8.00752e-02
5.51248e-01	-1.74655e-02	6.61020e-01	6.04164e-01
6.16456e-02	-9.77975e-01	1.57754e+00	-8.68789e-01
4.93725e-01	4.07569e-01	5.65594e-03	-4.27218e-01
3.25501e-01	3.80597e-01	4.93900e-01	-1.25546e-02
1.68487e+00	8.06613e-01	1.99199e+00	6.49191e-01
4.47238e-01	6.99784e-01	1.16091e+00	6.89087e-01
4.09829e-01	-6.79943e-01	1.98290e+00	-5.52381e-02
6.36860e-01	-5.90962e-01	1.25725e-01	2.76636e-01
4.60660e-01	-3.85171e-01	1.42741e+00	6.03116e-01
1.14471e+00	-2.43396e-01	1.05139e-02	4.78524e-02
1.66162e+00	7.03755e-01	1.27695e-01	1.08603e-01
4.98962e-01	-4.13842e-01	1.82886e+00	-4.89955e-02
1.44061e+00	-9.50930e-02	1.23808e+00	4.25624e-01
1.74433e+00	4.69574e-02	1.08638e+00	-5.33163e-01
6.15457e-01	-3.34539e-01	3.38728e-01	4.75221e-01
9.11706e-01	5.32062e-01	1.91245e+00	2.44053e-01
2.76119e-01	-4.65847e-01	4.28239e-01	5.02014e-01
1.63971e-01	-2.67354e-01	5.54930e-01	-9.73260e-01
2.17846e-01	-6.45753e-01	1.44034e+00	6.61925e-01
1.20660e-01	-9.75064e-01	1.84787e-01	-7.61119e-01
8.31409e-01	-7.41958e-02	7.16819e-01	6.31209e-01
1.58240e+00	-6.90475e-01	5.80752e-01	5.32437e-01
8.83230e-02	-8.37637e-01	9.81221e-01	-8.33725e-01
8.43619e-01	7.23837e-01	1.56443e+00	2.69112e-01
4.05068e-01	-2.36973e-01	9.83996e-02	-5.14312e-01
1.20734e+00	4.77953e-01	8.15327e-01	-5.42899e-01
1.31544e-01	-5.80340e-01	3.48611e-01	-8.38281e-01
1.29455e+00	8.87480e-01	1.09582e+00	2.65060e-01
5.32330e-01	-6.21309e-01	5.99505e-01	-7.83778e-01
1.70944e+00	-1.67728e-01	5.49761e-02	-9.98964e-01
9.72426e-01	3.37308e-01	1.51273e+00	-9.16767e-01
1.94713e+00	-8.19862e-01	6.65169e-02	1.85544e-02
