# No. of particles = 100 
# Proton - Solar wind	Electron - Solar wind	
1.01370e-01	-8.63231e-01	1.41069e+00	2.39827e-01
5.91766e-01	2.48062e-01	4.34381e-01	3.33568e-01
5.93241e-01	-5.18611e-01	7.63933e-01	-5.24016e-02
3.80505e-01	1.25442e-02	1.45535e+00	-7.82041e-01
9.58520e-01	-3.71242e-01	2.68879e-01	4.76233e-01
1.38084e-01	-1.79323e-01	1.92933e+00	6.83858e-01
9.21261e-01	-3.19782e-01	1.43000e+00	-6.32033e-01
9.05108e-01	2.03948e-01	3.60828e-01	-6.37656e-01
1.57960e-02	-7.71448e-01	1.59495e+00	-5.02638e-01
3.62641e-01	1.89675e-02	1.01298e+00	-2.90355e-02
1.21173e+00	7.02681e-01	1.67095e+00	-4.29212e-01
3.97606e-01	-4.92939e-01	7.17793e-01	-7.77480e-01
8.99281e-01	-4.40197e-01	1.06641e+00	8.94065e-01
7.48692e-01	-1.98617e-01	5.21590e-01	-8.76989e-01
4.21992e-02	-9.82313e-01	2.85672e-01	-3.33544e-01
2.14854e-01	-2.74528e-01	1.86251e-03	-9.80942e-01
7.69218e-02	1.37172e-02	1.44276e+00	9.69709e-01
1.27926e+00	-3.88134e-02	6.85567e-02	-4.90318e-01
2.66055e-02	-9.45226e-01	1.68250e+00	-9.77795e-01
7.39271e-01	4.12327e-01	2.10870e-01	-2.48044e-01
4.22982e-01	-3.43318e-01	7.41919e-01	-7.39586e-01
8.98442e-01	2.48575e-01	4.82111e-01	1.45432e-01
1.27102e-01	-6.58704e-01	1.89937e+00	-8.16683e-02
2.16406e-01	1.35339e-01	1.00197e+00	-6.41938e-01
5.02352e-01	-7.76372e-01	1.92035e+00	-2.47649e-01
4.85755e-01	4.08040e-01	1.55889e+00	-9.97159e-01
1.55347e-01	4.83793e-01	8.82481e-01	-2.33123e-01
1.78499e+00	5.98425e-01	1.28133e-01	-1.54949e-01
8.63016e-01	-6.34311e-01	2.12554e-01	-3.72383e-01
2.84348e-01	-6.82161e-01	1.44169e+00	-3.87475e-01
7.64829e-02	-9.83280e-01	1.06668e+00	9.05694e-01
1.45847e-01	-3.94254e-01	8.76698e-01	-4.52070e-01
4.73575e-01	-2.06330e-01	9.43244e-01	-9.16032e-01
8.61495e-01	-7.33698e-01	2.92273e-01	-8.38518e-01
1.96755e+00	3.19933e-01	2.85054e-01	2.12905e-01
1.79634e+00	3.11565e-01	9.29271e-01	-8.66954e-01
1.61316e+00	-5.71850e-01	2.52691e-01	-9.89936e-01
5.76415e-01	9.15794e-01	6.12327e-01	-9.04957e-01
9.14185e-02	-6.86315e-01	1.47537e+00	-3.49510e-01
1.30134e+00	7.18822e-01	2.83902e-01	-5.88272e-01
1.04449e+00	6.74732e-01	5.10446e-02	-7.69976e-01
4.42295e-01	-5.29641e-01	3.28794e-01	-7.01228e-01
3.96968e-01	-3.34931e-01	1.96132e+00	4.16649e-02
3.99132e-01	5.21837e-01	7.09022e-01	-4.83748e-01
1.35685e-01	-5.99275e-01	6.92514e-01	-5.17989e-01
1.90933e-01	-8.71780e-01	2.53356e-01	4.29158e-02
1.23943e+00	-9.20487e-02	1.36620e+00	2.83636e-01
8.17604e-01	5.08640e-03	1.28775e+00	-8.55306e-01
7.96589e-01	-1.15077e-01	8.72936e-01	-4.09298e-01
1.48456e+00	6.15994e-01	4.81210e-02	-6.44839e-01
8.49089e-01	-9.94319e-01	7.96221e-01	-8.48128e-02
1.22135e+00	-1.74245e-01	1.36567e+00	-6.60512e-01
1.61103e+00	8.05255e-01	1.63188e+00	-2.80536e-01
1.12624e+00	6.92400e-01	4.53647e-02	-9.26188e-01
1.21320e+00	4.43793e-01	1.16501e+00	8.74920e-01
8.82493e-01	3.27594e-01	7.16230e-01	9.47128e-02
9.62365e-01	3.65407e-01	1.64969e-01	-8.43081e-01
9.18866e-01	-8.93876e-01	1.23732e+00	4.62866e-01
1.53432e-01	-6.85258e-01	3.26152e-01	3.43245e-01
9.62453e-01	4.69232e-02	2.17969e-01	5.67698e-01
2.76563e-02	-9.40081e-01	1.31833e+00	-2.87410e-01
1.08388e+00	1.98939e-01	1.79139e+00	6.76011e-01
1.98097e+00	-4.70676e-01	1.95449e+00	-4.29000e-01
3.69209e-02	-9.74161e-01	3.61837e-01	-4.41805e-01
1.62659e+00	-5.97151e-01	1.01410e+00	-3.22648e-01
1.57711e-01	-9.00947e-01	1.87506e+00	-2.60635e-01
3.40664e-01	-5.50298e-01	5.17418e-01	8.63732e-01
3.19823e-01	-5.90372e-01	1.88797e+00	-9.08010e-01
6.23053e-01	1.08286e-01	1.44209e+00	3.33066e-01
2.36515e-01	-6.98904e-01	6.41776e-01	-1.90103e-01
5.61757e-01	6.08290e-01	6.13107e-02	-4.23067e-01
1.98985e+00	-3.59186e-02	3.74511e-02	-9.98569e-01
5.60409e-02	-9.01129e-01	1.86657e+00	8.49040e-01
4.91778e-01	-7.13757e-01	8.35634e-01	5.27763e-01
4.39283e-01	-6.49515e-01	1.05311e+00	-4.80950e-01
1.34492e+00	1.76447e-01	2.88514e-02	4.05897e-03
7.90806e-01	3.96361e-02	1.76850e+00	9.84122e-01
8.71472e-01	-3.13133e-01	6.92345e-02	8.10739e-01
1.76869e+00	7.43541e-01	3.00224e-01	-3.05878e-01
9.37884e-01	1.82892e-01	1.51043e+00	7.16278e-01
1.97579e+00	2.71453e-01	5.68272e-01	3.98114e-01
1.64964e+00	1.28330e-01	3.41314e-01	-4.79980e-01
7.10632e-01	-2.30054e-01	7.43462e-01	-6.05723e-01
1.16722e+00	9.59496e-01	2.40060e-01	3.14329e-01
4.60430e-01	-7.95659e-02	4.16895e-01	-7.69424e-01
1.82205e-01	-1.99592e-01	2.48768e-01	2.41778e-01
2.45158e-01	-6.08138e-01	3.84191e-01	3.57015e-01
1.16521e+00	-8.78441e-01	9.06118e-03	1.55532e-01
1.13442e+00	1.21216e-02	1.69229e+00	7.05489e-01
1.87921e+00	-6.29093e-01	5.37554e-01	6.67306e-01
9.52013e-02	-8.06639e-01	1.86349e+00	1.69200e-01
9.00041e-01	8.33497e-01	1.80995e-02	4.76598e-02
4.42498e-01	-1.58079e-01	1.45956e+00	7.03698e-01
1.37260e+00	6.81750e-01	1.01027e-01	7.51098e-02
2.92722e-01	1.14901e-02	9.71098e-01	2.66002e-01
4.49561e-02	9.81449e-01	9.24080e-01	-8.09588e-01
9.00031e-01	-3.57690e-01	1.92927e+00	8.70987e-01
2.07671e-01	-9.61192e-01	1.54475e+00	3.62459e-01
1.11843e+00	4.01270e-01	1.29782e+00	-1.70925e-01
4.22715e-01	-4.57385e-01	4.28050e-01	-7.50362e-01
