# No. of particles = 100 
# Proton - Solar wind	Electron - Solar wind	
8.93061e+00	-1.54853e+00	3.57034e+00	-3.02958e+00
6.28035e-01	-4.69892e+00	3.85853e+00	-3.07627e+00
3.95025e-02	-4.92936e+00	6.05264e+00	3.07638e+00
9.44610e+00	-4.09845e+00	6.14650e+00	3.90465e+00
6.52616e+00	-3.04966e+00	8.72146e-02	2.76701e+00
9.88496e+00	-1.19769e+00	7.00848e+00	2.19127e+00
8.36500e+00	-2.22169e+00	9.05660e+00	2.89793e+00
9.76642e+00	3.94304e+00	6.58205e+00	4.43479e+00
9.68348e+00	-7.87138e-01	1.42925e+00	1.86305e+00
8.21295e+00	-1.77043e+00	6.32279e-01	8.87609e-01
9.01661e+00	-1.20310e+00	3.33128e+00	-4.58742e+00
9.67671e+00	-7.87930e-01	7.90050e+00	-1.91153e+00
7.01436e+00	-4.51408e-02	8.26794e+00	-8.99812e-01
9.18304e+00	1.09554e+00	7.44929e+00	-3.90913e+00
6.87346e+00	-2.07208e+00	9.46065e-01	3.95533e+00
4.26729e+00	2.85709e+00	4.93221e+00	-2.45684e+00
8.19484e+00	2.61315e+00	9.22878e+00	-3.82988e+00
5.85754e+00	4.75380e-01	9.95614e+00	-3.22754e+00
8.28683e+00	-1.57317e+00	8.47579e+00	4.48758e-01
9.31493e+00	-4.75785e+00	9.69520e+00	2.95753e+00
9.79151e+00	-3.54615e+00	2.84866e+00	-3.39012e+00
8.97065e+00	-4.67392e+00	6.94939e+00	-2.47794e+00
9.20833e+00	-3.76491e+00	9.28323e+00	-4.88926e+00
9.35278e+00	-1.54477e+00	8.91184e+00	1.37831e+00
8.92386e+00	-4.22157e-01	9.07501e+00	2.08416e+00
9.50473e+00	-3.06529e+00	7.58266e+00	-1.50636e+00
8.72915e+00	-2.68576e+00	7.34592e+00	-3.80141e+00
8.42463e+00	-1.17762e+00	8.67235e+00	-3.87981e+00
9.08420e+00	-6.14776e-01	9.19644e+00	-2.95166e+00
8.25054e+00	-1.94312e+00	9.09870e+00	1.37417e+00
9.78969e+00	-2.00776e+00	9.98545e+00	1.53807e+00
9.13592e+00	2.10389e-01	8.99882e+00	-2.67107e+00
9.03805e+00	-3.53176e+00	7.94195e+00	-1.83820e+00
9.48248e+00	1.16781e+00	4.87751e+00	8.29085e-01
9.68935e+00	-4.99667e-01	7.80389e+00	-2.84992e+00
9.18447e+00	1.40872e+00	7.40685e+00	-3.20020e+00
7.75069e+00	-3.19875e+00	5.23084e+00	4.82965e+00
6.74804e+00	4.76364e+00	8.69835e+00	-4.15592e-02
9.66359e+00	1.06359e+00	7.41186e+00	4.06276e+00
9.30185e+00	4.28803e-01	7.55289e+00	1.28973e+00
7.93156e+00	-1.81960e+00	8.87024e+00	9.03231e-01
9.50206e+00	1.01790e+00	5.41053e+00	-1.61254e+00
8.72672e+00	8.78767e-01	6.38556e+00	2.78392e+00
9.76666e+00	4.19002e+00	4.12438e+00	4.73998e+00
9.56015e+00	1.74216e+00	7.89665e+00	-4.80884e+00
9.61923e+00	2.11686e+00	7.32004e+00	1.32345e+00
7.71913e+00	6.07578e-01	8.76224e+00	2.61063e+00
8.35117e+00	5.83266e-01	8.75540e+00	1.89238e+00
9.45115e+00	3.69475e+00	9.01910e+00	-4.86879e-01
9.59877e+00	3.09831e+00	2.98790e+00	3.75247e+00
9.97482e+00	3.66508e+00	6.60436e+00	-1.26112e-01
7.00090e+00	3.13077e+00	8.97914e+00	-4.79185e+00
9.00137e+00	-9.20623e-01	9.04377e+00	-4.75273e+00
9.65962e+00	-3.27173e+00	5.03953e+00	1.31134e+00
9.75464e+00	-4.34617e+00	4.72666e+00	-2.24723e+00
9.91460e+00	-4.86072e+00	9.47770e+00	2.42686e+00
7.14214e+00	-4.25492e+00	7.27365e+00	-4.15993e+00
8.78127e+00	-2.40253e+00	9.89836e+00	4.10153e+00
9.72208e+00	-2.07973e+00	8.96347e+00	-1.87296e+00
9.63928e+00	2.14504e+00	7.54208e+00	-1.02551e+00
9.11486e+00	-2.07826e+00	6.79694e+00	-1.60775e+00
9.50769e+00	-1.30599e+00	9.65554e+00	-4.13791e+00
7.51343e+00	2.85586e-01	6.70556e+00	-1.76497e-01
9.06824e+00	-3.73163e-01	6.34653e+00	-1.57288e+00
4.14494e+00	2.42622e+00	9.66729e+00	2.32303e+00
9.20605e+00	-4.47753e+00	8.62152e+00	-4.39264e+00
9.93893e+00	-6.55457e-02	1.42891e+00	-2.17758e+00
5.92083e+00	1.05206e+00	8.05385e+00	1.60542e+00
9.54446e+00	-2.82688e-01	8.92584e+00	6.87474e-01
9.16086e+00	4.58143e-01	7.15391e+00	-2.78308e+00
9.07086e+00	8.46478e-01	5.70038e+00	4.01208e+00
9.40579e+00	1.11559e+00	8.38689e+00	-4.98652e+00
9.46735e+00	8.39253e-01	9.18456e+00	4.95385e+00
8.46622e+00	7.63219e-01	1.26549e+00	-1.90862e+00
9.65821e+00	2.76270e+00	4.74795e+00	3.22845e+00
8.97248e+00	2.14490e+00	6.75230e+00	3.78522e-01
9.10607e+00	4.13354e+00	6.63605e+00	-3.29972e+00
8.51980e+00	4.54580e+00	3.53352e+00	-2.76477e-01
7.17483e+00	9.83615e-01	6.40210e+00	-9.61014e-01
9.45957e+00	-4.04813e+00	8.48595e+00	3.51815e+00
8.56856e+00	-1.48652e-02	7.03084e+00	3.59491e-01
9.44210e+00	-4.01174e+00	9.04157e+00	-4.25148e+00
7.28763e+00	-3.71105e+00	9.21090e+00	-2.49081e+00
9.24679e+00	-4.35711e+00	9.36550e+00	1.62263e+00
7.70889e+00	-2.11682e+00	8.67688e+00	-9.63171e-01
7.59602e+00	-1.75095e+00	9.32177e+00	3.97866e+00
7.45484e+00	-2.07062e+00	9.97850e+00	-1.26145e+00
9.56888e+00	-9.62498e-01	1.14029e+00	3.66880e+00
4.97758e+00	1.68888e+00	9.01201e+00	-3.23922e+00
8.85398e+00	-2.42246e+00	8.30567e+00	1.32805e+00
6.17556e+00	1.90018e+00	6.34239e+00	-3.68498e+00
6.50848e+00	2.80211e+00	3.87928e+00	-1.44974e-01
8.98505e+00	2.50864e+00	8.41988e+00	2.64288e+00
9.58889e+00	5.02118e-01	1.72849e+00	1.64181e+00
8.57458e+00	4.86787e+00	4.38465e+00	-3.82387e+00
9.47629e+00	5.41036e-01	7.90730e+00	-1.35814e+00
9.97222e+00	6.12607e-01	2.41130e+00	-3.34101e+00
9.48582e+00	1.12589e+00	3.49701e+00	-8.97104e-02
9.99859e+00	4.71303e+00	7.51994e+00	3.41428e+00
9.28572e+00	2.62343e+00	8.94935e+00	-5.25048e-01
