# No. of particles = 100 
# Proton - Solar wind	Electron - Solar wind	
5.69344e-02	-9.42751e-01	5.44993e-01	-3.75750e-01
1.90601e+00	-2.81539e-01	6.92921e-01	-7.22877e-01
6.58117e-02	-9.70207e-01	1.36894e+00	8.57300e-01
3.40897e-01	-4.74420e-01	1.37713e-01	-9.17602e-01
3.79224e-01	-6.85420e-01	9.80503e-01	-3.86503e-01
1.65099e-01	1.37043e-01	9.42467e-01	-8.13295e-02
9.62208e-01	-3.44517e-01	1.92434e-01	7.75439e-01
6.46898e-02	-8.10536e-01	1.03984e-01	-8.66066e-01
5.54645e-01	-7.40540e-01	2.94660e-01	-6.16015e-01
4.06707e-01	-3.49363e-01	6.00327e-01	-5.14383e-01
3.19729e-01	-6.70551e-01	1.24439e+00	4.52525e-01
9.67638e-01	-1.53593e-01	2.48102e-01	-6.97841e-01
7.35733e-01	-8.82600e-01	4.07934e-01	-9.67209e-01
1.47928e-01	-8.48882e-01	3.97034e-02	-9.84424e-02
9.84280e-01	3.59911e-01	1.10215e+00	-6.09325e-01
1.32278e-02	-6.07029e-01	1.84185e+00	5.79141e-01
1.10794e+00	-9.43663e-01	1.74187e+00	-1.98280e-01
1.96203e+00	4.80191e-01	1.73713e+00	-7.86639e-01
1.95808e-01	-7.73373e-01	8.61333e-01	-5.77264e-01
3.93929e-02	9.40818e-01	8.08080e-01	-7.23908e-01
9.40186e-01	-5.05234e-01	1.04074e+00	9.08890e-01
2.01655e-01	-7.45439e-01	2.81874e-01	-4.51929e-01
5.05262e-01	-8.53351e-01	6.07711e-02	-8.63366e-01
5.73729e-01	-4.70793e-01	6.76682e-01	9.07002e-01
5.93915e-01	-9.11803e-01	1.46579e+00	5.12847e-01
1.79821e+00	9.52794e-01	1.70014e+00	8.98402e-01
1.09365e+00	-1.79558e-01	1.86769e-02	-9.06804e-01
1.67133e+00	8.69832e-01	8.50469e-01	-7.62249e-01
1.46873e+00	7.69033e-02	1.40070e+00	-5.98856e-01
1.89630e+00	9.23258e-01	1.29143e+00	-7.78148e-01
1.33976e-01	-1.53863e-01	1.05003e-01	-8.35693e-01
1.02602e-02	-5.37796e-01	1.62441e+00	-6.93178e-01
1.13247e-01	2.60317e-01	8.17222e-01	3.58640e-01
3.35170e-01	-2.63169e-01	9.45511e-01	-1.53306e-01
1.97486e-01	-8.09052e-01	2.95617e-01	1.81049e-01
5.97371e-01	-6.33681e-01	1.91410e-01	-8.84240e-01
3.23657e-02	-9.11775e-01	8.10811e-01	-8.41191e-01
3.69475e-01	-7.47836e-01	1.88089e+00	-3.07463e-01
9.56913e-01	-6.32978e-01	1.02097e-01	-8.69450e-02
1.51831e+00	-3.75665e-01	7.61191e-01	-1.26697e-01
1.18986e+00	-6.71137e-01	8.44774e-01	-9.90608e-02
1.30031e+00	1.61201e-01	5.78179e-01	-6.46008e-01
1.03382e-01	-9.94406e-01	1.27907e+00	-8.94990e-01
5.84789e-01	1.05578e-01	1.70169e-01	-5.11094e-01
1.86105e+00	-3.59789e-01	5.41431e-01	-9.72663e-01
4.06630e-01	-8.55238e-01	4.11479e-01	-8.40167e-02
1.26148e+00	-5.58564e-01	1.40091e-01	-6.53711e-01
5.95654e-01	-5.03415e-01	6.68493e-01	-5.96234e-01
2.59138e-01	-8.87314e-01	1.72715e+00	-5.38814e-01
1.11810e+00	-1.91658e-01	1.13567e+00	5.10049e-01
5.46214e-02	-7.64615e-01	1.13435e+00	-9.53526e-01
5.31986e-01	-7.03901e-01	1.02828e+00	-7.76433e-01
1.46879e-01	-4.59401e-02	2.95770e-02	4.03833e-01
1.85620e+00	-7.90476e-01	1.69469e+00	-7.65368e-01
1.64404e-01	-7.81970e-01	1.44561e+00	3.82734e-01
1.09374e+00	-1.72752e-01	3.97537e-02	-1.58211e-01
9.45570e-01	5.62532e-02	5.05289e-01	3.28572e-01
1.38827e+00	-2.34746e-02	1.59076e+00	-3.44506e-01
7.52414e-01	-5.85615e-01	7.57738e-01	-6.42578e-01
1.24864e+00	7.52901e-01	1.03981e+00	6.32754e-01
1.28006e+00	2.82726e-01	1.30458e-01	-9.58126e-01
1.26019e+00	-7.02779e-01	1.55331e+00	3.59605e-01
1.56679e+00	-4.28014e-01	1.65322e-02	-9.54580e-01
4.60700e-01	7.13098e-01	9.48145e-01	-7.20434e-01
1.91645e+00	-7.85304e-02	3.61995e-02	-4.30638e-01
7.42404e-01	-4.88097e-01	4.28729e-01	-8.15197e-01
6.44318e-01	-3.50852e-01	4.64079e-01	-8.13767e-01
7.04363e-02	-9.83777e-01	2.12505e-01	-6.16510e-01
5.63836e-01	-7.03104e-02	1.95484e-01	-2.56201e-01
2.05789e-01	9.16086e-02	9.20122e-01	1.10093e-02
1.47358e+00	-2.44551e-01	1.62453e+00	9.36941e-01
7.51384e-02	-9.71901e-01	3.97809e-01	-1.56485e-01
1.22078e-01	5.08120e-01	1.56512e+00	3.34074e-01
1.64019e-01	-2.20365e-01	1.12926e+00	-3.93446e-01
1.96469e+00	-5.97176e-01	1.45277e-01	-1.59161e-01
3.64850e-03	-5.26636e-01	9.85158e-02	1.85273e-01
1.03525e+00	3.00635e-01	4.71498e-01	-4.88271e-01
1.25132e-03	-6.51413e-02	6.49966e-02	-9.57964e-01
7.96791e-01	2.73440e-01	4.09914e-01	-9.76351e-01
9.19166e-01	-1.48990e-01	2.86862e-01	-5.64823e-01
1.84438e-01	2.67782e-02	1.81038e+00	-5.48200e-01
7.91496e-01	3.97994e-01	5.44315e-01	-3.63134e-01
7.77459e-01	-7.87929e-01	1.74021e+00	9.85088e-01
1.93488e+00	2.15473e-01	4.79438e-01	-7.91035e-01
8.05942e-02	9.97241e-01	8.31196e-01	-6.85904e-01
1.70360e+00	-2.80871e-01	9.43470e-01	7.92081e-01
1.42491e+00	-5.50561e-02	2.60274e-01	-4.23231e-01
3.74299e-01	-4.65411e-01	9.99387e-01	3.66977e-01
4.89979e-01	-4.89386e-01	1.78487e+00	-3.04468e-01
1.54928e+00	-7.97750e-01	1.00706e+00	7.14908e-01
8.62773e-01	8.31733e-01	6.68059e-02	-9.98473e-01
1.39017e+00	-2.40162e-01	8.39608e-01	2.34993e-01
9.44564e-01	-4.72478e-01	3.79943e-01	-2.75390e-01
1.53624e+00	8.68039e-01	1.68142e+00	2.68697e-01
8.87641e-01	8.15778e-01	1.25739e+00	4.06899e-01
1.23955e+00	7.86396e-01	1.93403e+00	-5.82185e-02
1.46428e+00	-3.96910e-01	4.67759e-01	7.05533e-01
1.14770e+00	3.54271e-01	1.09938e+00	8.63988e-01
1.66216e+00	4.76068e-01	1.70302e+00	-4.39259e-01
4.16615e-01	-2.54131e-01	1.27358e+00	8.56072e-01
