# No. of particles = 100 
# Proton - Solar wind	Electron - Solar wind	
2.18244e-01	-7.32421e-01	1.98864e+00	8.24653e-01
1.13265e+00	5.34780e-02	5.84578e-01	2.15300e-01
1.66217e+00	3.40082e-01	1.20446e+00	3.28258e-02
7.47263e-02	-9.75323e-01	1.73457e+00	4.90646e-02
1.78245e-01	-9.45416e-01	8.54607e-01	-1.62453e-01
3.84506e-01	-8.67407e-01	1.46978e+00	2.21363e-01
1.25378e+00	6.14086e-01	5.80091e-01	-2.09236e-01
1.47550e+00	3.67338e-01	9.90908e-01	-2.16899e-01
1.29225e-01	-9.70152e-01	1.44297e-01	-6.22702e-01
1.80073e-01	-3.31883e-01	1.11877e+00	-8.65470e-01
3.91799e-02	-8.80260e-01	9.65444e-02	-3.84163e-01
1.08127e+00	3.78693e-01	9.89181e-01	6.89040e-02
1.60009e+00	1.86657e-02	1.16880e+00	-6.23915e-01
6.88848e-01	7.36049e-01	1.69213e+00	-4.36762e-02
1.13440e+00	-8.11230e-01	2.94105e-01	-6.76889e-01
1.25360e+00	4.62828e-01	7.10613e-01	3.68917e-01
1.78377e-01	1.32785e-01	1.13821e+00	-6.73040e-02
1.53297e-01	-2.91741e-01	3.13105e-01	1.05864e-02
1.24557e+00	8.25964e-01	1.44206e+00	4.38229e-01
1.02137e+00	1.59731e-01	1.95836e+00	5.49511e-01
4.94708e-02	-9.99520e-01	7.28046e-01	2.85923e-01
1.15336e+00	4.00523e-01	1.12969e-01	2.95098e-02
1.12756e+00	3.83796e-01	6.04988e-01	-6.73289e-01
3.75774e-01	8.88169e-01	1.89055e+00	-8.74769e-01
1.64417e+00	6.89729e-01	1.15643e+00	-8.96583e-01
1.30087e-02	-7.78553e-01	5.74882e-03	-6.95126e-01
4.26888e-01	3.06606e-01	6.98828e-01	6.01881e-01
1.80120e+00	6.75529e-02	1.88252e-02	-9.59635e-01
4.87253e-01	-9.06992e-01	1.70020e+00	3.59587e-01
8.91407e-02	-9.96867e-01	6.41037e-01	-6.75606e-01
1.54910e+00	-8.07678e-01	5.56343e-01	-5.71887e-01
6.39862e-01	6.76306e-03	1.67216e+00	2.63640e-01
1.73084e+00	3.45563e-02	1.07969e+00	3.65610e-01
1.70709e-01	-2.09997e-01	1.87442e-01	-6.23373e-01
1.94139e+00	6.28579e-01	6.26232e-01	3.47148e-02
6.68534e-01	-8.47931e-01	1.49418e+00	5.96944e-01
4.17646e-01	7.42354e-03	8.15346e-01	-5.28428e-01
1.11586e+00	-7.50975e-01	3.94031e-01	2.21404e-01
4.70534e-01	-9.03371e-01	1.15980e+00	1.86335e-01
1.14210e+00	-1.54852e-01	1.43916e-01	-9.46152e-01
3.84152e-01	-8.79501e-01	9.40534e-01	2.91876e-01
5.90147e-01	4.18219e-01	2.29090e-01	9.99328e-01
4.88701e-01	-3.63866e-01	7.90219e-01	1.00105e-01
5.07402e-01	-4.35680e-01	5.66673e-01	8.30398e-01
6.80759e-02	-9.01869e-01	1.20919e+00	-3.88380e-01
1.83788e+00	1.00342e-01	1.20404e+00	-9.33163e-02
1.05132e+00	-5.34082e-01	2.41574e-01	-6.51593e-01
1.88287e+00	-7.37666e-01	1.61767e+00	-5.32556e-01
2.21099e-01	-6.46215e-02	1.25292e-01	-4.89653e-01
4.66062e-02	-7.65912e-01	1.42272e+00	-3.72276e-01
1.16258e+00	-2.62750e-01	1.46690e+00	9.50915e-01
1.79861e+00	-5.03862e-01	2.89821e-01	1.19530e-01
1.30782e+00	3.64580e-01	1.76491e+00	7.02078e-01
8.90505e-02	-8.96649e-01	7.10558e-01	-4.02100e-01
1.39267e+00	6.34874e-01	6.12394e-01	-8.39146e-01
8.86542e-01	-9.50692e-01	2.46023e-01	-6.52876e-02
1.66388e-01	2.52134e-01	7.98839e-01	-9.37498e-01
6.11968e-01	-8.84168e-01	6.42646e-02	3.60198e-01
7.07780e-01	3.33427e-01	1.00357e+00	3.94687e-01
5.08436e-01	-4.39516e-01	1.18219e+00	7.58206e-01
4.51654e-01	9.62958e-01	7.53251e-01	1.78450e-01
7.35982e-01	-4.82998e-01	3.93296e-01	-2.76571e-01
6.92235e-01	2.80158e-01	9.41980e-03	-9.95078e-01
4.09750e-01	-3.55797e-01	3.78127e-01	-7.17006e-01
1.69212e+00	-5.65440e-01	4.47273e-01	-7.38675e-01
7.98328e-01	-5.25595e-01	1.42818e+00	7.72936e-01
1.38807e-01	4.09931e-01	9.74174e-01	-8.46296e-01
4.94404e-01	-2.15494e-01	8.86969e-01	1.62245e-01
1.49966e-01	-7.53693e-01	1.51896e-01	4.13796e-01
4.89248e-01	-6.14355e-01	5.62065e-01	-9.89055e-01
5.41514e-01	3.34181e-01	7.14315e-02	-9.79965e-01
1.15212e+00	9.20734e-01	5.16782e-02	-8.85875e-03
4.63421e-01	-1.74891e-01	1.01645e+00	5.64109e-01
8.20374e-01	6.24954e-01	5.27673e-01	7.36593e-01
6.77415e-01	-4.00739e-01	4.96329e-01	-2.22338e-01
1.11312e-01	2.34268e-01	2.92732e-01	-9.26926e-01
1.81807e-01	-6.56085e-01	1.63274e-01	-1.60741e-01
1.36208e+00	7.21976e-01	8.93961e-01	2.70122e-01
8.71820e-01	2.41716e-01	1.62870e+00	-3.94225e-01
1.23003e-01	-7.93772e-01	1.09374e-01	-9.32756e-01
2.54455e-01	4.26125e-02	2.07074e-01	-9.27166e-01
9.22900e-01	7.38988e-01	1.02646e+00	1.22624e-01
1.41980e+00	5.72475e-01	1.08345e+00	-3.29576e-01
1.73348e-01	-9.48237e-01	1.89878e+00	-4.65613e-02
1.06294e+00	5.31024e-01	1.35758e+00	6.49579e-01
3.37371e-01	3.28565e-01	1.45845e+00	-5.19552e-01
4.74075e-01	-3.03144e-01	1.95644e-02	-9.39871e-01
7.53985e-01	-8.81371e-01	1.84802e-01	-6.71168e-02
1.44416e+00	-6.15952e-01	1.39248e+00	-4.28688e-01
3.96052e-01	-9.51773e-01	1.98812e+00	-1.30629e-01
1.65774e-01	-5.58938e-01	1.00676e+00	1.85496e-01
9.62233e-01	1.38426e-01	8.81302e-01	-4.60030e-01
7.35535e-01	4.45003e-01	1.09121e-01	-5.07499e-01
5.34030e-01	-2.43596e-01	1.45420e+00	7.48324e-02
4.14848e-01	-7.08194e-01	1.95383e+00	-5.38426e-01
1.30396e+00	6.31980e-01	2.95241e-01	7.11308e-01
5.53552e-02	-8.20465e-01	2.40374e-01	1.99182e-01
3.12854e-01	4.50083e-01	7.03706e-01	2.20668e-01
8.71584e-02	-7.65705e-01	9.14899e-01	-1.24156e-01
1.37620e+00	-6.72869e-01	1.92111e+00	-4.90405e-01
