# No. of particles = 100 
# Proton - Solar wind	Electron - Solar wind	
2.01625e-01	-8.40944e-01	1.97818e-01	-5.29481e-01
2.77131e-01	-9.52664e-01	7.68913e-01	-2.84475e-01
5.92341e-01	-2.11549e-01	2.93601e-01	-6.62145e-01
1.55548e+00	9.09960e-01	1.18464e-01	-6.98193e-01
3.19252e-01	-7.95180e-01	7.56810e-01	6.69333e-01
1.31619e-01	5.84942e-01	1.45057e+00	-7.99056e-02
7.84316e-01	-8.51236e-01	5.88312e-01	5.91352e-02
1.52951e-01	-7.93739e-01	3.63856e-02	-9.62029e-01
1.83080e+00	-5.57664e-01	1.33056e-01	-6.72809e-01
7.96945e-02	-6.08023e-01	9.38843e-01	-4.78399e-01
3.62183e-01	-5.02611e-01	3.41291e-01	8.36645e-01
1.27312e+00	-1.00655e-01	1.18606e-01	-9.01476e-01
3.77407e-01	7.70403e-02	1.12351e+00	-3.63326e-02
4.88846e-01	-6.60609e-01	2.37787e-01	5.28999e-02
4.29333e-01	-7.31189e-01	1.77562e-01	2.13130e-01
1.45566e+00	-5.23409e-01	4.89072e-01	-6.83585e-02
3.09319e-01	-7.80070e-01	3.75139e-01	-2.78492e-01
8.76150e-01	-1.45462e-01	4.04889e-01	-7.18828e-01
1.69209e-01	-6.24945e-01	1.05745e+00	8.70882e-01
1.29654e+00	6.71686e-02	9.90248e-01	-3.41739e-02
6.72955e-01	9.21861e-01	5.81921e-02	-8.30950e-01
1.47199e+00	8.87147e-01	1.23473e-02	-9.83881e-01
4.90787e-01	5.60303e-01	1.56813e-01	-4.13652e-01
8.01651e-02	-9.64156e-01	4.78380e-02	-6.35492e-01
6.80866e-01	6.59061e-01	7.88690e-02	-9.12369e-01
1.60875e+00	-3.39097e-01	1.16027e+00	-3.78942e-01
6.84830e-01	-7.86719e-01	1.01640e+00	5.40805e-01
6.87385e-01	-3.87360e-01	4.47261e-01	9.96909e-01
4.98923e-01	-3.14326e-03	1.89247e+00	7.19863e-01
1.45381e+00	-5.31647e-01	1.99933e+00	-7.00787e-02
1.05864e+00	8.46712e-02	1.41238e+00	-7.77779e-01
1.03947e-01	-9.87131e-01	5.36157e-02	-7.89645e-01
6.18930e-01	-4.24310e-02	2.76214e-01	-4.88979e-01
6.85964e-01	-2.54401e-01	1.00781e+00	-5.29405e-01
1.41323e+00	4.79179e-01	1.68603e+00	-5.32051e-01
1.69882e-01	-7.54493e-01	1.41551e+00	7.39826e-01
3.80562e-01	-3.69686e-01	1.49502e+00	1.51107e-01
1.33334e+00	-3.02325e-01	7.05830e-02	-2.37554e-01
8.98268e-01	-7.50503e-01	1.17146e+00	-7.35704e-01
2.39724e-01	4.36711e-01	1.21529e+00	5.33538e-01
5.40882e-01	-3.60417e-01	1.04398e+00	6.74288e-01
1.55301e+00	-3.89155e-02	8.26422e-01	2.30438e-01
3.60427e-01	-1.30264e-01	1.56935e+00	-7.27682e-01
1.11418e+00	6.18812e-01	3.33880e-01	-6.10016e-01
2.33876e-03	-9.99473e-01	3.29527e-01	-3.93333e-01
2.91237e-01	-2.05563e-01	9.35535e-01	-7.34450e-01
1.52343e+00	-7.99547e-01	7.13833e-01	-2.52082e-02
2.51104e-02	-9.69466e-01	2.74006e-01	-2.11413e-02
1.32148e+00	6.68662e-01	1.39177e+00	-3.81367e-01
8.51673e-01	-8.42232e-02	1.17689e+00	8.16567e-01
7.70577e-02	-8.82269e-01	2.41516e-01	-8.78820e-01
6.99582e-01	-5.16617e-01	1.60742e+00	-3.86790e-01
8.38373e-01	1.00004e-01	6.44437e-01	5.14498e-01
1.86981e+00	-4.97487e-01	1.98521e+00	2.53956e-01
8.56202e-01	5.24816e-01	2.78822e-02	-9.85791e-01
5.02082e-01	-7.19787e-01	2.14527e-01	-6.46976e-01
9.51851e-01	-4.29303e-01	1.68109e+00	-1.36132e-02
2.78615e-02	-8.80714e-01	2.24769e-01	-9.84931e-01
8.47552e-03	-9.56734e-01	8.68558e-01	5.28524e-01
3.11159e-01	-5.84489e-01	1.50312e+00	2.86502e-01
3.55443e-01	3.99020e-01	1.35513e-01	-4.04096e-01
2.48331e-01	1.60305e-01	1.93267e-01	-3.37130e-01
8.52402e-02	2.77216e-01	1.57028e+00	8.47991e-01
7.18686e-03	-3.84611e-02	1.91145e+00	-3.86158e-01
6.20228e-01	6.20198e-02	9.66355e-01	-4.99377e-01
3.30254e-01	2.15712e-01	6.91425e-02	-7.15694e-01
3.12453e-01	1.08519e-01	8.90934e-01	-4.57299e-01
1.10662e+00	-5.12713e-01	1.88737e+00	3.07209e-01
2.06166e-01	-9.11452e-01	1.61225e+00	2.63025e-01
1.66283e+00	-4.87864e-01	1.50163e+00	-6.45488e-01
5.58776e-01	-9.69455e-01	1.78391e+00	-8.06739e-02
2.59297e-01	-5.84910e-01	6.62081e-01	-1.67823e-02
1.83683e-02	-9.06503e-01	1.31149e+00	3.58846e-01
3.93182e-01	1.05236e-01	4.57875e-01	-8.07054e-01
1.40913e-01	-9.46591e-01	5.40579e-01	7.20556e-01
1.66236e-01	-6.63297e-01	6.86063e-02	-1.31717e-01
3.35047e-01	8.04282e-01	1.42124e+00	9.76261e-01
6.65360e-01	3.62465e-01	1.12608e+00	2.55679e-01
5.14527e-01	2.65812e-01	2.39499e-01	1.88132e-03
1.13538e+00	1.11841e-01	5.46872e-02	-9.59436e-01
4.65732e-01	-7.19046e-02	2.42601e-01	-4.29441e-01
2.05473e-02	-9.89366e-01	3.81505e-01	-5.37099e-01
7.71518e-01	-8.55794e-01	3.99500e-01	6.45491e-01
9.38454e-01	6.37435e-01	1.85992e+00	-5.52161e-01
9.90771e-01	2.11365e-01	1.53387e-01	-9.56523e-01
4.98864e-02	-9.82984e-01	9.99775e-01	1.67326e-01
1.43927e+00	-7.34059e-01	4.70164e-02	-9.52992e-01
9.43744e-02	-5.54697e-01	9.65622e-01	-7.81705e-02
1.50987e+00	8.74306e-01	4.86067e-01	-5.87760e-01
1.07256e-01	-4.46460e-01	1.49465e-01	6.26987e-01
8.56736e-01	3.42849e-01	3.91486e-01	-6.32596e-01
2.47422e-01	-4.44260e-01	4.41324e-02	2.74750e-02
1.70541e+00	1.42482e-01	1.19783e+00	2.73156e-01
1.28731e-02	-9.98658e-01	1.37030e+00	2.54472e-01
6.43148e-02	-8.10946e-01	1.23209e-01	-7.28011e-01
4.28257e-01	-3.72776e-01	1.45018e+00	-8.35941e-01
7.99517e-02	-5.49515e-01	1.29703e+00	-1.27731e-01
1.43424e+00	-5.51228e-01	5.26761e-01	-5.98631e-01
5.45209e-01	2.20707e-01	1.14417e-01	-6.07214e-01
4.05529e-02	-7.64483e-01	1.11707e+00	6.96111e-01
