# No. of particles = 100 
# Proton - Solar wind	Electron - Solar wind	
1.38608e-01	-3.61799e-01	1.38162e+00	-6.66706e-01
1.11845e+00	8.67501e-01	1.62040e+00	3.48396e-01
1.84547e-01	-8.58985e-01	2.90335e-02	-9.57646e-01
1.56657e-01	-2.67664e-01	2.41595e-01	-9.23708e-01
4.06745e-01	5.29849e-01	1.05716e+00	2.93278e-01
6.93099e-01	2.98881e-01	6.77776e-02	-5.54694e-01
1.19506e+00	9.84233e-02	1.61334e-01	-6.88082e-01
1.53972e+00	8.97538e-01	4.03565e-01	5.44597e-01
4.35391e-01	-8.34335e-01	4.96223e-01	-6.18203e-01
1.33616e-01	-6.91980e-01	3.45926e-01	-6.78731e-01
9.96119e-01	3.82559e-01	1.60531e-01	-8.31270e-01
1.35757e-01	-8.32807e-01	1.08595e+00	-7.77038e-01
6.21921e-01	-6.20749e-01	1.82472e+00	4.71218e-01
8.51338e-01	2.74950e-01	5.08461e-01	-5.88164e-01
2.91058e-01	-3.14703e-02	9.52976e-01	4.74053e-01
4.66830e-01	-7.17145e-01	7.65088e-01	-3.72736e-01
5.63780e-02	-9.81228e-01	2.36282e-01	-6.67556e-01
3.36065e-02	4.17130e-01	1.60921e+00	9.32292e-02
8.66770e-01	3.24616e-01	4.16299e-02	7.35264e-01
3.33809e-01	-3.48632e-01	1.56153e+00	-2.95094e-01
1.16803e-01	-8.98708e-01	1.66190e+00	-7.56376e-01
3.21702e-01	-6.24859e-01	1.53374e+00	7.47724e-01
1.70115e+00	5.81598e-02	5.20495e-01	-8.48704e-01
1.63505e-01	-1.56857e-01	1.16074e+00	-9.12301e-02
1.29296e+00	-7.36370e-01	9.96444e-01	8.79690e-01
2.37862e-01	-3.21689e-01	4.55294e-01	9.35448e-01
4.75670e-02	-6.24720e-01	1.13099e+00	-2.07220e-01
1.49611e+00	3.49329e-01	3.03051e-02	-8.49291e-01
1.22901e+00	-5.61536e-01	8.01242e-01	5.67475e-01
1.39965e+00	-4.24910e-01	8.28871e-01	5.86460e-01
9.52233e-01	6.43840e-01	2.81215e-02	-8.50170e-01
1.23724e+00	-5.73799e-01	1.32847e+00	-7.97535e-01
5.42342e-01	3.72650e-01	1.71603e+00	-9.49033e-02
3.44616e-01	-1.74878e-01	1.15708e+00	-8.06983e-01
1.92739e+00	6.41652e-01	4.34950e-01	9.77479e-02
1.07168e+00	-2.33211e-01	1.55698e+00	2.54669e-01
6.41222e-01	-8.27587e-01	4.67693e-01	1.70893e-01
2.83995e-01	5.71068e-01	1.65630e+00	-4.01997e-01
3.19212e-01	5.75473e-01	6.85088e-01	-1.47206e-01
5.94214e-01	-2.03747e-01	5.75480e-01	-7.00512e-01
8.49353e-01	-7.37981e-01	1.86105e-02	1.19830e-01
1.14418e+00	-6.97650e-01	8.41230e-01	-5.01110e-01
7.76828e-01	8.70147e-01	4.79664e-01	-6.62957e-01
5.61020e-01	8.77646e-01	1.84434e-01	4.58792e-01
2.58898e-01	1.21585e-01	1.42517e+00	2.65860e-01
7.75068e-01	-4.81284e-01	1.52637e+00	-9.90993e-01
8.93677e-01	-3.48640e-01	3.23807e-01	-5.17655e-01
1.44292e+00	-5.20239e-01	1.33982e+00	-2.05500e-01
1.41413e+00	8.54673e-01	8.70437e-01	2.90898e-01
1.63869e+00	-4.17446e-02	1.81365e-01	-8.86340e-01
6.29102e-01	8.63288e-01	1.66209e+00	-5.56085e-01
7.11091e-01	-5.17016e-01	5.51729e-01	1.93474e-01
9.40690e-01	5.51916e-01	5.00954e-01	7.41309e-01
7.65201e-01	1.49210e-01	1.88160e+00	7.80032e-01
8.56739e-01	1.16481e-02	9.54632e-02	-8.96851e-01
1.60527e+00	-3.89673e-01	1.38700e-02	2.13847e-01
1.53159e+00	1.17956e-02	1.73812e+00	-4.71050e-01
1.64927e+00	5.67388e-02	5.85712e-01	-7.51960e-02
1.22875e-01	2.91204e-01	1.79306e+00	5.80729e-01
2.33772e-01	-7.98259e-01	8.61325e-01	-1.98803e-01
1.04187e-02	-3.31341e-01	2.36369e-01	-7.23141e-01
1.00575e-01	-8.92874e-01	1.68178e-01	-1.42402e-01
1.14984e+00	-1.84652e-01	1.82855e+00	8.15087e-01
9.09318e-01	-1.40989e-01	1.82713e+00	2.35375e-01
9.26967e-01	-7.75025e-01	1.09793e-02	-7.28374e-01
2.84194e-01	-1.21507e-02	1.10101e-01	-9.65067e-01
3.27400e-01	6.40349e-01	3.94519e-01	8.03587e-02
9.26307e-02	-6.10655e-01	5.54122e-01	-4.29034e-01
4.08862e-01	-2.66612e-01	4.66179e-01	3.21306e-01
1.19923e+00	5.18943e-01	8.53702e-01	-1.04003e-01
3.58030e-01	6.40952e-03	1.00779e+00	7.08431e-01
1.16403e-01	-9.78457e-01	8.75685e-01	-9.77248e-01
1.24590e+00	3.38764e-01	1.32068e+00	2.79268e-01
1.33923e-01	-6.96207e-01	1.96384e-02	-9.45696e-01
3.51767e-01	-7.40301e-01	1.68399e+00	-4.88466e-01
4.87773e-02	3.86350e-02	1.25841e+00	7.13865e-02
2.05594e-02	-1.14855e-01	1.23705e+00	5.47579e-01
1.69318e+00	-1.03457e-01	1.14403e+00	-2.53559e-01
1.44415e+00	6.21280e-01	8.29074e-01	-5.28751e-01
4.96785e-01	1.93813e-01	1.00717e+00	-5.65010e-01
3.70532e-01	-8.27809e-01	1.40626e+00	-4.55510e-01
1.92905e+00	-1.15916e-01	1.88193e+00	-6.93458e-01
4.24769e-01	-5.43261e-01	9.59121e-02	-7.35870e-01
4.01058e-01	-3.21694e-01	3.64960e-01	5.82681e-02
9.07341e-03	7.47568e-01	1.05927e+00	-2.77750e-02
1.29014e-01	-4.03459e-01	1.94945e+00	-1.34437e-01
1.64765e-01	-7.21541e-01	1.77109e+00	4.92874e-02
1.25639e-01	6.32809e-01	1.22044e+00	9.75842e-01
2.23649e-01	-2.47071e-01	1.44181e+00	3.11059e-01
9.89432e-01	-8.11336e-01	5.81409e-01	6.02326e-01
7.67913e-02	-8.98895e-01	1.64536e-01	-2.90640e-01
7.28508e-01	5.03050e-01	1.81504e+00	-4.44238e-01
3.30820e-01	-3.93951e-01	1.61817e+00	6.08395e-01
8.75118e-01	7.04934e-02	2.14517e-02	-4.16737e-01
1.43008e-01	7.60593e-01	9.84367e-01	-3.36480e-01
1.13512e+00	6.47767e-01	1.91735e+00	4.93134e-01
1.50638e+00	6.86299e-01	1.46853e+00	-4.90787e-01
9.45558e-01	-5.46016e-01	1.56431e-01	-1.50648e-01
6.80972e-01	2.09489e-01	9.69480e-01	-8.34289e-01
5.54803e-01	-9.42836e-01	1.12870e+00	4.03735e-01
