# No. of particles = 100 
# Proton - Solar wind	Electron - Solar wind	
3.88648e-01	5.22862e-01	8.90432e-01	-3.67848e-01
9.23220e-01	8.17804e-01	5.52439e-01	2.04337e-01
1.33778e+00	8.20417e-02	1.81768e+00	9.44205e-01
5.50555e-01	-2.25552e-01	4.53355e-01	-9.97327e-01
3.72304e-01	1.55964e-01	1.79027e+00	-7.12417e-01
9.15792e-01	1.29063e-01	6.71398e-01	2.01704e-01
7.72760e-01	-2.23314e-03	6.81719e-02	-6.58700e-01
3.82467e-01	-6.80009e-01	1.77781e+00	5.15436e-02
5.63978e-01	2.71728e-01	2.62604e-01	-4.67853e-01
4.71346e-01	-2.04474e-02	1.97602e+00	5.61826e-01
6.13511e-01	-1.33103e-01	2.79720e-01	-5.97511e-01
8.75690e-01	1.11783e-01	6.35929e-01	-5.19560e-01
1.38984e+00	-1.20385e-01	1.31639e+00	7.37606e-01
4.28256e-01	7.00272e-03	3.94113e-01	-7.54274e-01
8.02769e-01	-8.64653e-01	1.29989e+00	2.02756e-01
4.08882e-01	-5.12549e-01	1.60458e+00	8.94244e-01
4.74539e-02	-8.16075e-01	1.42025e+00	-3.55422e-01
1.02991e-01	-5.46802e-01	1.27837e+00	3.71958e-01
7.45986e-01	9.10330e-02	1.80455e+00	-2.15684e-01
3.26659e-01	-6.49242e-01	2.45771e-02	-6.53258e-01
9.80716e-01	6.40230e-01	4.56453e-01	-2.97670e-01
2.50010e-01	-7.08310e-01	9.85768e-02	-9.75017e-01
1.73075e+00	1.68803e-01	8.52184e-01	-8.48787e-01
3.26385e-01	6.61168e-01	1.33410e+00	-2.67098e-02
3.00868e-01	-7.44020e-01	1.78965e-01	-6.27309e-02
5.06881e-01	-9.37716e-01	1.36246e+00	8.60365e-01
1.28487e-01	6.36086e-02	2.81743e-01	-2.85958e-01
4.26515e-01	2.35846e-01	1.97811e-01	-2.17627e-01
1.59858e+00	-5.09934e-02	1.37361e-01	-9.26291e-01
1.43077e+00	5.18316e-01	2.97218e-01	-4.08667e-01
1.28724e+00	8.12462e-01	1.61182e+00	3.05313e-01
1.87817e+00	-8.39218e-01	4.05094e-01	1.63052e-01
2.79596e-01	1.63240e-01	3.30704e-01	-3.63331e-01
1.88802e+00	-4.57065e-01	5.09391e-01	-8.16097e-01
7.16397e-01	-3.91616e-01	3.90741e-01	-3.82866e-01
4.40601e-01	-8.97418e-01	1.23160e+00	6.27581e-01
1.84011e-01	-6.06401e-01	2.04192e-01	-7.49258e-01
7.37772e-01	-8.33951e-01	2.38770e-02	-9.57770e-01
4.59192e-01	7.58094e-01	1.77177e-01	-9.18690e-01
5.46271e-01	-6.68044e-01	1.05705e+00	-6.83550e-01
1.28766e-01	-1.68769e-01	1.86175e+00	-7.24069e-01
1.67862e-01	1.22305e-01	1.15625e+00	4.14427e-01
2.38221e-01	-7.41184e-01	7.85175e-01	-3.29898e-01
3.68025e-01	-6.28694e-01	1.84737e+00	-3.59962e-01
4.89098e-01	5.66693e-01	8.55274e-01	-5.34001e-01
1.08537e+00	-3.56902e-01	1.14671e-01	-5.45893e-01
1.86571e+00	3.64149e-01	1.75185e+00	2.38313e-01
1.18770e+00	-3.50750e-01	1.27285e+00	-7.49682e-01
1.10847e-01	-5.23140e-01	1.01050e+00	-6.97152e-01
4.21197e-01	1.13108e-01	5.51342e-01	4.51916e-01
7.76400e-01	-5.42759e-01	3.47530e-01	8.67797e-01
4.65182e-01	-8.62310e-01	7.01103e-03	-9.06721e-01
5.41036e-01	-5.32360e-01	7.19169e-01	-8.12131e-01
6.51617e-01	-2.31285e-02	1.01094e+00	-7.52665e-01
5.90340e-01	-3.48926e-01	1.06421e+00	-1.93222e-01
3.48479e-02	-9.88464e-01	3.91043e-02	-9.77390e-01
1.13350e-01	-2.95576e-01	2.11411e-01	-1.77509e-01
3.56811e-01	-4.32016e-01	1.92017e+00	2.05674e-01
7.34804e-03	-9.94656e-01	2.66283e-01	-8.50823e-01
1.94907e-01	-7.76419e-01	5.96018e-01	-6.66330e-01
1.71155e-01	-3.01286e-01	1.43299e+00	-5.63947e-01
1.18634e-01	3.70025e-01	6.40969e-01	-6.78446e-01
4.65605e-01	-1.79824e-01	3.72821e-01	-4.16341e-01
1.10774e+00	5.97777e-01	1.01186e+00	-3.44599e-01
2.46676e-02	-9.70998e-01	1.72899e+00	-5.84790e-01
6.03598e-01	-6.41988e-01	7.57170e-01	1.17306e-01
8.14782e-02	-5.20101e-01	1.92993e+00	5.92785e-01
5.05683e-02	-9.46233e-01	6.80085e-01	4.68103e-01
1.01041e+00	7.83147e-01	1.50482e-02	3.71031e-01
1.17905e+00	8.05412e-01	1.90480e+00	8.15275e-02
1.34262e+00	2.12489e-01	3.34461e-01	-9.87790e-02
1.40524e+00	6.33065e-01	1.66132e+00	6.33155e-01
2.67166e-01	-5.32661e-01	1.45905e+00	-7.29056e-01
4.88754e-01	-4.02540e-02	1.42120e-02	-7.85466e-02
6.04245e-01	-4.76258e-01	1.93399e-01	-8.16162e-01
4.26054e-02	1.65288e-01	7.51557e-01	-1.97282e-01
3.70906e-02	-9.57801e-01	6.04394e-01	-1.70375e-01
6.26212e-01	-2.11672e-01	1.11901e+00	-9.96606e-01
4.90905e-01	-3.00446e-01	6.33067e-01	-6.82942e-01
1.52068e+00	8.07750e-01	1.18362e+00	-8.91129e-01
2.05362e-03	-9.98601e-01	1.21415e+00	8.31613e-01
1.14322e+00	5.57074e-01	1.18983e+00	-7.80449e-01
1.20766e+00	3.28431e-01	1.81300e-01	-7.00489e-01
2.56330e-02	3.11633e-01	4.14213e-01	-7.82518e-01
1.96777e+00	-8.82180e-02	1.32007e-01	9.27735e-02
2.88130e-01	1.68292e-01	6.40736e-01	-2.59792e-01
4.03828e-01	-3.96588e-01	1.05152e+00	-3.88007e-02
1.97560e+00	-6.10662e-01	1.08499e-01	-5.85549e-01
1.15383e+00	-9.33494e-01	8.77710e-01	-3.26491e-01
5.78998e-02	-9.78699e-01	5.62423e-01	-8.99942e-01
1.41940e-01	-6.34886e-01	1.29322e+00	-1.82968e-01
5.71209e-02	-9.97922e-01	6.25696e-01	-2.67813e-01
6.47774e-01	2.65471e-01	6.87889e-01	-1.98988e-01
3.59906e-01	-5.32936e-01	2.87723e-01	2.36945e-01
1.01211e+00	3.79010e-01	8.66486e-02	4.96865e-01
1.90255e-01	-8.52008e-01	1.13871e+00	8.45482e-01
3.24065e-01	1.81933e-01	1.77234e+00	5.61038e-01
7.36050e-01	7.28682e-01	1.16787e+00	-3.68666e-01
1.90142e+00	7.49883e-01	1.09739e+00	-1.09494e-01
7.58013e-01	-8.18212e-01	1.82681e+00	-3.95263e-01
