# No. of particles = 100 
# Proton - Solar wind	Electron - Solar wind	
2.34394e-01	-2.19212e-01	9.82744e-01	-4.43874e-02
1.98196e-01	-6.37019e-01	2.82454e-01	-8.57033e-01
9.37769e-01	-2.36588e-01	1.84650e+00	4.13798e-01
4.93798e-01	-1.37880e-03	1.29766e-02	-9.76317e-01
4.29351e-02	-9.17270e-01	1.47959e-01	-8.84988e-01
1.90679e-01	8.30340e-01	1.40035e+00	-7.94614e-01
1.77091e-01	-7.64757e-01	1.86690e+00	-1.62821e-01
4.89247e-01	-2.01854e-01	2.54306e-01	-7.46763e-01
3.87038e-02	4.24615e-01	1.55844e+00	-8.02982e-02
5.54838e-01	6.09655e-01	1.81146e+00	-1.75375e-01
1.39113e+00	9.66225e-01	4.64141e-01	-5.67733e-01
6.19119e-01	-2.12494e-01	2.16982e-01	-3.59564e-01
1.12842e+00	-2.90049e-01	1.32719e+00	4.14931e-01
1.05965e-01	-8.96086e-01	5.83390e-01	-7.10126e-01
3.95648e-01	-9.29893e-01	2.35086e-02	-3.13254e-01
2.56092e-01	2.97402e-01	1.35308e+00	4.06301e-01
1.01820e-01	8.40088e-01	1.15258e+00	-5.93995e-01
4.36768e-02	-8.62700e-01	2.99355e-01	1.37779e-01
1.26903e-01	-8.17990e-01	7.49032e-01	-7.70263e-01
9.61325e-02	-8.32170e-01	4.64285e-01	-6.99367e-01
6.81903e-01	1.14268e-01	1.90055e+00	-9.97531e-01
1.37144e+00	9.77310e-01	7.25755e-03	-6.56461e-01
3.25739e-01	-8.36324e-01	6.32914e-01	-7.40888e-01
2.66308e-01	3.79204e-01	1.35134e+00	3.28318e-01
1.29128e+00	-4.22645e-01	1.04608e+00	2.73312e-01
6.92039e-02	-9.56187e-01	9.39579e-01	-1.30493e-01
2.30121e-01	-1.20645e-01	8.01527e-01	7.79158e-02
5.28424e-02	-9.11689e-01	1.81260e+00	9.38857e-03
1.93306e+00	-1.57888e-01	1.61147e+00	-7.99993e-01
8.18895e-01	-1.26511e-01	1.60913e-02	-9.31863e-01
6.39167e-01	-1.50203e-01	1.05242e+00	-6.31402e-01
1.40973e-01	7.61973e-01	3.58959e-01	-4.00819e-01
1.08354e+00	8.96519e-01	1.31905e+00	-4.84422e-01
5.32510e-01	-8.36349e-01	9.86581e-01	8.77056e-01
2.22778e-01	5.37831e-01	3.51121e-01	5.76803e-01
1.57946e-01	-9.59329e-01	1.82536e+00	7.61616e-02
9.22911e-01	-2.87192e-01	5.98403e-01	-2.05857e-01
2.71596e-01	-9.34905e-01	1.21048e+00	7.84783e-01
2.61803e-01	-1.62818e-02	4.65954e-01	6.58904e-01
1.23054e-01	7.19127e-02	1.41738e+00	7.80068e-01
3.95835e-01	7.25343e-02	1.75635e+00	-8.24287e-01
1.27559e+00	3.31636e-01	1.27928e+00	9.09642e-01
8.98540e-01	5.48176e-01	5.92416e-01	-3.38742e-01
1.93214e-01	-8.64876e-01	1.08515e-01	-9.38048e-01
2.99204e-01	-5.85907e-02	1.92664e+00	5.66655e-01
1.53369e-01	-9.22877e-01	6.08825e-01	-7.95274e-02
1.53098e+00	1.19349e-01	1.33113e+00	7.44964e-01
3.29455e-01	1.24489e-01	2.78821e-01	4.67972e-01
1.59705e+00	8.12856e-01	1.64731e+00	3.80315e-01
4.49309e-02	1.51109e-01	1.63572e+00	3.52201e-02
2.99819e-01	-8.86572e-01	8.62720e-01	-6.94062e-02
1.64828e+00	1.08416e-01	7.34700e-01	-2.01613e-01
3.42696e-01	-3.90121e-01	8.36931e-01	5.40069e-01
1.39603e+00	2.93392e-01	7.98167e-01	-2.35877e-01
1.50823e+00	8.06312e-01	9.00888e-01	-8.53350e-01
1.96556e+00	-2.21352e-01	1.62735e-03	-9.63633e-01
5.23750e-02	-9.74107e-01	1.69720e+00	-9.90137e-01
1.02255e+00	-6.61286e-01	1.02341e+00	-2.24367e-01
5.26226e-01	1.31473e-01	4.40141e-01	3.33638e-01
1.56223e+00	7.51726e-01	1.48006e+00	-3.72859e-02
5.19342e-01	1.99910e-01	1.90015e+00	1.18217e-01
2.51033e-02	2.33419e-01	1.53914e+00	7.38062e-01
1.84548e-01	-7.47184e-01	1.44186e-02	8.80348e-01
5.34228e-01	-2.43952e-01	1.33453e+00	-2.89403e-01
2.00079e-01	-4.38531e-01	1.12359e+00	1.66814e-01
3.65027e-01	-7.82706e-01	1.59604e+00	9.11113e-01
7.22924e-01	1.05680e-01	1.10690e+00	-6.45028e-01
6.52534e-01	7.69440e-01	2.49440e-01	-8.87273e-01
8.03084e-01	4.20837e-01	8.27279e-01	6.96646e-01
6.74865e-01	-1.36786e-03	2.25592e-02	-8.83594e-01
1.78018e+00	-5.95240e-01	4.62795e-01	-4.65481e-01
1.71976e+00	2.76416e-01	2.07818e-01	-6.22427e-01
2.37314e-02	-9.72411e-01	1.36148e+00	-5.53004e-01
7.83169e-02	-8.63220e-01	1.30357e-01	-9.51442e-01
5.15322e-01	-5.70253e-01	4.33323e-02	-8.63742e-01
1.32376e+00	-5.52583e-01	5.01193e-01	-8.94209e-01
1.85889e+00	6.30276e-01	2.99632e-01	-4.15458e-01
1.93418e-01	-4.89463e-01	1.96802e+00	5.13955e-01
1.95996e-02	-9.70048e-01	8.67546e-01	-5.47001e-02
4.29048e-01	-5.21179e-01	8.24920e-01	3.69789e-01
1.66949e+00	-6.41823e-01	1.01738e+00	-9.28507e-01
1.41361e+00	3.29224e-01	1.74063e+00	3.24245e-01
9.46929e-01	2.73959e-02	1.65402e+00	5.04891e-01
1.08669e-01	-4.02133e-01	1.23649e+00	-2.20298e-01
9.20517e-01	8.82873e-01	7.02265e-02	-9.37972e-01
2.30238e-01	-2.95041e-02	1.58095e+00	8.96228e-01
3.16368e-01	-5.11857e-01	6.00498e-01	-4.09627e-01
5.58710e-01	-1.29942e-01	1.96131e+00	-8.95996e-01
1.89229e+00	2.23797e-01	3.79177e-02	-5.20926e-02
1.14535e+00	8.09646e-01	1.69602e+00	-1.52701e-01
1.14462e-01	-7.28265e-01	1.15693e+00	-5.42261e-01
1.23031e+00	1.55560e-01	1.73322e-01	-9.13959e-01
5.37806e-01	3.94309e-02	3.40758e-01	3.15230e-01
1.44305e-01	-8.86322e-01	1.59949e-01	-8.47531e-01
3.74004e-01	-6.91868e-01	1.93039e+00	6.94497e-01
2.46589e-01	-8.56315e-01	1.90694e+00	4.07238e-01
1.81566e+00	2.93584e-01	1.05472e+00	8.78570e-01
1.87607e+00	-5.42385e-01	8.33331e-01	-5.34904e-01
1.48208e+00	5.62464e-01	1.88811e+00	5.13484e-01
1.27985e+00	9.92513e-01	9.36246e-01	-1.08289e-01
