# No. of particles = 100 
# Proton - Solar wind	Electron - Solar wind	
6.30188e-01	-1.79818e+00	3.82422e+00	-4.77950e-01
4.22351e-01	1.37503e+00	5.80421e+00	3.37518e-01
1.83498e-02	-2.40284e+00	2.98967e+00	3.36077e+00
7.70709e+00	6.26053e-01	8.20652e+00	3.25046e+00
9.77310e+00	4.30076e+00	6.06310e+00	3.37384e+00
8.03843e+00	4.98977e-01	4.67774e+00	-3.88589e+00
9.51850e+00	1.56704e+00	7.83085e+00	-4.90083e+00
7.32736e+00	3.11312e+00	6.82125e+00	-3.09344e+00
9.65905e+00	4.04728e+00	5.40597e+00	-1.47026e+00
8.60805e+00	-3.15982e+00	8.83650e+00	-2.62257e+00
7.82348e+00	-3.22435e+00	3.87099e-01	-4.31175e+00
9.36846e+00	-4.66693e-01	9.83396e+00	3.98868e-01
8.80672e+00	1.40918e+00	2.13759e+00	3.92624e+00
5.92679e+00	-2.00455e+00	7.09133e+00	4.90207e+00
4.71016e+00	6.13590e-01	7.37731e+00	4.10247e+00
8.68949e+00	-4.87225e-02	2.21467e+00	1.01003e+00
6.35793e+00	3.72451e+00	3.44908e+00	6.47505e-01
9.33619e+00	4.12056e-01	8.30861e+00	-5.95840e-01
5.19219e+00	-3.08535e-01	2.76498e+00	-3.71868e-01
8.24170e+00	-5.89915e-01	7.20989e+00	3.25350e+00
6.88750e+00	-2.21211e+00	2.68733e+00	-1.68300e+00
7.88283e+00	-1.68157e+00	4.39108e+00	-2.00000e+00
7.56627e+00	-1.59228e+00	2.52586e+00	6.69455e-01
8.63237e+00	2.21377e+00	9.53204e+00	-4.21423e+00
8.82113e+00	4.01981e+00	7.68386e+00	3.01963e+00
9.45437e+00	4.74294e+00	9.29671e+00	-2.50015e+00
7.76468e+00	-2.96167e+00	1.36394e+00	1.12322e+00
9.66950e+00	4.88175e+00	7.36284e+00	-1.23303e-01
4.66392e+00	3.67528e-01	2.25172e+00	-2.20941e+00
8.37126e+00	-3.96838e+00	8.25690e+00	-2.09470e+00
8.65241e+00	-7.05202e-01	9.13783e+00	-3.51420e+00
8.06222e+00	3.32214e+00	8.79136e+00	-2.11589e+00
7.84552e+00	1.63331e+00	8.28650e+00	8.04990e-01
9.35363e+00	4.08967e+00	8.00242e+00	2.58597e+00
9.47823e+00	-2.03831e-01	3.33705e+00	-3.21467e+00
9.07747e+00	5.40074e-01	1.25018e+00	-2.34738e+00
9.63638e+00	-1.68872e+00	1.83626e-03	-2.66319e-01
6.44081e+00	8.14672e-01	3.65173e+00	-1.65786e+00
8.44485e+00	2.40804e+00	5.15877e+00	3.80377e+00
9.96147e+00	3.05854e+00	8.12065e+00	-1.19851e+00
5.99569e+00	-8.97848e-01	6.90958e+00	2.37584e+00
9.37301e+00	-9.26641e-01	1.26461e+00	2.21566e+00
9.59602e+00	1.96825e+00	5.43192e+00	-7.03700e-01
9.96199e+00	-1.75223e+00	9.36065e+00	8.90348e-01
4.57323e+00	9.99685e-01	3.67549e+00	1.14211e+00
9.13029e+00	-4.07309e+00	4.25861e+00	-1.36161e+00
9.06202e+00	3.69405e+00	4.14352e+00	-1.02674e+00
8.30621e+00	1.07333e+00	2.74686e+00	-3.92840e+00
9.51861e+00	2.24229e+00	9.32428e+00	5.92702e-01
9.04240e+00	-4.24203e+00	1.56959e+00	-2.24351e+00
9.08127e+00	-1.38212e+00	8.32407e-01	-2.47380e+00
9.87568e+00	-2.69296e+00	7.98546e+00	-3.17259e+00
7.01260e+00	-2.44695e+00	2.54430e-02	-4.61855e+00
7.69677e+00	-5.57927e-01	5.71226e+00	2.42478e+00
9.07083e+00	-2.27809e-01	7.07168e+00	3.88370e+00
8.19227e+00	1.89245e-01	3.70941e+00	-5.19019e-01
9.59727e+00	-1.74260e+00	8.45384e+00	4.04537e+00
8.31429e+00	-7.63943e-01	9.86671e+00	2.28914e+00
9.97137e+00	-9.98441e-01	7.23205e+00	4.90338e+00
9.15789e+00	4.71725e+00	2.99007e+00	-3.96232e+00
9.38843e+00	2.98978e+00	9.87972e+00	-1.25332e+00
9.04133e+00	3.13806e+00	5.22628e+00	-8.44515e-01
7.88308e+00	3.84863e-01	9.94665e+00	-4.46251e-01
7.59049e+00	-2.47796e+00	7.19155e+00	-2.80502e+00
8.85996e+00	3.20254e+00	2.69884e+00	-9.98081e-01
9.33927e+00	-3.42984e-01	5.39815e+00	2.92826e+00
7.42482e+00	2.60071e+00	4.79705e+00	3.41846e+00
9.45523e+00	-3.57045e+00	8.22284e+00	-1.03986e+00
8.62938e+00	5.93115e-01	8.46132e+00	2.40268e+00
9.67509e+00	-2.21170e+00	5.85075e+00	4.68271e-01
7.26116e+00	1.68239e+00	9.96642e+00	-4.71509e+00
7.60574e+00	-1.57419e-01	8.71538e+00	-1.60940e+00
8.04556e+00	1.36915e+00	3.70511e+00	-3.43908e+00
5.34838e+00	5.82585e-01	9.03985e+00	-2.17239e+00
8.32688e+00	-1.58568e-03	7.36272e+00	-1.86551e+00
9.50794e+00	-2.35107e+00	5.27309e+00	-2.41732e+00
9.80421e+00	-1.30562e-02	8.45880e+00	3.02712e+00
7.98153e+00	1.11045e+00	5.52750e+00	2.30894e+00
9.75223e+00	-2.21480e-01	5.86244e+00	3.54237e+00
9.47834e+00	-2.34656e+00	6.40896e+00	1.59365e+00
6.38723e+00	3.78496e+00	9.71027e+00	1.09835e+00
9.17371e+00	-2.21878e-01	2.96946e-01	-1.78577e+00
7.64390e+00	6.35921e-01	6.02941e+00	-4.68768e+00
9.94098e+00	2.48575e+00	9.57886e+00	9.78926e-01
6.26532e+00	1.19714e+00	7.78686e-01	-1.84821e+00
7.63045e+00	-3.46463e+00	9.89441e+00	7.25279e-01
9.09503e+00	2.68099e+00	8.43550e+00	4.46193e+00
8.88731e+00	1.84635e+00	6.32681e+00	4.57243e-02
9.62962e+00	-1.78442e+00	9.82290e+00	-2.70336e+00
9.02143e+00	-3.14384e+00	8.69204e+00	1.14305e+00
6.85695e+00	2.61154e+00	1.34648e+00	-5.54010e-01
8.67889e+00	-2.64324e-01	3.63041e+00	3.12605e+00
7.35151e+00	3.35807e+00	2.27657e+00	-2.76636e+00
8.08293e+00	-4.07185e+00	9.66870e+00	3.30478e+00
7.75325e+00	4.89041e-01	8.99901e+00	2.42427e+00
9.79738e+00	-1.73573e+00	4.87529e+00	-4.69620e-01
8.68050e+00	-1.64948e+00	8.07076e+00	3.03862e-01
6.24573e+00	-1.92556e+00	5.27774e+00	1.10716e+00
8.60120e+00	-3.04085e+00	4.45065e+00	2.52338e+00
8.57691e+00	-2.42523e+00	2.15523e+00	-2.95169e+00
