# No. of particles = 100 
# Proton - Solar wind	Electron - Solar wind	
9.85887e+00	3.99842e+00	1.81840e-01	4.11697e+00
1.07175e+00	1.21241e+00	6.91896e+00	-1.67538e+00
5.05602e-01	2.27361e+00	3.04439e+00	3.86216e+00
1.46538e-01	-2.39108e+00	4.04745e+00	4.45585e+00
9.98692e+00	-2.29877e+00	5.04543e+00	-4.82827e+00
8.37389e+00	-1.83175e-01	7.64309e+00	-1.18521e+00
8.20569e+00	-2.85156e+00	2.94573e-01	3.89873e+00
5.09387e+00	2.93669e+00	9.58301e-01	3.61056e+00
9.78349e+00	2.31339e+00	8.43387e+00	-2.05092e+00
6.65643e+00	-4.02389e-01	4.44960e-01	3.29056e+00
9.58728e+00	-9.08111e-01	9.86191e+00	-4.03922e+00
9.85229e+00	-1.99859e+00	3.49952e-02	4.83905e+00
9.25581e+00	-3.86065e+00	9.10401e+00	-2.10343e+00
9.47256e+00	-2.32951e+00	9.54249e+00	-2.72561e+00
9.21703e+00	1.92270e-01	5.86077e+00	2.55255e-02
9.97238e+00	8.42095e-02	9.37935e+00	-2.69481e+00
8.36040e+00	2.77913e+00	8.90277e+00	-2.92903e+00
8.53013e+00	-4.43634e+00	8.91033e+00	4.30969e+00
8.97339e+00	6.39302e-01	9.08954e+00	1.05440e+00
4.95160e+00	3.11523e+00	6.51211e+00	-1.69685e+00
7.07305e+00	1.35376e+00	5.64904e+00	2.84356e+00
8.31115e+00	2.03048e-01	8.81764e+00	1.51923e+00
9.74395e+00	9.56835e-01	1.54536e+00	4.28509e+00
8.70696e+00	-3.86075e+00	7.07882e+00	8.77932e-01
9.21028e+00	-2.04700e+00	6.07938e+00	6.97207e-01
9.07638e+00	-1.81118e+00	5.70200e+00	-3.38794e+00
8.90676e+00	-2.26311e+00	7.47130e+00	-3.98593e+00
5.94699e+00	2.10065e+00	7.03101e+00	-1.60489e+00
7.37758e+00	2.27452e+00	7.45555e+00	-2.98165e+00
7.77659e+00	3.33626e+00	8.10185e+00	5.98017e-01
8.13352e+00	2.24100e+00	6.74838e+00	-2.94162e+00
9.13386e+00	3.33599e-01	9.73651e+00	1.67308e+00
6.13627e+00	-2.99457e+00	9.67432e+00	1.87666e+00
9.90526e+00	-3.84989e+00	8.65105e+00	-3.68915e+00
8.65367e+00	3.43295e+00	6.81446e+00	-1.44424e+00
9.98212e+00	3.33019e+00	9.81974e+00	-1.45733e-01
3.76068e+00	-3.33885e+00	1.69819e-01	1.53528e+00
4.13266e+00	-1.95288e+00	5.75150e+00	4.02679e+00
9.50088e+00	-1.21851e-01	8.18044e+00	4.55064e-01
9.74561e+00	2.40314e+00	6.65880e+00	1.03776e+00
8.42035e+00	2.45229e+00	8.04289e+00	-4.37089e+00
8.79026e+00	-3.00378e+00	2.84316e+00	-3.86992e+00
9.27523e+00	4.23967e+00	4.28316e+00	-2.50564e-01
8.88779e+00	4.42743e+00	2.37860e+00	-1.07592e+00
7.57397e+00	-1.04858e+00	7.76093e+00	-4.62636e-01
6.52042e+00	3.39835e+00	9.04425e+00	2.21034e+00
6.29043e+00	-4.12028e+00	9.09351e+00	-1.53676e+00
6.83931e+00	2.78781e-01	8.52784e+00	-3.54476e-03
5.45646e+00	9.28405e-01	9.51668e+00	-1.94141e+00
9.82131e+00	1.62895e+00	9.77588e+00	-8.26949e-01
6.93239e+00	-1.82296e+00	5.41237e+00	-2.05430e+00
9.21105e+00	3.87610e+00	6.04259e+00	4.09318e+00
7.82510e+00	-4.48894e-01	7.47837e+00	-2.57181e+00
9.37797e+00	-1.24025e-01	1.28744e+00	9.15355e-01
8.97728e+00	4.28009e+00	5.55507e+00	-3.87367e+00
8.55080e+00	3.85876e+00	2.55988e+00	2.98552e-01
8.75868e+00	2.30602e+00	8.06052e+00	2.55852e-01
9.80100e+00	-3.99089e+00	9.56666e+00	4.29294e+00
6.61951e+00	-3.60848e+00	2.10186e+00	2.99506e+00
9.88887e+00	-8.95587e-01	5.64148e+00	-1.53823e+00
7.13126e+00	-3.02791e+00	3.17360e+00	4.74398e+00
9.07567e+00	4.53531e+00	9.62276e+00	-1.25197e+00
7.58957e+00	-2.72037e+00	2.08497e+00	-6.78912e-01
7.83133e+00	-1.77629e+00	5.41922e+00	2.90571e+00
9.94509e+00	5.91961e-01	9.15602e+00	3.34698e+00
9.84189e+00	-3.49461e+00	2.17079e-01	-1.41917e-01
9.64554e+00	1.88839e+00	7.76091e+00	4.69997e+00
8.46894e+00	2.41343e+00	2.86226e+00	-1.05714e+00
9.35812e+00	3.22975e+00	8.56243e+00	-2.58310e+00
7.98042e+00	-1.91953e+00	2.99732e+00	-3.94528e+00
9.89606e+00	-3.93032e+00	8.51930e+00	-1.28389e+00
9.79354e+00	-3.14905e+00	6.40625e-01	7.51612e-01
6.03247e+00	-2.37396e+00	2.91841e+00	4.15622e+00
9.07355e+00	-3.85346e+00	3.61242e+00	2.81702e+00
9.72471e+00	-1.54088e+00	7.74723e+00	-7.26427e-01
9.61083e+00	-4.85842e-01	8.55035e+00	2.44294e+00
8.19707e+00	-4.45693e+00	8.26934e-01	1.08447e+00
9.78808e+00	-2.32661e+00	3.35882e+00	-2.89289e+00
6.87767e+00	4.04708e+00	6.00723e+00	-3.18914e-01
9.99139e+00	1.54792e-01	7.07509e+00	3.88261e+00
8.55810e+00	2.48892e+00	8.07005e+00	2.62752e+00
8.49759e+00	4.90287e+00	4.60461e+00	-2.47334e+00
8.65800e+00	-1.30810e+00	7.52391e+00	4.09351e+00
9.93911e+00	-1.29463e+00	9.10511e+00	2.01571e+00
8.84366e+00	-1.30386e+00	9.71642e+00	-4.34132e+00
6.55815e+00	2.84077e+00	9.50817e+00	-9.93200e-01
6.55549e+00	-2.10792e+00	5.29923e+00	4.65585e+00
9.95644e+00	1.17692e+00	3.14979e+00	-2.79416e+00
5.40113e+00	-1.15704e+00	4.10337e-01	-3.82654e+00
9.39283e+00	2.26810e+00	9.68174e+00	5.02971e-01
4.97663e+00	1.64595e+00	1.27338e+00	-1.83552e+00
8.87788e+00	1.53093e+00	7.35056e+00	2.39000e+00
8.82038e+00	4.05367e+00	2.95484e+00	-2.21675e+00
9.97996e+00	2.35190e+00	9.68344e+00	3.84304e+00
9.87204e+00	1.26093e+00	6.64896e+00	3.08852e+00
8.82936e+00	-2.73217e+00	6.82786e+00	1.80813e+00
8.85953e+00	-1.91985e-01	5.95948e+00	-2.25376e+00
9.44802e+00	4.41135e+00	4.76769e-01	3.24308e+00
9.61157e+00	1.29174e+00	9.09754e+00	3.95002e+00
9.49074e+00	4.45838e+00	1.80775e+00	-4.21214e-02
