# No. of particles = 100 
# Proton - Solar wind	Electron - Solar wind	
7.53255e+00	2.79030e+00	8.86960e+00	-4.92752e+00
9.18802e+00	-4.35492e+00	5.82890e+00	4.21064e-02
8.43437e+00	-1.31269e+00	9.95939e+00	7.97633e-01
9.26102e+00	-3.82696e+00	1.01147e+00	-2.08022e+00
5.16129e+00	-3.01898e+00	6.87353e+00	3.90013e+00
7.77997e+00	-4.12544e+00	9.46883e+00	-2.10557e+00
9.78285e+00	-4.16802e+00	9.19091e+00	-4.32800e+00
8.37957e+00	-3.59825e+00	2.17771e+00	-4.25977e+00
7.53522e+00	-2.14348e+00	3.55576e+00	4.53058e+00
8.42677e+00	-2.79780e+00	2.40956e-01	6.99476e-01
8.48472e+00	-4.35362e+00	2.33978e+00	-4.94514e+00
5.37376e+00	-3.13347e+00	3.29986e+00	-2.15741e-01
8.14002e+00	-1.34958e+00	7.31686e+00	-3.66194e+00
6.88813e+00	-2.15151e+00	7.73363e+00	2.32574e+00
8.68488e+00	-6.42968e-01	8.90476e+00	-3.79895e+00
8.04148e+00	2.99318e+00	5.01692e+00	-7.67622e-01
7.97535e+00	-9.17975e-01	7.65958e+00	-2.35329e+00
6.76384e+00	-1.61967e+00	9.74660e+00	7.38371e-01
7.42535e+00	-1.15431e+00	4.93200e+00	4.13060e+00
7.96771e+00	-7.16143e-01	6.48624e+00	-1.66519e+00
5.77642e+00	8.05491e-02	8.05158e+00	4.21752e+00
8.40409e+00	3.46052e-01	9.35853e+00	4.19003e+00
9.76457e+00	1.38179e+00	6.78379e+00	-8.74335e-01
7.56222e+00	1.16050e+00	9.01665e+00	-2.52963e+00
5.66037e+00	-1.36230e+00	6.10973e+00	-3.58344e+00
8.93671e+00	2.67154e+00	5.74670e+00	3.45407e+00
9.77110e+00	4.65237e+00	7.75746e-01	3.75945e+00
3.51463e+00	2.78461e+00	1.83803e-01	2.29313e+00
8.06548e+00	4.96611e+00	4.04212e+00	-1.72715e+00
8.46287e+00	4.03464e+00	8.20985e+00	-2.23561e+00
6.74826e+00	2.88610e+00	8.15780e+00	-2.22105e+00
8.57342e+00	4.32585e+00	6.94172e+00	8.22642e-01
9.83696e+00	4.30958e+00	8.52520e+00	1.51560e+00
5.13010e+00	1.27465e+00	4.14520e+00	-3.04532e+00
7.10268e+00	-2.17876e+00	5.31209e+00	-4.39933e+00
9.27020e+00	-4.21695e+00	7.24022e+00	-2.93660e+00
7.66703e+00	-4.75562e+00	7.59294e+00	-4.60768e+00
8.06172e+00	-3.68296e+00	7.28755e+00	1.93565e+00
8.84048e+00	-1.59304e+00	7.41962e+00	2.22482e+00
7.38574e+00	-4.56366e+00	5.90971e-01	-4.08560e+00
7.58129e+00	-3.76293e+00	6.19737e+00	-9.62677e-01
7.69966e+00	-1.89281e+00	9.35492e+00	-2.54932e-01
9.44386e+00	7.28609e-01	6.00220e+00	-3.57409e+00
7.34713e+00	-8.46884e-01	5.99199e+00	4.80192e+00
7.82406e+00	-3.06724e+00	1.07417e-01	7.60776e-01
7.18468e+00	-2.71970e+00	7.08396e+00	-4.02682e+00
8.63032e+00	-1.49263e+00	7.51156e+00	-2.94997e+00
6.93490e+00	-1.32050e+00	7.43183e+00	1.05169e+00
7.47920e+00	-8.29177e-01	8.15582e+00	1.45698e+00
6.79205e+00	-1.89260e+00	7.34751e+00	-2.66284e+00
9.21998e+00	3.26104e+00	6.48454e+00	-1.03016e+00
8.05823e+00	-1.91941e+00	3.98218e+00	1.56078e+00
7.52052e+00	-9.03511e-02	6.36932e+00	-2.99115e+00
7.43926e+00	-3.08933e+00	8.28773e+00	-4.80579e+00
9.09824e+00	-7.62929e-01	6.04471e+00	-3.44713e+00
7.80660e+00	8.35087e-01	1.10073e-01	4.84337e+00
7.97518e+00	-4.93523e-01	4.31537e+00	3.02127e+00
7.56055e+00	1.12519e+00	9.14120e+00	-3.31936e+00
8.79675e+00	-2.85522e+00	4.41021e+00	-4.52592e+00
9.38065e+00	-7.22606e-01	7.09698e+00	-5.29022e-01
6.38017e+00	-2.59604e+00	6.04741e+00	3.83792e+00
5.55449e+00	3.95070e+00	8.13863e-01	-1.26504e-02
7.95526e+00	9.91062e-01	8.42464e+00	2.63021e+00
7.65857e+00	4.52646e-01	8.93773e+00	-2.69179e+00
6.07540e+00	4.46795e+00	9.47046e+00	7.18883e-01
6.52837e+00	-1.35530e+00	3.03981e+00	-3.31093e+00
7.82127e+00	1.00712e+00	7.43152e+00	4.39097e+00
9.08668e+00	4.50639e+00	6.15367e+00	1.50402e+00
7.18452e+00	1.06996e+00	7.22675e+00	1.50757e+00
8.03898e+00	3.78113e+00	4.40747e+00	-1.53577e+00
8.32001e+00	4.21353e+00	1.14785e+00	-1.38605e+00
7.86921e+00	1.80384e+00	6.42861e+00	-3.94129e+00
7.91747e+00	2.17691e+00	5.95637e+00	1.14517e+00
6.35519e+00	9.85744e-01	7.34143e+00	3.70752e+00
8.32826e+00	3.56903e+00	7.12629e+00	2.14872e+00
6.87494e+00	1.03769e+00	8.20779e+00	-9.62634e-01
8.59123e+00	2.26884e+00	8.77445e+00	8.09681e-01
7.77946e+00	3.69782e+00	8.32276e+00	3.02980e+00
8.50606e+00	2.20458e+00	6.17233e+00	-1.04036e+00
7.90264e+00	3.23488e+00	1.96650e-01	2.92527e+00
9.76136e+00	3.43057e+00	4.09268e+00	1.87055e+00
8.21014e+00	3.80149e+00	9.27087e+00	-4.52124e+00
5.76298e+00	3.45096e+00	7.69314e+00	2.68592e+00
8.37376e+00	-1.22879e+00	7.09367e+00	-4.31837e+00
9.15520e+00	-4.09605e+00	9.90062e+00	3.27922e+00
7.40699e+00	-1.55611e+00	3.92192e-02	4.05256e+00
9.77688e+00	-4.27653e+00	8.00744e+00	-4.97952e-01
8.45280e+00	-2.06906e+00	7.82639e+00	-2.49409e+00
7.94817e+00	-3.37541e+00	5.98063e+00	-3.26556e-01
8.58608e+00	-1.94413e+00	6.98432e+00	-4.01386e+00
8.02777e+00	-4.22115e+00	3.05833e+00	-1.57734e+00
8.39433e+00	-1.64024e+00	8.24429e+00	-3.95358e-01
8.15891e+00	-4.62537e+00	8.25054e+00	2.68634e+00
5.87829e+00	-4.08972e+00	8.31822e+00	-3.95372e+00
7.22743e+00	-2.47667e+00	7.13198e+00	2.36399e-01
6.73893e+00	-4.92613e+00	6.55756e+00	-1.65043e+00
8.00007e+00	-2.19765e+00	3.44120e+00	1.07844e+00
8.89808e+00	-9.29628e-01	7.23228e+00	-3.20087e+00
8.75475e+00	-2.03056e-01	6.69679e+00	-1.74266e+00
7.93184e+00	1.42159e+00	7.77473e+00	2.28126e+00
