# No. of particles = 100 
# Proton - Solar wind	Electron - Solar wind	
3.07952e+00	-2.70404e+00	5.80969e+00	-1.51033e+00
4.32309e+00	-4.71155e+00	3.15744e+00	4.25669e+00
4.21152e+00	-3.35244e+00	6.20704e+00	2.66274e+00
6.43158e+00	-3.85813e+00	3.42826e+00	-3.57599e+00
4.13412e+00	-4.14814e+00	6.98426e+00	4.10610e+00
2.30465e+00	-3.69167e+00	1.01120e-01	3.20379e+00
5.48746e+00	-4.20825e+00	1.63573e+00	-2.91432e+00
3.48077e+00	-4.19509e+00	9.63563e+00	-3.65881e+00
4.37221e+00	-4.09681e+00	9.58225e+00	9.94356e-02
3.74827e+00	-3.69784e+00	2.87488e+00	2.04377e+00
3.36970e+00	-2.99243e+00	4.55805e+00	-2.51645e+00
3.76872e+00	-3.14565e+00	3.05175e-01	3.21705e+00
3.79406e+00	-3.82723e+00	8.49052e+00	-4.81832e+00
2.40017e+00	-3.34974e+00	8.96762e+00	-2.55092e+00
3.63748e+00	-1.74151e+00	7.52593e+00	-6.22257e-01
3.07728e+00	-1.97041e+00	7.89059e+00	-1.33741e+00
3.87925e+00	-1.24311e+00	7.52059e+00	-3.77237e+00
5.05288e+00	-6.55561e-01	7.46442e+00	-3.58640e+00
3.59049e+00	5.42205e-01	5.34840e+00	-3.57378e+00
3.56777e+00	-1.25558e+00	6.27984e+00	2.97015e+00
3.02461e+00	-1.23064e+00	4.98902e+00	-4.29647e-01
3.31934e+00	-1.02841e+00	2.27115e+00	4.66659e+00
3.55787e+00	-5.30905e-01	5.03663e+00	5.95618e-01
5.74253e+00	-1.21528e+00	9.05471e+00	-2.46095e+00
2.58208e+00	4.04874e-01	4.12084e+00	-2.89372e+00
3.75196e+00	6.76787e-01	7.57019e+00	-1.78209e+00
4.36580e+00	1.41378e+00	5.12058e+00	-5.04542e-01
3.37995e+00	1.32811e+00	1.52387e+00	-1.41280e+00
2.53016e+00	4.69166e-01	6.04714e+00	-2.74888e+00
3.99791e+00	2.30206e+00	5.35897e+00	-3.26370e+00
4.94949e+00	3.59264e+00	7.25274e-01	3.25829e+00
5.38289e+00	5.30936e-01	4.80735e-01	1.68921e-01
4.36646e+00	3.34404e+00	2.75533e-01	9.69767e-01
1.57250e+00	2.59759e+00	5.90881e+00	-7.99602e-01
4.79563e+00	4.32927e+00	5.04460e+00	1.20163e+00
4.13254e+00	4.47613e+00	4.25682e+00	-2.68408e+00
3.60407e+00	4.39863e+00	6.79903e+00	-1.24525e+00
3.78009e+00	4.12447e+00	5.13014e+00	6.65957e-01
3.01558e+00	3.59042e+00	1.90525e+00	1.25258e+00
3.82780e+00	4.34324e+00	4.81505e+00	-1.63191e+00
4.39825e+00	4.57417e+00	6.37122e+00	4.19769e+00
3.25304e+00	3.33705e+00	5.96252e+00	1.80349e+00
9.51103e+00	3.16936e+00	5.01317e+00	-3.16290e+00
4.04716e+00	-3.74139e+00	5.89072e+00	3.21484e+00
7.95993e+00	-3.32778e+00	3.60246e-01	4.08654e+00
4.13155e+00	-4.46737e+00	4.57869e+00	2.80132e+00
3.41485e+00	-4.74984e+00	2.51405e+00	-7.71383e-01
3.46896e+00	-4.64720e+00	9.33444e+00	2.47667e+00
3.59822e+00	-4.03598e+00	3.02644e+00	4.38043e+00
3.93971e+00	-2.89791e+00	4.35817e+00	-4.93103e+00
3.29608e+00	-4.27916e+00	6.55815e+00	-3.34917e-01
3.38292e+00	-3.75784e+00	5.97044e+00	1.01790e+00
3.43403e+00	-2.79085e+00	6.39960e+00	-3.45920e+00
4.21137e+00	-1.57079e+00	9.97059e+00	-4.39895e-01
4.85512e+00	-3.80853e+00	2.90862e+00	-4.33422e+00
3.27862e+00	-1.94283e+00	8.75109e+00	9.82241e-01
3.48735e+00	-3.07228e+00	2.87164e-01	-4.65593e+00
3.19939e+00	-2.80726e+00	4.15820e+00	-8.97936e-01
3.84624e+00	-2.07542e+00	3.22819e+00	1.39404e+00
3.09089e+00	-1.68920e+00	3.46944e+00	3.72768e+00
3.33773e+00	-1.38241e+00	7.49373e+00	-9.58122e-01
3.02860e+00	-1.76226e+00	7.16764e+00	-2.06127e+00
4.11364e+00	5.63765e-01	1.80709e+00	1.46455e+00
3.59043e+00	-1.69144e+00	8.84133e+00	3.88572e+00
3.35218e+00	-8.66368e-01	8.34766e+00	4.13002e+00
3.31381e+00	-1.94769e+00	4.54807e+00	1.65503e+00
4.05401e+00	-9.42905e-01	5.40229e+00	3.55233e+00
3.48224e+00	-2.34541e-02	4.84591e+00	1.90952e+00
3.55202e+00	-4.77671e-01	5.48610e+00	-3.85919e+00
3.37025e+00	3.93587e-01	9.32990e+00	4.77531e+00
3.92604e+00	-1.35360e+00	8.07908e+00	8.58201e-01
4.18380e+00	-3.75015e-01	3.13545e+00	1.11715e-01
2.84374e+00	-1.04085e+00	2.43268e+00	-2.51376e+00
2.47469e+00	1.85302e+00	9.11361e+00	-4.75579e+00
4.53250e+00	-1.41667e+00	4.80997e+00	-1.31728e+00
3.54717e+00	8.03917e-01	2.50979e+00	7.25990e-01
3.41832e+00	5.14169e-01	7.25773e+00	3.28282e+00
2.70975e+00	2.49555e+00	4.85668e+00	9.40762e-01
2.90765e+00	-1.57234e-01	3.16305e+00	3.53747e+00
3.48423e+00	9.79309e-01	9.67920e+00	-4.88672e+00
5.46073e+00	1.38512e+00	1.38829e+00	-5.92391e-01
4.04951e+00	2.73170e+00	6.35030e+00	-4.93770e+00
5.51242e+00	1.55400e+00	3.35338e+00	2.70256e+00
3.20509e+00	1.56330e+00	3.39318e+00	2.23913e+00
3.58095e+00	2.72604e+00	3.90512e+00	-3.44319e-01
3.71290e+00	3.05701e+00	4.72145e+00	2.34575e-02
3.50598e+00	1.96299e+00	2.53960e-01	-4.05058e+00
3.52630e+00	2.33187e+00	4.27255e+00	3.13038e+00
2.83574e+00	1.96155e+00	3.54319e+00	1.44661e+00
3.71736e+00	3.39852e+00	7.84883e+00	4.13307e+00
3.06576e+00	2.21027e+00	2.09827e+00	-3.33516e-01
5.08465e+00	2.26569e+00	5.42766e+00	3.60417e+00
3.82936e+00	3.02307e+00	5.31356e+00	2.40021e+00
3.46589e+00	3.70573e+00	8.47060e+00	-1.51990e+00
3.78884e+00	3.16152e+00	8.90820e+00	-2.43553e+00
3.52601e+00	3.58727e+00	5.41734e+00	-2.98714e+00
4.35234e+00	3.90017e+00	6.46737e+00	-2.70446e-01
3.65663e+00	4.15350e+00	4.80109e+00	-1.06437e+00
3.73746e+00	4.90744e+00	8.34330e+00	-4.29081e+00
4.66896e+00	4.57951e+00	2.00906e+00	-1.82305e+00
