# No. of particles = 100 
# Proton - Solar wind	Electron - Solar wind	
3.50672e+00	-3.96173e+00	8.78257e+00	-2.38739e-01
8.57621e+00	-4.90555e+00	2.09928e+00	4.44154e-02
9.84859e+00	-3.36849e+00	8.97288e+00	-4.72503e+00
9.77979e+00	-3.41876e+00	5.77378e-01	3.18706e+00
3.01411e+00	-4.63808e+00	7.39605e-02	-1.04757e+00
3.11722e+00	-4.11926e+00	1.49943e-01	-4.85688e+00
3.75232e+00	-4.81822e+00	2.76664e+00	2.17252e+00
1.69958e+00	-1.47489e+00	8.11772e+00	-2.69254e+00
4.46393e+00	-2.83563e+00	2.42301e+00	-7.43431e-01
3.16688e+00	-2.38260e+00	9.19907e-01	-4.52865e+00
3.27149e+00	-2.66037e+00	7.91249e+00	-4.46287e+00
2.46975e+00	-2.39205e+00	6.15018e+00	-1.71588e-01
3.26224e+00	-2.52642e+00	6.75156e-01	4.43505e+00
4.26660e+00	-1.70193e+00	5.25518e-01	-4.02044e+00
4.11923e+00	-1.13744e+00	9.63876e+00	-1.04198e+00
2.74428e+00	-2.52778e+00	4.31436e+00	3.69821e+00
3.52411e+00	-1.27736e+00	2.57534e+00	-1.19520e+00
3.67604e+00	-2.85308e+00	7.14934e+00	9.92223e-01
4.21181e+00	-1.12375e+00	6.34684e+00	4.40697e+00
3.80809e+00	-2.62096e-01	9.43070e+00	3.52430e+00
3.04577e+00	-1.22113e+00	4.36090e-01	-1.62309e+00
4.17073e+00	-6.79480e-01	8.71791e+00	-3.64604e+00
2.17448e+00	1.05787e+00	4.05883e+00	-1.11768e+00
4.41756e+00	5.85428e-01	6.36405e+00	-1.62376e-01
3.66857e+00	-1.41599e+00	3.33197e+00	-2.35605e+00
2.81746e+00	-3.49471e-02	3.03691e+00	3.18476e+00
2.46716e+00	2.25845e-01	2.15038e-01	3.78620e+00
3.15100e+00	4.68779e-01	7.23103e+00	-4.65688e+00
3.58232e+00	1.17753e+00	9.46118e+00	-1.76032e+00
4.03225e+00	6.56766e-01	2.61848e+00	6.07322e-01
2.48789e+00	4.29806e-02	6.69134e+00	-7.49077e-01
3.62079e+00	3.43100e-01	5.24170e-01	2.92870e+00
3.01103e+00	9.79616e-01	4.89138e+00	2.37994e+00
3.49964e+00	7.41986e-01	9.09897e+00	3.52114e+00
3.85086e+00	8.04347e-01	5.36221e+00	-2.94266e+00
3.93814e+00	1.28081e+00	9.52462e+00	-3.45235e+00
3.41181e+00	1.53803e+00	5.96869e+00	-4.77867e+00
2.92457e+00	2.28739e+00	6.71513e+00	-8.43978e-02
2.92637e+00	1.84044e+00	5.37097e+00	2.11719e+00
4.02240e+00	2.62066e+00	5.08643e-02	-3.20400e+00
4.13027e+00	2.96149e+00	4.39650e+00	-2.84192e+00
3.06386e+00	3.04297e+00	3.45159e+00	1.32257e-01
3.43994e+00	2.97895e+00	3.59604e+00	-4.50456e+00
2.79920e+00	2.89076e+00	8.30721e+00	-2.98070e+00
4.61895e+00	2.63095e+00	4.16298e+00	-3.54975e+00
2.58628e+00	3.69574e+00	9.26969e+00	3.78639e+00
2.98222e+00	2.90008e+00	5.42450e+00	-1.45302e+00
4.47160e+00	2.93443e+00	4.35851e+00	-1.68756e+00
3.65532e+00	4.79454e+00	5.31777e+00	-1.11704e-01
3.39972e+00	4.27986e+00	6.15497e+00	-3.74447e+00
4.22202e+00	4.81285e+00	5.21417e+00	2.42318e+00
3.01293e+00	4.68397e+00	8.37137e+00	-1.83750e+00
2.94450e+00	4.54967e+00	6.87569e-01	-4.81507e+00
3.63455e+00	4.84596e+00	9.61582e+00	2.35295e+00
4.86372e+00	2.72243e+00	7.71300e+00	-3.35697e+00
5.71544e+00	4.60082e+00	6.17134e+00	8.86667e-01
7.62876e+00	4.15435e+00	3.73388e+00	-4.56252e+00
7.11514e+00	4.39610e+00	6.23857e+00	-1.16895e+00
5.45633e+00	-4.06353e+00	6.63644e+00	-1.04975e+00
6.50873e+00	-4.50472e+00	4.67330e+00	-3.25250e+00
7.29378e+00	-4.29526e+00	3.21254e+00	-2.62303e+00
8.81385e+00	-4.53622e+00	5.96460e+00	1.96723e+00
8.47358e+00	-4.64959e+00	2.78213e+00	-7.61430e-01
4.67871e+00	-3.84337e+00	5.70954e+00	1.83515e+00
3.02744e+00	-4.65844e+00	8.32342e+00	-4.18660e+00
3.40832e+00	-4.62930e+00	9.42389e+00	-3.02962e+00
4.80134e+00	-3.42052e+00	4.32229e+00	-3.00394e-01
3.00574e+00	-4.46407e+00	9.77570e+00	2.66253e+00
4.43697e+00	-4.50461e+00	9.24586e+00	-8.11968e-01
1.54467e+00	-4.94033e+00	4.95122e+00	-3.00435e+00
2.80875e+00	-4.50927e+00	9.80494e+00	2.30502e+00
2.69917e+00	-2.92679e+00	9.24068e+00	-1.88615e+00
4.37776e+00	-3.39796e+00	2.42734e+00	-8.97727e-01
2.74931e+00	-2.60566e+00	2.94972e+00	1.32950e+00
3.62479e+00	-3.32235e+00	1.63545e+00	3.15943e+00
3.17314e+00	-3.22437e+00	5.72763e+00	1.69232e+00
4.43558e+00	-1.16409e+00	2.51893e+00	2.80735e+00
1.93086e+00	-2.32327e+00	3.57545e+00	-2.53967e+00
4.17674e+00	-3.18613e+00	1.52877e+00	-3.72082e+00
3.42261e+00	-3.23666e+00	9.60009e+00	3.78329e+00
4.33733e+00	-2.24125e+00	5.07887e+00	2.19398e+00
2.27112e+00	-5.54740e-01	4.18938e+00	-2.98601e+00
3.44688e+00	-1.81520e+00	1.63259e+00	-4.61679e+00
3.01058e+00	-4.23085e-01	5.56510e+00	-2.48942e+00
4.05133e+00	-7.50952e-01	3.39771e+00	-4.70870e+00
1.86987e+00	-7.92811e-02	4.44723e+00	4.79805e+00
2.92574e+00	-5.06285e-01	5.41371e+00	1.44387e+00
3.18415e+00	-1.49062e+00	6.70685e+00	1.94777e+00
2.78124e+00	-1.87135e-01	7.94480e+00	8.85087e-01
3.40296e+00	-3.57291e-01	5.90438e+00	3.13558e+00
3.12670e+00	6.20022e-01	6.18469e+00	1.38356e+00
3.03485e+00	7.49056e-01	4.50747e+00	-2.59529e-01
3.28561e+00	1.81082e+00	7.27027e+00	-8.19916e-01
3.38093e+00	1.29116e+00	3.61966e+00	3.00620e+00
3.11192e+00	1.29164e+00	7.02242e-01	3.31232e+00
3.14576e+00	1.16604e+00	9.02847e-02	-2.93053e+00
2.37049e+00	2.34753e+00	3.43164e+00	-3.43785e+00
3.99791e+00	1.06998e+00	4.71069e+00	3.60857e+00
1.94777e+00	1.54374e+00	8.31128e+00	4.77068e-01
3.10499e+00	2.18987e+00	1.92180e+00	1.65372e+00
