# No. of particles = 100 
# Proton - Solar wind	Electron - Solar wind	
5.51646e+00	-2.06115e+00	8.15634e+00	-4.29984e+00
3.38460e+00	-4.94041e+00	2.36572e+00	4.03684e+00
6.78071e-01	-4.69891e-01	9.61468e-02	2.32203e+00
5.33163e-01	8.64013e-01	4.31872e+00	-1.12064e+00
4.99587e+00	4.96989e+00	5.88675e+00	-4.49921e+00
2.64728e-03	-1.97101e+00	9.98736e-01	-1.82611e+00
4.09965e-02	3.54943e+00	4.71247e+00	-3.46633e+00
7.72434e+00	-4.43972e+00	1.58614e+00	-1.09814e+00
5.60406e+00	-1.93151e+00	1.21369e+00	4.33707e+00
9.12924e+00	-3.62915e+00	8.54927e+00	-4.87735e+00
9.53065e+00	-4.73549e+00	9.66079e+00	4.58027e+00
8.91180e+00	3.60873e+00	8.85264e+00	4.97094e+00
6.48418e+00	-1.40754e+00	6.50612e-02	4.30049e-01
6.70244e+00	-8.13376e-01	9.96509e+00	7.87916e-01
7.77497e+00	-2.38674e+00	6.36632e-02	2.30324e+00
9.99820e+00	-4.44081e-02	2.91190e-02	-4.00647e+00
8.87664e+00	1.56123e+00	2.48946e+00	4.99532e+00
9.92583e+00	1.56543e+00	9.12842e+00	-3.62537e+00
8.32129e+00	-1.92673e+00	5.18969e+00	8.67704e-01
8.21137e+00	-4.25469e+00	2.10215e+00	3.52326e+00
9.80431e+00	2.45852e-01	7.46470e+00	4.96691e+00
9.46958e+00	-3.64889e+00	7.28479e+00	-3.02078e+00
7.99415e+00	-4.04362e+00	1.47074e+00	-1.37511e+00
8.44144e+00	-3.67634e+00	2.04489e+00	3.07853e+00
7.33096e+00	-6.19365e-01	9.98954e+00	-1.46132e+00
5.14921e+00	4.82502e+00	9.47624e+00	2.19889e+00
7.73383e+00	1.47773e+00	4.22750e+00	2.51578e+00
9.11165e+00	1.83546e+00	5.24430e+00	1.12441e+00
9.20148e+00	1.61492e+00	9.47349e+00	4.41352e+00
6.77260e+00	-1.62881e-01	9.14353e+00	2.24909e+00
7.23469e+00	-2.81732e+00	7.58657e+00	-4.35178e+00
9.61295e+00	4.69327e+00	4.97908e+00	4.60630e+00
5.44307e+00	-3.22759e+00	6.14691e+00	-2.21302e-01
9.48569e+00	2.44683e+00	8.48958e+00	2.98990e+00
7.65325e+00	7.70131e-01	8.50087e-01	3.71224e+00
9.64179e+00	5.65624e-01	3.92261e+00	-2.40259e+00
8.48594e+00	-4.78903e+00	4.31140e+00	-2.51531e-01
8.50940e+00	-2.27789e+00	6.87249e+00	1.85606e+00
6.94426e+00	-2.40414e+00	7.61148e+00	-4.53748e+00
9.76361e+00	-3.14544e+00	8.17608e-01	-3.26138e+00
8.87082e+00	1.69634e+00	5.05173e+00	-8.81131e-01
9.95980e+00	9.85435e-01	1.52020e+00	-2.95617e+00
4.29126e+00	-3.38707e+00	9.97874e+00	-3.60358e+00
7.55106e+00	2.42922e+00	5.10234e+00	-1.90207e-01
7.42510e+00	-2.26485e+00	2.24809e+00	-4.06967e+00
9.84992e+00	-1.95258e+00	3.35500e+00	3.20552e+00
7.37815e+00	-4.64480e+00	2.21771e+00	4.02206e-01
8.46670e+00	-1.04670e+00	2.69243e+00	-1.48143e+00
9.41538e+00	4.37677e+00	2.76999e+00	9.59133e-01
9.29982e+00	2.21230e+00	4.04327e+00	-3.06124e+00
9.24232e+00	-3.69174e+00	5.55761e+00	-6.52030e-01
8.13675e+00	8.02364e-01	5.60696e+00	1.80235e+00
9.39645e+00	6.72467e-01	1.06572e+00	-3.30550e+00
9.78852e+00	-2.31522e+00	1.69696e+00	1.57174e-02
9.63515e+00	-4.09640e-02	9.66424e+00	4.88980e+00
9.55981e+00	-1.31234e-01	6.15629e+00	-2.05566e+00
9.85787e+00	7.55692e-01	8.41866e+00	3.18783e+00
9.94719e+00	-3.23982e+00	9.50083e+00	-2.51948e+00
5.45553e+00	3.57640e+00	4.99292e+00	-7.05533e-01
9.15298e+00	1.70836e+00	9.01750e+00	-2.52121e+00
8.69029e+00	4.38105e-01	6.75506e+00	1.11102e+00
8.33640e+00	2.15371e+00	9.29255e+00	4.67553e-01
8.03087e+00	2.25721e+00	1.80751e+00	4.40955e-01
5.92356e+00	3.78039e+00	8.99545e+00	-4.79122e+00
9.03552e+00	2.75387e+00	7.65430e+00	-1.01679e+00
8.32373e+00	-4.39552e+00	2.87920e+00	4.15870e+00
9.11739e+00	-2.21261e+00	6.89109e+00	9.36893e-01
8.62435e+00	1.37337e+00	6.98844e+00	6.67662e-01
9.94153e+00	-1.83803e+00	8.68585e+00	1.36758e+00
8.54763e+00	4.28331e+00	5.10388e+00	2.51838e+00
8.19923e+00	-3.41842e+00	4.02985e+00	1.03177e+00
9.82597e+00	-1.57015e-01	1.20960e+00	-9.41074e-01
5.55962e+00	1.58570e+00	7.25694e+00	3.92695e+00
5.56905e+00	-1.77293e+00	2.36213e+00	2.76107e+00
9.66387e+00	-4.85645e+00	1.88101e+00	2.24885e+00
7.15281e+00	-1.55922e+00	8.28256e+00	4.47801e-01
9.82241e+00	-2.94844e+00	4.62923e+00	-1.22928e+00
9.65401e+00	-1.61806e+00	6.95662e+00	2.53405e+00
9.66027e+00	-4.89884e+00	5.67069e+00	-8.17241e-01
9.40227e+00	2.51615e+00	5.28595e+00	4.30181e+00
8.92023e+00	2.42682e+00	2.30722e+00	1.26606e-01
8.15600e+00	2.83049e+00	6.60691e+00	7.39053e-02
9.58045e+00	-9.96771e-01	8.30361e+00	-2.25703e+00
7.81626e+00	-2.41902e+00	5.75795e+00	4.52959e+00
8.01907e+00	2.41595e+00	1.02686e+00	4.07363e+00
8.76167e+00	3.30868e+00	8.14378e+00	-3.69238e+00
7.99450e+00	1.34713e+00	9.90849e+00	3.96378e+00
8.36088e+00	7.41296e-01	9.30234e+00	-7.25173e-01
8.70461e+00	-2.29746e+00	5.26326e+00	5.70858e-01
7.46542e+00	-1.46649e+00	9.96439e+00	-2.54322e+00
9.58761e+00	-4.85922e+00	3.18963e+00	-3.26758e-01
9.66229e+00	-2.63252e+00	7.91695e+00	7.37797e-01
9.30573e+00	-3.19837e+00	9.32096e+00	-1.23298e+00
8.44411e+00	1.04133e+00	5.84514e+00	-2.43347e+00
6.84632e+00	-1.76253e+00	1.05950e+00	3.02352e+00
7.69355e+00	2.39333e-01	4.20437e+00	-4.26984e+00
9.70742e+00	9.01033e-01	7.58349e+00	4.46132e+00
9.15592e+00	1.34014e+00	9.15684e+00	-5.76573e-01
9.97935e+00	-4.72958e+00	1.64658e+00	1.90987e+00
9.05091e+00	2.49795e+00	9.66350e+00	-3.75432e-01
