# No. of particles = 100 
# Proton - Solar wind	Electron - Solar wind	
1.83805e+00	-4.73011e+00	3.35401e+00	-5.80340e-01
2.86275e+00	-4.76368e+00	1.54404e+00	1.52947e+00
4.07964e+00	-4.65981e+00	7.92443e+00	1.13548e+00
6.79272e+00	-4.81387e+00	2.97607e+00	2.71105e-01
6.85673e-01	-4.72838e+00	2.58982e-01	-4.71726e+00
5.03244e-01	-4.64759e+00	7.70207e+00	-3.33246e-01
4.83142e-01	-4.20276e+00	1.48879e+00	-4.52277e+00
5.39964e-01	-4.27265e+00	6.31076e+00	2.08412e-01
5.20245e-01	-4.13038e+00	4.57864e+00	3.70538e+00
5.31063e-01	-3.98989e+00	8.71915e+00	-4.00166e+00
4.55079e-01	-3.88180e+00	5.90847e+00	-2.60973e+00
5.33698e-01	-3.36610e+00	4.80763e+00	5.30626e-01
6.13122e-01	-3.27358e+00	9.49207e+00	-1.45152e+00
3.97980e-01	-3.18187e+00	2.86124e+00	-1.34650e+00
5.66320e-01	-3.13937e+00	5.39662e+00	3.15011e+00
4.51366e-01	-2.90317e+00	3.08360e+00	-1.49142e+00
5.81466e-01	-2.96746e+00	7.68617e+00	4.29954e-01
5.02186e-01	-2.66192e+00	3.09958e+00	-2.45651e+00
4.78497e-01	-2.43476e+00	2.26462e+00	8.94494e-01
5.26398e-01	-2.39682e+00	4.74584e+00	1.79841e-01
4.59483e-01	-1.45449e+00	2.31809e+00	-1.18043e-01
4.05974e-01	-2.02215e+00	4.70791e+00	-4.09078e-01
4.91483e-01	-1.73192e+00	7.00623e+00	2.83066e+00
6.65679e-01	-1.51838e+00	5.59167e-01	1.18296e+00
7.38199e-01	-1.45122e+00	5.88337e+00	2.43737e+00
5.60030e-01	-7.80566e-01	3.72263e+00	3.68099e+00
4.40062e-01	-8.78247e-01	4.28077e+00	4.74549e+00
5.24333e-01	-3.57406e-01	3.87618e+00	4.14900e+00
3.98913e-01	-3.09971e-01	2.90147e+00	2.58600e+00
5.38849e-01	1.57692e-01	4.09447e+00	1.76008e+00
5.47258e-01	-2.02047e-01	5.76439e+00	-9.77441e-01
4.77492e-01	9.89956e-01	1.38707e+00	-4.73199e+00
4.79265e-01	7.71448e-01	9.82324e+00	-4.31722e+00
6.12072e-01	1.29389e+00	5.41063e+00	-1.46450e+00
4.82777e-01	1.18380e+00	3.46945e+00	2.36712e+00
6.18092e-01	1.05885e+00	6.01672e+00	2.24132e+00
5.36685e-01	1.10644e+00	5.95656e+00	2.74434e+00
7.62233e-01	1.21608e+00	3.21713e+00	1.82541e+00
5.41030e-01	1.28609e+00	6.22833e+00	3.42249e+00
4.86596e-01	1.76079e+00	9.63099e+00	3.06408e+00
5.78917e-01	2.10886e+00	3.86577e+00	1.85976e+00
6.14220e-01	2.49606e+00	1.04087e+00	-7.55392e-01
6.21451e-01	3.68973e+00	4.30650e+00	2.60769e-01
6.66385e-01	3.90364e+00	5.34751e+00	-3.84062e+00
4.91621e-01	4.08807e+00	7.14152e+00	-1.81901e+00
6.71107e-01	3.83553e+00	5.24771e+00	1.10973e+00
5.13835e-01	4.17109e+00	2.42892e+00	4.23468e+00
6.40306e-01	4.57593e+00	4.32473e+00	-4.33592e-01
2.33878e+00	4.75095e+00	8.36463e+00	-8.65025e-01
4.57877e+00	4.76279e+00	6.25244e+00	-3.31392e+00
9.22537e+00	4.80693e+00	5.40925e+00	2.43455e+00
9.60465e+00	4.77304e+00	1.82378e+00	1.51851e+00
4.49753e-01	-4.93139e+00	4.97321e+00	4.67886e+00
1.80065e+00	-4.73273e+00	6.17611e+00	-2.57242e+00
2.41113e+00	-4.94781e+00	4.13666e+00	-3.63727e+00
2.75161e+00	-4.92601e+00	6.71949e+00	1.09782e+00
2.90689e+00	-4.90551e+00	4.81010e+00	-1.88667e-03
2.86515e+00	-4.89302e+00	3.56950e+00	-2.39942e+00
4.32669e+00	-4.78891e+00	7.18571e+00	-3.57300e+00
4.94408e-01	-4.82106e+00	4.54818e+00	3.79815e+00
4.56396e-01	-4.44746e+00	5.54966e+00	-9.35365e-01
7.13296e-01	-4.36036e+00	3.36966e+00	-1.61075e+00
5.81022e-01	-4.37611e+00	4.10152e+00	1.79475e+00
5.00828e-01	-4.21631e+00	5.93015e+00	2.19393e+00
4.55131e-01	-3.84533e+00	2.72201e+00	-2.77660e+00
4.88374e-01	-4.03930e+00	3.27832e+00	-2.66357e-01
5.71498e-01	-3.58623e+00	1.47621e-01	3.95684e-01
6.02174e-01	-3.84085e+00	1.65792e+00	-1.56281e+00
5.86806e-01	-3.79708e+00	6.80364e+00	-7.59589e-01
5.56566e-01	-3.51459e+00	9.16729e+00	-8.02215e-01
6.38215e-01	-3.40070e+00	7.28184e+00	1.91617e+00
5.33521e-01	-3.25638e+00	2.02695e+00	-7.51044e-01
4.80443e-01	-2.98411e+00	4.56246e+00	-5.21678e-02
6.07134e-01	-2.89209e+00	5.76388e+00	-4.26473e+00
3.12085e-01	-2.54829e+00	8.79262e+00	-4.29455e+00
5.69184e-01	-2.30923e+00	2.22291e+00	-2.06296e+00
3.83598e-01	-1.68636e+00	5.16836e+00	2.36222e+00
4.12042e-01	-1.49215e+00	6.50594e+00	-4.19485e+00
3.50174e-01	-1.21248e+00	5.27239e+00	-6.08122e-01
4.07964e-01	-9.39931e-01	4.53503e+00	3.44285e-01
5.47693e-01	-5.26133e-01	2.29531e-01	-3.08221e+00
5.74918e-01	-5.61992e-01	8.47455e+00	1.85466e-01
4.93524e-01	-4.33811e-01	4.79114e+00	-1.83572e+00
4.85402e-01	-6.21716e-01	8.79254e-01	4.80359e+00
4.94789e-01	-2.98516e-01	8.40302e+00	-4.15193e+00
4.44711e-01	-7.53367e-02	4.74808e+00	3.76593e+00
5.02022e-01	-1.43094e-01	4.30713e+00	3.47903e+00
5.78793e-01	1.93655e-01	1.01534e+00	-4.58880e+00
5.14163e-01	7.16738e-02	5.32052e+00	3.26464e+00
4.91312e-01	4.71874e-01	4.09177e+00	-6.91021e-01
4.59283e-01	8.73409e-01	5.70471e+00	-3.10269e+00
6.66881e-01	1.12151e+00	4.11658e+00	-3.72594e-03
6.53101e-01	1.29009e+00	2.52775e+00	3.66966e-01
4.93767e-01	1.89803e+00	5.01489e+00	-1.60235e+00
5.35503e-01	1.93234e+00	5.58814e+00	2.58822e+00
4.93303e-01	1.86732e+00	4.38879e+00	-1.54934e+00
6.18889e-01	1.96327e+00	7.98686e+00	-3.05120e+00
5.40802e-01	2.23153e+00	7.09518e+00	4.47602e+00
5.43277e-01	2.43581e+00	4.03403e+00	1.81734e+00
4.43165e-01	2.46631e+00	4.46063e+00	-2.36665e+00
