# No. of particles = 100 
# Proton - Solar wind	Electron - Solar wind	
4.42295e-01	-2.25735e+00	4.42560e-01	-2.23302e+00
4.00903e-01	-2.31571e+00	1.54565e+00	-1.02914e+00
7.21771e-01	-2.32222e+00	1.21925e+00	-3.58201e-01
1.18078e+00	-2.41859e+00	6.94542e-01	-1.96447e+00
4.63379e-01	-2.23469e+00	3.47490e-01	-2.27844e+00
1.62054e+00	-2.24426e+00	1.35079e+00	1.23029e+00
1.84344e+00	-2.37147e+00	7.00201e-01	-1.48969e+00
2.15402e-01	-2.25688e+00	1.05544e-01	-2.21446e+00
1.90153e+00	-2.41388e+00	2.31862e-01	-2.28419e+00
2.30374e-01	-2.22860e+00	2.16535e-01	3.67380e-01
9.91528e-01	-2.26691e+00	2.84262e-03	-2.29195e+00
3.20357e-01	-2.26710e+00	9.00938e-01	-2.46923e+00
1.05640e+00	-2.34112e+00	1.55351e+00	1.10482e+00
2.40122e+00	-1.38861e+00	1.50017e+00	-3.37183e-01
3.99276e-01	-2.27868e+00	3.28975e-01	-2.01220e+00
4.54647e-01	-2.40190e+00	1.36889e+00	-2.02104e+00
5.39937e-02	-2.37397e+00	3.26555e-01	-2.40603e+00
1.52892e+00	-2.13771e+00	9.44965e-01	-2.02435e+00
3.11836e-01	2.95102e-01	3.94804e-01	-2.39994e+00
5.27773e-01	4.76049e-01	1.25571e+00	2.12257e-01
6.63077e-01	-2.36559e+00	2.86097e-01	5.14327e-01
2.29403e+00	-2.45962e+00	1.87338e+00	-1.59664e+00
1.47100e+00	-2.04405e+00	4.62005e-01	-2.49814e+00
1.02952e+00	-1.07426e-02	9.58933e-01	-1.80188e+00
1.36664e+00	-2.37633e+00	5.23653e-01	-1.80869e+00
1.26196e-01	-2.36023e+00	3.14899e-01	-3.48729e-01
1.17928e+00	-1.73156e+00	2.28519e+00	2.32340e+00
2.56282e-01	-2.46980e+00	2.33366e+00	-4.40803e-01
1.14793e+00	-2.22252e+00	1.41887e-01	-2.44531e+00
8.81568e-01	-2.34131e+00	2.39805e+00	-3.03863e-01
5.41799e-01	-2.48713e+00	6.13495e-01	-2.22725e+00
1.47334e+00	-1.68926e+00	1.56803e+00	7.51018e-01
1.77756e+00	-1.52347e+00	2.16208e-01	-2.26854e+00
2.17624e+00	-2.45230e+00	1.18474e+00	-2.45788e-01
7.12691e-01	-2.11730e+00	1.45999e+00	-1.94684e+00
9.70025e-01	-2.03324e+00	4.86190e-01	-2.45728e+00
2.47065e+00	-2.33555e+00	7.42216e-01	-2.11337e+00
1.09480e-01	-2.41091e+00	1.08280e+00	-4.69075e-01
1.82632e+00	-1.82339e+00	1.75540e-01	-2.06111e+00
5.58257e-01	-2.36620e+00	6.12234e-01	-1.90149e+00
2.39743e+00	-2.38288e+00	6.46345e-01	-1.44307e+00
2.08990e+00	-2.47200e+00	9.56732e-01	-5.21446e-01
4.29082e-01	-2.35898e+00	6.80670e-01	-7.53148e-01
2.17729e+00	-1.45297e+00	2.01102e+00	-2.28823e+00
5.02439e-01	-2.24163e+00	1.11828e+00	4.27217e-01
7.78260e-01	-1.63446e+00	1.11126e+00	-2.03232e+00
3.80579e-01	-2.44447e+00	8.72537e-01	-1.45469e-01
8.68893e-01	-2.37946e+00	2.46280e+00	1.39843e+00
1.77920e+00	-2.47399e+00	9.07952e-02	-9.58628e-02
1.95155e+00	-1.38152e+00	1.74719e+00	-8.21306e-01
9.35333e-02	-3.25034e-02	4.41162e-01	-2.03924e+00
9.08368e-01	-2.31921e+00	2.12842e+00	-1.78605e+00
8.24337e-01	4.14934e-01	2.25730e+00	1.44706e+00
1.52948e-02	-2.36906e+00	1.12002e+00	-1.76915e+00
2.07293e+00	-2.16302e+00	8.57113e-01	-1.76701e-01
2.35122e+00	-1.11343e+00	2.86764e-01	1.16420e-01
6.88750e-01	-2.38511e+00	1.82825e+00	1.57746e+00
2.04540e-01	-3.59891e-01	1.43444e+00	-8.56059e-01
2.35636e+00	-2.40368e+00	2.24726e+00	3.47892e-01
2.02800e+00	-2.12139e+00	1.22102e+00	4.42925e-01
1.16727e+00	2.07198e+00	2.28023e+00	-9.75996e-01
1.90993e+00	-1.39829e+00	1.46846e+00	2.81238e-02
2.19503e+00	-2.28423e-01	1.80578e+00	-3.38107e-01
2.11907e+00	9.63064e-01	1.35446e+00	-7.73825e-01
1.55380e-01	-1.07265e+00	3.94988e-01	-2.22355e+00
6.72728e-01	-2.84077e-01	9.15177e-01	1.06336e+00
2.24901e+00	-1.13265e+00	1.25200e-01	-1.69976e+00
2.24877e+00	-8.15194e-01	2.15782e+00	-2.01652e+00
2.35029e-01	-2.26263e+00	1.17604e+00	-1.32866e+00
9.86240e-01	-4.39344e-02	3.73768e-01	7.64763e-02
9.19406e-01	-2.08992e+00	1.41613e+00	-2.36262e+00
2.21886e+00	-2.01976e+00	6.78232e-01	4.70458e-02
7.32511e-01	-2.35681e+00	2.47847e+00	-8.16227e-01
2.41498e+00	-2.49388e+00	2.33496e+00	-2.88982e-01
1.73374e+00	-2.22536e+00	6.64099e-01	-1.27731e+00
6.88918e-01	-5.03059e-01	1.90242e+00	1.18830e+00
2.31946e+00	-2.36558e+00	2.26809e+00	4.16116e-02
1.07216e+00	-1.05168e-01	1.40302e-01	-7.05334e-01
5.83828e-01	6.21683e-01	1.56211e+00	-1.01367e+00
8.10426e-01	1.43175e+00	1.09225e-01	3.69554e-01
1.70638e+00	-1.84707e+00	8.79764e-01	-9.37589e-01
2.34929e-01	5.80343e-01	1.84073e+00	-2.37470e+00
1.80129e+00	3.46558e-01	1.59022e+00	-3.79759e-01
1.16568e+00	5.67586e-01	8.47213e-01	1.26431e+00
6.84662e-01	-2.33292e+00	2.05470e-01	9.68095e-01
1.42301e+00	-2.36708e+00	2.49959e+00	1.00081e+00
3.72088e-01	2.10980e-01	9.28428e-01	5.60471e-01
1.80273e+00	5.46636e-01	2.01794e+00	8.29090e-01
1.26435e+00	-2.24283e+00	8.44822e-01	-1.71390e+00
7.37378e-01	-2.46123e+00	4.43865e-03	-1.74035e-03
1.55049e+00	-2.56369e-01	1.36042e+00	-7.33946e-01
8.58564e-01	-2.30824e+00	7.95491e-01	-1.84977e+00
1.59972e+00	-2.21729e+00	8.70830e-01	-2.03134e+00
7.17324e-01	-5.37053e-01	1.42383e+00	-4.08839e-01
1.77259e+00	4.97962e-01	1.32215e-01	-2.32394e+00
5.32496e-01	3.68426e-01	1.92407e+00	6.49335e-01
2.17161e+00	2.03416e-01	3.66605e-01	-1.94475e+00
1.07662e+00	-2.27191e+00	2.19735e+00	-6.91782e-01
2.37848e+00	6.37489e-01	1.96814e+00	-1.79486e+00
6.88957e-01	3.91837e-01	3.84196e-01	2.18355e+00
