# No. of particles = 100 
# Proton - Solar wind	Electron - Solar wind	
1.63228e+00	-3.28797e-01	3.88841e+00	4.87813e+00
5.38188e-01	4.52205e+00	6.71978e+00	-2.27583e+00
2.89657e-01	-3.70125e+00	1.38191e+00	-1.57405e+00
1.72449e-01	4.97736e+00	6.24958e-01	4.42258e+00
1.38709e-01	-1.29697e+00	3.10480e-01	2.65409e+00
9.55739e-02	6.09374e-01	1.83668e+00	3.90827e+00
9.86501e-02	5.30256e-01	9.62050e+00	2.18618e+00
1.20742e-01	3.46573e+00	6.70613e+00	1.62429e+00
5.39456e-02	-4.58476e+00	4.43509e+00	1.84918e+00
2.02802e-03	1.43483e+00	5.72064e+00	-3.65606e+00
2.99310e-02	1.43422e+00	5.03288e+00	-2.70844e+00
1.30741e-03	-3.52660e+00	7.11301e+00	-1.08560e-01
9.57921e+00	1.26110e+00	6.14850e-01	4.39414e+00
9.40672e+00	1.01451e+00	5.72757e+00	2.34924e+00
6.17442e+00	-4.51551e+00	8.87556e+00	3.18615e+00
9.70038e+00	-4.10359e+00	5.43109e+00	-1.76508e+00
7.19110e+00	-3.44619e+00	1.97539e+00	1.77579e-01
7.16680e+00	-4.47024e-01	8.51501e+00	-3.58031e+00
9.36987e+00	-2.49355e+00	9.45168e+00	-1.79095e+00
7.99444e+00	-3.32719e+00	7.22924e+00	4.46005e+00
9.59741e+00	2.08405e+00	9.46634e+00	1.16966e+00
8.91951e+00	-2.04618e+00	9.17108e+00	-3.39856e+00
6.62166e+00	1.91614e-04	1.41852e+00	-4.99217e+00
9.54909e+00	2.14081e+00	8.47109e+00	3.52897e+00
9.40759e+00	1.81897e+00	5.04087e+00	2.41404e+00
8.55477e+00	1.39682e+00	5.02849e+00	-2.09141e+00
6.94267e+00	-2.33937e+00	5.82609e+00	4.00257e+00
8.82269e+00	2.59297e+00	2.65754e+00	3.97640e+00
9.58503e+00	3.63765e-01	8.00719e+00	-4.88679e+00
7.86343e+00	8.23029e-02	8.75887e+00	-3.24193e+00
8.24760e+00	-4.72732e+00	7.87771e+00	2.86468e-01
9.17708e+00	2.21555e+00	8.05771e+00	3.55720e+00
8.07248e+00	-1.30445e+00	9.51451e-01	-1.68005e-01
7.58181e+00	-4.69314e+00	2.65316e+00	4.80257e-01
9.45448e+00	8.67282e-01	7.41259e+00	2.74829e+00
6.86214e+00	-9.87475e-01	6.66214e+00	-8.46597e-01
7.19999e+00	-1.57260e+00	7.48421e+00	3.48534e-01
9.36118e+00	-4.46749e-01	7.99671e+00	1.53611e+00
7.89520e+00	-3.87660e+00	8.74058e+00	7.08460e-01
9.79651e+00	-8.25769e-02	9.66371e-01	-2.42804e+00
6.01483e+00	1.62363e+00	5.02174e+00	-3.87297e+00
7.78677e+00	1.58091e+00	6.08818e+00	-4.96095e+00
9.07346e+00	1.01238e+00	8.14094e+00	-4.78820e+00
7.88062e+00	3.43089e+00	2.92430e+00	1.12651e+00
9.92549e+00	-5.74577e-01	7.45553e+00	-4.75416e-01
7.61697e+00	-4.18395e+00	8.36345e+00	4.83812e+00
9.57593e+00	-3.73395e+00	4.35669e+00	1.74065e+00
9.91996e+00	3.66541e+00	4.95851e+00	-2.24548e+00
9.60189e+00	-6.28903e-01	6.68007e+00	2.30048e+00
6.91829e+00	-2.11892e+00	9.33011e+00	-1.54279e+00
8.67085e+00	-1.54822e+00	8.18706e+00	-1.47935e+00
9.88469e+00	-3.81771e+00	5.63394e+00	-1.11831e+00
7.63850e+00	6.38319e-01	5.67960e+00	-4.92937e+00
9.35273e+00	-3.25183e+00	9.48557e+00	-3.59817e+00
6.16355e+00	-2.55877e+00	9.70436e+00	4.08183e+00
9.93408e+00	2.32465e+00	3.37827e+00	-2.39570e+00
8.26916e+00	1.83659e+00	7.29329e+00	3.73940e-01
9.10497e+00	-1.76113e+00	2.68418e+00	4.24517e+00
7.52641e+00	-6.01631e-01	1.58832e+00	2.92867e+00
9.31279e+00	2.81249e+00	2.82984e+00	2.26290e+00
9.00083e+00	3.89028e+00	5.90057e+00	3.67684e+00
7.97460e+00	-7.84552e-01	9.58813e+00	-2.01541e+00
7.85614e+00	1.26215e-01	5.51794e+00	-3.60462e+00
9.62054e+00	-4.29566e-01	1.82225e+00	2.89750e+00
9.15663e+00	7.37236e-01	6.79850e+00	-1.36213e+00
9.09964e+00	8.18576e-01	9.78327e+00	1.06759e+00
8.85222e+00	-4.40991e+00	8.57085e+00	4.01101e-01
9.40575e+00	-1.61288e+00	7.92852e+00	4.50135e+00
6.46669e+00	3.18572e-01	8.53247e+00	-2.83002e+00
9.03076e+00	1.35210e+00	3.76917e+00	2.06028e+00
8.90636e+00	-1.33522e+00	3.26458e+00	2.33329e+00
7.63508e+00	1.09876e+00	6.82053e+00	-2.47212e+00
9.85374e+00	4.02273e+00	1.66035e+00	4.44017e+00
9.32685e+00	2.95552e+00	8.53162e+00	4.25956e+00
9.16274e+00	-1.93035e+00	6.58048e+00	-2.07466e+00
9.06806e+00	-2.38785e+00	3.96034e+00	-2.73587e+00
5.91015e+00	-1.99062e-02	4.59446e+00	4.65028e+00
7.30452e+00	1.93233e+00	6.07126e+00	5.40597e-01
7.98854e+00	-4.60928e+00	1.28047e+00	-4.03239e+00
9.48018e+00	-3.62059e+00	3.60745e+00	-2.71774e+00
6.65332e+00	-2.53421e+00	4.07717e+00	1.54908e+00
9.49066e+00	1.75817e+00	7.33393e+00	-4.05211e+00
8.98563e+00	3.98990e+00	6.14285e+00	5.91643e-01
9.70039e+00	2.66653e+00	5.95435e+00	-1.74087e+00
9.63845e+00	-1.07905e+00	9.36583e+00	-3.29438e+00
6.67584e+00	-3.13886e-01	1.76528e+00	-2.91068e+00
9.05231e+00	4.06054e+00	6.60039e+00	3.38929e-03
6.21250e+00	1.67654e+00	4.56372e+00	-8.79067e-01
8.69961e+00	8.86811e-02	4.15564e+00	2.29859e-01
9.81847e+00	1.25292e+00	7.09918e+00	-3.70364e+00
9.97817e+00	-6.26049e-01	5.00451e-01	8.47669e-01
8.64504e+00	-8.91806e-01	9.95878e+00	-4.93194e+00
9.46736e+00	1.85032e+00	6.48398e+00	6.41969e-01
5.75809e+00	-1.50182e+00	9.37378e+00	2.64688e-01
8.29295e+00	-4.58086e+00	2.18197e+00	4.94657e+00
9.20484e+00	-6.20993e-01	9.00077e+00	-1.73955e+00
8.90914e+00	-1.35173e+00	4.58884e+00	3.19371e+00
9.16896e+00	3.92307e+00	7.26958e+00	1.39130e+00
8.57124e+00	-4.27062e+00	9.77116e+00	-7.54183e-02
9.02480e+00	-4.65879e-01	8.20376e+00	-1.83599e-01
