# No. of particles = 100 
# Proton - Solar wind	Electron - Solar wind	
6.24028e-01	-2.26533e+00	1.97090e+00	-1.21138e+00
6.16272e-01	-2.32231e+00	6.23287e-01	-2.46063e+00
8.99805e-01	-2.32007e+00	1.91445e+00	9.43870e-01
1.33502e+00	-2.40895e+00	6.09203e-03	-2.39389e+00
6.45972e-01	-2.18123e+00	7.57685e-01	-2.17037e+00
1.81073e+00	-2.21977e+00	1.22875e+00	-1.86368e+00
2.06571e+00	-2.37450e+00	3.22245e-01	-2.41221e+00
4.82723e-01	-2.24547e+00	3.65547e-01	-8.03363e-01
2.11429e+00	-2.42341e+00	5.36926e-01	-2.02099e+00
3.89464e-01	-2.17696e+00	2.60601e-01	1.37574e+00
1.22157e+00	-2.23842e+00	1.09541e+00	-4.96153e-01
4.79151e-01	-2.24621e+00	7.18077e-02	-3.87934e-01
1.26627e+00	-2.33658e+00	1.71538e-01	-2.27360e+00
7.81316e-02	-2.38957e+00	6.31243e-01	-2.44814e+00
6.33800e-01	-2.28001e+00	1.51522e+00	-9.95237e-01
6.10152e-01	-2.40832e+00	1.99735e+00	-1.86034e+00
2.61445e-01	-2.41568e+00	1.17026e+00	7.33052e-01
1.69148e+00	-2.09973e+00	1.80768e+00	-1.65186e+00
4.96924e-01	2.49494e-01	1.76189e-01	-2.33691e+00
7.04964e-01	4.83779e-01	1.89351e+00	1.74029e+00
7.58566e-01	-2.38143e+00	3.00646e-01	6.91646e-01
2.42288e+00	-2.45917e+00	2.47795e+00	-1.37398e+00
1.73233e+00	-2.01147e+00	1.84684e+00	-4.33499e-01
1.21363e+00	-4.42602e-02	6.82713e-01	-2.06940e+00
1.58080e+00	-2.38816e+00	9.02215e-01	-1.29394e+00
2.77380e-01	-2.40576e+00	1.71565e+00	-1.88833e+00
1.33275e+00	-1.66675e+00	2.07299e+00	7.36531e-01
4.23468e-01	-2.44749e+00	9.88101e-01	-1.74988e+00
1.38022e+00	-2.16894e+00	2.34746e+00	2.35637e-01
1.13751e+00	-2.31787e+00	1.08431e-01	-2.46886e+00
7.10149e-01	-2.49754e+00	1.06685e+00	-1.54685e+00
1.57234e+00	-1.63120e+00	7.15083e-01	1.29503e+00
1.86788e+00	-1.47230e+00	4.63391e-01	-2.18715e+00
2.33983e+00	-2.45111e+00	1.64506e+00	6.66850e-01
9.07100e-01	-2.08757e+00	5.19195e-01	-1.30358e+00
1.06709e+00	-2.01296e+00	7.74045e-01	-1.54732e+00
2.02759e-01	-2.41108e+00	1.32468e+00	-1.92056e+00
2.00610e-01	-2.39410e+00	4.33685e-01	2.13875e-01
1.98466e+00	-1.78727e+00	8.63879e-01	-8.04510e-01
7.38256e-01	-2.36619e+00	4.50999e-01	-1.32453e+00
1.08475e-01	-2.27650e+00	3.24456e-01	-2.40195e+00
2.24579e+00	-2.48212e+00	1.08635e+00	-2.41675e-01
6.11563e-01	-2.36701e+00	1.46057e+00	-2.11278e+00
2.37503e+00	-1.36583e+00	1.98978e+00	-3.01565e-01
6.54784e-01	-2.23582e+00	1.82646e+00	2.35604e+00
9.86278e-01	-1.63310e+00	1.43332e+00	-1.95446e+00
1.42720e-02	-2.26747e+00	1.27352e+00	-3.78653e-01
1.04978e+00	-2.39361e+00	1.91649e-01	-2.15443e+00
1.98172e+00	-2.49128e+00	9.82018e-02	4.45913e-01
2.10231e+00	-1.31536e+00	2.35159e+00	-2.62201e-01
2.01533e-01	3.34478e-02	1.37817e-01	-2.36683e+00
1.06013e+00	-2.32570e+00	2.20641e+00	-5.69261e-01
1.06065e+00	4.12278e-01	4.81804e-01	9.18536e-01
2.32190e-01	-2.35102e+00	2.12971e+00	-1.24441e+00
2.25819e+00	-2.15179e+00	9.56144e-01	3.46171e-01
1.05052e-01	-2.29084e+00	1.02219e+00	-1.70067e+00
8.68177e-01	-2.39077e+00	1.93617e+00	1.83161e+00
3.90697e-01	-3.68756e-01	1.35856e+00	-9.09596e-01
1.02654e-01	-4.54000e-01	1.56711e+00	1.11418e+00
2.19492e+00	-2.09446e+00	2.01052e+00	4.56105e-02
1.25060e+00	2.15972e+00	1.51159e+00	-1.76651e+00
1.96730e+00	-1.47686e+00	9.71999e-01	-9.76861e-01
2.37312e+00	-2.63608e-01	1.01141e+00	-1.89153e+00
2.19987e+00	9.87495e-01	6.52024e-01	-1.71793e+00
2.15608e-01	-1.17745e+00	7.69742e-01	-2.22221e+00
8.52957e-01	-2.82872e-01	4.75614e-01	-1.40654e+00
2.42235e+00	-1.17408e+00	2.36368e-01	2.87989e-01
2.43282e+00	-7.95379e-01	3.16262e-01	-2.19433e+00
3.85418e-01	-2.19750e+00	1.98517e-02	-2.39112e+00
1.18482e+00	3.88013e-03	1.34584e+00	1.65571e+00
1.12340e+00	-2.04676e+00	1.16554e+00	-2.13676e+00
2.39358e+00	-1.99812e+00	8.36571e-01	1.84373e-01
9.41769e-01	-2.34594e+00	1.23004e+00	-1.59933e-01
1.04064e-01	-1.44940e-01	1.41459e-02	-2.43499e+00
1.88194e+00	-2.21824e+00	8.99309e-01	-1.84192e+00
8.03873e-01	-5.90657e-01	2.40319e+00	2.14796e+00
2.45412e+00	-2.36430e+00	3.91343e-01	-2.16022e+00
1.24388e+00	-1.34487e-01	8.91965e-01	-4.42450e-01
8.19764e-01	6.71117e-01	1.75848e-01	-1.62991e-01
1.02991e+00	1.43406e+00	4.53209e-01	6.21068e-01
1.83313e+00	-1.81165e+00	1.14123e+00	-1.22471e+00
3.62724e-01	6.21644e-01	1.96221e+00	-2.37825e+00
1.97537e+00	3.40955e-01	1.55854e+00	-1.00308e+00
1.30188e+00	5.88495e-01	1.11705e-01	-2.42709e+00
8.16867e-01	-2.30202e+00	9.80792e-01	4.13122e-02
1.64012e+00	-2.36623e+00	2.12423e+00	4.94406e-01
5.51865e-01	2.00862e-01	1.19941e+00	-4.60225e-02
2.00989e+00	5.23584e-01	5.28908e-01	3.76867e-02
1.44428e+00	-2.24341e+00	2.02638e+00	1.20974e+00
9.22113e-01	-2.49005e+00	8.63060e-01	-7.28467e-02
1.75161e+00	-2.33039e-01	4.58904e-01	-2.23700e+00
1.03576e+00	-2.28947e+00	8.44570e-01	-2.48301e+00
1.82384e+00	-2.20449e+00	1.52151e+00	7.78258e-02
9.01114e-01	-5.46726e-01	3.38640e-01	-2.11068e+00
1.94802e+00	5.14645e-01	2.40536e-01	3.99627e-01
6.97288e-01	4.14013e-01	2.53618e-02	-1.09382e+00
2.34271e+00	1.97736e-01	2.30904e+00	-1.08053e-01
1.25325e+00	-2.27725e+00	1.34651e+00	-1.17723e+00
6.23803e-02	4.17384e-01	1.29950e+00	-3.55808e-01
9.59191e-01	2.95286e-01	2.68169e-01	-1.47390e+00
