# No. of particles = 100 
# Proton - Solar wind	Electron - Solar wind	
3.39304e-01	2.86365e-01	1.16683e-01	-8.80414e-01
6.92006e-01	3.53720e-01	7.42990e-01	-2.07304e-01
1.20958e+00	-1.90010e-02	5.61092e-01	1.67034e-01
1.92325e-01	-7.28998e-01	2.20095e-01	-3.17755e-01
2.36302e-01	-3.38047e-01	5.57619e-01	-2.48600e-01
5.74950e-01	-2.92050e-01	1.70130e+00	8.81919e-01
5.82716e-01	-2.45096e-01	1.97944e+00	5.90083e-01
3.49825e-02	-9.94391e-01	7.94084e-01	4.00647e-01
2.73907e-01	-4.26024e-01	4.64086e-01	-6.86264e-01
1.31186e-01	-7.55997e-01	4.27997e-01	-4.63177e-01
3.45635e-01	-6.14814e-01	3.69757e-02	-9.80504e-01
7.94640e-01	7.99043e-03	6.51171e-01	9.82357e-01
1.30661e+00	-1.74502e-01	2.49711e-01	-2.49915e-01
3.25376e-01	-2.81045e-01	4.67275e-01	-7.21830e-01
6.72823e-01	-8.85678e-01	2.55586e-01	-7.14237e-01
7.50850e-02	-8.96082e-01	1.17988e+00	-6.20004e-01
1.54877e+00	-2.93229e-01	1.69229e-01	-9.15081e-01
8.37807e-02	-6.47864e-01	1.20201e+00	7.15201e-01
5.48804e-01	-1.98735e-01	1.35179e+00	-7.43570e-01
5.20865e-02	-9.67773e-01	3.56094e-01	1.21696e-01
8.85186e-01	4.71745e-01	3.13002e-01	-9.14704e-01
5.72765e-01	8.30582e-01	6.56236e-01	-9.35943e-02
1.28278e+00	-1.51720e-01	1.93019e-03	-9.97572e-01
3.07112e-01	5.71287e-01	8.99382e-01	-4.08080e-01
1.91007e+00	-1.46022e-01	4.01153e-01	6.64891e-02
2.21893e-01	7.25936e-01	2.28250e-01	-5.88423e-01
1.22209e-02	-3.21211e-02	9.11482e-01	-6.25057e-01
3.07403e-01	-1.30234e-01	6.60902e-02	8.71467e-02
1.60809e+00	1.92973e-01	1.88329e+00	-4.85150e-01
1.23596e+00	3.11893e-01	4.52651e-02	-7.90003e-01
1.08068e+00	5.04898e-01	1.71624e+00	-5.58593e-02
1.20677e+00	-8.94862e-01	4.89577e-01	3.77750e-01
1.86139e-01	-2.40486e-01	8.67622e-01	3.83704e-02
1.45583e+00	-5.78057e-01	2.17064e-02	-9.50560e-01
2.33716e-01	-7.94376e-01	9.06069e-01	-7.17286e-01
3.50633e-01	-9.16991e-01	1.60559e+00	-9.68130e-02
9.17144e-02	-8.48544e-01	1.85386e+00	-6.10241e-01
5.88973e-01	-8.66473e-01	1.96555e+00	4.87066e-02
3.96420e-01	5.10803e-01	6.08306e-01	-7.61197e-01
3.11641e-01	-8.70016e-01	1.55234e-01	1.65180e-01
3.68732e-02	-7.63193e-01	2.37337e-01	-4.34998e-02
2.33328e-03	5.28799e-03	4.68505e-01	8.80500e-01
1.38465e-01	-8.89789e-01	1.27320e+00	-7.81926e-01
3.12404e-01	-7.04342e-01	8.35509e-01	-3.69263e-02
4.28700e-01	3.67355e-01	1.34603e+00	4.69926e-01
7.88411e-01	-5.37381e-01	2.17597e-03	5.82827e-02
1.75948e+00	2.86048e-01	4.44547e-01	-7.36662e-01
9.14136e-01	-1.98862e-01	1.49069e+00	4.45568e-01
6.79388e-02	-7.03997e-01	1.91887e+00	4.06307e-01
1.71808e-01	-5.46515e-01	4.97880e-01	2.69116e-01
6.24199e-01	-6.52984e-01	1.33921e+00	-4.76005e-01
1.98295e+00	3.29582e-01	8.24629e-01	8.05467e-01
2.38951e-01	-8.85609e-01	1.84375e+00	3.89021e-01
7.78360e-02	-8.86495e-01	1.60987e+00	-4.11318e-01
2.73339e-01	-7.36159e-01	9.07673e-02	-8.73401e-01
1.81930e+00	-7.69732e-01	1.27704e+00	2.92107e-01
9.33559e-02	-5.11625e-01	1.05527e-01	-8.69916e-01
1.91583e+00	-3.72575e-01	8.38539e-01	-8.96500e-01
8.19797e-01	7.72592e-01	1.51264e-01	-3.93773e-01
7.04502e-02	-9.09419e-01	1.64677e+00	9.61461e-01
6.15461e-02	-7.99574e-01	2.51595e-01	6.00831e-01
6.01845e-02	-3.71731e-01	1.55550e+00	7.26147e-02
3.75910e-01	-3.60870e-01	1.04355e-01	1.33627e-01
9.24811e-01	3.28857e-01	1.68984e+00	-5.32858e-01
6.44432e-01	8.06933e-01	6.94618e-01	-5.84810e-01
5.27129e-01	-6.87425e-01	1.70774e+00	2.82048e-01
5.95620e-02	-8.86809e-01	4.04777e-01	-3.49661e-01
9.21321e-01	7.29818e-01	2.08751e-01	-7.54967e-01
9.44190e-01	6.67247e-01	1.31904e+00	-5.10443e-01
1.01846e+00	5.47478e-01	9.92934e-01	-6.69770e-01
1.88694e+00	-2.09165e-01	6.71851e-01	-1.23501e-01
1.50548e+00	5.19702e-01	9.99646e-01	8.30409e-01
1.89552e-01	-6.73281e-01	1.94841e+00	-5.71671e-01
3.57816e-01	-3.02697e-01	4.83471e-01	-9.14161e-01
5.75739e-01	-5.06251e-01	1.09298e+00	-3.21779e-01
1.64113e-02	1.37929e-01	1.17059e+00	-2.45712e-01
5.57089e-01	7.83275e-01	1.21021e+00	2.36077e-01
3.35324e-01	-5.79861e-01	6.79265e-02	-7.86595e-01
3.40773e-01	-5.13697e-01	1.91636e-01	-7.21982e-01
1.17263e+00	3.83660e-01	8.01472e-01	-6.29790e-01
1.23288e+00	-1.09237e-01	1.03359e+00	6.36613e-01
1.22966e+00	4.84669e-01	2.97169e-01	1.15984e-01
1.12452e+00	2.31616e-01	4.55956e-01	-6.16685e-01
5.13996e-02	8.41546e-02	7.11539e-01	-3.59267e-01
1.13510e-01	3.28650e-01	1.66510e+00	2.68537e-01
2.69643e-01	1.05241e-01	7.48957e-01	-1.09624e-01
3.75730e-01	-4.33512e-01	1.32041e-01	1.01320e-01
1.52442e+00	-4.56900e-01	8.83863e-01	9.87008e-01
7.34966e-01	-6.27444e-01	4.42108e-01	-3.88867e-01
2.40232e-01	7.68374e-01	7.61796e-01	9.84016e-01
1.33152e-01	-6.65083e-01	9.86253e-01	9.63664e-01
1.82547e-02	-9.86463e-01	1.28266e+00	-6.46434e-01
6.12783e-01	1.93531e-01	1.20369e+00	9.70061e-01
2.91228e-01	-6.46103e-01	9.05154e-01	-4.75746e-01
8.09020e-01	3.76391e-02	3.67722e-01	-2.14384e-01
1.52526e+00	5.21801e-01	1.86776e-01	1.43015e-01
1.46525e+00	8.64784e-01	4.20359e-01	4.25327e-01
4.93609e-01	1.38122e-01	3.64955e-01	-2.54332e-01
1.76791e+00	6.90312e-01	7.67404e-01	-4.74877e-01
5.14953e-01	-8.75376e-01	1.03386e+00	-7.03772e-01
