# No. of particles = 100 
# Proton - Solar wind	Electron - Solar wind	
8.06632e-01	2.14891e+00	7.71628e+00	-3.66009e+00
1.69623e-02	-1.03996e+00	5.81072e+00	1.93310e+00
8.22989e+00	-1.65457e+00	1.82573e+00	-3.31869e+00
7.24209e+00	4.98099e+00	5.78087e+00	-4.46945e+00
9.38201e+00	-6.85572e-01	8.75819e+00	3.69896e+00
8.23076e+00	4.23244e-02	1.68761e-01	3.70015e+00
8.30008e+00	-8.68452e-01	9.90742e+00	3.19715e+00
9.72758e+00	2.93563e+00	9.42166e+00	1.53722e+00
9.76226e+00	9.80440e-01	6.64913e+00	-2.76215e+00
9.31111e+00	2.25275e+00	7.14982e+00	3.43491e+00
8.61336e+00	3.60340e+00	1.75252e+00	-3.30509e+00
9.94251e+00	1.01492e+00	9.09927e+00	6.36859e-01
9.81905e+00	4.51146e+00	9.10393e+00	-1.46818e+00
9.03043e+00	-1.10775e+00	9.91829e+00	-1.41171e+00
9.19447e+00	-4.85692e-01	6.12150e+00	-3.90217e+00
6.45374e+00	-2.06513e+00	9.32276e+00	1.60010e-01
7.58826e+00	1.64514e+00	9.11572e+00	-3.59907e-01
6.24778e+00	4.49719e-01	7.43600e+00	-2.16552e+00
9.78319e+00	-6.69063e-01	8.48682e+00	-1.28861e+00
9.28662e+00	-5.12740e-01	6.29611e+00	-1.19165e+00
7.92245e+00	3.81245e+00	7.12000e+00	-2.79641e+00
6.51576e+00	7.60168e-01	9.30862e+00	-3.93179e+00
9.14429e+00	2.50492e+00	9.35382e+00	-2.21338e+00
9.27468e+00	3.87836e+00	9.72391e+00	-2.36722e+00
7.71588e+00	1.81992e+00	6.64446e+00	4.64393e+00
9.93247e+00	3.30603e+00	2.26303e+00	-3.16789e+00
9.11938e+00	4.94650e-01	8.55697e+00	4.96357e+00
5.93789e+00	1.92777e+00	9.74832e+00	-5.74947e-01
7.82767e+00	2.66510e+00	3.62016e+00	3.23094e+00
6.97579e+00	-3.15343e+00	9.82169e+00	-6.58533e-01
8.68822e+00	-2.65569e+00	8.59330e+00	4.23765e+00
8.26768e+00	-6.02753e-01	9.74798e+00	-4.50821e+00
8.72438e+00	2.01338e+00	9.97039e+00	-3.74504e+00
9.75909e+00	9.35082e-03	2.05759e+00	2.17656e+00
6.33943e+00	-2.58143e+00	9.74985e+00	2.86286e+00
8.40528e+00	4.49685e+00	8.84702e+00	-4.23503e+00
7.59194e+00	-1.57050e-01	7.66202e+00	3.02654e+00
9.27840e+00	-1.13862e-01	7.08955e+00	2.31485e+00
9.90027e+00	1.64561e+00	8.61608e+00	-4.46195e+00
7.13790e+00	1.46916e+00	1.47050e-01	-1.04022e+00
9.96063e+00	1.92150e+00	7.79683e+00	4.52789e+00
9.45556e+00	-6.42436e-01	9.95348e+00	-4.43911e+00
9.73697e+00	4.89115e-01	2.99124e+00	-1.72274e-01
9.91149e+00	4.86027e+00	6.11362e+00	3.86839e+00
7.14579e+00	-4.75792e+00	7.09424e+00	-3.09615e+00
9.27752e+00	1.47358e-01	5.84479e+00	-4.23894e+00
9.77580e+00	-9.23705e-01	3.98553e+00	-4.69033e-01
4.80205e+00	-1.76255e+00	6.66555e+00	2.10076e-01
8.39567e+00	-3.40632e-01	2.51594e+00	-1.28805e+00
9.82117e+00	-1.41770e+00	9.21389e+00	2.26416e+00
9.49478e+00	-3.24419e+00	5.78103e+00	2.73167e+00
9.19749e+00	3.87877e+00	6.87443e+00	4.12058e+00
9.24215e+00	2.78073e+00	1.61945e+00	3.71529e+00
9.10071e+00	3.34683e+00	4.14229e+00	-1.82325e+00
3.81632e+00	1.14614e+00	3.51684e+00	-1.97649e+00
9.24622e+00	3.91886e+00	9.23389e+00	4.06985e+00
8.69027e+00	7.15232e-02	9.63987e+00	3.18853e+00
9.59047e+00	2.37317e+00	9.67024e+00	2.27068e+00
7.13673e+00	9.09276e-01	4.10773e-01	-2.79488e+00
9.25869e+00	7.78899e-02	9.72874e+00	3.21972e+00
8.15726e+00	-4.89639e-01	6.67394e+00	-4.96731e+00
9.25571e+00	-2.29810e+00	8.99397e+00	-1.13717e+00
9.48541e+00	-1.37013e+00	4.02265e+00	2.94692e-02
9.24844e+00	2.09023e+00	8.68411e+00	-2.16429e-01
9.36405e+00	-3.53509e+00	7.62268e+00	-3.92562e+00
8.67445e+00	4.88664e+00	1.87678e+00	-4.90941e+00
5.15022e+00	3.46976e+00	6.52543e+00	3.41737e+00
8.40961e+00	1.36892e+00	9.87384e+00	2.35828e+00
9.04187e+00	-1.33459e+00	8.57469e+00	3.95029e+00
7.55920e+00	-5.06081e-01	4.35849e+00	4.13738e+00
4.20438e+00	-1.06593e+00	9.28324e+00	1.21360e+00
9.97492e+00	-4.32820e+00	9.77130e+00	3.60156e+00
8.99053e+00	-3.50966e+00	9.87832e+00	2.58602e+00
8.71271e+00	8.43834e-02	9.13149e+00	-2.87072e+00
6.67346e+00	-5.20669e-01	7.41684e+00	-2.97669e+00
9.80351e+00	8.67874e-01	9.57912e+00	-1.94610e+00
8.94706e+00	1.09660e+00	9.07059e+00	1.45513e+00
8.57675e+00	2.49718e+00	9.28302e+00	-7.61785e-01
9.18930e+00	-3.51319e-02	3.11465e+00	1.40899e+00
9.75429e+00	-1.94235e+00	9.56057e+00	-1.57516e+00
9.14441e+00	9.74321e-01	7.56784e+00	-4.80125e+00
9.22638e+00	1.34951e+00	8.81731e+00	-4.55769e+00
9.72677e+00	3.03100e+00	6.83098e+00	9.25475e-01
9.94666e+00	4.87347e+00	9.42350e+00	-4.76994e+00
8.47195e+00	4.47956e+00	4.19321e+00	-3.36769e+00
9.51510e+00	-4.86914e+00	6.88581e+00	-6.32555e-01
9.49010e+00	-4.21298e+00	8.91052e+00	-2.53249e+00
5.57505e+00	-2.42619e+00	2.93231e+00	-4.83126e+00
8.86109e+00	-3.63728e+00	8.27899e+00	-2.71327e+00
6.38107e+00	-1.96592e+00	4.70015e-01	-7.47581e-01
8.82025e+00	-2.98180e+00	1.23197e+00	-1.25124e+00
9.11326e+00	-1.19263e+00	4.08257e+00	2.57832e+00
9.40537e+00	2.80221e-01	9.44704e+00	-1.66409e+00
6.12446e+00	-1.51524e+00	1.57045e+00	7.04593e-01
9.73533e+00	-2.44889e-01	8.79190e+00	-2.29495e+00
9.91388e+00	3.76420e-01	5.47086e+00	-5.79257e-01
6.98767e+00	2.07777e+00	9.60809e+00	-3.72034e+00
8.93779e+00	4.66003e+00	7.34441e+00	1.47274e+00
9.53435e+00	3.39742e+00	8.92798e-01	-1.40714e+00
7.14187e+00	3.87817e+00	1.57732e+00	-8.81128e-01
