# No. of particles = 100 
# Proton - Solar wind	Electron - Solar wind	
1.10156e+00	4.72770e+00	1.41885e+00	3.71447e+00
1.49820e-01	-4.27531e-02	7.21429e+00	-3.80627e+00
2.23495e-01	5.52343e-01	8.48732e+00	3.83528e+00
1.48534e-01	1.42098e+00	8.41931e+00	-1.52813e+00
1.31035e-01	-4.74988e+00	6.55119e+00	-3.91245e+00
9.42043e-02	4.48886e+00	6.55163e-01	-2.91995e+00
3.41656e-01	4.95782e+00	9.44942e-01	-4.66991e+00
5.67241e-02	-3.15338e+00	9.17449e+00	-1.03125e-01
2.48989e-02	-1.53671e+00	4.38749e+00	-1.80700e+00
9.51907e+00	-6.41375e-01	5.03811e+00	-1.88265e+00
7.32307e+00	-1.31867e+00	9.50189e+00	-5.63247e-01
7.04110e+00	-2.69500e+00	2.48379e+00	-1.83191e-01
6.07165e+00	-2.65846e+00	7.31618e+00	1.47646e+00
9.74261e+00	4.20039e+00	2.17577e+00	1.13674e+00
7.67659e+00	-8.65123e-01	7.84274e+00	-3.14536e+00
8.12804e+00	-3.74256e-01	7.29931e+00	4.82848e+00
9.64961e+00	-5.64880e-01	5.06190e+00	5.40524e-01
8.46142e+00	-2.15627e-01	8.05601e+00	4.93003e+00
9.32862e+00	-1.89672e+00	4.59458e+00	-2.12909e+00
9.73294e+00	-4.71688e+00	5.95689e+00	-1.15968e+00
8.60796e+00	-1.57156e+00	9.51919e+00	-3.20126e+00
8.09328e+00	2.44233e+00	6.86485e+00	9.28778e-01
7.10078e+00	-3.34239e+00	7.29099e+00	3.61159e+00
9.23063e+00	2.00309e+00	2.00982e+00	2.46575e+00
8.35832e+00	3.76925e+00	6.60545e+00	2.32474e+00
8.60924e+00	-3.69504e+00	8.82580e+00	1.49058e+00
7.09618e+00	1.44610e+00	5.20337e+00	-3.63651e-01
9.63775e+00	8.86645e-01	9.92489e-01	-3.88771e+00
9.80831e+00	7.80195e-01	9.75545e+00	-8.39032e-01
9.96069e+00	1.22998e+00	1.14628e-01	4.13521e+00
4.89524e+00	-2.45788e+00	9.92732e+00	-4.67579e+00
8.18216e+00	3.15785e+00	8.76595e+00	8.04492e-01
6.82525e+00	-7.44697e-01	2.06951e+00	1.19739e+00
6.94144e+00	2.62640e+00	9.54656e+00	2.87096e+00
8.89089e+00	-3.24130e+00	6.67799e+00	-3.60285e+00
7.81445e+00	1.97304e+00	7.41105e+00	-8.79016e-01
7.51560e+00	4.33555e+00	8.29895e+00	-3.47481e+00
9.59141e+00	-3.29049e+00	1.08805e+00	-3.98446e+00
9.60091e+00	-4.53800e+00	8.83421e+00	-2.55967e+00
9.68371e+00	4.96661e+00	6.68662e+00	4.57875e+00
9.58884e+00	-3.30128e+00	7.76477e+00	-1.93683e-01
9.54092e+00	4.26384e+00	9.68205e+00	1.29526e+00
9.37710e+00	1.77136e+00	4.95567e+00	-4.38262e+00
8.63395e+00	1.74183e+00	9.60588e+00	3.34171e+00
8.13305e+00	7.40128e-01	9.78404e+00	-7.16093e-02
8.85579e+00	8.98662e-02	8.33255e+00	-3.34666e-01
7.55298e+00	6.12819e-01	9.25287e+00	-1.51166e+00
9.58637e+00	-2.68273e+00	1.89598e+00	-2.74069e+00
4.95111e+00	-3.36474e+00	8.75709e+00	-2.55058e+00
9.98058e+00	2.59601e+00	4.48478e+00	4.24425e+00
9.87409e+00	-1.62220e+00	7.48003e+00	1.58944e+00
7.77053e+00	-2.43888e+00	3.88913e+00	1.22791e+00
5.75844e+00	-2.90571e+00	8.86773e+00	-7.58344e-01
9.40044e+00	-2.07005e+00	8.74000e+00	1.78245e+00
5.73643e+00	-7.64228e-01	6.17443e+00	-1.16316e+00
7.49823e+00	-1.60498e+00	7.38002e+00	3.76307e+00
8.36869e+00	3.35716e+00	6.11850e+00	1.92316e+00
9.99100e+00	-2.08875e-01	7.78687e+00	-3.94594e+00
8.70186e+00	-1.19867e+00	3.65124e+00	3.37321e+00
8.43999e+00	-2.82801e-01	8.95208e+00	1.35958e+00
6.37576e+00	-2.87331e+00	5.39225e+00	-2.66492e+00
7.99797e+00	1.24377e-01	8.43759e+00	2.61684e-01
9.63167e+00	1.68596e+00	3.91151e+00	1.86961e+00
9.59047e+00	-8.37720e-01	8.49999e+00	2.72922e+00
7.99781e+00	2.08200e+00	9.39332e+00	4.29648e+00
7.63529e+00	2.13728e+00	8.49060e+00	-3.02346e+00
9.99009e+00	-4.65024e+00	7.41884e+00	-1.24025e+00
8.86760e+00	-1.72149e+00	8.81686e+00	-2.91743e+00
9.22827e+00	4.62044e+00	8.09087e+00	-3.32914e+00
9.84030e+00	-1.89388e-01	4.70130e+00	3.97534e+00
9.46776e+00	-2.86187e+00	9.42093e+00	-1.60151e+00
9.30025e+00	-2.44720e+00	5.95093e+00	-1.68130e-01
9.52438e+00	4.72295e+00	6.21484e+00	1.45626e+00
8.88219e+00	3.49513e+00	2.18253e+00	-4.65748e+00
9.17546e+00	1.93954e+00	9.31931e+00	2.69865e+00
9.83531e+00	-3.89677e+00	8.37155e+00	1.22696e-01
7.05661e+00	-8.25680e-01	1.20869e+00	-1.37394e+00
9.97625e+00	1.13009e+00	2.44644e+00	-8.89141e-01
5.23608e+00	3.23178e-01	3.54190e+00	-4.50757e+00
7.54948e+00	2.32737e+00	9.72232e+00	6.15649e-01
7.43633e+00	2.01407e+00	1.67692e-01	-1.86692e+00
9.49406e+00	1.82221e+00	7.51170e+00	-1.46619e+00
6.74772e+00	8.21088e-01	7.71621e+00	1.53995e+00
9.39924e+00	2.00198e+00	5.15943e+00	4.81287e+00
5.46668e+00	-1.27614e+00	9.86339e+00	-2.76898e+00
9.89348e+00	3.65155e+00	5.91735e+00	4.07400e+00
9.18526e+00	5.09872e-01	4.86037e-01	3.14450e+00
7.06888e+00	9.70843e-01	3.16814e+00	-3.83528e+00
9.74459e+00	-2.01346e+00	2.55344e+00	-5.05871e-01
9.28144e+00	-3.12696e+00	8.47335e+00	2.20749e+00
8.70013e+00	-4.02490e+00	5.88254e+00	1.86322e+00
9.98011e+00	2.87493e-01	6.78514e+00	-1.20900e+00
8.10252e+00	-2.81681e+00	9.12505e+00	4.09669e+00
8.45489e+00	3.47095e+00	4.08756e+00	-4.86191e-03
7.50978e+00	3.39744e-01	6.87463e+00	-3.50116e+00
9.04216e+00	-2.75453e+00	8.75942e+00	2.27837e+00
9.66175e+00	6.37495e-01	3.77246e+00	-3.48730e+00
6.15593e+00	-8.90234e-01	5.60178e+00	-3.11365e+00
8.38637e+00	1.69162e+00	5.25519e+00	4.58343e+00
9.40134e+00	4.99058e+00	8.99433e+00	3.78566e+00
