# No. of particles = 100 
# Proton - Solar wind	Electron - Solar wind	
2.48249e-02	-9.26674e-01	1.19692e+00	-1.99844e-01
6.49183e-01	-2.74320e-01	4.93984e-01	-4.81606e-01
3.67997e-01	-6.57254e-01	2.34534e-01	-8.79688e-01
1.40244e+00	-1.55522e-01	1.28084e-02	-7.54573e-01
9.14420e-01	-4.88529e-01	7.84640e-01	7.46664e-02
4.32550e-01	2.19287e-01	4.33980e-01	-2.52583e-01
4.41042e-01	-9.18545e-01	2.60740e-01	-8.63149e-01
2.45355e-01	-6.08028e-01	1.73791e+00	-1.15231e-01
4.64566e-01	-9.60185e-01	1.93860e+00	-2.33669e-01
5.20504e-01	-7.48479e-01	8.98486e-01	9.23219e-01
4.97082e-01	-4.99222e-01	9.51155e-01	-5.59255e-01
1.43201e+00	9.04821e-01	8.69542e-01	-2.14183e-01
1.99932e+00	2.44490e-01	1.13340e+00	2.81979e-01
6.93254e-01	-8.48103e-02	8.68281e-01	-7.99665e-01
1.65943e+00	-7.87668e-01	8.31774e-01	-9.50423e-02
5.44148e-01	-4.66933e-01	8.32846e-02	-8.17484e-01
1.24709e+00	-4.85711e-01	3.34275e-01	-5.17263e-01
1.71638e-01	9.71689e-02	6.31355e-01	-5.47804e-01
1.37349e+00	-5.68549e-01	6.43885e-02	-7.00407e-01
5.15769e-01	-3.18230e-01	4.26724e-02	8.79222e-01
1.73031e+00	-2.14385e-01	1.52923e-01	7.71876e-02
3.23100e-01	-2.35013e-01	1.18469e+00	-2.96974e-01
6.93187e-01	-8.14537e-01	6.81336e-01	8.14787e-01
5.11666e-01	-4.53279e-01	1.30793e+00	-8.48939e-02
3.75758e-03	-9.85536e-01	4.94015e-02	-3.97173e-01
1.29561e+00	3.17423e-01	1.01168e+00	9.71708e-01
8.30171e-01	7.52883e-01	1.42451e+00	-6.36587e-01
2.43793e-01	4.44847e-01	6.14504e-01	7.92470e-01
1.10049e+00	-8.29560e-01	8.30614e-03	-9.55397e-01
5.73569e-01	1.11300e-01	1.46372e-02	-9.78047e-01
4.59103e-01	-3.99451e-01	1.86119e-03	-9.95989e-01
1.72554e-02	-9.25641e-01	1.44743e-01	-8.04612e-01
1.54480e-01	-2.22519e-01	9.26130e-01	3.87258e-01
2.14770e-01	-6.77300e-01	1.61253e+00	1.37540e-01
6.27692e-01	4.67654e-01	1.82134e+00	1.10685e-01
1.00953e+00	-8.34067e-01	5.67659e-01	8.62659e-02
3.70251e-02	-9.82271e-01	9.13865e-01	8.86333e-02
1.71891e+00	-6.86232e-01	7.63869e-01	2.94971e-01
1.85188e+00	-7.45813e-01	1.99687e+00	-1.92175e-02
2.54129e-01	-4.65935e-01	7.22238e-03	-5.11024e-01
3.83673e-01	-5.67750e-01	1.09872e+00	4.19931e-01
1.21398e+00	9.61366e-01	1.68106e+00	5.34231e-01
6.66193e-01	1.68491e-01	6.93900e-02	-5.36168e-01
6.12799e-01	-2.11372e-01	9.39432e-01	-1.72031e-01
1.12250e-01	-5.08215e-01	2.53850e-01	-8.02864e-01
5.43526e-02	-9.34549e-01	3.60362e-01	-8.83555e-01
3.23815e-01	-4.68314e-01	6.54365e-01	-1.28329e-02
1.66904e-01	-8.47665e-01	5.76851e-01	1.07818e-01
3.33398e-01	6.55822e-01	4.53987e-01	2.74866e-01
1.80367e+00	-3.84511e-01	1.08460e-01	-8.20744e-01
1.93725e+00	1.03045e-01	1.53241e-01	-6.73013e-02
6.06452e-01	4.22449e-01	1.07460e+00	4.99874e-02
1.54156e-01	-5.73738e-01	6.99456e-01	-8.16895e-02
3.45053e-01	-4.61075e-01	4.94092e-01	2.81256e-01
5.12363e-01	8.87173e-02	1.25043e+00	-3.21261e-01
2.14801e-01	-9.94260e-01	5.26611e-01	4.33873e-02
1.79021e-01	-8.32108e-01	1.51259e+00	3.00213e-01
1.58887e+00	-5.39045e-01	1.38472e+00	-3.93292e-01
7.22338e-01	-2.34521e-01	1.85700e-02	-1.92084e-02
7.83937e-01	-5.34737e-02	1.20131e-01	-9.38276e-01
8.36515e-01	-5.31354e-01	2.48203e-03	-9.65605e-01
8.71271e-01	-6.04000e-01	1.34264e+00	-5.74847e-01
8.46713e-02	-9.06633e-01	1.93110e+00	-9.31010e-01
6.83947e-02	-3.82427e-01	1.59493e+00	8.39539e-01
9.78715e-02	-3.26967e-01	5.51042e-01	-2.33955e-01
1.06979e+00	-5.02913e-01	5.39924e-01	-8.12674e-01
1.37438e-01	-7.68406e-01	1.83622e+00	4.14431e-01
2.89771e-03	-9.89021e-01	2.49972e-01	-3.34828e-01
9.08652e-01	6.62271e-01	9.96004e-02	-6.85620e-01
4.41828e-02	-7.69967e-01	1.31962e+00	1.99033e-01
2.42301e-01	-8.28608e-01	1.30496e+00	-1.20118e-01
3.93187e-01	-9.74264e-01	9.08072e-01	-7.72869e-01
5.92151e-01	4.00667e-01	1.46054e+00	-2.66053e-01
2.64251e-01	-8.26778e-01	6.41271e-01	-3.59728e-01
6.88254e-01	-4.06544e-01	7.81719e-01	-2.54044e-01
1.70125e-01	3.46168e-01	7.60274e-02	1.66518e-01
4.50726e-01	-7.26318e-02	1.79551e+00	6.34692e-01
9.95537e-02	-1.06984e-01	1.64115e+00	-6.87126e-01
1.27131e-01	-9.49239e-01	7.07012e-02	-5.60585e-01
1.30263e-01	-4.11025e-01	4.91456e-02	8.14015e-02
1.57398e-01	-7.36957e-01	6.29671e-01	-7.40019e-01
5.27424e-01	-7.94300e-01	1.63996e+00	9.30103e-01
1.76632e+00	9.89002e-01	7.58385e-01	9.86059e-01
6.15053e-01	-8.76815e-01	1.08294e+00	8.07270e-01
5.76791e-01	5.49562e-01	4.11200e-01	2.58336e-01
3.68011e-01	6.00916e-01	1.19214e+00	7.09137e-01
4.71809e-01	-2.02321e-01	1.06558e+00	-4.37866e-01
2.02327e-01	-8.39693e-01	6.51688e-01	4.43510e-01
1.53252e+00	-3.26550e-01	6.82005e-01	2.67414e-01
9.13870e-01	-9.56891e-01	1.66810e+00	3.49947e-01
1.68832e-01	-4.59281e-01	6.90005e-01	-4.75651e-01
8.67762e-01	-5.71159e-01	1.85684e+00	5.53411e-02
8.33231e-01	8.15078e-01	1.03881e+00	-5.92947e-01
5.84687e-01	1.76520e-01	1.38284e-01	-8.38793e-01
2.93988e-01	-7.60331e-01	1.66626e+00	9.59157e-01
1.56334e+00	1.64886e-01	1.93562e+00	-1.03088e-01
4.17496e-01	4.38485e-01	1.06826e+00	-1.65986e-01
6.25407e-02	-2.70692e-01	6.08375e-02	-6.78276e-01
1.38989e-01	-2.59452e-01	4.05431e-01	-1.25517e-01
7.43964e-01	-3.61328e-01	1.57935e+00	-8.56822e-01
