# No. of particles = 100 
# Proton - Solar wind	Electron - Solar wind	
2.37500e-01	-2.04272e-01	1.14385e+00	1.13256e-01
2.12775e-01	-6.07739e-01	1.22372e+00	-4.65758e-01
9.45773e-01	-2.30080e-01	3.65530e-02	-4.61920e-01
5.13644e-01	3.81422e-02	3.65174e-01	2.17826e-01
3.88550e-02	-8.97445e-01	7.70842e-01	-5.01522e-01
1.91967e-01	8.53676e-01	2.31639e-01	-5.02542e-01
1.89038e-01	-7.49395e-01	2.62709e-01	-8.57809e-01
5.12300e-01	-1.62624e-01	1.48158e+00	3.47707e-01
3.93186e-02	4.52330e-01	2.85467e-01	-2.19876e-01
5.59284e-01	6.23318e-01	1.68371e-01	5.59170e-02
1.39528e+00	9.72271e-01	1.88769e+00	6.70669e-01
6.24286e-01	-2.05969e-01	2.18517e-01	-7.76139e-01
1.13370e+00	-2.86623e-01	1.62612e+00	6.45650e-01
1.12450e-01	-8.77909e-01	8.76196e-01	-5.77296e-01
4.03835e-01	-9.28623e-01	2.86169e-01	-9.06302e-01
2.84543e-01	3.21084e-01	3.89853e-01	-2.33434e-01
1.02474e-01	8.59222e-01	1.91136e+00	-3.40136e-01
4.48361e-02	-8.56341e-01	3.79090e-01	4.99252e-01
1.39363e-01	-7.99696e-01	1.22669e+00	-6.35308e-01
1.19965e-01	-7.75399e-01	1.03004e+00	-3.23328e-01
6.87919e-01	1.24817e-01	3.36908e-02	-6.87889e-01
1.38242e+00	9.94215e-01	6.66405e-01	-3.08792e-01
3.54013e-01	-8.16117e-01	1.98240e+00	1.42289e-01
2.67511e-01	3.84858e-01	3.36191e-01	-9.01209e-01
1.30954e+00	-4.14420e-01	4.99995e-01	-5.96279e-01
7.37108e-02	-9.06473e-01	1.65558e+00	5.36139e-01
2.41537e-01	-7.44473e-02	8.75304e-01	1.39675e-01
6.03551e-02	-8.88594e-01	1.00897e+00	1.00135e-01
1.95786e+00	-1.46848e-01	9.54153e-01	-8.63815e-01
8.31306e-01	-1.13619e-01	4.07016e-01	-6.25668e-02
6.52203e-01	-1.30892e-01	5.67093e-01	-6.93725e-01
1.43352e-01	8.05281e-01	9.42944e-01	6.46930e-01
1.09763e+00	9.22046e-01	1.68855e+00	-4.08712e-01
5.59790e-01	-8.28744e-01	1.15176e+00	3.68839e-02
2.26564e-01	5.74690e-01	1.70107e-01	-3.03246e-01
1.63650e-01	-9.58093e-01	2.11828e-01	-4.17544e-01
9.67962e-01	-2.95841e-01	1.94018e-02	-8.09575e-01
2.80976e-01	-9.32913e-01	8.84868e-01	-6.04700e-02
2.65789e-01	-7.46800e-04	6.41508e-01	8.58773e-01
1.27313e-01	1.11164e-01	2.66641e-01	-9.62051e-01
4.07734e-01	1.06082e-01	6.04008e-01	-4.30668e-01
1.29488e+00	3.51570e-01	1.15307e+00	-1.65510e-01
9.10144e-01	5.68648e-01	9.10410e-01	1.31098e-02
1.96732e-01	-8.60135e-01	1.35302e+00	-2.60722e-01
3.03038e-01	-4.60321e-02	1.57194e+00	1.28978e-01
1.72129e-01	-9.11519e-01	1.13122e+00	7.34332e-01
1.53776e+00	1.24243e-01	1.27397e+00	8.10069e-01
3.46759e-01	1.14916e-01	2.17341e-01	-1.49162e-01
1.61562e+00	8.34388e-01	1.36825e+00	2.29153e-05
4.50878e-02	1.88124e-01	1.77399e+00	3.66906e-02
3.09399e-01	-8.79708e-01	2.32708e-01	-7.19281e-01
1.65818e+00	1.14958e-01	1.23424e+00	3.14337e-01
3.69610e-01	-3.41741e-01	8.17661e-01	-3.39910e-01
1.35145e+00	3.09773e-01	1.03833e+00	7.55527e-04
1.51505e+00	8.14741e-01	7.65390e-01	-9.58295e-01
1.96127e+00	-2.37553e-01	2.24391e-01	-1.20922e-01
5.35675e-02	-9.60432e-01	3.56868e-01	4.90002e-01
1.04893e+00	-6.52763e-01	1.90035e+00	-4.25250e-01
5.34879e-01	1.50408e-01	3.40233e-01	-6.40788e-01
1.57616e+00	7.68088e-01	1.20491e+00	3.19908e-01
5.31995e-01	2.29028e-01	1.91496e+00	-4.49393e-01
3.00060e-02	2.71106e-01	1.36194e-01	9.54006e-01
1.90186e-01	-7.35779e-01	5.32315e-01	-6.11024e-01
5.45769e-01	-2.27060e-01	1.93520e+00	3.13718e-02
2.13189e-01	-4.01711e-01	7.49542e-03	-9.59730e-01
3.69812e-01	-7.79920e-01	1.10162e+00	-8.03487e-01
7.43279e-01	1.36670e-01	1.64171e+00	-4.82403e-01
6.60262e-01	8.00938e-01	8.04663e-01	-5.68137e-01
8.07253e-01	4.28098e-01	1.07614e+00	7.86336e-01
6.85014e-01	1.48302e-02	1.25162e+00	-5.90100e-01
1.72200e+00	-5.96733e-01	7.64688e-01	-5.05939e-02
1.71344e+00	2.83626e-01	6.86100e-01	4.72805e-01
2.86258e-02	-9.63580e-01	1.93508e+00	-7.70162e-01
8.65748e-02	-8.46652e-01	2.76886e-01	-9.17988e-01
5.17098e-01	-5.68355e-01	5.25093e-02	-8.13951e-01
1.29343e+00	-5.71373e-01	7.01050e-01	-8.62059e-01
1.82042e+00	6.34781e-01	4.63214e-01	-8.57957e-02
1.77795e-01	-4.93560e-01	1.13281e+00	-2.85191e-01
2.90969e-02	-9.56552e-01	4.55691e-01	-2.86210e-02
4.51024e-01	-4.94420e-01	5.86816e-01	2.20506e-01
1.70889e+00	-6.57744e-01	1.18624e+00	-9.36335e-01
1.40818e+00	3.33825e-01	1.69433e+00	5.13473e-01
9.52236e-01	3.33146e-02	1.13397e+00	2.36416e-01
1.06936e-01	-3.87753e-01	2.37416e-01	-7.47019e-01
9.31160e-01	9.05144e-01	1.02574e-01	-8.66219e-01
2.31411e-01	-2.55596e-02	1.57404e+00	1.76578e-01
3.18078e-01	-5.09567e-01	2.58243e-01	-1.52429e-01
5.87248e-01	-1.39590e-01	1.98327e+00	-9.98861e-01
1.90986e+00	2.28673e-01	2.98489e-01	-1.94775e-01
1.11857e+00	8.08436e-01	1.06825e+00	-2.68661e-01
1.14998e-01	-7.26401e-01	1.67552e+00	4.08964e-01
1.18385e+00	1.62178e-01	2.83596e-01	-8.63531e-01
5.40018e-01	4.39601e-02	4.02540e-02	-9.54363e-01
1.48657e-01	-8.79221e-01	2.44368e-01	-7.73828e-01
3.86844e-01	-6.70289e-01	1.95168e+00	7.58388e-01
2.84351e-01	-8.15571e-01	1.30537e+00	-7.32944e-01
1.83689e+00	3.08631e-01	1.19128e+00	-6.48389e-01
1.91468e+00	-5.32650e-01	1.22195e+00	-3.38334e-01
1.49053e+00	5.66219e-01	9.74432e-01	6.18652e-01
1.08490e-02	-9.93306e-01	1.59271e+00	-1.36339e-01
