# No. of particles = 100 
# Proton - Solar wind	Electron - Solar wind	
2.26668e+00	4.17884e+00	3.62445e+00	-9.74550e-01
8.82489e+00	-3.82211e+00	8.37028e+00	-1.84278e-01
4.20039e+00	-4.71407e+00	8.94242e+00	4.05133e+00
2.23098e+00	-4.10325e+00	5.16668e+00	-4.85474e+00
3.74163e+00	-3.99790e+00	3.28799e-02	-3.26711e+00
4.19107e+00	-2.60543e+00	6.90063e+00	4.49035e+00
4.28753e+00	-2.53583e+00	4.61007e+00	-3.22486e+00
2.98207e+00	-3.43959e+00	4.38978e+00	1.44024e+00
3.11979e+00	-3.56093e+00	3.02543e-01	3.27284e+00
3.04573e+00	-3.31333e+00	2.09360e+00	-1.78015e+00
3.52772e+00	-2.77802e+00	8.54219e+00	-6.63240e-01
3.31777e+00	-2.55848e+00	8.07833e+00	-1.99913e+00
4.48304e+00	-2.06781e+00	4.62611e+00	1.84782e+00
3.58727e+00	-1.84353e+00	8.69545e+00	4.47245e-01
4.08751e+00	-2.86197e+00	1.88739e+00	4.87741e+00
3.64967e+00	-1.32674e-01	4.51454e+00	3.01769e+00
1.49175e+00	-2.87356e+00	1.69936e+00	4.46037e-01
3.41294e+00	-2.70016e+00	4.84947e+00	-1.06586e+00
4.49050e+00	-1.16974e+00	3.92317e+00	3.42579e+00
3.27641e+00	-1.23591e+00	6.08654e+00	2.27550e+00
3.03843e+00	-7.70363e-01	7.92320e+00	-4.44814e+00
3.04261e+00	-1.49971e+00	3.81478e+00	-4.05509e+00
3.14801e+00	-1.06590e+00	3.77622e+00	3.73375e+00
3.13423e+00	-6.10066e-01	3.72835e+00	-1.03858e+00
4.38812e+00	-9.65092e-01	3.23934e+00	-4.84868e+00
2.85010e+00	-2.83629e-02	7.95578e+00	4.93669e+00
4.48927e+00	5.03771e-01	8.84298e+00	3.09637e+00
3.35376e+00	9.81389e-01	2.35560e-01	2.32088e+00
4.01682e+00	-1.93277e-01	9.57907e+00	-1.14531e+00
3.57171e+00	3.40225e-01	3.80460e+00	-4.01676e+00
3.40932e+00	1.84204e+00	6.81122e+00	-8.94721e-01
3.20845e+00	5.01902e-01	9.04859e+00	1.73775e+00
3.57348e+00	8.01289e-01	6.26410e+00	-4.87103e+00
2.68999e+00	2.48701e+00	2.30695e+00	-2.08573e+00
3.44978e+00	1.97691e+00	6.67715e+00	-3.22181e+00
3.91537e+00	2.28163e+00	5.78029e+00	-4.60701e+00
5.41818e+00	3.03151e+00	5.32355e+00	2.72815e+00
2.38191e+00	1.97517e+00	3.72265e+00	-6.95697e-01
3.90124e+00	3.36932e+00	2.63869e+00	3.95102e+00
4.04282e+00	4.41355e+00	1.65135e+00	-3.34819e+00
3.35288e+00	3.50355e+00	8.24178e+00	-8.34108e-01
3.30641e+00	3.87991e+00	2.28103e+00	-1.65780e+00
5.95449e+00	3.81672e+00	6.24318e+00	4.30452e+00
6.07877e+00	3.73590e+00	4.34816e+00	-1.93072e+00
5.22727e+00	4.40513e+00	8.85535e+00	-2.45042e+00
5.52247e+00	3.43905e+00	3.04364e+00	3.48001e+00
5.84960e+00	4.56616e+00	6.75696e+00	-1.13908e+00
5.69067e+00	-4.30075e+00	2.88028e+00	-3.62513e+00
4.27541e+00	-4.44476e+00	4.31715e+00	-2.44082e-01
4.39430e+00	-4.26492e+00	4.79488e+00	4.23417e+00
4.41745e+00	-3.94276e+00	5.84130e+00	-3.76413e+00
3.46322e+00	-4.62420e+00	6.72826e+00	2.03308e+00
3.14538e+00	-4.50657e+00	7.97592e+00	1.77929e-01
4.04029e+00	-4.16099e+00	8.52934e-01	-1.72837e-01
4.59123e+00	-4.45939e+00	4.25647e-01	4.67656e+00
3.65224e+00	-3.92221e+00	5.15107e+00	3.46800e-01
3.74900e+00	-3.94129e+00	8.75377e+00	1.26240e+00
4.20943e+00	-3.27592e+00	6.43408e-01	-1.47634e+00
3.61561e+00	-1.86686e+00	6.85268e+00	2.05158e+00
3.20330e+00	-3.56726e+00	7.18303e+00	3.42527e+00
4.49210e+00	-2.11138e+00	2.71774e+00	4.91830e+00
3.33130e+00	-1.87573e+00	9.92474e-01	1.19278e+00
3.17618e+00	-2.24505e+00	5.71038e-01	-1.17929e+00
3.92596e+00	-2.34402e+00	1.19541e+00	-3.91181e+00
3.63803e+00	-1.95183e+00	7.40128e+00	-6.23110e-01
2.15522e+00	-1.36315e+00	9.42127e+00	-1.87780e+00
4.20904e+00	-1.02722e+00	9.88272e+00	1.39059e+00
4.10632e+00	-1.92493e+00	2.23777e+00	3.72599e-01
4.08729e+00	-2.19511e+00	3.18486e+00	2.77890e+00
1.34592e+00	1.02254e-01	2.42897e+00	-1.36628e+00
3.07195e+00	-2.37886e+00	4.04519e+00	1.50948e+00
2.75364e+00	-1.48991e-01	5.79776e+00	-1.21343e+00
3.15286e+00	-4.35957e-01	3.14846e+00	1.23931e+00
3.33906e+00	3.82959e-03	6.86579e+00	2.73355e+00
4.68599e+00	9.99606e-01	4.26973e+00	2.16784e-01
4.16870e+00	6.79383e-03	5.00525e-01	2.69126e+00
3.04986e+00	8.16364e-01	9.73584e+00	1.54749e+00
3.07333e+00	6.11650e-01	4.01633e+00	-6.16026e-01
3.38632e+00	-8.87222e-03	1.59257e+00	-4.56873e-02
3.21943e+00	1.12496e+00	8.28891e+00	-2.37807e-01
2.92542e+00	1.55728e+00	4.04781e+00	4.08248e-01
3.40258e+00	1.80853e+00	6.54621e+00	1.26312e+00
4.49699e+00	8.85759e-01	7.72297e-01	2.14474e+00
2.39505e+00	6.45211e-01	3.67811e+00	-2.74545e+00
2.80052e+00	1.23580e+00	1.53988e+00	2.57472e+00
1.54156e+00	1.33760e+00	8.61103e+00	4.05678e+00
3.39491e+00	1.08001e+00	6.53170e+00	-4.41035e+00
3.30487e+00	1.91832e+00	9.24745e+00	4.46918e+00
2.76427e+00	2.52242e+00	5.77901e+00	-1.03690e+00
2.01313e+00	1.64670e+00	5.43602e+00	-4.03385e+00
1.75787e+00	3.28651e+00	4.55619e+00	1.45303e+00
3.21120e+00	2.58630e+00	9.38095e+00	-1.74835e+00
3.50251e+00	2.99781e+00	8.08273e+00	8.60806e-01
3.15921e+00	1.69614e+00	6.31498e+00	3.18936e+00
3.23387e+00	3.78160e+00	4.65330e+00	-4.28271e+00
2.76057e+00	2.19998e+00	4.23150e+00	3.74638e+00
2.12559e+00	4.55931e+00	3.54755e+00	2.11485e+00
3.19328e+00	3.61227e+00	5.76182e+00	8.16852e-01
3.74694e+00	4.00268e+00	3.08508e+00	-1.72904e+00
3.19329e+00	3.34151e+00	9.08632e+00	2.51526e+00
