# No. of particles = 100 
# Proton - Solar wind	Electron - Solar wind	
1.14131e-01	-8.01150e-01	6.51924e-01	-9.62716e-01
6.41966e-01	3.54117e-01	1.10723e-01	-3.35105e-01
6.26222e-01	-4.91399e-01	6.13728e-01	-7.87894e-01
4.66272e-01	2.37962e-01	9.32548e-01	-4.43872e-02
1.08590e+00	-2.87807e-01	1.03244e+00	-5.09063e-01
1.42878e-01	-8.17256e-02	1.82089e-01	2.63340e-01
1.08024e+00	-2.01620e-01	5.55379e-01	-2.08683e-01
1.02336e+00	3.67743e-01	6.08778e-01	-3.29730e-01
1.77265e-02	-6.56024e-01	1.95006e+00	3.55407e-02
3.81146e-01	7.60943e-02	1.64044e+00	-3.55343e-01
1.22907e+00	7.28344e-01	1.19046e+00	2.91109e-01
4.18865e-01	-4.66000e-01	1.40557e-01	-8.37938e-01
9.21570e-01	-4.25660e-01	2.24271e-02	-9.97723e-01
9.00980e-01	-3.29516e-02	2.64632e-01	3.73713e-01
7.63561e-02	-9.77334e-01	1.65537e+00	-5.10449e-01
2.62082e-01	-1.18778e-01	3.45118e-01	8.13453e-02
7.89841e-02	9.34728e-02	6.01343e-01	-3.35522e-01
1.41885e+00	7.54629e-02	7.99002e-02	-6.78459e-01
1.92805e-01	-7.01680e-01	3.92820e-01	3.53429e-03
7.71643e-01	4.73206e-01	1.12264e+00	-9.89482e-01
4.47854e-01	-2.98937e-01	1.24573e+00	-3.61296e-01
9.44152e-01	3.18730e-01	4.66045e-01	2.89159e-01
1.67580e-01	-4.61948e-01	2.18471e-01	-7.85311e-01
2.20953e-01	1.58969e-01	3.04713e-01	-6.96634e-01
5.78362e-01	-7.42506e-01	4.21278e-01	-4.94575e-01
5.05817e-01	4.66530e-01	1.32307e+00	7.29626e-01
1.64488e-01	5.72743e-01	1.45682e-01	-1.71185e-01
1.80793e+00	6.18228e-01	8.29560e-01	-8.24295e-01
9.66286e-01	-5.88398e-01	2.14605e-01	-9.09091e-01
3.35735e-01	-6.28799e-01	2.03346e-01	-9.95675e-01
1.30777e-01	-9.02985e-01	1.85788e+00	-4.98728e-01
5.10984e-02	-9.27107e-01	1.87392e+00	-8.91351e-02
5.32461e-01	-9.99284e-02	2.55546e-01	-8.04491e-01
1.06319e+00	-6.73391e-01	1.41866e-01	-1.11256e-01
7.74146e-02	-8.98904e-01	1.46105e+00	-7.18592e-01
1.85443e+00	3.54959e-01	5.75458e-01	8.75837e-03
1.69092e+00	-5.51266e-01	2.76196e-01	-2.61341e-01
5.99888e-01	9.42951e-01	1.88571e-01	-7.18977e-01
1.07641e-01	-6.21727e-01	5.62397e-02	-6.19102e-01
1.35803e+00	7.92886e-01	1.73958e-01	-4.08922e-01
1.16223e+00	8.78582e-01	1.17400e+00	7.29662e-02
5.22591e-01	-4.46313e-01	1.77266e-01	-8.77906e-01
4.45372e-01	-2.49760e-01	4.98360e-01	-9.67258e-01
4.34278e-01	6.60114e-01	1.06153e+00	-8.34506e-02
1.51208e-01	-5.47243e-01	2.79259e-02	-9.89059e-01
3.97463e-01	-7.39303e-01	3.28066e-01	7.18400e-01
1.26745e+00	-7.15751e-02	1.09393e+00	-4.98542e-03
9.73718e-01	2.06371e-01	1.60712e-01	-6.61573e-01
8.74059e-01	-2.55464e-02	6.90964e-02	-4.51541e-01
1.66137e+00	7.01110e-01	7.55428e-02	-6.52360e-01
1.05817e+00	-9.93006e-01	7.03153e-01	2.69467e-02
1.26246e+00	-1.46906e-01	1.72956e+00	6.60867e-01
1.66469e+00	8.25294e-01	9.90849e-01	7.88373e-01
1.15518e+00	7.35931e-01	1.39789e-01	-7.57503e-01
1.24180e+00	4.78639e-01	7.16418e-01	-7.87606e-01
1.01548e+00	3.92675e-01	2.49455e-01	-7.14864e-01
1.12494e+00	5.99756e-01	1.96982e+00	3.59554e-03
1.01318e+00	-9.92628e-01	2.64979e-01	5.15539e-01
1.89261e-01	-6.06586e-01	1.70943e+00	6.98847e-02
1.02024e+00	1.14875e-01	1.14288e-01	-1.37146e-01
2.64381e-02	-9.34528e-01	1.84538e+00	-7.53670e-02
1.16227e+00	2.86553e-01	4.75019e-01	3.79584e-01
1.89121e+00	-5.83718e-01	2.73355e-01	5.89570e-01
8.49059e-02	-9.03747e-01	5.72309e-02	-9.26485e-01
1.68251e+00	-5.82721e-01	9.24895e-01	-2.43701e-01
1.77699e-01	-8.89624e-01	1.07095e+00	3.50674e-01
1.58431e-01	-5.96192e-01	1.55809e+00	-2.80059e-01
3.51910e-01	-4.59094e-01	1.62856e+00	-1.06975e-01
6.40416e-01	1.38499e-01	1.87745e+00	-1.99754e-01
2.78629e-01	-6.31813e-01	1.62079e+00	5.81510e-01
5.78140e-01	6.56524e-01	1.80748e-02	2.62440e-01
1.96431e+00	-5.72654e-03	2.75006e-01	-5.00717e-01
7.27597e-02	-7.03561e-01	1.00127e+00	2.33312e-01
6.71716e-01	-5.93705e-01	6.41007e-01	-9.05697e-01
4.46497e-01	-6.42177e-01	2.41080e-02	2.32908e-01
1.51524e+00	3.60839e-01	1.33996e-01	7.40431e-01
8.70146e-01	1.41832e-01	1.14010e+00	-9.26618e-02
8.05824e-01	-3.30108e-01	5.09159e-01	8.54012e-02
1.79430e+00	7.53068e-01	4.24445e-01	2.25690e-01
1.04316e+00	3.26341e-01	1.27652e+00	-8.80270e-01
1.32604e-01	-2.10172e-02	1.35148e+00	3.96958e-01
1.62676e+00	1.47820e-01	1.92211e+00	6.82143e-01
7.33533e-01	-2.04901e-01	8.85183e-02	3.26346e-01
1.77499e-01	-9.62830e-01	5.94208e-01	-2.17615e-02
5.04831e-01	1.33806e-02	1.91433e+00	5.89798e-01
1.86600e-01	-1.83232e-01	1.70494e+00	-6.14190e-01
2.51842e-01	-5.99098e-01	4.58901e-01	7.12094e-01
1.41629e+00	-8.54911e-01	1.03304e-01	-9.39572e-01
1.20741e+00	3.26814e-02	1.01269e+00	2.11995e-01
1.95050e+00	-6.14297e-01	1.08206e+00	6.37518e-01
9.69273e-02	-7.99194e-01	7.24851e-01	4.01662e-01
9.13468e-01	8.59795e-01	2.67887e-01	-1.00208e-01
4.51603e-01	-1.39013e-01	8.51044e-01	-8.23970e-02
1.41225e+00	7.30917e-01	1.62481e+00	-8.84522e-02
3.31472e-01	1.53831e-01	5.99039e-01	-4.98435e-01
2.50294e-01	9.02169e-01	1.07939e+00	-3.86738e-02
9.88417e-01	-2.94550e-01	1.07453e+00	-5.07315e-01
3.68707e-01	-9.20952e-01	7.24794e-01	-5.33136e-01
1.15346e+00	4.16719e-01	2.10534e-01	-7.85860e-01
5.05397e-01	-3.17373e-01	1.47699e+00	4.57898e-01
