# No. of particles = 100 
# Proton - Solar wind	Electron - Solar wind	
1.16389e+00	8.67513e-01	1.37965e-01	-9.34747e-01
1.69412e+00	-3.81921e-01	2.70211e-01	-7.47392e-01
1.94307e+00	-3.96207e-01	7.66834e-01	-4.80966e-01
2.43942e-01	-6.61590e-01	1.46873e-01	-7.91384e-01
1.19389e-01	-9.09522e-01	1.36807e+00	7.18655e-01
1.22999e-01	-1.36563e-02	5.10634e-01	2.35707e-01
7.65239e-01	-4.79404e-01	1.78976e+00	3.45539e-01
1.44440e+00	9.15965e-01	1.54793e+00	2.87779e-01
3.30485e-01	-8.41796e-01	1.88178e+00	8.79704e-01
2.67735e-01	-5.78007e-01	1.72789e+00	8.23085e-01
3.66696e-02	-9.71050e-01	4.35164e-01	-3.23438e-01
7.61148e-01	-3.33551e-01	4.37824e-01	-1.48897e-01
5.43449e-01	-9.18502e-01	1.25785e+00	-7.13653e-01
6.72817e-02	-9.90851e-01	3.46448e-02	4.21541e-02
6.86287e-01	-5.76052e-02	1.73133e+00	-9.40305e-01
1.32590e+00	8.02850e-01	5.49873e-01	2.62468e-01
8.81347e-01	-9.65598e-01	1.47000e+00	4.44581e-01
1.70333e+00	8.00059e-01	1.87356e+00	3.71350e-01
1.95549e+00	-6.80458e-02	1.18803e+00	-9.52769e-01
1.38493e-01	7.09628e-01	2.23345e-01	1.16178e-01
9.54760e-01	-5.88686e-01	3.08513e-02	-9.30212e-01
1.30867e-01	-8.40401e-01	1.48278e+00	-6.03032e-01
3.12733e-01	-9.02927e-01	2.16059e-02	-9.94203e-01
3.95165e-01	-6.34703e-01	9.44309e-01	-9.60773e-01
4.63619e-01	-9.36834e-01	8.57840e-02	-8.83052e-01
1.75375e+00	7.20772e-01	1.72527e+00	-7.37152e-01
8.52736e-01	-3.73822e-01	2.50395e-01	-1.61444e-01
1.64359e+00	6.47598e-01	4.40832e-01	-3.87184e-01
1.63668e+00	-5.26272e-02	1.36889e-02	-9.16645e-01
1.88355e+00	6.95618e-01	1.18373e+00	-5.92945e-01
8.77282e-02	-4.43776e-01	5.73144e-01	-4.76624e-01
1.45595e-02	-8.08876e-01	1.71336e+00	6.82223e-01
7.97362e-02	-3.99522e-02	5.41918e-01	-4.13382e-01
2.81459e-01	-3.95631e-01	1.56582e+00	-5.40533e-01
1.29413e-01	-8.81320e-01	9.79207e-02	-9.48027e-01
7.64482e-01	-6.86733e-01	1.04826e+00	-3.66794e-03
5.32277e-01	8.38009e-01	9.02208e-01	-7.32574e-02
3.14276e-01	-7.65650e-01	3.65715e-01	5.97075e-01
8.37430e-01	-6.61391e-01	8.98094e-02	-1.17760e-01
1.59150e+00	-4.24863e-01	1.24157e+00	-5.79448e-01
1.29361e+00	-6.94149e-01	1.87966e-01	6.75458e-01
1.52511e+00	9.12702e-02	2.04117e-01	-6.48291e-01
1.78938e+00	-7.26158e-01	9.56668e-01	1.07863e-02
4.41909e-01	-1.91505e-01	3.52190e-02	-9.82550e-01
2.48970e-03	-9.81134e-01	3.54302e-01	-1.83514e-01
1.73954e-01	-9.65369e-01	7.84645e-01	-8.79215e-01
9.95840e-01	-6.58426e-01	6.98398e-01	-1.56477e-01
5.10331e-01	-5.29062e-01	9.11270e-02	-4.46072e-01
1.46680e-01	6.80083e-01	2.24602e-01	3.76071e-01
9.21085e-01	-3.48395e-01	9.19388e-01	8.45062e-01
8.47692e-02	-9.88748e-01	1.15486e+00	9.36532e-02
3.57792e-01	-8.01095e-01	3.21924e-01	2.16047e-01
1.17824e-01	-2.58889e-01	2.75966e-01	2.50900e-01
1.54433e+00	-8.37376e-01	1.46051e-01	-5.21676e-01
3.82042e-01	-7.69515e-01	5.66789e-01	-7.52128e-01
9.54935e-01	-2.17669e-01	1.77228e+00	-1.63152e-01
8.21677e-01	-6.73324e-03	3.73143e-01	-6.53736e-01
1.21708e+00	-7.55540e-02	2.64660e-01	-3.23240e-01
6.31090e-01	-6.61451e-01	1.12788e-01	5.00180e-01
1.35418e+00	6.18221e-01	9.74769e-01	-3.76101e-01
1.38323e+00	1.98130e-01	2.79367e-01	-2.92273e-01
1.03445e+00	-7.64645e-01	1.62847e+00	-5.36130e-01
1.72384e+00	-3.11582e-01	4.53237e-01	-7.52398e-01
6.48465e-01	5.93598e-01	6.86841e-01	-7.33976e-02
1.85366e+00	-2.23903e-01	9.14014e-02	-4.24853e-01
8.99869e-01	-4.66648e-01	7.92885e-01	8.42056e-01
5.48877e-01	-3.36218e-01	9.07721e-01	-7.48087e-01
1.02907e-02	-9.98310e-01	1.48330e-01	-5.24524e-02
4.74508e-01	-7.75580e-02	1.97532e+00	3.25990e-01
1.92189e+00	-9.57492e-01	1.44047e-01	-9.56477e-01
1.63719e+00	-2.27267e-01	7.74940e-01	5.02208e-01
1.85660e+00	3.05411e-01	1.94011e+00	5.92288e-01
3.44396e-01	4.44260e-01	1.74360e+00	1.03441e-01
1.49409e-02	1.74079e-01	1.35887e+00	8.98474e-01
1.73312e+00	-5.28957e-01	1.87606e+00	-1.05970e-01
8.03960e-02	-8.46882e-01	7.93780e-01	1.84556e-01
1.16297e+00	2.70629e-01	1.64508e+00	3.66945e-02
7.93661e-04	-3.94483e-01	7.63323e-01	-6.72828e-02
9.49290e-01	2.58607e-01	6.64211e-01	-3.49093e-02
6.57391e-01	-3.88426e-01	3.54166e-01	2.48288e-01
4.00542e-01	3.75074e-02	1.94225e+00	-2.90353e-01
9.44179e-01	3.73356e-01	1.96552e+00	-7.83306e-01
9.31905e-01	-6.87367e-01	1.35126e+00	1.16677e-01
1.98033e+00	1.87908e-01	1.76717e+00	-2.30989e-01
3.09410e-01	9.22479e-01	1.64667e-01	-3.01150e-01
1.88680e+00	-1.41077e-01	1.14957e-01	-3.11444e-01
1.24970e+00	-1.08973e-02	1.53306e+00	6.39644e-02
1.99597e-01	-7.17795e-01	1.78574e+00	6.94729e-02
3.66903e-01	-6.61033e-01	1.37097e+00	-4.33707e-01
1.65969e+00	-5.64065e-01	6.75507e-01	-3.54465e-01
1.00484e+00	7.93855e-01	9.68922e-01	5.20411e-01
1.21922e+00	-1.58919e-01	1.09375e+00	6.30704e-01
8.02855e-01	-3.93492e-01	1.97125e+00	-5.06223e-01
1.64178e+00	7.07323e-01	1.96405e+00	-3.02918e-01
1.02597e+00	7.97065e-01	6.82437e-01	-7.73974e-01
1.08725e+00	7.75522e-01	5.05609e-01	2.32205e-01
1.60273e+00	-2.88200e-01	1.76933e+00	-2.96789e-01
9.13246e-01	5.83978e-02	1.55721e+00	1.68044e-01
1.72400e+00	4.88106e-01	4.99184e-01	-8.71782e-01
3.65705e-01	-3.94943e-01	5.41515e-01	-7.31930e-01
