# No. of particles = 100 
# Proton - Solar wind	Electron - Solar wind	
6.45146e-01	-1.81134e-01	2.62382e-01	-7.76273e-01
1.73499e+00	6.48840e-01	2.81757e-01	8.34735e-01
1.80088e+00	4.49555e-01	1.85189e+00	-3.85655e-01
3.73388e-01	-7.78762e-01	1.78659e+00	-7.72138e-02
3.85098e-01	-8.09520e-01	2.62642e-01	-9.05331e-01
1.13262e+00	-5.55751e-01	1.06033e-01	-9.52464e-01
1.45732e+00	8.76226e-01	1.26616e+00	5.49878e-01
1.93966e+00	8.10861e-01	2.81187e-02	-9.77891e-01
2.22106e-01	-9.61911e-01	1.16942e-02	-9.81972e-01
3.45063e-01	3.43485e-01	1.50101e+00	6.05177e-01
2.54297e-01	-1.81248e-01	3.98021e-01	-1.62262e-01
1.17026e+00	4.97649e-01	1.93688e+00	-8.66662e-01
1.69122e+00	7.84648e-02	3.81024e-01	1.41969e-02
1.13241e-01	-9.93582e-01	1.91039e+00	-5.10618e-01
1.27524e+00	-7.91413e-01	1.01732e+00	4.40397e-02
1.61067e+00	8.78293e-01	1.15834e-01	-4.14712e-01
2.32253e-01	5.35010e-01	1.07372e+00	5.31470e-01
1.72727e-01	-1.84737e-01	9.41866e-01	-6.13905e-01
1.34459e-01	-9.52321e-01	8.25453e-01	4.31183e-01
1.31783e+00	5.09525e-01	1.59411e+00	-1.81452e-01
5.10024e-01	-7.65775e-01	6.38806e-01	-6.79240e-01
1.53597e+00	8.72732e-01	8.61920e-01	2.23335e-01
4.47346e-03	-8.73475e-01	1.18921e+00	-8.13091e-01
3.96870e-01	9.84753e-01	2.28601e-01	-9.98935e-01
5.90363e-02	-9.71423e-01	1.61227e+00	-3.39050e-01
6.72896e-02	-9.07837e-01	1.70169e-01	-2.60913e-01
5.51940e-01	4.11643e-01	1.64585e-01	-4.66809e-01
1.34384e+00	1.03281e-01	1.90376e+00	-9.47516e-01
1.34723e+00	-7.75538e-01	1.96746e+00	7.50250e-01
5.84357e-01	-9.95562e-01	2.07982e-01	-6.94406e-01
8.70363e-02	-9.87389e-01	1.57939e+00	6.28230e-01
9.17634e-01	4.73376e-01	1.79843e+00	7.94704e-01
1.12901e+00	-4.91793e-02	4.20251e-01	-6.21075e-01
2.19171e-01	1.62441e-01	1.19723e-01	-6.29715e-01
1.46218e-02	-3.54354e-01	1.16550e+00	5.48671e-01
7.64445e-01	-8.28913e-01	8.57996e-01	-2.34732e-01
5.12241e-01	2.68591e-01	1.59917e+00	-1.63162e-01
1.27628e+00	-7.19135e-01	1.79295e-01	-5.36792e-01
8.49408e-01	-8.45827e-01	1.59332e+00	9.32442e-01
1.40530e+00	6.15371e-02	1.80937e+00	3.97349e-01
1.10723e+00	-6.60537e-01	5.03895e-01	-3.23711e-01
7.67414e-01	5.45968e-01	1.17480e+00	-4.85525e-01
5.90068e-01	-2.06389e-01	1.07601e+00	1.96715e-01
5.63203e-01	-3.55917e-01	8.85132e-01	-3.12763e-01
6.70269e-01	-2.34063e-01	5.75650e-01	7.90512e-01
7.64296e-02	-2.98020e-01	1.75844e+00	-7.81851e-01
2.70879e-02	-9.93697e-01	3.18258e-01	-3.83406e-01
3.16516e-02	-9.59093e-01	1.27671e+00	-3.47705e-01
2.66086e-01	1.29495e-01	8.63040e-01	-5.72334e-01
3.90421e-02	-5.54818e-01	3.56534e-01	-1.22968e-01
1.33356e+00	-1.49068e-01	1.07336e+00	7.24243e-02
7.32528e-02	-9.62082e-01	4.23336e-01	-6.79831e-01
1.63299e+00	7.46360e-01	9.18986e-01	-3.28962e-01
1.64726e-01	-7.73822e-01	7.74050e-02	-6.80891e-02
1.58799e-03	-9.80645e-01	1.09972e+00	-7.67381e-01
1.24712e+00	-9.37107e-01	1.93673e+00	8.45745e-01
1.87530e-01	4.83782e-01	1.21391e+00	5.16387e-01
1.81354e+00	-6.75066e-01	8.80543e-01	-4.83690e-01
1.02212e+00	9.35711e-01	5.96431e-01	-6.85898e-01
6.36974e-01	-2.99625e-01	8.97870e-01	-6.61311e-01
2.28673e-01	-9.49511e-02	1.96154e+00	2.90119e-02
1.15931e+00	-1.66768e-01	1.28712e+00	4.98538e-01
7.84931e-01	4.80435e-01	6.21255e-01	9.67640e-01
7.30806e-01	3.13652e-01	3.44487e-01	-6.14427e-01
3.69130e-02	-8.80719e-01	7.75321e-01	5.90194e-01
8.79336e-01	-4.81274e-01	5.81541e-01	8.92165e-01
1.62606e-01	8.03650e-01	1.02687e-01	5.42589e-01
6.73567e-01	9.42741e-02	1.07689e+00	-4.57673e-01
3.89177e-01	-3.67722e-01	3.46477e-01	3.86308e-02
9.66616e-01	-2.33317e-01	1.56949e+00	-7.13391e-01
1.41246e+00	9.59460e-01	1.20827e+00	2.46587e-01
9.27614e-02	-9.32465e-01	1.11478e+00	6.63695e-01
5.40967e-01	-2.35473e-02	1.66003e+00	-4.99886e-01
9.60731e-01	9.07795e-01	1.50364e+00	2.58309e-01
7.04949e-01	-3.72306e-01	1.62915e+00	5.53789e-01
1.38978e-01	2.62995e-01	9.51428e-02	-9.34105e-01
2.69263e-01	-4.90490e-01	3.58911e-01	-3.13042e-01
9.23654e-02	-9.10127e-01	8.31838e-01	-7.47722e-01
1.03295e+00	4.79469e-01	1.95524e+00	3.48633e-01
1.31242e-01	-6.86861e-01	1.38175e+00	2.81302e-01
3.59332e-01	4.83584e-01	1.73394e+00	1.37092e-01
8.29887e-01	8.17308e-01	1.08882e+00	-4.20828e-01
1.51010e+00	6.77173e-01	2.76604e-01	3.72908e-02
2.96474e-01	-9.21784e-01	1.94357e+00	2.87037e-01
6.79654e-01	7.95409e-01	3.36016e-01	-7.71734e-01
3.57201e-01	3.97014e-01	1.97821e+00	-6.47614e-01
5.00054e-01	-2.64023e-01	2.51699e-01	-6.25890e-01
1.13979e+00	-8.30734e-01	9.81835e-01	5.31416e-01
1.03702e-01	-9.30407e-01	2.89418e-01	4.22864e-01
5.38570e-01	-9.41139e-01	5.69414e-01	-8.81886e-01
1.75456e-01	-5.28102e-01	4.58554e-01	-2.74062e-01
1.38951e+00	6.65134e-01	1.41213e+00	6.05085e-02
7.70971e-01	5.23737e-01	8.42236e-01	-1.86106e-01
6.01463e-01	-1.21922e-01	6.92707e-01	-2.61014e-01
1.04890e+00	-2.76803e-01	4.82276e-02	-9.15477e-01
2.87250e-01	-6.64155e-01	8.71303e-02	-9.57075e-01
4.50991e-02	6.47757e-02	1.70085e+00	1.71289e-01
4.74130e-01	6.75039e-01	2.61469e-01	-5.62113e-01
1.08788e-01	-6.25360e-01	1.47914e-01	5.76064e-01
1.63999e+00	-6.13131e-01	1.81359e+00	-2.13369e-01
