# No. of particles = 100 
# Proton - Solar wind	Electron - Solar wind	
8.74053e+00	1.49492e+00	6.72492e+00	1.19436e+00
2.14190e+00	-8.17992e-01	3.60136e+00	-1.48723e+00
1.02395e+00	4.50297e+00	3.14196e-01	-3.45455e+00
5.98162e+00	4.73211e+00	4.50556e+00	2.55777e+00
2.45947e-01	1.43896e+00	8.19425e+00	-3.93056e+00
9.97704e+00	2.11412e+00	5.64530e+00	-1.99966e+00
8.65972e+00	-2.82924e+00	4.34813e+00	2.17624e+00
5.16055e+00	-2.65450e+00	4.71013e+00	3.90446e+00
5.83495e+00	-2.29431e+00	4.37564e+00	3.40874e+00
7.78688e+00	2.73830e+00	4.05215e+00	4.67201e+00
8.88482e+00	-4.04672e+00	9.80371e+00	4.94331e+00
9.66231e+00	1.88734e+00	6.05918e+00	4.98047e+00
7.70618e+00	2.48543e+00	5.12565e+00	4.96103e+00
9.79169e+00	-2.44431e+00	9.05728e+00	4.96829e+00
9.35543e+00	-3.78958e+00	2.74308e+00	6.55249e-01
8.52634e+00	-2.16675e+00	6.33349e+00	-4.46653e+00
9.28276e+00	4.30643e+00	7.85824e+00	2.51964e+00
9.27879e+00	-2.67003e+00	4.15843e+00	-3.73530e+00
7.64545e+00	-1.68939e+00	9.63267e+00	-4.13453e+00
7.04416e+00	1.27628e+00	5.90487e+00	4.44383e+00
9.42826e+00	6.07477e-02	5.97671e-01	-1.17620e+00
5.74590e+00	3.20053e+00	7.78581e+00	-2.12045e+00
9.67031e+00	-4.15799e+00	6.98707e-01	2.90112e+00
4.55923e+00	-9.17244e-01	9.37954e+00	1.22997e+00
9.45109e+00	-1.25870e+00	2.12071e+00	3.69414e+00
9.93953e+00	1.42467e+00	3.97928e-01	-7.24396e-01
5.16297e+00	-3.10612e+00	3.97707e+00	-2.21356e+00
8.28313e+00	-2.86733e-01	7.67291e+00	-2.78257e+00
9.39547e+00	1.13742e-01	8.79632e+00	4.48153e+00
9.77536e+00	-3.30851e+00	1.52008e+00	2.93855e+00
8.57370e+00	5.63846e-01	6.75228e+00	-2.66817e+00
8.65497e+00	-2.09874e+00	7.99114e+00	1.93714e+00
8.95073e+00	2.14028e+00	4.19505e+00	1.81399e+00
9.61907e+00	-4.11440e+00	7.88060e+00	3.93510e+00
7.12366e+00	3.99876e+00	2.74822e+00	-3.20581e+00
9.71451e+00	2.57216e+00	9.07831e+00	1.22811e+00
7.89744e+00	1.36034e+00	6.78223e+00	-4.63212e+00
8.02275e+00	3.80950e+00	7.74557e+00	4.82716e+00
6.31125e+00	-2.77314e+00	6.09638e+00	-3.85740e+00
8.91464e+00	-5.71588e-01	3.94235e+00	-4.88757e+00
9.76432e+00	8.95997e-02	8.82114e+00	-1.31924e+00
7.25739e+00	-2.09817e+00	1.06867e+00	-3.58976e-01
9.46864e+00	4.11906e+00	1.53035e+00	2.34928e+00
9.87164e+00	-9.36687e-01	1.59721e+00	4.84992e+00
9.16643e+00	2.06725e+00	7.05158e+00	-2.63397e+00
8.45209e+00	2.49860e+00	5.25588e+00	-4.68024e+00
3.72423e+00	-5.38208e-01	2.67621e+00	1.54212e+00
9.79763e+00	1.91632e+00	7.42115e+00	-4.65276e+00
9.40464e+00	-1.81871e+00	5.47725e+00	-1.55670e+00
6.72009e+00	2.26017e+00	4.63109e+00	-3.11617e-01
9.48057e+00	3.81488e+00	3.21954e+00	-2.89489e+00
7.55149e+00	-4.58408e+00	8.04878e+00	-4.34818e+00
9.07803e+00	2.45352e+00	8.50166e+00	4.37362e+00
9.52800e+00	-4.19206e-01	6.65689e+00	-2.74661e+00
8.17736e+00	1.88855e+00	9.70192e+00	4.53767e+00
8.20177e+00	3.07384e+00	8.23642e+00	-1.12016e+00
8.15823e+00	1.31339e+00	7.00645e+00	1.65483e+00
9.28592e+00	-3.14668e+00	5.48278e+00	3.02339e+00
8.90941e+00	-6.06166e-01	9.66302e+00	1.53371e+00
8.70007e+00	2.47692e+00	1.30763e+00	5.88964e-01
8.93817e+00	-1.94167e+00	7.02391e-01	-3.98631e+00
7.21579e+00	3.01613e+00	9.47190e+00	-1.24694e+00
8.71437e+00	1.96421e+00	6.87241e+00	2.30871e+00
6.72866e+00	-1.96087e+00	9.22857e+00	-1.41287e+00
9.77186e+00	2.48073e+00	6.48833e+00	-1.19949e+00
9.89405e+00	4.56871e+00	8.30220e+00	-4.15269e+00
9.94923e+00	-7.83854e-01	9.24116e+00	1.34454e+00
9.88815e+00	-6.68988e-01	5.14480e+00	5.91262e-01
9.77109e+00	4.37297e+00	3.73109e+00	-2.42144e+00
9.67149e+00	-1.61237e+00	5.70529e+00	-1.94264e+00
9.81597e+00	3.56877e+00	3.86739e-01	-3.82711e-01
9.38068e+00	-1.40070e+00	3.45986e+00	6.17684e-01
8.96982e+00	4.89734e+00	8.72251e+00	-2.04096e+00
6.40872e+00	-7.04812e-01	4.20939e+00	2.43936e+00
8.53928e+00	-1.23673e+00	8.78886e+00	-4.97948e+00
6.29801e+00	-3.96973e+00	8.36499e+00	-4.77135e+00
8.62650e+00	-4.86565e+00	4.61774e+00	2.43312e-01
8.66582e+00	-2.75520e+00	1.48831e+00	2.27479e+00
9.95927e+00	-2.55797e+00	2.97259e-01	3.41835e+00
5.88535e+00	2.42853e+00	7.33238e+00	1.89731e+00
9.30795e+00	1.25022e+00	9.28378e+00	1.39594e+00
9.91223e+00	-1.42597e+00	9.82838e+00	4.87480e+00
4.35735e+00	-2.62887e+00	9.58362e+00	-2.94723e-01
7.94613e+00	8.81943e-01	7.56537e+00	-4.39667e+00
8.98133e+00	4.52512e+00	9.63594e+00	-6.85816e-01
8.20164e+00	-5.91360e-01	1.16523e+00	-2.69274e+00
9.83372e+00	-1.86487e+00	9.73144e+00	1.06154e+00
9.79511e+00	3.56780e+00	7.09559e+00	1.14010e+00
7.26499e+00	-1.43484e+00	6.64349e+00	1.98501e+00
9.27857e+00	2.45593e+00	3.82000e+00	-2.54964e+00
9.91535e+00	-1.46203e+00	9.75602e+00	-2.50875e+00
9.51688e+00	-2.63415e+00	1.33983e+00	4.80165e+00
8.25266e+00	-1.76686e+00	5.95785e-01	-2.49450e+00
8.54888e+00	-2.04872e+00	7.50951e-01	-3.25783e-02
9.76293e+00	2.71786e+00	6.82546e+00	-4.19331e+00
7.33036e+00	-1.73163e+00	9.51069e-01	5.66336e-01
9.76151e+00	2.07138e+00	9.76937e+00	4.09511e+00
8.77362e+00	-3.84880e+00	6.17458e+00	3.23552e+00
4.40865e+00	5.13438e-01	7.25181e+00	4.66628e+00
9.95667e+00	2.35492e+00	1.98448e+00	1.66840e+00
