# No. of particles = 100 
# Proton - Solar wind	Electron - Solar wind	
1.99794e-01	-3.85974e-01	1.75211e+00	-9.57842e-03
3.56249e-02	-9.63834e-01	1.98718e+00	6.08312e-01
8.48316e-01	-3.09495e-01	4.27357e-01	-4.67805e-01
2.72268e-01	-4.42707e-01	1.26135e-01	-9.73754e-01
1.93641e+00	2.68890e-01	1.55898e-01	-8.46880e-01
1.76450e-01	5.69409e-01	1.40428e+00	-3.08677e-01
4.37981e-02	-9.35999e-01	5.67453e-01	1.50803e-01
2.31950e-01	-6.40060e-01	1.55045e-01	-9.08365e-01
3.21096e-02	1.15142e-01	9.37644e-01	-3.58349e-01
5.05141e-01	4.57086e-01	4.38870e-02	8.53587e-02
1.34483e+00	8.98578e-01	5.89054e-01	9.04412e-01
5.61501e-01	-2.85489e-01	2.49004e-01	-2.49269e-01
1.06955e+00	-3.28575e-01	1.32392e+00	5.02716e-01
1.01700e-01	-8.54577e-01	1.31588e+00	5.60933e-01
3.04270e-01	-9.43838e-01	6.44937e-01	-1.15506e-01
5.78008e-01	9.21219e-01	3.41747e-01	6.83935e-01
9.46560e-02	6.26237e-01	1.04099e+00	-8.62103e-02
3.09282e-02	-9.33658e-01	7.45487e-01	-1.80632e-01
1.30327e+00	9.24997e-01	2.20812e-01	-6.45512e-01
9.89281e-01	8.79472e-01	1.97444e+00	-8.85131e-01
6.14686e-01	-3.54224e-03	4.98332e-01	-7.02500e-01
1.24894e+00	7.88436e-01	6.30519e-01	-3.75925e-01
4.38825e-01	8.52034e-01	7.34602e-02	-9.58544e-01
2.53015e-01	3.16272e-01	8.70999e-01	4.19773e-01
1.08728e+00	-5.14545e-01	2.21238e-01	-6.72223e-01
6.38649e-01	8.56967e-01	2.89357e-01	4.30576e-01
1.02733e-01	-6.36471e-01	3.82877e-01	-4.92075e-01
1.95977e+00	7.49913e-01	4.72008e-01	7.13656e-01
1.65614e+00	-2.81284e-01	1.17383e-01	3.04139e-01
6.80214e-01	-2.70645e-01	3.14381e-01	-1.67047e-01
4.93589e-01	-3.65880e-01	1.95178e-01	-2.31957e-01
1.14664e-01	2.78195e-01	2.64022e-01	-7.04695e-01
9.25950e-01	6.11295e-01	6.16716e-01	-8.52043e-02
2.27869e-01	-9.21141e-01	5.97474e-01	-7.79880e-01
1.80596e-01	1.26445e-01	7.32625e-01	-8.55777e-01
9.41654e-02	-9.73008e-01	1.91900e+00	9.50282e-01
4.19798e-01	-1.90861e-01	1.71777e+00	-3.34294e-01
1.66920e-01	-9.57020e-01	6.37968e-01	2.60832e-01
2.17325e-01	-1.89753e-01	4.50745e-01	-8.71212e-01
7.57803e-02	-3.66469e-01	1.23060e+00	4.63379e-01
2.63060e-01	-3.02073e-01	7.21757e-01	-6.84876e-01
1.06018e+00	1.09035e-01	2.83330e-01	-7.73517e-01
7.68872e-01	3.19658e-01	3.83672e-01	-7.51643e-01
1.53926e-01	-9.17524e-01	8.04162e-01	-4.64227e-01
2.56423e-01	-1.98779e-01	3.72205e-01	9.49594e-01
1.77736e+00	1.46381e-01	1.80081e+00	-7.49653e-01
1.45534e+00	6.47720e-02	1.93542e+00	-9.61236e-01
1.36270e-01	2.31318e-01	1.63039e+00	-7.32114e-01
1.38985e+00	5.72571e-01	1.46690e+00	7.16836e-01
4.34849e-02	-2.62239e-01	5.78228e-03	-2.78192e-02
1.92959e-01	-9.62948e-01	1.95847e-01	-1.42117e-01
1.53765e+00	3.53081e-02	1.38772e+00	4.91702e-01
4.23545e-02	-9.30467e-01	1.90000e+00	-1.12351e-01
1.89383e+00	1.10221e-01	9.51713e-01	-4.56479e-01
1.43210e+00	7.12274e-01	7.36944e-01	3.39537e-01
1.90353e+00	8.27766e-01	6.84650e-01	5.05455e-01
3.65587e-01	-8.35315e-01	9.53110e-01	2.68850e-01
7.27854e-01	-7.56206e-01	1.67563e+00	-7.10815e-01
4.29503e-01	-8.00403e-02	1.18432e+00	8.92892e-01
1.40684e+00	5.69162e-01	4.84001e-01	-3.10224e-01
3.77946e-01	-1.25200e-01	1.37854e+00	-7.17260e-01
1.68560e+00	8.71787e-01	9.63732e-01	-6.94545e-01
1.21707e-01	-8.74153e-01	1.32843e+00	-2.30995e-01
4.05410e-01	-4.32825e-01	9.84469e-01	3.08038e-01
5.40282e-02	-8.49855e-01	1.20099e+00	-2.77258e-01
3.11506e-01	-8.13660e-01	3.98607e-01	-2.14338e-01
4.95424e-01	-2.40396e-01	1.57944e-01	-4.91067e-01
5.66369e-01	4.17664e-01	2.93696e-01	-8.71609e-01
7.56502e-01	3.39898e-01	3.78525e-01	7.75050e-01
5.61334e-01	-1.82237e-01	9.30044e-01	-4.25162e-01
6.86839e-01	9.78802e-01	3.68832e-01	-9.30081e-01
1.79030e+00	1.95808e-01	8.19315e-01	2.93652e-01
1.86362e-01	6.16522e-01	1.94155e+00	9.69635e-01
1.87411e+00	2.08534e-01	1.30869e-01	-7.26227e-01
4.95430e-01	-5.91373e-01	1.96862e+00	-2.39368e-01
1.66243e+00	-3.42883e-01	3.23480e-01	-2.14332e-01
1.39901e+00	8.24956e-01	1.87621e-02	-1.84461e-01
3.68360e-01	-4.43775e-01	1.94827e+00	-5.89041e-01
1.96434e+00	8.15723e-01	1.43190e-01	-5.87458e-01
1.83722e-01	-8.19895e-01	1.56378e+00	4.82361e-01
1.22949e+00	-4.63948e-01	1.11436e+00	-5.35281e-01
1.47435e+00	2.77686e-01	1.04422e-01	2.53105e-01
8.86707e-01	-3.86539e-02	1.87046e+00	-4.31721e-01
1.28166e-01	-5.62670e-01	1.61761e+00	-7.00036e-02
8.01508e-01	6.34026e-01	4.93458e-01	-3.29010e-01
2.17160e-01	-7.35742e-02	2.83647e-01	-1.02880e-02
2.97504e-01	-5.37290e-01	1.25230e-01	-8.77056e-01
2.40162e-01	-2.21267e-02	9.72977e-01	6.60258e-01
1.69603e+00	1.69234e-01	4.20251e-01	3.73889e-01
1.44436e+00	8.23070e-01	1.78861e+00	2.98052e-01
1.08859e-01	-7.48941e-01	4.90296e-01	1.69203e-01
1.74912e+00	8.16095e-02	1.79773e+00	2.33779e-01
5.13101e-01	-1.12903e-02	6.21306e-01	-6.60713e-01
9.57075e-02	-9.65436e-01	7.80880e-01	4.35153e-01
2.30579e-01	-9.32570e-01	1.79162e+00	1.45249e-01
1.62245e+00	3.72236e-01	1.68530e+00	-8.07811e-01
1.57859e+00	1.25457e-01	5.53892e-01	6.39531e-03
1.44459e+00	-6.51099e-01	1.01650e+00	3.71756e-01
1.38777e+00	5.20521e-01	3.95291e-02	-4.91331e-01
1.05835e+00	6.17558e-01	1.20998e+00	-1.80258e-02
