# No. of particles = 100 
# Proton - Solar wind	Electron - Solar wind	
3.51064e-01	6.16143e-01	3.49784e-01	-8.38175e-01
3.34847e-01	-2.95067e-01	9.78482e-01	-7.42704e-01
4.25385e-01	-6.58380e-01	3.76766e-01	-7.79459e-01
2.73652e-01	8.93280e-01	1.15481e+00	-2.95255e-01
3.06090e-01	-7.99452e-01	1.00863e-01	1.08806e-01
1.13890e-01	-6.78566e-01	9.64095e-01	-3.00465e-01
1.07522e-01	-9.26036e-01	2.08020e-02	5.61595e-01
2.98878e-01	-6.34745e-01	1.80151e-01	3.88577e-01
1.53221e+00	-3.95637e-01	4.01124e-01	-7.32526e-01
2.68236e-01	-2.72711e-01	1.13567e-01	-9.03437e-01
1.12324e+00	5.71693e-01	1.72845e+00	7.12849e-01
2.89710e-01	-6.31844e-01	1.12275e+00	2.63593e-02
7.85288e-01	-5.14726e-01	1.16014e+00	-7.76497e-01
2.13050e-02	-9.83462e-01	1.38267e-01	-6.05998e-01
4.21382e-01	6.44445e-01	1.46035e+00	7.71200e-01
1.88594e+00	7.54443e-02	2.98688e-01	-7.39826e-01
6.73069e-02	-3.94601e-01	7.46273e-02	-9.79061e-01
5.64688e-01	-6.24565e-01	1.69868e-01	-7.22399e-01
1.12614e+00	7.29001e-01	7.67783e-01	5.73822e-01
5.73227e-01	1.00614e-01	1.59666e+00	8.86263e-01
2.96766e-01	-5.71179e-01	1.58089e+00	3.46777e-01
6.62585e-01	-1.10759e-01	1.15609e-01	-8.64213e-01
1.10301e-01	8.04345e-02	1.09374e+00	-5.69625e-02
1.93730e-01	1.49102e-02	6.51370e-01	2.56827e-01
1.14187e-01	-9.49009e-01	8.80165e-01	6.94280e-01
3.83015e-01	1.08759e-01	3.22015e-01	-4.79491e-01
1.09938e-01	2.85915e-02	9.08343e-03	-9.43387e-01
1.66723e+00	4.96600e-01	1.81772e+00	-5.86173e-01
3.33793e-01	-8.68724e-01	1.17156e-01	-8.44412e-01
2.18766e-02	-9.55042e-01	4.39199e-01	4.19371e-01
1.01263e+00	-2.97464e-01	1.75655e-01	-9.52596e-01
1.40289e+00	-2.93270e-01	1.79254e+00	-5.93285e-02
1.72772e-01	-7.51190e-01	4.12718e-01	-4.00147e-01
7.49563e-01	9.25604e-01	3.73250e-02	-7.44550e-01
1.09546e+00	-2.70492e-01	1.18371e+00	-5.49630e-01
1.49858e+00	8.90796e-02	4.42795e-01	-4.98022e-01
1.21475e+00	-6.77216e-01	6.30711e-01	-7.42724e-01
4.55938e-01	7.75135e-01	8.36872e-02	-8.59183e-01
3.96115e-01	9.85222e-01	6.06117e-02	-8.20637e-01
1.01121e+00	3.40020e-01	1.31115e+00	1.59471e-01
4.41192e-01	-3.68744e-01	7.00445e-01	-6.15370e-02
3.19775e-02	-9.56372e-01	1.30180e+00	-6.05885e-01
1.49746e-01	-7.71897e-01	8.72811e-01	2.17193e-01
2.19485e-01	-1.85921e-01	1.44721e-01	-8.33590e-01
5.67877e-02	-8.65247e-01	3.49216e-01	-5.82842e-01
1.55716e+00	8.68712e-02	8.06150e-02	-9.59559e-01
1.09683e+00	-1.97288e-01	1.90346e+00	-9.30301e-01
1.99298e+00	-7.90218e-01	5.40239e-01	1.20732e-01
3.99473e-01	-5.73313e-01	1.90287e+00	-7.76322e-01
5.79482e-01	1.80583e-01	6.76584e-01	-6.64313e-01
7.86614e-01	7.27774e-01	1.67452e+00	-9.45469e-01
1.01155e+00	-3.14849e-01	1.38381e+00	-2.78030e-01
1.33612e+00	7.01696e-01	8.20865e-01	-2.70723e-02
9.78180e-01	4.69593e-01	8.95527e-01	-2.09798e-01
1.06688e+00	2.66061e-01	1.04995e+00	7.33302e-01
2.01000e-01	-5.28396e-03	6.90721e-01	-3.45962e-01
1.29408e-01	-8.34369e-01	1.11897e+00	2.41704e-02
4.35681e-01	-3.87034e-01	1.16491e+00	-9.75563e-02
1.78919e-01	9.04351e-01	1.98483e+00	3.68097e-01
6.63920e-01	-3.00156e-01	1.97565e+00	-9.59936e-02
9.94650e-02	-7.04253e-01	1.14748e+00	-6.55437e-01
6.81066e-01	-2.49290e-01	1.86039e+00	-9.21682e-02
1.66012e+00	1.77430e-01	2.47405e-01	-9.00581e-01
1.57358e+00	4.84912e-01	1.72926e+00	-6.90839e-01
1.33976e+00	-6.70745e-01	3.33449e-01	-5.23026e-01
5.56434e-02	-9.58204e-01	1.70649e+00	9.77660e-01
1.27464e+00	-3.15739e-01	3.15918e-01	-1.70826e-01
3.83511e-01	6.57072e-01	1.25549e+00	9.07715e-01
5.34797e-01	-4.63372e-02	7.93879e-02	8.41011e-01
1.52498e+00	9.62274e-01	9.30647e-01	1.93383e-01
4.78018e-01	3.61257e-01	1.53068e+00	4.64261e-01
3.01104e-01	2.23758e-01	1.21005e-01	-7.76183e-01
1.63436e+00	7.52767e-01	8.53670e-01	4.05624e-01
4.10893e-01	5.38801e-01	1.03356e-01	4.36003e-02
4.03151e-01	-6.86992e-01	1.48043e+00	6.95797e-01
4.73484e-01	-7.68140e-01	1.97179e+00	-8.33386e-03
3.84523e-01	-4.83205e-01	6.33364e-01	2.55041e-01
1.20791e+00	-2.27316e-01	1.57512e+00	3.67380e-01
1.63675e+00	6.94470e-01	1.19418e+00	6.90208e-02
3.97650e-01	-5.51533e-01	1.43248e+00	8.41299e-01
1.31714e+00	-1.79688e-01	1.93495e+00	-5.76791e-01
1.76598e+00	2.81467e-02	1.40921e+00	3.39641e-01
5.93492e-01	-3.58702e-01	1.03670e+00	-9.04716e-01
8.52776e-01	4.33411e-01	3.31032e-01	-2.58504e-01
2.33625e-01	-5.54892e-01	1.91553e+00	2.26820e-02
1.59780e-01	-2.82972e-01	9.83696e-01	7.70428e-02
2.11622e-01	-6.54448e-01	1.14368e+00	5.56685e-01
6.04827e-02	-9.40363e-01	1.95725e+00	-6.69778e-01
7.61345e-01	-9.41899e-02	1.60379e+00	9.46142e-01
1.51400e+00	-7.04550e-01	9.88348e-01	8.69122e-01
8.68239e-02	-8.44787e-01	1.45210e+00	-1.02882e-01
8.30513e-01	6.98555e-01	2.95206e-01	3.60937e-02
3.96395e-01	-2.55160e-01	1.68070e+00	-6.04996e-01
1.16911e+00	4.30902e-01	8.27607e-01	5.68563e-01
9.43542e-02	-7.16892e-01	1.63336e+00	6.10466e-01
1.27617e+00	8.59932e-01	8.77181e-01	-5.65042e-01
4.47501e-01	-6.82237e-01	1.02766e+00	-4.88144e-01
1.62129e+00	-2.11553e-01	3.24334e-01	7.35403e-01
9.38793e-01	3.22518e-01	3.35561e-02	5.73172e-01
1.78654e+00	-8.34163e-01	1.44576e-01	7.65729e-01
