# No. of particles = 100 
# Proton - Solar wind	Electron - Solar wind	
2.64564e-01	-2.27020e+00	5.68621e-01	-2.38284e+00
6.75323e-02	-2.36019e+00	1.34267e+00	-4.60766e-01
8.29170e-01	-2.45672e+00	1.59451e+00	-1.59206e+00
4.08972e-01	-2.33952e+00	1.51936e+00	5.79994e-01
5.18822e-01	-2.32440e+00	2.45340e+00	-1.75569e+00
2.00220e+00	-1.83999e+00	8.22192e-01	-1.67589e+00
2.23501e+00	-1.91486e+00	1.44132e+00	-8.37879e-01
2.06604e-01	-2.31386e+00	1.88855e+00	1.92916e-01
1.65835e+00	-2.22493e+00	6.03923e-01	-1.92911e+00
1.25252e+00	-2.19486e+00	5.78153e-01	1.14165e+00
7.14657e-01	-2.38478e+00	6.17477e-01	-4.71539e-01
4.15546e-01	-2.33791e+00	2.44028e+00	-8.36584e-01
9.48484e-01	-2.27562e+00	8.70540e-01	-4.16427e-01
6.01417e-01	-2.14046e+00	8.31582e-02	-1.90154e+00
2.67323e-01	-2.22842e+00	2.17646e+00	1.50716e-02
7.56495e-01	-2.19186e+00	2.52912e-01	-6.37040e-02
3.52597e-01	-2.44186e+00	1.83582e+00	-8.61668e-01
1.76075e+00	-1.19437e+00	1.40202e+00	-1.65057e+00
7.70029e-02	-2.42548e+00	6.91401e-01	-2.49345e-01
6.19398e-01	-2.41962e+00	8.06425e-01	-7.57365e-01
1.34878e+00	-2.32687e+00	8.96783e-02	-1.87947e+00
5.54623e-01	-2.46578e+00	8.75318e-01	-2.04345e+00
1.08344e+00	-2.38468e+00	1.14962e+00	-1.32709e+00
9.76938e-01	-2.39350e+00	7.81323e-01	3.01872e-01
1.19397e+00	-2.06275e+00	7.10810e-01	1.91553e+00
9.54094e-02	-2.45849e+00	6.92344e-01	-2.23555e+00
1.64417e+00	-2.22834e+00	1.39856e+00	-3.83272e-01
7.69864e-01	2.85116e-01	2.25361e-01	-1.29499e+00
1.75540e+00	-2.09477e+00	1.96763e+00	1.23670e+00
7.42524e-01	-2.29540e+00	4.22770e-01	1.08024e+00
4.63129e-01	-2.14586e+00	5.42551e-01	-9.81876e-01
1.36966e-01	-2.47299e+00	2.52234e-01	-1.92776e+00
5.58248e-01	-2.21436e+00	2.09700e+00	-1.21717e+00
2.43765e+00	-2.05470e+00	8.35141e-01	-1.02540e+00
7.56059e-01	-2.36694e+00	7.57523e-02	-2.32595e+00
1.55680e+00	-1.92931e+00	3.18300e-02	-1.46279e+00
1.40654e-01	-2.46989e+00	2.91544e-01	1.61106e+00
2.07098e-01	-6.97363e-02	2.48346e+00	-8.12932e-01
2.08597e+00	-1.09681e+00	2.44292e+00	-3.90936e-01
6.11776e-01	-2.32167e+00	2.22040e+00	-2.31697e+00
1.86879e+00	-2.13640e+00	3.50316e-01	2.31931e+00
2.47664e+00	-2.38520e+00	2.46105e+00	-1.27905e+00
8.61908e-01	-2.30636e+00	1.05030e+00	-6.05946e-01
1.95407e+00	-1.09236e+00	1.72832e-01	1.12955e+00
7.53815e-01	-2.20439e+00	5.82934e-01	1.37248e+00
2.18930e+00	3.45108e-01	1.58904e+00	-1.11592e+00
8.77333e-01	-1.96616e+00	1.47692e+00	-2.02406e+00
1.33345e-01	5.10744e-02	2.29323e-01	-1.82951e+00
1.58377e+00	-2.32493e+00	1.95007e+00	-2.02028e+00
2.33863e+00	-2.11247e+00	1.35196e+00	-2.34673e+00
2.45810e+00	-2.35540e+00	4.33312e-01	-9.78157e-01
1.95713e+00	-1.67818e+00	1.95094e+00	-4.84772e-01
7.16632e-01	-2.34689e+00	4.79440e-02	-2.16720e+00
1.16877e+00	-2.43728e+00	9.32619e-01	6.50159e-01
2.14192e+00	-2.19946e+00	8.16247e-01	-2.01973e+00
1.85829e+00	4.24407e-01	1.37680e+00	-1.84958e+00
1.77903e+00	-1.38697e-01	3.71295e-01	-1.85363e+00
1.70359e-01	-2.43217e+00	2.45890e+00	-1.33304e-01
1.65203e+00	-1.58897e-01	1.06436e+00	-2.37085e+00
2.26611e+00	-2.24394e+00	1.06159e+00	-1.33214e+00
4.23365e-02	8.87387e-01	2.19857e-01	1.20881e+00
1.13543e+00	-3.37631e-01	1.35061e+00	-7.05396e-01
2.28718e+00	-1.80968e+00	3.02301e-01	-1.51393e+00
1.02823e+00	6.33244e-01	6.42369e-02	-2.48482e+00
3.30117e-01	-2.27118e+00	1.01922e+00	-4.96156e-01
6.36299e-01	-8.05646e-01	2.32707e-01	-1.81241e+00
2.40386e+00	-1.17290e+00	1.74646e-01	-1.49405e+00
2.41665e+00	-1.40120e+00	1.68246e+00	-9.19444e-01
2.32466e+00	3.40034e-01	1.90838e+00	7.55347e-01
8.40526e-01	1.92918e-01	3.09675e-01	-3.02244e-01
1.60807e+00	4.44365e-01	2.05174e+00	1.60089e+00
2.35269e+00	-3.85873e-01	2.39741e-01	-1.56099e+00
1.13313e+00	-2.42410e+00	1.48207e+00	-1.41419e+00
8.71822e-01	-2.49064e+00	6.44417e-01	6.94410e-01
2.21042e+00	-6.34232e-01	8.08121e-02	-2.29347e+00
1.11814e+00	-1.82432e+00	1.63945e+00	-8.70316e-01
5.01497e-01	-2.38283e+00	1.88043e+00	2.09444e+00
1.21101e+00	-2.43994e+00	1.90594e+00	-5.32279e-01
2.41375e+00	3.03244e-01	1.59354e+00	-1.73345e+00
2.27551e+00	1.88135e+00	8.00314e-01	-2.14545e+00
2.48911e+00	-7.21007e-01	1.82296e+00	-1.91062e+00
8.26231e-01	-2.44383e+00	2.00793e-01	-2.32672e+00
1.89382e+00	1.79441e+00	1.80789e-01	1.15872e-01
1.31032e+00	1.91942e-01	7.00350e-02	-2.33453e+00
9.68762e-01	-2.21817e+00	9.69524e-01	9.39669e-01
8.18313e-01	8.04003e-01	1.94350e+00	-2.21152e+00
1.51319e-01	-2.20562e+00	2.37784e-01	-2.43918e+00
1.62430e+00	-4.16382e-01	1.12641e+00	-2.37577e+00
1.36445e+00	-2.33906e+00	1.57504e+00	-1.98978e+00
6.96420e-01	-2.74246e-01	5.01598e-01	-1.50042e-02
8.06265e-01	-2.40721e+00	2.25273e+00	2.40461e+00
1.44317e+00	-4.11280e-01	2.12871e+00	4.77397e-01
8.12585e-01	2.57528e-01	1.33723e+00	-2.39918e-01
9.63473e-01	5.80711e-01	5.66878e-01	7.94746e-01
1.95983e+00	1.02427e+00	2.46352e+00	-1.45598e+00
1.15776e+00	-2.29072e+00	9.38086e-01	1.66688e+00
2.35808e+00	-2.37171e+00	2.04095e-01	7.54077e-01
1.15660e+00	7.19857e-01	1.15760e+00	1.30892e+00
2.45299e+00	9.85707e-01	1.07377e+00	-1.71785e+00
8.84559e-01	1.59469e+00	6.54950e-01	9.35729e-01
