# No. of particles = 100 
# Proton - Solar wind	Electron - Solar wind	
1.08760e+00	-3.97575e+00	4.00889e+00	2.03241e+00
7.10404e-01	6.94959e-01	3.50058e+00	-2.87774e+00
3.16110e-01	3.39733e+00	1.89558e+00	1.28777e+00
1.98078e-01	-3.68095e-01	9.12528e+00	9.45392e-01
2.64930e+00	-4.97787e+00	3.89070e+00	-3.46571e+00
1.11917e-01	-2.18987e+00	9.37082e+00	-2.05623e+00
9.50933e-02	-1.88736e+00	4.86995e+00	-4.89150e+00
1.23345e-01	3.36303e+00	1.67338e+00	-2.83325e+00
2.56151e+00	4.99785e+00	4.89954e+00	-2.23403e+00
7.68016e+00	-1.27136e+00	9.96460e+00	-3.36402e-01
6.37135e+00	-2.78926e+00	2.09534e+00	-2.06329e-01
8.05910e+00	-9.47772e-01	7.17711e+00	1.51016e+00
8.53402e+00	-5.01385e-01	2.02874e+00	9.35669e-01
8.88802e+00	-1.72869e-01	8.10201e+00	-3.57520e+00
9.80021e+00	-2.13571e+00	4.91901e+00	8.38849e-01
9.04782e+00	-1.52332e+00	4.85128e+00	-2.47719e+00
8.50686e+00	2.32426e+00	5.74625e+00	-1.51274e+00
7.46706e+00	-3.27613e+00	6.92142e+00	6.92303e-01
9.70779e+00	2.07687e+00	7.57241e+00	4.11281e+00
8.79050e+00	3.85266e+00	1.69182e+00	2.90536e+00
9.05548e+00	-3.64529e+00	6.40533e+00	2.33033e+00
7.46577e+00	1.45267e+00	8.83714e+00	1.87711e+00
5.12445e+00	-2.32314e+00	5.25528e+00	-6.83126e-01
8.61608e+00	3.12268e+00	5.06555e-01	-4.41712e+00
7.18805e+00	-8.79997e-01	9.30039e+00	1.02464e+00
7.31271e+00	2.96474e+00	2.04806e+00	9.64908e-01
9.36733e+00	-3.53343e+00	7.09676e+00	-3.59771e+00
8.21675e+00	1.81074e+00	7.87624e+00	-1.08690e+00
7.92110e+00	4.37106e+00	8.80008e+00	-4.00853e+00
9.89375e+00	1.97667e+00	9.25578e-01	-4.55541e+00
9.11422e+00	1.89513e+00	9.39573e+00	-2.95386e+00
8.58543e+00	6.20428e-01	6.81032e+00	4.55169e+00
9.34928e+00	2.08557e-01	8.15267e+00	1.17109e-01
7.97556e+00	7.04390e-01	5.08993e+00	-4.99331e+00
5.22998e+00	-3.62707e+00	8.88034e+00	-1.14180e-01
8.21047e+00	-2.81837e+00	9.23423e+00	-1.94181e+00
6.08503e+00	-3.02892e+00	1.78714e+00	-3.25395e+00
9.93470e+00	-1.98573e+00	9.34254e+00	-2.57066e+00
6.06250e+00	-6.91917e-01	4.11594e+00	4.68586e+00
7.92490e+00	-1.80754e+00	7.70595e+00	2.03158e+00
8.84591e+00	3.33765e+00	4.15168e+00	1.49830e+00
9.19892e+00	-1.24264e+00	9.46848e+00	-6.84527e-01
8.82198e+00	-1.13790e-02	9.33451e+00	1.86608e+00
6.74476e+00	-2.97678e+00	5.91320e+00	-1.37477e+00
8.46182e+00	-3.03268e-02	7.39322e+00	4.36175e+00
8.46528e+00	2.09706e+00	6.05185e+00	2.39719e+00
8.08258e+00	2.12514e+00	8.32295e+00	-4.21167e+00
9.38949e+00	-1.68626e+00	3.85652e+00	3.95032e+00
9.77235e+00	4.65048e+00	9.57448e+00	1.60784e+00
9.92663e+00	-3.32667e+00	5.30593e+00	-3.19974e+00
9.85130e+00	-2.43005e+00	9.02683e+00	2.06579e-01
9.40461e+00	3.40562e+00	3.62565e+00	2.34988e+00
9.70571e+00	1.75636e+00	9.09480e+00	2.64716e+00
7.48128e+00	-1.10391e+00	8.38040e+00	-3.44823e+00
5.55195e+00	2.49549e-01	7.72432e+00	-1.69656e+00
8.00532e+00	2.28484e+00	9.46496e+00	-3.00159e+00
7.88571e+00	1.96959e+00	8.35460e+00	-3.94210e+00
7.15966e+00	9.52334e-01	5.04773e+00	4.26078e+00
9.97309e+00	1.93718e+00	6.39017e+00	-6.44982e-02
5.80315e+00	-1.51852e+00	6.63495e+00	1.93520e+00
9.75251e+00	5.58047e-01	1.60235e+00	-4.82792e+00
7.46869e+00	1.34063e+00	8.78975e+00	5.06198e-01
9.85818e+00	-3.37098e+00	1.15005e+00	-1.09903e+00
9.24175e+00	-4.23311e+00	2.49357e+00	-5.76968e-01
8.61204e+00	-2.88384e+00	1.96372e+00	4.93235e+00
8.98653e+00	3.40110e+00	5.96748e+00	2.95177e+00
7.98286e+00	3.45220e-01	7.31803e+00	-1.32495e+00
9.61280e+00	-2.91341e+00	8.49046e+00	-4.27550e+00
6.54518e+00	-6.68531e-01	7.66332e+00	1.26835e+00
8.89605e+00	2.11524e+00	5.89157e+00	-3.08727e+00
9.01023e+00	-3.84347e+00	6.74703e+00	2.39454e-01
6.85767e+00	-3.37079e+00	7.88809e+00	1.56341e+00
9.04005e+00	3.56268e+00	3.68277e+00	4.50770e+00
8.97490e+00	6.24307e-01	6.20430e+00	4.80483e+00
7.62486e+00	1.84662e+00	7.71009e-01	-2.77503e+00
6.97478e+00	-2.37618e-01	6.52780e+00	-3.26604e+00
9.22438e+00	-2.32959e+00	2.56441e-01	3.80648e+00
6.29133e+00	-4.40255e+00	5.58354e+00	-2.07077e+00
9.73693e+00	5.58241e-01	7.79632e+00	-4.75515e+00
7.84438e+00	2.51584e-01	2.60706e+00	-4.24674e+00
5.68390e+00	-2.83436e-01	4.87651e+00	-2.92247e+00
5.98133e+00	-2.16160e+00	2.94364e+00	3.47150e+00
9.81341e+00	-2.37591e+00	7.47511e+00	-3.01314e+00
9.19508e+00	-1.48580e+00	5.33342e+00	-7.28015e-01
7.74627e+00	-7.95948e-01	2.02116e+00	-4.19745e+00
9.72931e+00	-2.46187e+00	4.44008e+00	-2.58687e-01
6.52777e+00	-3.18995e+00	7.46983e+00	-3.52328e+00
8.94494e+00	4.59958e+00	3.62131e+00	-2.95308e+00
8.09740e+00	-4.18616e-01	9.46921e-01	4.14410e+00
4.96937e+00	6.45237e-01	2.46306e+00	4.40839e+00
6.75117e+00	2.17531e+00	7.93791e-01	-3.00048e+00
7.49505e+00	1.40828e+00	4.37996e+00	6.69886e-01
9.81250e+00	-2.69575e-01	9.74504e-01	-4.11352e+00
9.64821e+00	-7.54812e-01	3.59054e+00	3.36405e+00
6.50340e+00	2.65328e+00	5.10011e+00	-3.90423e+00
8.73587e+00	-3.46596e+00	6.69489e+00	2.36884e+00
8.18804e+00	-5.34660e-01	3.03810e+00	4.09077e+00
6.28152e+00	-3.86480e+00	7.53876e+00	-1.23442e+00
8.75499e+00	1.73563e+00	3.55276e+00	2.70963e+00
9.56007e+00	-4.78972e+00	1.62542e+00	-3.36357e+00
