# No. of particles = 100 
# Proton - Solar wind	Electron - Solar wind	
7.81601e+00	-2.83430e+00	8.75467e+00	9.83598e-01
6.72163e+00	-4.44210e+00	1.51928e+00	-2.01010e+00
6.94479e+00	-4.12955e+00	6.91016e-01	1.90484e+00
3.78288e+00	3.13322e-01	1.04251e+00	7.14224e-01
9.93476e+00	-2.70035e+00	5.71662e-01	4.51530e+00
7.05632e+00	-1.95604e+00	8.07968e+00	-4.79869e+00
7.28725e+00	-2.47084e+00	8.42507e+00	-4.90460e+00
5.50390e+00	-2.00358e+00	6.80512e+00	2.41747e+00
7.26392e+00	-2.60879e+00	4.73130e+00	-3.82758e-01
9.51440e+00	-7.96417e-01	3.20908e+00	-1.47060e+00
9.17348e+00	2.10747e-01	8.05256e+00	-1.50102e-01
6.12041e+00	-2.98496e+00	9.36575e+00	-3.65223e+00
7.85731e+00	-5.51415e-01	2.41275e+00	-2.71037e+00
8.18046e+00	-4.34962e+00	7.24890e+00	-3.33326e+00
9.37955e+00	-6.29368e-01	6.27949e+00	4.49382e-01
8.49024e+00	7.61519e-01	9.76049e+00	2.73261e+00
6.79100e+00	-1.15029e+00	6.67226e+00	1.72080e+00
9.29161e+00	-4.39685e-01	8.40539e+00	-2.48403e+00
4.84383e+00	3.12437e+00	8.09480e+00	1.09621e-01
9.85272e+00	1.66291e+00	1.35698e+00	-2.10367e+00
8.16895e+00	-2.52447e+00	8.63239e+00	-2.48842e+00
6.27533e+00	-3.77663e-01	7.41258e+00	-1.62812e+00
5.50313e+00	1.29176e-01	5.44626e+00	-1.66466e-01
7.01975e+00	5.27738e-01	8.87540e+00	-3.97148e+00
7.98061e+00	2.26055e+00	7.71897e+00	-3.08220e+00
8.98972e+00	8.95396e-01	4.75616e+00	6.54787e-01
5.54946e+00	-4.37116e-01	2.51171e+00	-8.77144e-01
8.06869e+00	-2.25890e-02	8.71245e+00	-1.12280e+00
6.70987e+00	1.10461e+00	6.77452e+00	-2.49075e+00
7.80443e+00	6.77561e-01	8.46603e+00	3.79398e+00
8.57786e+00	4.96317e-01	4.52324e+00	-1.50578e+00
8.78440e+00	1.12332e+00	1.08146e+00	-2.65788e+00
7.60650e+00	1.49499e+00	1.51860e+00	-3.87806e+00
6.50805e+00	2.62885e+00	6.04060e+00	2.10447e+00
6.52717e+00	1.38744e+00	6.04132e+00	-9.74031e-01
8.97115e+00	2.69030e+00	6.58118e+00	-1.38143e+00
9.21246e+00	2.97331e+00	8.69969e+00	-2.42203e-01
6.83247e+00	3.25715e+00	9.92981e+00	1.13962e-01
7.66084e+00	2.95944e+00	7.33614e+00	4.57963e+00
6.22934e+00	2.55469e+00	7.88825e+00	4.07257e+00
5.76104e+00	3.64710e+00	6.86147e+00	-3.88283e+00
6.64855e+00	1.90708e+00	7.44290e+00	-2.53408e+00
9.96381e+00	1.79986e+00	7.66118e+00	-4.51529e+00
7.57926e+00	4.19299e+00	4.05257e+00	-4.22862e+00
6.71876e+00	4.83548e+00	9.94781e+00	9.90717e-01
6.56566e+00	4.52955e+00	6.17130e+00	-4.42445e-01
8.10358e+00	4.92470e+00	7.97693e-01	3.30393e+00
9.31772e+00	-7.33849e-02	7.27026e+00	4.18276e+00
8.83099e+00	4.11067e+00	8.69793e+00	-8.65657e-02
9.48863e+00	-2.90727e+00	8.59336e+00	1.63618e+00
6.76863e+00	-4.71663e+00	9.58013e+00	4.48141e+00
7.61454e+00	-4.99267e+00	2.83026e+00	4.50254e+00
6.72111e+00	-4.64113e+00	1.48105e+00	-2.89847e+00
9.91044e+00	-4.75023e+00	7.59328e+00	2.53810e+00
6.03416e+00	-1.96861e+00	8.28761e+00	2.36360e+00
9.78392e+00	-3.13501e+00	6.45832e-02	-8.70258e-01
6.14429e+00	-1.48897e+00	9.85986e+00	-9.46842e-01
8.08834e+00	-3.12719e+00	7.36471e+00	-4.08950e+00
7.08598e+00	-3.23011e+00	6.01478e+00	1.13736e+00
9.91675e+00	6.58685e-01	9.58252e+00	-3.49205e+00
4.31328e+00	-2.18729e+00	8.78284e+00	-4.45805e+00
9.32737e+00	-4.20836e+00	8.30879e+00	-8.48103e-01
7.64230e+00	-4.53044e+00	7.86599e+00	-2.55310e+00
9.69200e+00	-2.57345e+00	6.62739e+00	3.93697e+00
5.07192e+00	6.04047e-01	9.15393e+00	4.35259e-01
7.69503e+00	-2.69920e+00	1.37101e+00	5.76885e-01
6.72116e+00	-1.71282e-01	7.42792e+00	1.68011e+00
9.06127e+00	-7.74645e-01	7.55990e+00	-7.96094e-01
4.17593e+00	1.99369e-01	8.27417e+00	1.06864e+00
6.53789e+00	-5.92028e-01	9.98579e+00	2.40723e+00
7.11624e+00	-2.88655e+00	1.52796e+00	4.13469e+00
6.20794e+00	-3.58647e-01	8.09434e+00	-9.51685e-01
7.59893e+00	-6.03864e-01	4.68300e+00	-3.04322e+00
6.98302e+00	5.97460e-01	6.12106e+00	-3.94052e+00
6.77062e+00	5.98481e-01	7.32199e+00	1.25835e+00
7.33469e+00	2.63808e+00	8.23916e+00	3.20863e+00
7.54537e+00	1.50329e+00	9.91849e+00	4.98260e+00
6.95510e+00	1.23753e+00	6.14632e+00	-2.12446e+00
7.02046e+00	8.78072e-01	6.38705e+00	-1.80083e+00
5.29498e+00	3.11917e+00	6.67165e+00	-2.44047e+00
8.93172e+00	1.74079e-01	7.87111e+00	2.74036e+00
4.35396e+00	1.13099e+00	4.92639e+00	-1.54388e+00
6.93398e+00	2.37434e+00	6.87273e+00	1.34567e+00
7.32857e+00	1.94731e+00	7.03115e+00	5.48317e-01
9.53994e+00	-2.44351e-01	1.82583e-01	2.70285e+00
8.75306e+00	5.78548e-01	7.05785e+00	-4.27874e+00
7.39221e+00	3.32038e+00	6.51959e+00	-3.96962e+00
6.11023e+00	2.59112e+00	6.68838e+00	2.91949e+00
6.19875e+00	3.44441e+00	6.68100e+00	-2.23124e-01
7.19249e+00	2.56942e+00	6.61404e+00	6.43239e-02
5.15660e+00	2.17896e+00	4.09377e+00	-1.85085e+00
6.90745e+00	3.21336e+00	7.46683e+00	1.79108e+00
7.04902e+00	3.36527e+00	9.00793e+00	1.64244e+00
7.02100e+00	3.08135e+00	4.92958e+00	-1.01165e+00
7.22762e+00	3.79445e+00	4.33282e+00	1.35428e+00
6.63687e+00	3.36877e+00	6.69852e+00	-2.82785e-01
6.84938e+00	3.92389e+00	3.65695e+00	-2.01984e+00
6.81320e+00	4.93110e+00	8.25420e+00	-4.52795e+00
7.49432e+00	2.90026e+00	9.34102e+00	1.63591e+00
6.99295e+00	4.71622e+00	6.35375e+00	4.47960e+00
