# No. of particles = 100 
# Proton - Solar wind	Electron - Solar wind	
1.94160e+00	-2.32313e+00	6.02699e-01	-2.21654e+00
2.17770e+00	-2.37018e+00	1.41473e+00	-1.42505e+00
2.19055e+00	-2.30451e+00	3.93015e-01	-1.02389e+00
2.45325e+00	-2.33908e+00	1.99960e+00	-2.06070e+00
1.96977e+00	-1.79364e+00	2.37922e+00	-1.96930e+00
6.65207e-01	-2.27865e+00	6.67506e-01	-1.39576e+00
6.04905e-01	-2.23073e+00	7.68233e-01	-2.09089e+00
2.42080e+00	-2.16275e+00	1.40468e+00	-8.73846e-01
1.01938e+00	-2.20861e+00	1.54528e+00	-1.54537e+00
1.54286e+00	-1.80255e+00	1.61632e+00	8.27516e-01
3.00325e-01	-2.26821e+00	4.70534e-01	-2.30510e+00
1.63041e+00	-2.09473e+00	1.74047e+00	4.76225e-01
2.36739e-01	-2.17723e+00	8.38039e-02	-2.31416e+00
1.94585e+00	-2.01855e+00	2.66966e-01	-9.48149e-01
2.33410e+00	-2.28963e+00	1.60297e+00	-1.92434e+00
1.73756e+00	-2.45483e+00	2.35482e+00	2.48183e-01
9.67458e-01	-2.33590e+00	1.82221e+00	4.19041e-01
4.50241e-01	-2.44742e+00	1.74203e+00	-1.81751e+00
1.83882e+00	-8.11682e-02	1.83404e+00	-9.36888e-01
1.98960e+00	5.39820e-01	5.95296e-01	-2.40184e+00
1.45086e+00	-2.49628e+00	4.06130e-01	1.97720e+00
7.57664e-01	-2.23605e+00	1.27190e+00	-2.04279e+00
2.44858e-01	-2.28161e+00	7.29734e-02	-1.05533e+00
3.98215e-02	-2.38331e+00	8.19623e-01	-2.42120e+00
5.91453e-01	-2.45943e+00	2.32955e+00	2.30264e+00
1.15103e+00	3.88987e-01	1.05094e+00	2.78432e-01
2.44541e+00	-1.19689e+00	3.60454e-01	-2.14193e+00
1.63557e+00	-2.28578e+00	1.82336e+00	-1.60750e+00
4.28568e-01	-2.37827e+00	9.72889e-01	3.35081e-01
3.45609e-01	-2.31016e+00	1.73289e+00	-2.37504e+00
1.25155e+00	-2.09765e+00	2.43054e+00	-1.79478e+00
2.29002e+00	-1.21031e+00	2.39533e+00	2.14925e+00
6.06136e-02	-4.71805e-01	2.25547e+00	-1.59708e+00
1.10945e+00	-2.39085e+00	1.31347e+00	1.92690e+00
2.31656e+00	-1.87199e+00	1.52834e-01	-2.34337e+00
1.77079e+00	-1.86588e+00	1.92790e-02	-2.46962e+00
5.93235e-01	-2.31464e+00	3.82985e-01	3.18074e-01
8.61295e-01	-2.27224e+00	1.09683e+00	-2.19472e+00
6.61594e-01	-2.43806e+00	7.10796e-02	-2.46880e+00
2.04325e+00	-2.36611e+00	2.20816e+00	-2.43179e+00
2.02028e-01	-2.28164e+00	1.72063e+00	-2.00461e+00
8.32290e-01	-2.26483e+00	2.02612e+00	1.78667e+00
1.93455e+00	-2.42523e+00	2.86839e-01	-2.14647e+00
1.24023e+00	-6.72242e-01	1.40333e-01	-2.48071e+00
1.75929e+00	-2.19371e+00	8.50037e-01	-1.63296e+00
2.49441e+00	-1.62325e+00	5.20433e-01	-2.11215e+00
1.79285e+00	-2.18182e+00	3.26107e-02	-1.82116e+00
2.36122e+00	-2.49623e+00	1.60508e+00	6.35991e-01
8.38861e-01	-2.22646e+00	7.55059e-01	-1.43345e-03
1.19274e+00	-2.42272e+00	2.36865e+00	8.65537e-01
9.84533e-01	5.11594e-01	4.70642e-01	-2.27855e+00
2.16037e+00	-2.37273e+00	1.63622e+00	-2.57048e-02
2.07670e-01	-2.47554e+00	7.43883e-01	8.31339e-01
1.80468e+00	-2.22021e+00	1.66389e+00	3.22501e-01
9.32566e-01	-2.28628e+00	5.81501e-01	-2.09268e+00
1.76301e+00	-2.33850e+00	6.10741e-01	-1.37443e+00
2.16902e+00	-2.43184e+00	8.21535e-01	1.90445e+00
1.74033e+00	-4.33027e-01	8.08385e-01	-1.29774e+00
1.59582e+00	-1.06380e+00	6.23494e-01	-4.45814e-02
1.10310e+00	5.00150e-01	1.70911e+00	-1.17496e+00
2.34438e-01	-2.34103e+00	4.21645e-01	1.47860e+00
2.38324e+00	-2.04648e+00	1.49447e+00	6.96079e-01
1.18210e+00	-2.48918e+00	4.56304e-01	-2.26809e+00
8.64474e-01	-2.49851e+00	5.79020e-01	-2.22060e+00
6.52260e-01	-1.93725e+00	2.27575e+00	-1.25474e+00
2.15962e+00	-2.74139e-01	1.02008e-01	-2.31044e+00
1.10727e+00	-2.40329e+00	1.73920e+00	-6.16842e-01
1.26986e+00	-2.36112e+00	2.17588e+00	3.49730e-01
1.47574e+00	-1.72531e+00	1.68162e-01	-2.37764e+00
1.27533e-01	-2.26828e+00	1.87914e+00	1.94890e-01
1.04244e-01	-2.37492e+00	1.02120e-01	8.70753e-01
1.38726e+00	8.48565e-01	1.98453e+00	1.18000e+00
2.45889e+00	-2.26713e+00	4.69384e-01	-1.66120e+00
1.42715e+00	-1.43800e-01	8.45510e-01	-1.43057e+00
5.37999e-01	-2.40442e+00	3.99941e-01	-1.73361e+00
1.63729e+00	-1.22574e+00	2.38117e+00	-4.56323e-01
1.31345e+00	-8.22150e-01	1.69867e+00	-8.19716e-01
2.48886e+00	-3.47054e-01	4.26719e-01	1.93799e+00
1.32504e-02	-2.45204e+00	2.87911e-01	-2.27461e+00
1.06881e-01	9.84870e-01	2.59799e-01	3.26576e-01
3.80656e-01	-3.43056e-01	1.55069e+00	-1.71999e+00
1.28924e+00	9.21074e-01	3.21836e-01	-1.58645e-01
5.84270e-01	-8.27285e-01	1.67287e-02	-1.40718e+00
2.28935e+00	7.40081e-01	2.46004e+00	-1.72341e+00
1.77535e+00	-2.07801e+00	7.10649e-01	3.94552e-02
4.73570e-01	-1.46986e-01	2.41276e+00	1.82501e+00
1.85525e+00	1.27510e-01	4.62187e-01	-1.15544e+00
8.46542e-01	-2.44180e+00	6.82722e-01	-1.89021e+00
2.23082e-01	-1.24431e-01	8.96487e-02	-1.57909e+00
9.62557e-01	3.84729e-01	1.42741e+00	-1.65785e+00
5.59100e-01	-1.03689e-01	8.98377e-02	-2.23091e+00
2.32039e+00	-2.15339e+00	1.05825e+00	-1.76101e+00
7.92527e-01	1.66108e+00	9.07467e-01	8.25197e-01
2.23359e+00	-6.16856e-01	1.05584e+00	-1.07095e+00
4.46318e-01	-2.40765e+00	6.38134e-01	-1.62018e+00
1.89203e+00	7.44520e-01	1.85203e+00	2.38305e-01
1.15653e+00	-2.71678e-01	6.87080e-01	5.71968e-01
4.32692e-02	-2.47135e+00	1.38006e+00	1.54374e+00
1.55620e+00	3.03704e-01	1.03933e+00	1.39469e+00
1.89646e-01	-4.05674e-01	1.61408e+00	9.06181e-01
