# No. of particles = 100 
# Proton - Solar wind	Electron - Solar wind	
6.25308e+00	-2.84102e+00	3.92210e+00	-4.90024e+00
1.20761e+00	-1.47162e+00	9.75876e+00	3.40188e+00
8.51098e-01	1.60048e+00	3.08411e+00	-5.34303e-01
4.59309e-01	-4.91236e+00	3.40608e+00	9.55594e-01
2.33654e-01	1.00402e-01	1.10455e+00	1.37766e+00
6.26304e-03	-3.74807e+00	7.93780e+00	6.41560e-01
5.43150e+00	-2.52205e+00	1.90820e+00	-1.21731e+00
8.03201e+00	2.61054e+00	9.74671e+00	-8.93098e-01
9.38696e+00	-4.03248e+00	7.67138e+00	-2.69957e-01
8.14161e+00	2.78679e+00	3.33272e+00	-4.19124e+00
9.88497e+00	-3.82464e+00	7.49274e-01	4.83954e+00
9.00902e+00	-2.12664e+00	1.26650e+00	-4.94876e+00
9.81011e+00	4.59010e+00	5.96513e-02	-2.19555e-01
9.80588e+00	-2.77883e+00	1.45105e-01	2.47408e+00
8.07983e+00	-1.79243e+00	3.18671e+00	-4.44126e+00
7.44432e+00	1.20473e+00	4.40930e+00	-4.25365e+00
9.96457e+00	1.60638e-01	9.84817e+00	-4.68627e+00
6.07278e+00	3.12592e+00	5.89357e-01	-1.54932e+00
4.81994e+00	-8.48821e-01	8.03749e+00	-2.55146e+00
9.99208e+00	-1.53486e+00	1.34763e-01	2.91740e+00
5.45965e+00	-3.26060e+00	9.69547e+00	1.60863e+00
8.75884e+00	-4.60196e-01	1.83433e+00	4.22540e+00
9.93581e+00	-5.16319e-02	3.14894e-01	-1.07450e+00
8.88009e+00	8.84359e-01	4.22049e+00	-2.10299e+00
9.15355e+00	-2.08953e+00	7.99530e+00	-3.25941e+00
9.46719e+00	2.03523e+00	1.61363e+00	3.10242e+00
7.53646e+00	4.21667e+00	7.16795e+00	-2.70588e+00
8.35594e+00	1.48121e+00	7.88492e+00	1.74846e+00
8.48833e+00	4.05718e+00	4.45405e+00	1.70567e+00
6.67758e+00	-2.96201e+00	8.36819e+00	4.04775e+00
9.43259e+00	-4.11427e-01	2.29940e+00	-3.70856e+00
7.67896e+00	-2.35966e+00	9.64328e+00	1.25705e+00
9.70127e+00	2.16645e+00	7.20449e+00	-4.75544e+00
8.94571e+00	2.50587e+00	5.97900e+00	-4.41173e+00
3.94197e+00	-6.99594e-01	9.37501e+00	-1.13836e+00
9.95495e+00	-1.68386e+00	5.52009e-01	-6.95771e-01
7.11322e+00	2.39681e+00	1.47665e+00	2.81213e+00
7.99387e+00	-4.69154e+00	7.49953e+00	-2.53218e+00
9.60983e+00	2.51198e+00	5.59014e+00	-4.77733e+00
8.65661e+00	1.79626e+00	2.21004e+00	1.92468e+00
8.68309e+00	3.03429e+00	5.47087e+00	-1.97523e+00
8.63764e+00	1.44889e+00	4.28715e+00	-4.48947e-01
9.83266e+00	-3.05719e+00	3.42592e+00	-3.18622e+00
9.43357e+00	-6.58777e-01	8.56511e+00	-4.39784e+00
9.21212e+00	2.58085e+00	9.05094e+00	4.88933e+00
9.46439e+00	-2.15373e+00	6.43892e+00	-2.66999e+00
7.64062e+00	3.05221e+00	8.77820e+00	-1.32964e+00
9.22831e+00	1.81794e+00	7.27082e+00	2.09268e+00
7.12641e+00	-1.98066e+00	5.84424e+00	3.13450e+00
9.93771e+00	-1.23305e+00	7.30385e-01	7.48994e-01
6.72384e+00	-1.04354e+00	8.19530e-02	-4.30352e+00
9.04699e+00	-1.09375e+00	7.33357e+00	2.63205e+00
6.67244e+00	-4.05843e+00	9.84954e+00	-1.47717e+00
9.13977e+00	-4.91147e+00	6.92567e+00	-1.34106e+00
9.18126e+00	-3.04439e+00	8.86614e+00	-4.33548e+00
6.23590e+00	2.56523e+00	9.86943e+00	1.15138e+00
9.86237e+00	1.16326e+00	5.49800e+00	8.06779e-01
4.60370e+00	-2.48741e+00	3.85900e+00	-2.24420e+00
8.42084e+00	8.27661e-01	6.10179e+00	-2.13755e+00
9.51758e+00	4.63496e+00	9.16529e+00	2.73120e-01
8.69162e+00	-8.85180e-01	6.65369e+00	4.36523e+00
7.69989e+00	-1.39399e+00	3.70338e+00	4.98148e-01
9.83385e+00	2.30919e+00	1.10731e-01	3.29004e+00
8.74739e+00	-1.99196e+00	9.24159e+00	-1.83152e+00
9.06300e+00	-2.27916e+00	4.32294e+00	2.25731e+00
7.72647e+00	-2.13670e+00	1.47311e+00	2.50339e+00
9.30243e+00	-3.99978e+00	8.96694e+00	-4.99717e+00
4.67434e+00	3.59753e-01	8.46797e+00	3.87837e+00
7.96875e+00	-3.54857e+00	4.32635e+00	6.23229e-01
8.80663e+00	3.14873e+00	7.95905e+00	-2.74824e+00
8.77412e+00	-2.38844e+00	1.00932e-01	4.03194e+00
9.71401e+00	1.75362e-01	7.79760e+00	2.40054e+00
8.85261e+00	4.80219e+00	9.97024e+00	1.28567e+00
9.71441e+00	3.58946e-01	9.88121e+00	1.95776e+00
9.17169e+00	-1.11653e+00	1.55740e+00	8.35921e-01
9.78575e+00	6.63758e-01	5.03187e-01	-2.70008e+00
6.44338e+00	2.84133e+00	2.39513e+00	2.48458e-01
9.69969e+00	4.30208e+00	8.77024e+00	-2.25355e+00
9.05246e+00	3.52591e-01	8.19671e+00	4.76774e+00
9.71023e+00	3.51117e+00	1.88278e+00	-7.37159e-01
9.82950e+00	4.96589e-01	9.97964e+00	-3.66243e+00
7.05096e+00	-3.37933e+00	6.41873e+00	-7.53249e-02
7.09319e+00	3.30243e+00	3.26172e+00	-2.68774e+00
9.00102e+00	2.17607e-01	3.41809e+00	8.43501e-01
9.11271e+00	3.00358e+00	8.29973e+00	2.18522e+00
9.54709e+00	2.99192e+00	6.05023e+00	2.81940e+00
8.31663e+00	-4.99494e+00	6.16444e-01	-3.50227e+00
9.82287e+00	-2.47249e+00	7.59521e+00	2.28499e+00
9.95751e+00	-4.21609e+00	9.35801e+00	-3.93138e+00
8.27535e+00	-4.78884e+00	7.80638e+00	3.32749e+00
7.86730e+00	-9.17073e-01	8.30005e+00	-6.57625e-01
6.15518e+00	-1.20852e-01	3.84942e+00	-1.89828e+00
6.93076e+00	-5.59611e-01	4.85682e+00	-3.96572e+00
9.70444e+00	-1.90673e+00	1.22229e+00	2.45431e+00
7.62809e+00	-3.49159e+00	9.68751e+00	4.74716e+00
9.29646e+00	-1.96192e-01	8.40407e+00	1.31214e+00
9.08578e+00	3.61135e+00	9.21618e+00	9.51807e-01
9.44417e+00	5.10617e-01	8.01183e+00	-8.57435e-01
8.67193e+00	3.27978e+00	3.56772e+00	1.01340e+00
8.61772e+00	-3.87637e+00	8.08640e+00	-4.37179e+00
