# No. of particles = 100 
# Proton - Solar wind	Electron - Solar wind	
1.29449e+00	-2.37615e+00	6.05359e-01	-2.47615e+00
2.75253e-01	-2.35631e+00	1.78339e-01	-2.35225e+00
1.73583e+00	-2.36229e+00	1.68562e+00	-2.48309e+00
4.21115e-01	-2.42606e+00	6.35427e-01	-5.96436e-01
1.29839e+00	-2.38408e+00	2.08690e+00	3.54365e-01
1.85391e+00	-2.45432e+00	9.37284e-01	-1.75726e+00
2.43963e+00	-2.18349e+00	6.50077e-01	-2.41213e+00
5.39817e-01	-2.49160e+00	5.41625e-01	2.41799e-01
8.40167e-01	-2.38120e+00	8.87002e-01	-1.55394e+00
5.32949e-01	-2.48660e+00	1.21910e+00	-1.75107e+00
1.83249e+00	-2.45931e+00	2.19363e+00	5.35810e-01
6.00145e-01	-2.32629e+00	1.51951e+00	2.30911e-01
2.25178e-01	-1.00697e-02	3.59135e-02	2.37259e-01
1.16681e+00	-2.29628e+00	1.17831e-01	-2.29081e+00
3.70922e-01	-2.44817e+00	1.19187e+00	-8.88403e-01
1.69357e+00	-1.03014e+00	1.07484e+00	-2.31967e+00
1.67346e+00	-5.48802e-01	1.04254e+00	-2.29773e+00
2.06688e+00	-1.66497e+00	1.33382e+00	1.58469e+00
5.20229e-01	-2.26580e+00	1.21657e+00	-1.04411e+00
2.69815e-02	-2.32841e+00	7.40108e-02	-2.48835e+00
1.01604e-02	-2.31114e+00	1.29594e+00	4.63333e-01
2.18881e+00	-2.40679e+00	5.21890e-01	-2.70279e-01
1.87126e-01	-2.36173e+00	1.09686e-01	-2.32138e+00
2.10060e+00	-6.64367e-01	1.98079e+00	-1.32872e+00
2.07649e+00	-1.78514e+00	7.18677e-01	-2.34326e+00
1.70560e+00	-1.95516e+00	1.33292e-01	5.29063e-02
5.61731e-02	-2.29401e+00	1.90078e+00	-8.57920e-01
1.53233e+00	-1.20000e+00	1.12500e+00	-1.60853e+00
4.09077e-01	-2.43212e+00	2.45715e+00	-6.62627e-01
2.12784e+00	7.98829e-01	1.89603e+00	-2.40481e+00
1.07941e+00	-2.21314e+00	1.84884e+00	1.30288e+00
1.74853e+00	-1.17046e+00	1.68148e+00	-2.17538e+00
2.05816e+00	-2.11903e+00	7.14163e-01	-1.97650e+00
1.95003e+00	-1.57810e+00	5.30159e-02	-1.35372e+00
1.01302e+00	-2.46249e+00	1.26592e-01	-2.48655e+00
2.07223e+00	3.38145e-01	1.70275e+00	9.76916e-01
1.91289e+00	-1.44049e+00	3.51045e-01	-2.38097e+00
2.12853e+00	-8.63443e-02	2.32317e-01	-1.92112e+00
1.66884e+00	8.42096e-01	2.04205e+00	-1.50095e+00
2.14222e+00	-2.32529e+00	1.97228e+00	4.33616e-01
1.54216e-01	-2.48539e+00	6.84317e-01	2.08373e+00
1.93060e+00	-8.26430e-02	3.01803e-01	-2.27837e+00
1.98110e+00	-2.10057e+00	1.61815e+00	-6.85489e-01
6.11133e-02	3.63740e-02	1.07363e+00	-2.03464e+00
1.68303e+00	-2.49901e+00	4.28503e-01	-2.20808e+00
2.40164e+00	-2.35904e+00	1.85899e+00	8.40757e-01
2.25662e+00	7.47469e-01	1.36229e+00	-1.17553e+00
1.45008e+00	-2.20509e+00	5.73046e-01	-2.35558e+00
8.48787e-02	-2.43457e+00	2.68585e-01	-2.02007e+00
1.78756e+00	-2.27530e+00	8.98241e-01	-1.89599e+00
2.28044e+00	-1.70667e+00	2.14054e-01	-1.24649e+00
6.22487e-01	-2.36768e+00	4.77140e-01	-2.16563e+00
7.08328e-01	-2.46014e+00	3.91484e-01	-1.96917e+00
5.67826e-01	-2.41550e+00	3.55535e-01	-1.85073e+00
1.84928e+00	-8.11221e-01	2.03826e+00	-4.36511e-01
4.90978e-01	4.55739e-01	1.00291e+00	-1.28682e+00
5.99736e-01	-7.19230e-01	5.55681e-01	-7.51099e-01
2.02483e+00	-2.30414e+00	1.71757e-01	-2.33477e+00
2.11938e+00	-1.03843e+00	2.41697e+00	7.18496e-01
2.07249e+00	-4.83834e-01	1.94221e+00	1.17401e+00
1.14073e+00	-2.14439e-01	2.07380e+00	-2.38650e+00
2.27336e+00	-1.36030e+00	4.59571e-01	-1.19073e+00
1.95028e+00	7.82862e-01	1.74134e+00	9.49257e-02
2.27006e+00	-1.83759e-01	9.22932e-03	-1.63169e+00
1.62961e+00	-2.36957e+00	7.44960e-01	-1.49747e+00
2.61636e-01	6.36082e-01	1.01287e+00	-1.76659e+00
5.76566e-01	6.63788e-01	1.00582e+00	2.18749e+00
2.45442e+00	-1.31751e+00	6.51746e-01	-6.39206e-02
1.95659e+00	-2.47947e+00	1.68419e+00	-1.65130e+00
2.85638e-01	-2.41189e+00	8.23591e-01	-1.81158e+00
5.43974e-01	5.57015e-01	2.26287e+00	-1.07727e+00
7.62627e-01	3.98294e-03	1.08392e+00	6.28853e-01
2.01963e+00	-7.62830e-01	1.28529e+00	-4.93189e-01
2.11044e+00	-2.25430e+00	8.05857e-01	-1.77672e+00
8.36577e-02	-2.29991e+00	1.76075e+00	-1.69413e+00
2.21936e+00	9.60637e-02	1.75120e+00	6.14313e-01
1.34590e-01	-1.11644e+00	1.73330e+00	-1.05962e+00
3.85278e-01	-2.32959e+00	1.29642e-01	-2.05338e+00
2.37137e+00	1.08083e+00	2.03329e+00	6.43657e-01
3.30993e-01	3.82177e-01	3.19080e-01	-6.10553e-01
1.72310e+00	5.49914e-01	1.66262e+00	-1.98239e+00
7.23550e-01	-2.08428e+00	9.58520e-01	-1.87771e-01
5.98106e-01	1.66753e-01	1.14233e+00	-1.34259e+00
2.44475e+00	-5.15500e-01	1.26814e-01	2.18716e+00
1.63190e+00	-3.06520e-01	5.07485e-01	1.01379e+00
2.08342e+00	9.54403e-01	1.72627e+00	-2.27210e-01
2.37523e+00	5.18456e-01	3.09643e-01	-2.09995e+00
2.17025e+00	-2.25923e+00	7.00367e-01	-1.94332e+00
2.00418e+00	4.61267e-01	2.49231e+00	-1.57374e+00
4.26818e-01	-2.44591e+00	2.04119e+00	2.28705e-01
1.77456e+00	2.06041e-02	4.52354e-01	-1.86681e-01
9.95895e-01	-2.34888e+00	1.39022e+00	2.16068e-01
1.45657e+00	-1.84366e+00	1.45018e+00	1.23187e+00
1.07510e-02	-3.19031e-01	1.41864e-01	-2.44498e+00
2.29953e+00	1.22266e+00	2.34253e+00	-9.01904e-01
1.24284e-01	1.58595e+00	1.60399e+00	2.22503e+00
3.59462e-02	-2.28499e+00	7.60029e-01	-2.39469e+00
8.33694e-01	-2.30668e+00	1.00892e+00	2.47386e+00
8.68311e-01	-2.40307e+00	3.05667e-01	-5.57249e-01
1.90147e+00	8.59671e-01	7.91505e-01	-2.14081e+00
