# No. of particles = 100 
# Proton - Solar wind	Electron - Solar wind	
3.22086e+00	-4.64435e+00	9.65427e+00	-1.94185e+00
4.12108e+00	-4.72636e+00	2.64649e+00	-4.72892e+00
4.03618e+00	-3.43713e+00	1.31206e+00	4.00288e+00
6.26672e+00	-3.91689e+00	8.41973e+00	-4.25199e+00
3.92124e+00	-4.16148e+00	2.10914e+00	-3.45855e+00
2.18603e+00	-3.71960e+00	8.38965e+00	-1.61643e+00
5.20489e+00	-4.21123e+00	6.11028e+00	-3.86757e+00
3.30225e+00	-4.19798e+00	5.98730e+00	-3.84138e+00
4.14755e+00	-4.09385e+00	5.36664e-01	4.93434e+00
3.55597e+00	-3.70197e+00	3.24293e+00	1.98199e+00
3.19674e+00	-3.02768e+00	4.36915e+00	-2.64478e+00
3.57531e+00	-3.16010e+00	8.06227e-01	3.12931e+00
3.59930e+00	-3.80538e+00	1.09991e-01	-2.84586e+00
2.27670e+00	-3.35872e+00	8.05153e+00	-4.41476e+00
3.45052e+00	-1.75778e+00	8.50364e+00	-2.58288e+00
2.91904e+00	-1.96289e+00	7.37701e+00	-3.31250e-01
3.67971e+00	-1.26803e+00	7.61800e+00	-1.52703e+00
4.79316e+00	-7.03111e-01	7.13125e+00	-3.58946e+00
3.40567e+00	4.40435e-01	7.07776e+00	-3.14640e+00
3.38475e+00	-1.26960e+00	5.27222e+00	-3.12968e+00
2.86935e+00	-1.21449e+00	6.07893e+00	2.55718e+00
3.14884e+00	-1.02318e+00	5.04767e+00	-6.66583e-01
3.37476e+00	-5.23213e-01	2.67207e+00	4.49247e+00
5.44689e+00	-1.16451e+00	5.07370e+00	3.05313e-01
2.44944e+00	4.18341e-01	8.92086e+00	-2.07375e+00
3.55879e+00	6.90520e-01	4.26121e+00	-2.48411e+00
4.14163e+00	1.41510e+00	7.17697e+00	-1.73809e+00
3.20629e+00	1.33507e+00	4.85454e+00	-3.10986e-01
2.40019e+00	5.45213e-01	1.74698e+00	-1.07944e+00
3.79284e+00	2.28672e+00	6.25273e+00	-2.54961e+00
4.69542e+00	3.52401e+00	5.37880e+00	-2.83397e+00
5.10649e+00	6.10981e-01	6.98223e-01	2.82870e+00
4.14205e+00	3.28972e+00	4.91508e-01	-9.99490e-02
1.49186e+00	2.58983e+00	6.72936e-01	6.59185e-01
4.54883e+00	4.25844e+00	8.70780e+00	4.66240e+00
3.92047e+00	4.42091e+00	5.83613e+00	-4.97921e-01
3.41882e+00	4.37506e+00	9.35299e+00	-4.99858e+00
3.58565e+00	4.12820e+00	4.78155e+00	1.05058e+00
2.86059e+00	3.61967e+00	4.03478e+00	-2.61546e+00
3.63075e+00	4.34396e+00	6.62538e+00	-9.19427e-01
4.17243e+00	4.58515e+00	5.38421e+00	8.89255e-01
3.17510e+00	3.42269e+00	1.80581e+00	1.14427e+00
9.26641e+00	3.26342e+00	5.08579e+00	-1.63231e+00
9.83768e+00	4.81132e+00	6.03851e+00	4.12624e+00
3.92029e+00	-3.80627e+00	5.80732e+00	1.97055e+00
7.71461e+00	-3.41394e+00	4.87599e+00	-3.25892e+00
3.91818e+00	-4.47777e+00	5.58264e+00	3.16228e+00
3.23829e+00	-4.74960e+00	9.80237e+00	-3.70241e+00
3.28965e+00	-4.62718e+00	3.41396e-01	3.89710e+00
3.41289e+00	-4.05063e+00	4.33914e+00	2.77170e+00
3.73621e+00	-2.95209e+00	2.90598e+00	-7.08745e-01
3.12627e+00	-4.26734e+00	8.95490e+00	2.08491e+00
3.20860e+00	-3.75763e+00	3.16278e+00	3.88900e+00
3.25691e+00	-2.82814e+00	4.12984e+00	-4.89343e+00
3.99410e+00	-1.66627e+00	6.54782e+00	-5.54327e-02
4.60463e+00	-3.77324e+00	6.18164e+00	1.08922e+00
3.10968e+00	-1.98834e+00	6.06396e+00	-3.29118e+00
3.30728e+00	-3.07249e+00	9.44775e+00	-2.26361e-01
3.03391e+00	-2.81090e+00	2.75607e+00	-4.32891e+00
3.64759e+00	-2.09962e+00	8.52843e+00	1.19297e+00
2.93128e+00	-1.70451e+00	6.82978e-01	-4.14940e+00
3.16577e+00	-1.40538e+00	3.95983e+00	-1.11326e+00
2.87233e+00	-1.75685e+00	3.08537e+00	1.05847e+00
3.90161e+00	4.51768e-01	3.48343e+00	3.26972e+00
3.40491e+00	-1.68197e+00	7.35313e+00	-6.45282e-01
3.17910e+00	-8.98590e-01	6.99053e+00	-2.21564e+00
3.14252e+00	-1.90029e+00	2.19951e+00	1.12491e+00
3.84456e+00	-9.50378e-01	8.49123e+00	3.41880e+00
3.30268e+00	-5.91029e-02	8.42123e+00	3.65015e+00
3.36836e+00	-4.77013e-01	4.30908e+00	1.55358e+00
3.19626e+00	3.63209e-01	3.13727e+00	4.78721e+00
3.72380e+00	-1.29125e+00	4.59108e+00	1.72296e+00
3.96801e+00	-3.60582e-01	8.83913e+00	4.66343e+00
2.69690e+00	-9.76270e-01	7.65404e+00	6.13159e-01
2.34680e+00	1.76592e+00	4.50294e+00	4.98756e+00
4.29892e+00	-1.34113e+00	8.75437e+00	-1.37968e+00
3.36414e+00	7.96146e-01	3.18266e+00	2.28076e+00
3.24225e+00	5.16724e-01	4.35049e+00	-4.10220e+00
2.57000e+00	2.41366e+00	4.79753e+00	1.23354e+00
2.75731e+00	-1.07487e-01	3.18615e+00	2.82531e+00
3.30415e+00	9.78154e-01	2.96464e+00	9.01607e-01
5.17928e+00	1.37553e+00	7.43707e+00	1.38929e+00
3.84035e+00	2.65802e+00	2.67275e+00	4.10864e+00
5.22841e+00	1.55826e+00	2.38479e+00	4.01176e+00
3.03985e+00	1.58378e+00	8.32536e+00	-3.57263e+00
3.39584e+00	2.68223e+00	1.04720e-01	-3.37372e+00
3.52160e+00	3.00899e+00	3.17562e+00	2.58349e+00
3.32481e+00	1.96960e+00	5.78956e+00	-1.83652e+00
3.34396e+00	2.33830e+00	6.57415e+00	-4.64874e+00
2.68961e+00	2.00206e+00	3.69753e+00	-2.00874e-01
3.52590e+00	3.39144e+00	5.00210e+00	-7.19175e-03
2.90759e+00	2.25896e+00	7.72548e-01	-4.03288e+00
4.82179e+00	2.31099e+00	4.04526e+00	3.22970e+00
3.63163e+00	3.05439e+00	3.35462e+00	1.11898e+00
3.28678e+00	3.70606e+00	7.43082e+00	3.87565e+00
3.59297e+00	3.20125e+00	8.97467e-01	-2.49997e+00
3.34428e+00	3.60190e+00	5.35615e+00	3.54801e+00
4.12775e+00	3.91967e+00	9.65483e+00	-3.95305e+00
3.46756e+00	4.16811e+00	7.80040e+00	4.09521e+00
3.54476e+00	4.89719e+00	2.68541e+00	-1.00314e+00
