# No. of particles = 100 
# Proton - Solar wind	Electron - Solar wind	
2.70566e-01	-4.49064e-02	1.33475e-01	-6.82088e-01
3.68391e-01	-2.95379e-01	1.18812e+00	-7.45633e-01
1.03121e+00	-1.60956e-01	2.66219e-01	-6.04361e-01
7.25361e-01	4.59750e-01	1.66395e-01	4.84789e-01
3.11828e-02	-9.41667e-01	5.99234e-01	-3.82052e-01
9.74948e-02	-8.81862e-01	3.33184e-01	-3.96016e-01
3.16671e-01	-5.85500e-01	1.37900e+00	5.48471e-01
7.58247e-01	2.55981e-01	1.09496e+00	-6.29617e-01
4.62235e-02	7.47956e-01	2.96489e-01	6.82367e-01
6.06749e-01	7.68900e-01	9.71344e-02	-9.61348e-01
4.64709e-02	-9.98553e-01	7.05912e-01	7.41501e-01
6.79591e-01	-1.36395e-01	2.37469e-01	6.54612e-01
1.19004e+00	-2.50156e-01	4.12804e-03	2.37613e-01
1.81671e-01	-6.84032e-01	4.98163e-01	-2.95119e-01
4.91244e-01	-9.14878e-01	1.69811e+00	8.97904e-01
5.88024e-01	5.73842e-01	5.80108e-02	-4.61876e-01
3.23109e-01	-9.11699e-01	5.60834e-01	2.35517e-01
5.73082e-02	-7.88547e-01	4.61455e-01	-4.76993e-01
2.72379e-01	-6.04546e-01	3.63163e-01	-8.41142e-01
3.74293e-01	-1.69784e-01	1.93471e+00	3.63524e-01
7.52003e-01	2.37335e-01	5.41719e-01	-9.26454e-01
1.85579e-01	-4.18236e-01	1.04648e+00	7.76533e-02
6.55664e-01	-6.00334e-01	1.28196e+00	7.36201e-01
2.80415e-01	4.45314e-01	1.49046e+00	4.75708e-01
1.50445e+00	-3.26812e-01	9.80519e-01	2.18786e-01
1.21837e-01	-3.76141e-01	2.00052e-02	-8.99041e-01
3.63329e-01	4.18375e-01	1.77751e+00	5.21938e-01
1.40581e-01	-6.42268e-01	5.95861e-01	-1.13015e-01
5.38896e-01	-6.59297e-01	1.96847e+00	-7.98739e-01
9.63313e-01	2.39442e-02	4.57681e-01	-7.54786e-01
7.91319e-01	7.52803e-02	1.32556e+00	-7.20267e-01
2.66742e-01	-9.72111e-01	4.55647e-01	-2.13075e-01
5.55750e-02	-8.05277e-01	1.19628e+00	4.23616e-02
8.50878e-01	-7.47500e-01	1.52411e+00	-2.30282e-01
2.67048e-01	9.67700e-01	1.71817e+00	-4.99517e-01
2.24477e-01	-9.44833e-01	3.74134e-01	-8.47951e-01
1.44848e+00	-3.88247e-01	3.11706e-01	-6.89832e-01
3.81040e-01	-9.11530e-01	1.15684e+00	9.48585e-01
3.08304e-01	1.65120e-01	2.81651e-01	-7.27506e-01
1.72969e-01	5.29785e-01	4.34437e-02	-9.73312e-01
5.34634e-01	4.63860e-01	1.18258e+00	9.99257e-02
1.50056e+00	5.64198e-01	1.01135e+00	7.26246e-01
1.03386e+00	7.86795e-01	7.43388e-02	-7.98673e-01
2.34312e-01	-8.09514e-01	1.16863e+00	3.08081e-01
3.43859e-01	8.81482e-02	7.43708e-01	-3.49776e-01
3.72265e-01	-7.90236e-01	1.98779e-01	6.27511e-01
1.60992e+00	1.76626e-01	1.31023e+00	3.78644e-01
5.31228e-01	1.28303e-02	1.35781e-01	-3.49521e-01
7.96873e-03	-9.56659e-01	4.81201e-01	-7.85797e-01
4.70483e-02	5.82966e-01	6.17811e-01	-1.06785e-01
4.11649e-01	-8.06259e-01	4.75387e-01	-1.19293e-01
1.76392e+00	1.84740e-01	2.16256e-01	-1.75265e-01
6.56683e-01	1.74284e-01	8.93790e-02	-9.48561e-01
8.75821e-01	4.84519e-01	1.86017e+00	-9.58751e-01
1.58772e+00	9.04524e-01	4.12723e-01	-1.25239e-01
1.91537e+00	-4.10381e-01	1.11579e-01	-1.65859e-02
6.63097e-02	-8.14525e-01	5.82148e-01	-4.53518e-02
1.33041e+00	-5.61585e-01	3.53940e-01	-2.70493e-01
6.27126e-01	3.52449e-01	9.96467e-02	-5.84133e-01
1.72477e+00	9.42461e-01	1.17000e+00	-1.04985e-01
6.66978e-01	5.39769e-01	1.57413e+00	-2.02957e-01
8.25914e-02	6.73080e-01	6.27300e-01	4.71097e-01
2.50506e-01	-6.14064e-01	1.61455e+00	-6.28524e-01
6.68958e-01	-4.67779e-02	6.32982e-01	5.89038e-02
3.53076e-01	-9.01129e-03	3.40656e-02	-8.80140e-01
4.20875e-01	-7.50022e-01	1.34822e+00	-7.54195e-01
9.60273e-01	4.67336e-01	1.45965e+00	-1.03745e-01
1.52722e-01	1.18239e-01	7.84114e-01	6.43292e-01
8.51641e-01	5.05611e-01	3.32646e-01	-7.70250e-01
7.93237e-01	1.87603e-01	6.95058e-01	-6.22309e-01
1.10144e+00	-6.12559e-01	8.37925e-01	2.04100e-01
1.64604e+00	3.60491e-01	5.91171e-01	-2.70414e-01
8.08374e-02	-8.69356e-01	1.28661e+00	4.66329e-01
1.74751e-01	-6.69969e-01	1.83918e+00	-8.55940e-01
5.35998e-01	-5.48201e-01	3.97042e-01	-9.18370e-01
9.70109e-01	-7.71652e-01	1.98515e+00	9.33731e-01
1.40998e+00	6.83052e-01	4.75063e-01	-7.05506e-01
1.13385e-02	-5.37239e-01	1.70000e+00	1.50162e-01
1.30427e-01	-8.12565e-01	1.56261e+00	7.67114e-01
6.85376e-01	-2.09107e-01	1.41114e+00	2.43831e-01
1.56646e-01	6.58479e-02	3.58876e-02	5.39251e-01
1.35030e+00	3.82809e-01	4.81612e-01	-1.70009e-01
1.00843e+00	9.69570e-02	1.79849e+00	8.27481e-01
8.85645e-02	-2.34323e-01	3.45086e-01	2.21645e-01
1.92949e-01	-7.02401e-01	3.16551e-01	-2.56789e-01
2.43933e-01	1.67423e-02	7.65062e-02	1.31751e-01
3.36572e-01	-4.85054e-01	8.17919e-01	1.48950e-01
8.91720e-01	-2.42399e-01	8.88479e-01	1.73278e-02
1.48337e-01	-1.98456e-01	8.31374e-01	6.43977e-01
8.32949e-01	7.95453e-01	2.66877e-01	-9.14218e-01
1.20843e-01	-7.06471e-01	7.24721e-01	-1.23301e-01
6.88374e-01	2.32918e-01	1.47805e+00	-7.14780e-01
5.63619e-01	9.23010e-02	1.71828e+00	-9.03379e-01
1.95081e-01	-8.03454e-01	1.02104e+00	3.53551e-02
5.23935e-01	-4.40093e-01	9.63490e-01	4.21367e-01
6.87273e-01	-3.80894e-01	1.34002e+00	-7.86358e-01
1.93656e+00	2.39418e-01	2.89074e-01	-7.52654e-01
1.54348e-01	-6.88298e-01	8.66461e-01	5.43410e-01
1.58064e+00	6.06476e-01	2.70236e-01	1.59103e-01
1.74662e-01	-9.55139e-01	4.56569e-01	-8.97407e-01
