# No. of particles = 100 
# Proton - Solar wind	Electron - Solar wind	
1.94482e+00	3.56803e-01	4.54447e-02	7.33815e-02
4.86742e-01	-2.09491e-01	7.27747e-01	9.58677e-01
1.91437e+00	-4.39513e-01	4.15809e-01	-4.38395e-01
1.87287e+00	-8.68213e-02	4.49715e-01	5.38059e-01
2.62595e-01	-1.88396e-02	1.57614e+00	8.87809e-01
2.20236e-01	-6.96715e-01	7.22920e-01	-8.42120e-01
5.06644e-01	-5.74264e-01	1.58615e+00	-2.62107e-01
1.31354e+00	6.19600e-01	6.71456e-02	-3.92784e-01
1.04905e+00	4.98015e-01	2.24862e-01	-4.96595e-01
1.96608e+00	4.76521e-01	7.13937e-02	-9.34656e-01
8.95349e-01	2.34366e-01	9.10311e-02	-6.70243e-01
1.71475e-02	-9.88516e-01	1.14279e-01	-5.83610e-01
4.94171e-01	-7.02347e-01	7.84524e-01	-2.73234e-01
4.68918e-01	-3.00532e-01	1.13384e+00	-1.31197e-01
1.90564e-01	-5.60610e-01	1.18691e+00	7.32874e-02
1.10342e+00	6.80815e-01	8.30322e-03	-9.85635e-01
1.73493e+00	1.97645e-01	1.43856e+00	-7.02956e-01
1.79888e-02	-5.05974e-01	3.11252e-01	-2.64366e-01
6.62357e-01	8.39263e-03	1.75265e+00	3.78000e-01
1.47926e-01	-7.00752e-01	1.84129e+00	-2.14036e-01
7.66869e-01	5.49800e-01	7.14026e-01	9.33419e-01
1.97331e+00	-6.34907e-01	1.09593e+00	-5.03744e-01
1.19342e+00	-2.51522e-01	5.72403e-02	-4.56462e-01
1.42084e-01	-2.91534e-01	8.28922e-01	-8.89594e-01
5.99475e-01	-8.82363e-01	1.50622e+00	-4.89537e-01
1.26975e-01	-6.59337e-01	4.79206e-02	-9.03619e-01
1.09729e+00	9.01870e-01	1.86846e+00	2.08486e-01
1.36104e+00	2.33204e-01	9.85295e-01	-6.64257e-01
2.39810e-01	-9.63037e-01	1.01143e+00	-5.52130e-01
9.00871e-01	-6.29900e-01	4.20968e-01	-6.55227e-01
5.13041e-01	-1.02563e-01	1.49758e+00	5.79464e-01
3.47414e-01	-8.71703e-01	4.30323e-01	-7.48661e-01
2.59620e-01	-3.45279e-01	5.95821e-01	-5.67884e-01
1.93451e+00	-3.24797e-01	1.80446e+00	4.44306e-01
1.42588e+00	2.20295e-01	1.77782e-01	-4.13588e-01
7.38071e-01	-4.86029e-01	6.48551e-02	-9.69802e-01
1.91580e-01	-9.42617e-01	1.89286e+00	-1.06034e-01
1.51355e-01	4.11381e-01	1.62193e-01	-9.19719e-01
2.60576e-01	2.54524e-01	1.96156e+00	4.16813e-02
2.66899e-01	-6.28222e-01	1.36984e+00	-9.73347e-01
1.67542e+00	-3.83538e-01	1.44661e+00	-5.74533e-01
4.09803e-01	-8.79870e-01	1.44060e+00	-9.10058e-01
7.09067e-01	7.08670e-01	1.46397e+00	-4.04573e-01
4.23985e-01	3.00738e-01	3.42020e-01	-3.94240e-01
9.29523e-02	-9.49347e-01	1.42694e+00	4.21197e-02
1.62251e-01	-9.25475e-01	1.08746e-01	1.07237e-02
7.34153e-01	-4.66863e-01	1.23782e+00	-6.24467e-01
1.01246e+00	-3.07566e-01	1.53321e+00	-3.42732e-01
1.16238e+00	5.05654e-01	1.48576e+00	-2.15037e-01
1.13131e+00	-3.40834e-01	1.11158e+00	4.73594e-01
1.74928e-01	-5.22545e-01	1.27652e+00	9.79073e-01
4.74842e-01	-6.75043e-01	6.08498e-01	-3.37492e-01
6.30875e-01	4.33134e-01	1.82426e-01	-5.96143e-01
5.96350e-01	-1.01755e-01	1.96302e-01	-1.02518e-01
6.87888e-01	-1.86427e-01	1.85135e+00	6.48109e-01
1.21620e+00	-5.42476e-01	4.64988e-01	-2.56007e-01
4.06644e-01	-7.71569e-01	1.76313e+00	-4.71370e-01
9.06849e-01	-4.27911e-01	1.51418e+00	1.31735e-01
8.20036e-02	-1.88688e-01	1.18165e+00	7.40086e-01
1.36651e+00	8.93664e-01	2.84885e-01	-1.31506e-01
8.54528e-02	-8.98976e-01	1.39947e+00	-5.17119e-01
5.07472e-01	5.09839e-01	1.63211e+00	-8.48691e-01
7.51780e-01	-4.68519e-01	5.06519e-01	5.30397e-01
3.89585e-01	-6.31415e-01	7.34494e-01	-1.28066e-01
6.03500e-01	-8.55690e-01	7.90220e-01	-1.90601e-01
4.27430e-01	8.79517e-01	1.48738e+00	-3.37981e-01
2.83409e-02	3.06120e-02	4.58715e-02	-6.30271e-01
6.11583e-03	-6.53498e-01	7.37244e-01	-1.61594e-01
3.12098e-01	-4.39887e-01	1.90184e+00	-1.52139e-01
9.42424e-01	1.71175e-01	4.97051e-01	-8.05709e-01
2.66217e-01	-2.70504e-01	5.70497e-02	-4.35425e-01
9.88669e-01	-1.81148e-01	1.41161e+00	-5.89638e-01
9.40538e-01	1.44006e-02	1.04141e+00	1.96885e-01
1.07955e-02	-9.87977e-01	5.71564e-01	2.91920e-01
3.11989e-01	-7.80652e-01	4.70763e-02	-9.66605e-01
2.04166e-02	-8.66223e-01	1.34468e+00	-1.26989e-01
7.13359e-02	-8.82484e-01	7.53767e-01	-1.60812e-02
1.50427e+00	9.37106e-01	4.83985e-01	-9.06204e-01
1.29241e+00	5.63529e-01	6.29581e-01	5.66564e-01
7.10616e-02	-9.08582e-01	6.67347e-01	5.48798e-01
1.82862e+00	-2.50158e-01	3.27937e-01	9.09959e-01
1.11671e+00	5.19860e-01	4.69408e-02	2.35953e-01
2.93767e-01	-6.87155e-01	5.79600e-01	4.18132e-01
4.95474e-02	-9.12741e-01	1.71232e+00	-1.20779e-01
3.68100e-03	8.64967e-02	2.09420e-01	-1.19010e-01
1.07849e-01	-4.98395e-01	3.25390e-01	4.88970e-01
1.30274e-01	-7.74356e-01	1.32611e+00	-9.07156e-01
1.24204e-01	2.53742e-01	1.18322e+00	-2.71745e-01
1.36279e+00	-4.58845e-01	9.60024e-01	-1.48249e-02
5.78714e-01	-8.93929e-01	1.37003e+00	-2.97558e-01
7.10193e-02	-9.39180e-01	8.84856e-01	8.13430e-02
6.48301e-01	3.47754e-01	1.54387e+00	-9.00275e-01
2.80941e-01	-5.02232e-01	3.23347e-01	9.73303e-02
6.41119e-01	-2.10182e-01	1.92535e+00	-6.59980e-01
1.16202e-01	5.03973e-01	1.54676e+00	4.63079e-01
1.02331e+00	4.80826e-01	4.65880e-01	-9.90983e-01
1.52018e-01	1.87917e-01	1.15333e+00	-4.47322e-01
4.15603e-01	-8.06791e-01	1.06052e+00	-7.13959e-01
4.77956e-01	1.21538e-01	1.11706e+00	9.83411e-01
8.85695e-01	5.53852e-01	3.31966e-01	-3.77997e-01
