# No. of particles = 100 
# Proton - Solar wind	Electron - Solar wind	
1.64909e-01	-5.55150e-01	1.05107e-01	-5.87091e-01
8.40852e-01	7.73549e-01	1.64900e+00	9.84016e-01
7.57593e-01	-3.83668e-01	1.11087e+00	2.02647e-01
4.76925e-02	-8.90763e-01	2.29859e-02	3.71458e-01
1.59016e+00	4.21031e-02	1.34166e+00	4.04576e-01
1.62452e-01	3.04354e-01	1.09085e-02	-7.74795e-01
1.70990e+00	2.65588e-01	3.80304e-01	-4.23946e-01
1.73033e-02	-9.90790e-01	1.40402e+00	9.65534e-01
2.58607e-02	-1.98905e-01	5.21009e-01	2.53725e-01
4.54729e-01	3.02136e-01	8.25204e-01	-8.76997e-01
1.29787e+00	8.29629e-01	1.33770e+00	-9.89537e-01
5.03185e-01	-3.59320e-01	2.62567e-01	-9.23521e-01
1.00958e+00	-3.68014e-01	1.33330e+00	-5.22412e-01
1.50346e+00	6.23220e-01	3.37027e-01	9.38545e-02
2.11574e-01	-9.57499e-01	3.84723e-01	9.89428e-02
4.49377e-01	4.97873e-01	1.47547e+00	-4.24727e-01
8.78301e-02	4.09210e-01	7.72575e-01	-9.79855e-01
1.97174e+00	5.27819e-01	4.44965e-01	8.05923e-01
8.51131e-01	2.62703e-01	5.67333e-01	-7.25324e-01
9.00330e-01	7.14077e-01	6.30872e-01	-4.70626e-01
5.46554e-01	-1.23476e-01	3.14175e-01	7.19839e-01
1.12484e+00	5.96887e-01	1.99547e+00	3.46947e-01
3.28282e-01	3.17194e-01	3.75039e-01	-3.90450e-01
2.39725e-01	2.52387e-01	1.11334e+00	-9.19613e-01
8.80058e-01	-6.07776e-01	1.11275e+00	8.32892e-01
5.84854e-01	6.98078e-01	1.68330e+00	8.34000e-01
2.01216e-01	9.25371e-01	1.70819e+00	-9.90409e-01
1.89835e+00	6.96397e-01	6.00678e-01	-5.81484e-01
1.37529e+00	-4.06343e-01	1.93218e+00	2.85099e-01
5.39654e-01	-4.16955e-01	1.18787e+00	-7.51987e-01
3.45869e-01	-5.84879e-01	5.54471e-01	9.43678e-01
8.84118e-02	-2.12657e-01	1.46304e+00	-7.57413e-01
7.65732e-01	3.21713e-01	2.28684e-01	-8.77585e-01
1.86156e+00	-4.33992e-01	6.02904e-01	-2.67285e-01
1.38260e-01	-2.91088e-01	8.67499e-02	-7.59833e-01
2.94278e-02	-9.86911e-01	1.84856e-01	3.62923e-01
1.99835e+00	-4.69621e-01	1.08557e+00	4.98161e-01
6.07802e-02	-9.79296e-01	8.35638e-01	-6.15018e-01
1.72409e-01	-3.65734e-01	7.43604e-02	2.40898e-01
2.83056e-02	-8.11453e-01	1.30333e-01	-8.47795e-01
1.28508e-01	-6.82294e-01	1.38749e-01	-3.88439e-01
8.41343e-01	-1.16819e-01	1.14634e+00	7.66888e-01
6.37228e-01	8.78367e-02	4.68865e-01	-8.98032e-01
1.14169e-01	-9.70512e-01	3.54436e-01	-9.75257e-02
2.13288e-01	-3.40834e-01	4.86811e-01	7.94301e-02
1.21551e+00	-2.14263e-01	1.68147e+00	2.72236e-01
1.37879e+00	9.24313e-03	1.92478e+00	8.17019e-01
5.17611e-04	-9.89083e-01	7.36404e-02	-9.53433e-01
1.17980e+00	3.29054e-01	1.85132e-02	-9.93287e-01
4.25261e-02	-6.81794e-01	3.17045e-01	-7.19847e-01
1.88615e+00	-9.86760e-01	7.79219e-01	2.52075e-01
1.42555e+00	-3.89235e-02	2.30630e-01	-6.74238e-01
1.87722e+00	9.03943e-01	1.99573e+00	-1.27420e-01
1.26983e+00	9.08003e-01	6.85401e-01	6.04487e-01
1.35482e+00	6.16954e-01	1.21578e-01	-5.58443e-01
1.54198e+00	6.50636e-01	1.43277e-01	7.84861e-01
1.66272e-01	-6.34285e-01	7.10707e-01	-9.75903e-01
4.28729e-01	-8.52282e-01	5.11552e-01	7.22305e-01
3.31503e-01	-2.94659e-01	1.36611e+00	1.04437e-01
1.24938e+00	3.84225e-01	3.16256e-01	-5.40084e-01
2.34695e-01	-4.54922e-01	9.65820e-01	9.59268e-01
1.47260e+00	6.33538e-01	1.06814e+00	-7.60870e-01
1.11553e-02	-9.97672e-01	1.43837e+00	-1.99337e-01
2.74911e-01	-6.24766e-01	4.46575e-01	-7.81969e-01
1.90337e+00	-5.25529e-01	1.41788e+00	2.95373e-01
2.57075e-01	-8.44732e-01	1.12641e+00	-7.08208e-01
2.64618e-01	-5.91506e-01	1.41149e+00	3.35162e-01
4.79123e-01	6.06315e-02	2.08188e-01	-1.93022e-02
7.09188e-01	2.57855e-01	5.92360e-01	8.84474e-01
4.45993e-01	-3.65667e-01	1.33077e+00	-7.68148e-01
6.42598e-01	8.47531e-01	4.92216e-01	8.75360e-01
1.86162e+00	1.13760e-01	8.11135e-02	-8.82342e-01
1.39626e-01	7.89807e-02	1.78188e+00	8.56898e-01
1.38444e+00	-1.18098e-01	7.21907e-01	-2.16878e-01
4.75413e-01	-6.12459e-01	7.13634e-01	6.67526e-01
3.22813e-01	-9.99121e-01	6.58980e-01	-5.69453e-02
1.18361e+00	5.46636e-01	1.36150e+00	4.01273e-01
5.46309e-01	-3.97590e-01	1.24258e+00	-7.06732e-01
1.89531e+00	7.90477e-01	1.58660e+00	5.80350e-01
1.45993e+00	8.94627e-01	1.69711e+00	2.47195e-01
7.82814e-01	-2.83508e-01	1.91344e+00	3.05989e-01
1.53626e+00	2.24998e-01	1.33861e+00	7.58891e-01
8.24362e-01	-1.06027e-01	8.03992e-01	-4.68436e-02
1.48253e-01	-7.25684e-01	8.30535e-01	6.96380e-01
6.80709e-01	3.81484e-01	3.42771e-01	7.24923e-01
2.04359e-01	-1.18229e-01	4.99540e-01	-5.40701e-01
2.78753e-01	-5.62851e-01	9.03636e-01	-3.47844e-01
1.82035e-02	-8.08701e-01	2.18965e-01	-8.60329e-01
1.49688e+00	1.13714e-01	1.00833e+00	3.87462e-01
1.74778e+00	8.36344e-01	6.20668e-01	6.01887e-01
1.03853e-01	-7.69554e-01	1.06254e+00	4.87261e-01
9.66508e-01	9.63466e-01	5.11475e-02	7.55485e-01
4.87995e-01	-6.31417e-02	5.59884e-01	5.77880e-01
1.56926e+00	9.25129e-01	1.82459e+00	-8.16243e-01
4.85267e-01	7.17338e-01	3.33822e-01	-6.63122e-01
1.06352e+00	5.87879e-01	1.31039e+00	2.57606e-01
1.33818e+00	-4.54611e-02	8.10679e-01	-7.96957e-02
1.00653e+00	-7.61206e-01	9.97591e-01	7.97434e-01
1.29238e+00	4.78146e-01	1.23109e+00	-6.13114e-01
8.33230e-01	2.36925e-01	6.23257e-01	3.62373e-01
