# No. of particles = 100 
# Proton - Solar wind	Electron - Solar wind	
9.30247e+00	-4.58650e+00	2.31850e-01	4.63911e+00
2.00652e-01	-4.48651e+00	2.30341e+00	1.80793e+00
8.73954e+00	-1.58932e+00	7.74786e+00	3.41527e+00
9.96282e+00	-7.43137e-01	6.66954e+00	-4.15733e+00
8.74071e+00	2.60871e-02	1.02966e+00	-2.34545e+00
8.81433e+00	-9.49093e-01	1.83765e+00	-4.12652e+00
9.88726e+00	2.19630e+00	9.97794e+00	3.43529e+00
9.14662e+00	3.59523e+00	6.87402e+00	-3.24743e+00
9.59061e+00	-9.46804e-01	1.23451e+00	-3.64148e+00
9.76472e+00	-2.98122e-01	9.67111e+00	3.62479e-01
6.85391e+00	-2.04229e+00	9.67650e+00	-1.56056e+00
8.05871e+00	1.83978e+00	6.50830e+00	-3.84114e+00
6.63513e+00	4.96524e-01	9.91195e+00	2.72643e-01
9.86220e+00	-5.41549e-01	9.69546e+00	-6.39830e-01
8.41367e+00	3.94206e+00	7.27282e+00	-2.41182e+00
6.91993e+00	6.90839e-01	8.60288e+00	-1.05221e+00
9.71152e+00	2.48880e+00	6.05984e+00	-1.26560e+00
9.84975e+00	3.95949e+00	7.57561e+00	-2.75026e+00
8.19435e+00	1.75280e+00	9.90455e+00	-3.93015e+00
9.68067e+00	2.15168e-01	9.95348e+00	-2.23000e+00
6.30670e+00	2.24240e+00	7.07206e+00	4.98425e+00
8.31378e+00	3.03197e+00	1.76510e+00	-3.47151e+00
7.40905e+00	-3.15512e+00	3.33311e+00	3.76122e+00
9.22734e+00	-2.66738e+00	9.82495e+00	-3.77865e-01
8.78129e+00	-4.87539e-01	8.93068e+00	4.83510e+00
9.26589e+00	2.27877e+00	2.07882e+00	2.64098e+00
6.73334e+00	-2.75208e+00	9.42006e+00	-4.74896e+00
8.92755e+00	4.72051e+00	7.51054e+00	3.52437e+00
8.06349e+00	-2.39239e-01	7.16593e+00	2.78935e+00
9.85490e+00	-1.92828e-01	8.30336e+00	4.92224e+00
7.58086e+00	1.45324e+00	2.78511e+00	1.41547e-01
7.58996e+00	-4.90392e+00	5.86063e+00	4.25676e+00
9.85456e+00	2.55901e-01	7.42619e+00	-3.62482e+00
5.10059e+00	-1.82678e+00	6.01589e+00	-4.84230e+00
8.91778e+00	-3.21714e-01	3.84314e+00	-1.72668e-01
9.76957e+00	4.10926e+00	7.10167e+00	-3.84010e-03
9.81669e+00	2.91783e+00	2.58204e+00	-1.04486e+00
9.66702e+00	3.39847e+00	9.68415e+00	2.74032e+00
4.05357e+00	1.00478e+00	6.16030e+00	2.87019e+00
9.82151e+00	3.94120e+00	6.76504e+00	4.72134e+00
9.23074e+00	-1.86916e-01	1.09381e+00	4.28985e+00
7.54888e+00	6.54993e-01	3.75610e+00	-1.78602e+00
9.53228e+00	-2.28200e-01	3.74889e+00	-1.98273e+00
8.66538e+00	-2.86144e-01	9.84360e+00	4.40637e+00
9.83204e+00	-2.24281e+00	9.59147e+00	-1.21530e+00
9.82437e+00	2.33979e+00	3.62535e+00	1.99342e-01
9.94683e+00	-3.74248e+00	9.26133e+00	-4.23503e-01
5.47079e+00	3.53738e+00	8.12948e+00	-4.00223e+00
8.93318e+00	1.20167e+00	6.83291e+00	3.31180e+00
9.47152e+00	-1.10605e+00	9.14865e+00	3.90850e+00
8.03087e+00	-2.62378e-01	4.65043e+00	4.63883e+00
4.46658e+00	-8.64891e-01	9.90501e+00	1.21871e+00
9.55108e+00	-3.56574e+00	9.74564e+00	-3.36221e+00
9.25581e+00	1.00459e-01	7.91582e+00	-2.85020e+00
7.08972e+00	-5.39049e-01	9.68204e+00	1.45747e+00
9.50525e+00	1.10279e+00	9.90955e+00	-7.87604e-01
9.11155e+00	2.57958e+00	2.64996e+00	1.33314e+00
9.76236e+00	-1.41229e-01	9.83813e+00	-1.92457e+00
9.71465e+00	9.35931e-01	9.41819e+00	-4.54598e+00
9.80156e+00	1.26742e+00	6.90348e+00	-4.91076e+00
9.00007e+00	4.47988e+00	6.97215e+00	6.47096e-01
5.92342e+00	-2.36936e+00	1.91257e+00	-2.05211e+00
9.41486e+00	-3.65055e+00	1.22796e+00	-8.16694e-04
6.77968e+00	-1.89044e+00	4.27484e+00	-3.94151e+00
9.37121e+00	-3.00292e+00	9.61563e+00	2.83381e+00
9.68243e+00	-1.15301e+00	7.24974e+00	-1.02066e+00
9.99308e+00	3.93137e-01	7.75310e+00	-3.53836e+00
6.50716e+00	-1.53569e+00	6.12996e+00	4.33165e+00
7.42422e+00	2.11387e+00	9.48521e+00	-2.36215e+00
9.49587e+00	4.82993e+00	2.44394e+00	-4.91398e+00
7.58760e+00	3.91577e+00	8.94007e+00	-2.62474e+00
8.13172e+00	4.58060e+00	8.41499e+00	-2.55471e+00
9.94059e+00	3.25665e-01	7.02459e+00	1.06338e-01
9.72176e+00	4.06869e+00	7.43827e+00	1.42954e+00
9.97918e+00	-8.11495e-01	4.35404e+00	-2.52988e+00
9.46184e+00	-2.46612e+00	1.74251e+00	-1.22455e+00
9.01408e+00	-4.37692e+00	9.05452e-01	-9.89809e-01
8.78497e+00	-1.16036e+00	3.49493e+00	-6.40230e-01
6.67659e+00	-2.42634e+00	4.36822e+00	2.90359e+00
9.47079e+00	-1.13605e+00	8.78254e+00	3.78552e+00
9.86027e+00	7.90481e-01	6.87417e+00	-1.20439e+00
8.31507e+00	4.57673e+00	1.48927e+00	1.10568e+00
4.01060e+00	8.18997e-01	7.91321e+00	7.45466e-01
9.90777e+00	9.69939e-01	9.57524e+00	2.70746e+00
9.41675e+00	4.19420e-01	7.86993e+00	1.23915e+00
9.31810e+00	-3.04978e+00	2.39328e-01	-1.68128e+00
9.72197e+00	-7.19162e-02	1.37960e+00	-1.30387e+00
7.19745e+00	-3.77043e+00	1.69457e+00	-3.55785e+00
7.43884e+00	-8.55612e-01	5.15700e+00	2.83020e+00
9.16814e+00	-2.22304e+00	7.12073e+00	3.97915e+00
9.80533e+00	3.55699e+00	8.94070e+00	2.43976e+00
6.93091e+00	3.35557e+00	9.45027e+00	1.86057e+00
6.74580e+00	1.92235e+00	9.14469e+00	4.10698e+00
8.04235e+00	4.12693e+00	8.78864e+00	-3.99759e+00
8.14847e+00	4.77878e-01	4.90548e+00	-4.91997e+00
9.77565e+00	-1.94484e+00	1.07442e+00	3.17829e+00
7.80282e+00	-1.76294e-01	9.60911e+00	-2.62197e+00
9.73087e+00	-4.81656e+00	3.86940e+00	-9.39142e-01
8.28391e+00	-1.98741e+00	1.06940e+00	-1.86489e+00
9.45105e+00	-3.24190e+00	9.93158e+00	-9.13736e-01
