# No. of particles = 100 
# Proton - Solar wind	Electron - Solar wind	
3.73515e+00	-2.17320e+00	5.13521e+00	-3.42830e+00
8.26216e+00	-4.42279e+00	5.05608e+00	-4.65961e+00
7.63071e+00	-1.70088e+00	4.97794e+00	-2.71371e+00
9.64627e+00	-2.71240e+00	8.55042e+00	2.47994e+00
8.28531e+00	-3.88808e+00	1.54931e+00	1.33855e+00
4.61764e+00	-3.14700e+00	2.46496e-01	3.40492e+00
6.96178e+00	-4.13870e+00	9.02300e+00	2.40205e+00
8.75315e+00	-4.15446e+00	8.63360e+00	-4.02486e+00
7.49818e+00	-3.61721e+00	2.62151e+00	-4.61365e+00
6.74247e+00	-2.30504e+00	9.97491e+00	4.15968e+00
7.54029e+00	-2.86400e+00	6.08468e+00	4.96306e+00
7.59204e+00	-4.25344e+00	8.02652e+00	3.30091e+00
4.80785e+00	-3.17463e+00	4.93465e+00	-4.90940e+00
7.28314e+00	-1.42417e+00	6.81559e+00	3.75357e+00
6.16288e+00	-2.11704e+00	5.09395e+00	1.09480e+00
7.77031e+00	-7.57181e-01	3.27908e+00	3.39932e-01
7.19440e+00	2.52673e+00	6.35402e+00	4.49833e-01
7.13653e+00	-9.82226e-01	9.25851e+00	-3.24113e+00
6.05222e+00	-1.54563e+00	7.33882e+00	-2.73896e+00
6.64393e+00	-1.13035e+00	9.51937e-01	-8.69538e-01
7.12847e+00	-6.80890e-01	6.90759e+00	2.30926e+00
5.16850e+00	1.42272e-01	7.95327e+00	-3.14149e+00
7.51874e+00	4.08994e-01	4.57835e+00	-1.21994e+00
8.73713e+00	1.38788e+00	6.84078e+00	-2.33489e+00
6.76629e+00	1.19240e+00	8.70483e+00	1.19360e+00
5.06465e+00	-1.01375e+00	4.97554e+00	3.15436e+00
7.99680e+00	2.60122e+00	4.16004e+00	4.51659e+00
9.90399e+00	4.93092e+00	4.34484e-01	2.89201e+00
8.74254e+00	4.40338e+00	5.79174e+00	-1.54421e+00
3.14502e+00	2.74902e+00	9.82059e+00	-2.75643e+00
7.21642e+00	4.85811e+00	7.18812e+00	3.93477e+00
7.57169e+00	4.05173e+00	8.35428e+00	4.13825e+00
6.03789e+00	3.02014e+00	6.05496e+00	-8.61825e-01
7.67028e+00	4.32916e+00	9.90267e+00	-2.74031e+00
8.80191e+00	4.35994e+00	8.04641e+00	-2.40240e+00
4.77288e+00	1.66715e+00	5.45190e+00	-3.42351e+00
6.52118e+00	-2.47615e+00	5.96223e+00	2.54366e+00
8.29226e+00	-4.26460e+00	9.14221e+00	-6.32610e-03
6.85779e+00	-4.75452e+00	6.92107e-01	3.66326e+00
7.21226e+00	-3.75014e+00	9.64486e+00	-7.17058e-01
7.90780e+00	-1.84137e+00	3.08818e-01	2.58563e+00
6.60743e+00	-4.50952e+00	3.60503e+00	-1.36882e+00
6.78229e+00	-3.76196e+00	7.70948e+00	-1.45272e+00
6.88786e+00	-2.06371e+00	7.27468e+00	-1.72679e+00
8.44806e+00	2.91007e-01	6.18839e+00	1.00625e+00
9.73967e+00	-4.49687e+00	7.95065e+00	8.07512e-01
6.57285e+00	-1.05546e+00	4.78189e+00	-2.87600e+00
6.99874e+00	-3.06820e+00	5.06382e+00	-3.37661e+00
6.42623e+00	-2.73636e+00	3.13551e+00	4.05189e+00
7.71985e+00	-1.60354e+00	3.88670e+00	4.23280e+00
6.20334e+00	-1.39067e+00	7.38303e+00	-3.16183e+00
6.69103e+00	-9.34464e-01	6.76289e+00	-4.46941e+00
6.07582e+00	-1.86780e+00	9.38439e+00	-2.12144e-01
8.24819e+00	2.74771e+00	6.48990e+00	2.20934e+00
7.20795e+00	-1.87602e+00	6.60671e+00	2.29390e+00
6.72723e+00	-2.38036e-01	1.30729e+00	-3.08843e+00
6.65414e+00	-2.87206e+00	5.51709e+00	-6.95691e-01
8.13826e+00	-7.97180e-01	8.32721e+00	-7.25605e-01
6.98363e+00	6.71697e-01	5.34233e+00	-3.46247e+00
7.13341e+00	-4.90506e-01	5.33302e+00	4.42753e+00
6.76309e+00	9.85958e-01	9.11449e-01	1.27091e-01
7.86980e+00	-2.56945e+00	1.35833e-01	1.54139e+00
8.39163e+00	-6.56456e-01	6.30395e+00	-4.09900e+00
5.70715e+00	-2.30007e+00	6.68416e+00	-2.94914e+00
4.96837e+00	3.55149e+00	6.61327e+00	8.93329e-01
9.08713e+00	-2.88967e+00	7.25735e+00	1.41715e+00
7.11635e+00	9.55446e-01	6.53660e+00	-2.65880e+00
6.85160e+00	4.64355e-01	5.76885e+00	-6.33347e-01
5.43488e+00	4.09258e+00	3.54251e+00	1.92010e+00
5.83931e+00	-1.12729e+00	1.78540e-03	-7.61252e-01
6.99589e+00	1.00183e+00	5.66485e+00	-3.06051e+00
8.12805e+00	4.16864e+00	5.37580e+00	-3.56839e+00
6.42719e+00	1.16385e+00	3.86581e+00	2.13322e+00
7.19057e+00	3.58033e+00	4.28108e+00	-3.47054e+00
7.44323e+00	3.99343e+00	5.37737e+00	3.72751e+00
7.03883e+00	1.83413e+00	7.48971e+00	2.48236e+00
7.08178e+00	2.20640e+00	8.41688e+00	4.21029e-01
5.68540e+00	1.17145e+00	2.87909e+00	-2.38504e+00
7.45075e+00	3.53658e+00	5.46655e+00	1.60925e+00
6.15001e+00	1.26085e+00	3.91490e+00	-1.49807e+00
7.68499e+00	2.41238e+00	2.13833e+00	-7.11273e-01
6.95854e+00	3.69932e+00	2.55124e-01	5.06839e-01
7.60832e+00	2.38670e+00	9.39822e+00	-4.18620e+00
7.06972e+00	3.30194e+00	6.30511e-01	6.01918e-01
8.73196e+00	3.51994e+00	7.27016e+00	2.54681e+00
7.34355e+00	3.86848e+00	9.88150e+00	1.59805e+00
9.37125e+00	4.53186e+00	6.89113e+00	2.72630e+00
5.15507e+00	3.60820e+00	6.32292e+00	1.92189e+00
9.29487e+00	4.99194e-01	7.28154e+00	-8.63600e-01
7.50022e+00	-1.62719e+00	8.93320e-01	-4.32415e+00
9.48926e+00	-2.91307e+00	7.78240e+00	1.21887e+00
8.46157e+00	-4.19165e+00	7.38096e+00	3.10336e+00
6.62404e+00	-1.86817e+00	5.96017e+00	-1.48933e+00
8.74334e+00	-4.24952e+00	4.37951e-01	3.16058e+00
7.55923e+00	-2.28227e+00	6.51245e+00	-2.74811e+00
7.10773e+00	-3.42632e+00	3.92452e-01	8.68087e-01
7.67949e+00	-2.12796e+00	3.40242e+00	-6.98465e-01
7.17975e+00	-4.15976e+00	6.82287e+00	-3.24820e+00
7.50737e+00	-1.82637e+00	1.34760e+00	3.27295e+00
7.29674e+00	-4.50980e+00	1.01110e+00	1.80013e+00
