# No. of particles = 100 
# Proton - Solar wind	Electron - Solar wind	
1.24727e+00	-4.61524e+00	2.03356e+00	-6.36432e-01
5.15375e-01	-2.36160e+00	6.63146e+00	-2.01249e+00
1.77345e-01	3.91298e+00	8.23135e+00	1.73156e+00
1.86904e-01	4.05970e+00	3.04124e+00	2.82449e+00
9.79958e+00	-4.98524e+00	5.65932e+00	-4.47201e+00
3.72925e-01	4.98308e+00	6.47766e+00	3.08923e+00
1.87855e+00	4.92388e+00	7.94636e-01	-4.81936e+00
1.13528e-01	-2.51188e+00	1.58313e+00	-2.75585e+00
5.40096e-02	6.80845e-01	4.79608e+00	-2.49639e+00
7.64152e+00	-2.67041e+00	1.80530e+00	-2.23606e-01
8.34471e+00	-1.00948e+00	7.07327e+00	1.53532e+00
8.83716e+00	-5.96308e-01	1.91896e+00	7.85532e-01
9.20655e+00	-1.40943e-01	8.29559e+00	-3.89615e+00
9.37625e+00	-1.48730e+00	4.81232e+00	1.06160e+00
8.81567e+00	2.23611e+00	5.04295e+00	-2.73710e+00
7.74055e+00	-3.22665e+00	5.58897e+00	-1.77636e+00
9.11320e+00	3.91495e+00	6.96366e+00	5.15735e-01
9.38867e+00	-3.60815e+00	7.78254e+00	4.48705e+00
7.74172e+00	1.45759e+00	1.45438e+00	3.23359e+00
5.29560e+00	-2.22253e+00	6.25590e+00	2.33449e+00
8.94009e+00	3.09643e+00	8.84561e+00	2.16572e+00
7.45895e+00	-9.81022e-01	5.29404e+00	-9.21668e-01
7.58993e+00	3.21737e+00	1.43724e-01	-4.81242e+00
9.72307e+00	-3.75155e+00	9.69943e+00	1.18902e+00
8.51714e+00	1.68956e+00	2.03204e+00	7.91323e-01
8.22388e+00	4.39758e+00	7.40945e+00	-3.59387e+00
9.47281e+00	2.00960e+00	8.22358e+00	-1.24213e+00
8.92321e+00	5.31052e-01	9.17425e+00	-4.40705e+00
9.71775e+00	2.97179e-01	8.04263e-01	-4.98172e+00
8.29109e+00	7.72764e-01	9.81500e+00	-3.24820e+00
5.43820e+00	-3.82295e+00	6.90268e+00	4.53149e+00
8.53895e+00	-3.10173e+00	8.44230e+00	3.49168e-01
6.32889e+00	-3.12092e+00	9.28936e+00	5.04500e-02
6.30597e+00	-6.37925e-01	9.22031e+00	-2.26298e+00
8.24347e+00	-1.95878e+00	1.70587e+00	-3.63718e+00
9.20224e+00	3.32309e+00	9.77968e+00	-2.58566e+00
9.57005e+00	-1.27547e+00	7.87465e+00	2.36172e+00
9.10721e+00	1.91283e-01	4.34772e+00	1.70020e+00
7.02028e+00	-3.05403e+00	9.91704e+00	-6.29410e-01
8.80816e+00	-1.45839e-01	9.77840e+00	1.92853e+00
8.81433e+00	2.10830e+00	5.71814e+00	-1.53277e+00
8.41656e+00	2.11608e+00	7.40307e+00	4.80877e+00
9.77917e+00	-1.65996e+00	6.00207e+00	2.75113e+00
9.79469e+00	3.33878e+00	8.72322e+00	-4.41008e+00
7.79837e+00	-1.31165e+00	4.00979e+00	4.38122e+00
5.78779e+00	1.94573e-01	5.24147e+00	-3.59906e+00
8.34568e+00	2.25309e+00	9.46681e+00	1.65434e-01
8.22124e+00	1.93638e+00	3.41221e+00	2.70848e+00
7.46724e+00	1.05033e+00	9.53892e+00	2.58589e+00
6.05438e+00	-1.69949e+00	8.29812e+00	-3.76539e+00
7.76721e+00	1.61674e+00	7.95241e+00	-2.03727e+00
9.64616e+00	-4.38858e+00	9.94888e+00	-3.06443e+00
8.99248e+00	-2.93389e+00	8.55152e+00	-4.39978e+00
9.38350e+00	3.34895e+00	5.30640e+00	4.47391e+00
8.33610e+00	3.49309e-01	6.71813e+00	1.28802e-02
6.83582e+00	-5.02993e-01	6.94863e+00	2.29281e+00
9.27661e+00	2.43154e+00	1.16915e+00	-4.95518e+00
9.41187e+00	-4.18118e+00	9.10201e+00	7.92547e-01
7.16411e+00	-3.66987e+00	1.10626e+00	-8.93767e-01
9.44415e+00	3.74861e+00	2.52875e+00	-3.43879e-01
9.37655e+00	4.49427e-01	6.28609e+00	2.90691e+00
7.96708e+00	1.92796e+00	7.17343e+00	-1.21948e+00
7.21679e+00	-4.72825e-01	8.77361e+00	-4.77629e+00
9.50478e+00	-2.20898e+00	7.62383e+00	1.06555e+00
6.57585e+00	-4.46662e+00	5.97546e+00	-3.52838e+00
8.19936e+00	3.87328e-01	7.02255e+00	5.25331e-01
5.94367e+00	-4.38657e-01	8.07604e+00	1.37492e+00
6.25001e+00	-2.03174e+00	8.14081e-01	-2.69853e+00
9.61742e+00	-1.45418e+00	6.38876e+00	-3.72802e+00
8.10231e+00	-7.18959e-01	8.50097e-02	4.30076e+00
6.82925e+00	-3.34134e+00	5.45968e+00	-2.46811e+00
9.35790e+00	4.73479e+00	2.18812e+00	-4.55396e+00
8.47201e+00	-3.44529e-01	5.14365e+00	-3.37190e+00
5.19986e+00	8.60946e-01	8.43878e+00	-3.42135e+00
6.97949e+00	2.04426e+00	2.70110e+00	1.44106e-01
7.84305e+00	1.32099e+00	2.99031e+00	3.95544e+00
6.80704e+00	2.82472e+00	6.87061e+00	-1.20125e+00
9.14419e+00	-3.65363e+00	8.42959e+00	3.25494e+00
8.57110e+00	-5.43460e-01	7.70305e+00	-3.47353e+00
6.57595e+00	-3.93516e+00	5.30851e-01	7.90996e-01
9.16768e+00	1.78435e+00	5.27498e+00	1.81442e+00
8.50485e+00	-2.53064e+00	7.79849e+00	-1.34190e+00
8.80848e+00	-1.92301e+00	4.70329e+00	-4.48209e-01
8.54789e+00	3.77383e+00	7.91424e+00	-3.53979e+00
9.65437e+00	-3.82195e+00	3.56772e+00	-2.83020e+00
9.91123e+00	1.89759e+00	6.17291e+00	-4.36534e+00
8.26619e+00	-4.86581e-01	4.51893e+00	4.92514e+00
5.95301e+00	-1.40777e+00	8.33521e+00	4.53727e-01
7.53993e+00	-6.34917e-01	7.94270e+00	-2.14808e+00
9.25468e+00	-1.03902e+00	1.86401e+00	-4.82800e+00
9.70160e+00	-4.32830e-01	9.10881e+00	1.46838e-02
8.49746e+00	-2.59598e+00	1.61130e+00	-4.44025e-01
8.69132e+00	-5.58428e-01	4.43683e+00	8.23546e-01
7.84815e+00	3.99584e+00	7.38041e+00	-1.50730e+00
9.50680e+00	-4.85699e+00	7.01620e+00	3.97736e+00
6.56125e+00	3.11832e-01	5.40780e+00	-1.24810e+00
9.77058e+00	3.59996e-01	8.52111e+00	-3.82912e+00
8.02712e+00	-2.76831e+00	2.70416e-01	-8.37583e-01
5.28914e+00	-1.98410e+00	5.96227e+00	4.95181e+00
8.59099e+00	1.28444e+00	2.95174e+00	-1.71330e+00
