# No. of particles = 100 
# Proton - Solar wind	Electron - Solar wind	
1.39733e-01	-6.76927e-01	1.95350e+00	4.40601e-01
7.42302e-01	5.65993e-01	7.34875e-02	-8.92396e-01
6.92481e-01	-4.37035e-01	1.65228e-01	-6.80097e-01
6.37803e-01	6.88715e-01	4.72874e-01	-3.49596e-01
1.34062e+00	-1.21187e-01	1.08484e-01	6.02420e-01
1.52621e-01	1.13389e-01	1.32557e+00	5.51896e-01
1.39827e+00	3.43718e-02	1.38860e+00	-3.04353e-01
1.25985e+00	6.95407e-01	9.30707e-01	3.75730e-01
2.16259e-02	-4.25170e-01	1.14244e+00	-4.60138e-01
4.18278e-01	1.90342e-01	1.22310e+00	4.36826e-01
1.26390e+00	7.79621e-01	9.42871e-01	-9.22823e-01
4.61418e-01	-4.12175e-01	1.71673e+00	6.20419e-01
9.66090e-01	-3.96564e-01	1.90193e+00	-4.16718e-02
1.20521e+00	2.98431e-01	4.19934e-01	3.66852e-01
1.44667e-01	-9.67363e-01	1.29855e+00	-3.08256e-01
3.56602e-01	1.92760e-01	1.86201e-02	-9.90307e-01
8.33266e-02	2.52923e-01	2.88797e-02	-9.27632e-01
1.69812e+00	3.03940e-01	1.29887e+00	-6.52367e-01
5.25275e-01	-2.14566e-01	7.58880e-01	1.63041e-01
8.36465e-01	5.94831e-01	9.03376e-01	3.47262e-01
4.97666e-01	-2.10257e-01	8.89051e-01	-3.19587e-01
1.03542e+00	4.59154e-01	3.01135e-01	6.61300e-01
2.48640e-01	-6.84103e-02	7.81473e-01	-5.37821e-01
2.30300e-01	2.06216e-01	1.09911e-01	-4.77431e-01
7.30665e-01	-6.74621e-01	3.71226e-01	-1.08605e-01
5.45860e-01	5.83480e-01	4.50816e-01	3.22977e-01
1.82976e-01	7.50770e-01	1.74154e-01	-7.14558e-01
1.85371e+00	6.57739e-01	1.89597e+00	-1.01745e-01
1.17286e+00	-4.96459e-01	3.21901e-01	3.49024e-01
4.38640e-01	-5.21966e-01	8.03551e-02	-9.59606e-01
2.39403e-01	-7.42392e-01	9.01429e-01	-1.86395e-02
6.98141e-02	-5.66312e-01	5.15453e-01	3.37475e-01
6.50282e-01	1.12999e-01	6.46709e-01	-3.30352e-01
1.46649e+00	-5.52563e-01	1.40514e+00	-2.02037e-01
1.08046e-01	-5.91981e-01	5.12543e-01	-1.56049e-02
1.97034e+00	4.41779e-01	1.32378e+00	-6.91578e-01
1.84630e+00	-5.10060e-01	4.57910e-02	-9.46814e-01
6.46803e-01	9.97046e-01	1.04806e+00	-6.02331e-01
1.40210e-01	-4.92513e-01	4.00048e-02	-4.15189e-01
1.47137e+00	9.40929e-01	3.10583e-01	-8.02755e-01
3.15404e-02	-9.56288e-01	7.35479e-01	-7.48449e-01
6.83418e-01	-2.79780e-01	2.61126e-02	-5.77613e-01
5.42306e-01	-7.92481e-02	1.95487e+00	-4.84847e-01
5.04458e-01	9.36583e-01	1.63880e+00	8.93414e-01
1.82411e-01	-4.43101e-01	7.44924e-01	-9.80541e-01
8.10620e-01	-4.74217e-01	1.89393e+00	6.97590e-01
1.32371e+00	-3.07449e-02	1.25406e+00	8.08786e-01
1.28584e+00	6.09065e-01	7.00374e-01	-1.38895e-02
1.02847e+00	1.53566e-01	1.50251e+00	9.25420e-01
4.20786e-02	-9.84117e-01	1.64184e-03	-7.87763e-01
1.47634e+00	-9.90062e-01	1.10184e+00	-4.42549e-01
1.34489e+00	-9.23739e-02	7.56464e-01	8.36169e-02
1.77197e+00	8.65177e-01	9.47511e-01	-4.36572e-01
1.21313e+00	8.22978e-01	1.39857e-01	-4.98767e-01
1.29897e+00	5.48442e-01	1.47812e+00	4.97129e-01
1.28143e+00	5.22928e-01	2.55717e-01	2.81154e-01
2.24698e-02	-4.89399e-01	1.91611e-03	-9.79160e-01
2.13099e-01	-9.21485e-01	1.80830e-01	-4.21108e-01
2.61015e-01	-4.49159e-01	1.65260e+00	-7.85255e-01
1.13585e+00	2.50955e-01	1.43859e+00	-7.50916e-01
1.31586e-01	-6.92316e-01	8.38786e-01	6.67213e-01
1.31906e+00	4.61849e-01	1.08182e+00	-6.63987e-01
1.71151e+00	-8.09663e-01	1.27390e+00	3.46295e-01
1.80884e-01	-7.62920e-01	6.89425e-01	-3.29986e-02
1.79420e+00	-5.53814e-01	3.66961e-01	6.63642e-01
2.17771e-01	-8.66994e-01	5.48994e-01	-7.26096e-01
9.83523e-02	-8.44299e-01	5.80400e-01	-8.15573e-01
4.16164e-01	-1.96562e-01	1.81278e+00	-3.67378e-01
6.75132e-01	1.98812e-01	1.74952e+00	3.76008e-01
3.63026e-01	-4.97540e-01	1.53007e+00	7.78510e-01
6.10777e-01	7.52955e-01	9.64021e-01	4.54257e-01
1.91271e+00	5.46233e-02	3.50929e-01	1.08857e-01
1.06299e-01	-3.08370e-01	4.74454e-01	-4.83075e-01
1.03172e+00	-3.53517e-01	6.63437e-01	3.61055e-01
4.61042e-01	-6.27320e-01	1.08555e+00	5.66269e-01
1.85586e+00	7.29543e-01	4.05628e-01	-6.53275e-01
1.02847e+00	3.46233e-01	1.73095e+00	-9.74859e-01
6.74622e-01	-3.64148e-01	4.52996e-01	1.14676e-03
1.84539e+00	7.72044e-01	7.68194e-02	-9.06439e-01
1.25370e+00	6.13345e-01	2.69811e-01	1.29545e-01
4.60987e-01	-1.53549e-01	7.16005e-01	-5.96176e-01
1.58107e+00	1.86790e-01	1.09184e+00	4.73891e-01
7.79406e-01	-1.54803e-01	8.37208e-01	-7.66865e-01
1.62722e-01	-8.43097e-01	6.77965e-02	-4.90661e-02
5.93665e-01	1.99339e-01	1.88165e-01	-4.93578e-01
1.95444e-01	-1.50413e-01	1.74474e+00	6.16741e-01
2.65364e-01	-5.80925e-01	7.50368e-01	2.34344e-01
1.91842e+00	-8.07667e-01	2.43832e-01	7.36207e-01
1.35357e+00	7.36595e-02	8.42778e-02	-8.45423e-01
1.96642e+00	8.45674e-01	1.09515e+00	7.24383e-01
1.00391e-01	-7.84287e-01	1.88750e+00	8.37459e-01
9.40254e-01	9.12377e-01	1.31956e+00	2.97709e-01
4.69967e-01	-1.00709e-01	2.72055e-01	-8.44423e-02
1.49154e+00	8.29151e-01	2.65314e-01	-3.27781e-02
4.09085e-01	4.38451e-01	1.94496e+00	8.80203e-01
6.60938e-01	7.43423e-01	4.93475e-01	-5.35711e-01
1.16504e+00	-1.68644e-01	1.88309e+00	-4.04527e-01
6.90810e-01	-8.40393e-01	4.76340e-01	7.23921e-01
1.22356e+00	4.47737e-01	1.20655e+00	3.91091e-01
6.70941e-01	-3.73762e-02	1.20371e+00	3.68444e-01
