# No. of particles = 100 
# Proton - Solar wind	Electron - Solar wind	
7.12712e-01	-1.89700e+00	9.78908e-01	-2.34205e+00
8.35923e-01	-2.38981e+00	1.40029e+00	2.07004e+00
9.08819e-01	-2.39150e+00	2.31234e+00	1.75425e+00
6.18873e-01	-2.33923e+00	1.78774e+00	-1.09304e+00
1.18373e+00	-2.33615e+00	2.82614e-01	-1.29759e+00
8.43527e-01	-2.22726e+00	1.64066e+00	1.71385e+00
8.94077e-01	-2.35557e+00	1.10585e-01	-2.32657e+00
1.18200e+00	-2.32865e+00	1.02463e-01	-5.35906e-01
2.06956e+00	-2.32924e+00	8.01729e-01	-1.04863e+00
2.38797e+00	-2.10669e+00	2.64518e-01	-1.80345e+00
2.76258e-01	-2.25885e+00	6.91668e-01	-9.88709e-01
5.71528e-01	-1.85706e+00	2.74910e-01	-1.85665e+00
7.89224e-01	-2.14156e+00	1.27905e+00	2.19004e+00
6.38850e-01	-1.88798e+00	2.20198e-02	1.15236e+00
8.99533e-01	-1.84367e+00	8.71382e-02	1.72412e+00
1.22086e+00	-1.92924e+00	1.29910e+00	-1.69864e+00
1.07469e+00	-1.86112e+00	1.23667e+00	1.87512e+00
8.06048e-01	-1.97438e+00	5.02102e-01	-2.28812e+00
5.44744e-01	-1.82909e+00	9.22158e-01	1.15300e+00
1.01870e+00	-1.63777e+00	3.18080e-01	-9.74628e-01
8.67843e-01	-1.51207e+00	2.38114e-01	-2.23801e+00
8.22667e-01	-1.62076e+00	1.49149e-01	-2.36676e+00
4.88462e-01	-1.06479e+00	8.35653e-01	5.42305e-01
8.34876e-01	-1.53676e+00	8.18204e-02	-8.44246e-01
6.19581e-01	-1.88165e+00	1.29346e-02	-2.49963e+00
8.48882e-01	-1.92152e+00	3.43495e-01	-2.21725e+00
1.12416e+00	-1.52568e+00	1.83361e+00	-1.48486e+00
9.36811e-01	-1.97769e+00	9.06628e-01	-1.70084e+00
1.01136e+00	-9.55339e-01	2.34636e+00	4.32088e-01
8.64372e-01	-1.44901e+00	3.56130e-01	-8.25621e-01
7.04154e-01	-1.41326e+00	6.99559e-01	-3.94329e-01
9.02931e-01	-1.30993e+00	6.16782e-01	-2.43933e+00
9.24130e-01	-1.45239e+00	1.25834e-01	-2.24152e+00
7.75072e-01	-1.24191e+00	3.27068e-01	7.97205e-01
9.89962e-01	-2.03392e+00	2.04448e-01	8.35906e-01
8.40530e-01	-1.55222e+00	1.10353e+00	5.04567e-01
9.45061e-01	-1.20297e+00	4.77620e-01	-1.85592e+00
8.08704e-01	-1.16943e+00	6.21658e-02	-2.38395e+00
9.28180e-01	-6.83686e-01	6.55431e-01	-1.72980e+00
8.92448e-01	-8.30516e-01	2.88331e-01	7.42598e-01
9.82431e-01	-8.87934e-01	1.17428e+00	-1.52955e+00
7.89273e-01	-5.54931e-01	5.01519e-01	1.93110e+00
8.02219e-01	-6.37527e-01	1.03839e-01	-2.19774e+00
1.07486e+00	-4.87565e-01	3.44323e-01	-2.43364e+00
8.15013e-01	-9.15326e-01	1.79956e+00	-1.73238e+00
9.91159e-01	-3.98670e-01	6.36152e-02	9.39950e-01
9.42408e-01	-7.72594e-01	1.38131e+00	-1.35363e+00
7.28313e-01	-1.01408e+00	1.68643e-01	-1.55105e+00
8.32358e-01	-8.43110e-01	1.60325e+00	1.81774e+00
8.56540e-01	-1.23957e+00	2.55585e-01	-1.44346e+00
1.11090e+00	-7.20834e-01	1.48471e+00	-2.16736e+00
1.32845e+00	-2.76124e-01	5.42969e-01	-3.20051e-02
7.64176e-01	1.73482e-02	6.59872e-01	2.07745e+00
1.40879e+00	-5.14605e-02	3.38833e-02	-2.21725e+00
1.05755e+00	-2.61149e-01	6.92009e-01	5.21931e-01
1.33400e+00	-2.16943e-01	2.48914e+00	9.31467e-03
1.20185e+00	-4.27287e-01	1.40020e-01	-1.55588e+00
8.60735e-01	-1.42373e-01	8.17288e-01	-2.31745e+00
8.86587e-01	-5.36327e-02	6.42767e-01	-5.79847e-01
3.96192e-01	-2.31949e-01	6.07152e-02	-2.14688e+00
6.43218e-01	-2.02616e-01	1.63426e+00	-6.47895e-01
1.09188e+00	-1.25454e-01	1.02846e+00	-1.01069e+00
8.03245e-01	-4.99702e-01	1.09819e-01	-6.24385e-01
9.10177e-01	-2.32967e-01	2.30297e+00	7.99101e-02
6.64640e-01	-1.20869e-01	9.81530e-01	1.16817e+00
9.63719e-01	8.11225e-02	2.80357e-02	-4.59796e-02
1.04844e+00	-1.24255e-02	1.58716e+00	-9.00946e-01
1.06295e+00	-4.76496e-01	2.22955e+00	2.04459e+00
8.05984e-01	-1.94132e-01	1.52162e+00	-1.31910e+00
7.99885e-01	3.10230e-01	4.49109e-01	-2.06579e+00
1.36609e+00	1.08713e-01	1.69923e+00	-2.37763e+00
6.90491e-01	9.02541e-01	1.87839e+00	-9.77995e-01
8.54143e-01	5.39123e-01	9.13368e-01	-2.00461e+00
8.75310e-01	3.92252e-01	1.07900e+00	1.65563e+00
1.09455e+00	1.24486e-01	2.09113e+00	-2.36833e-02
8.90717e-01	1.77271e-01	2.33183e+00	1.36379e+00
1.11790e+00	8.45983e-01	1.04267e-01	-2.46144e+00
1.28262e+00	6.02303e-01	9.55749e-02	-8.13283e-01
8.54048e-01	8.59563e-01	8.65440e-01	8.52867e-01
9.08552e-01	7.50900e-01	6.06244e-03	-2.32984e+00
9.12300e-01	9.58391e-01	8.47436e-01	1.17550e+00
6.28120e-01	1.00127e+00	1.67169e+00	8.46525e-01
1.27991e+00	3.06558e-01	3.81630e-01	-2.46881e+00
4.62222e-01	5.63498e-01	2.07452e+00	8.55904e-01
8.90271e-01	1.13073e+00	6.50448e-01	-8.02599e-01
9.06077e-01	1.86749e+00	1.62269e+00	-2.09063e+00
9.96847e-01	9.45428e-01	2.23511e+00	1.82905e-02
9.02841e-01	1.32669e+00	7.80965e-01	-2.13013e+00
8.54313e-01	1.32879e+00	4.81714e-01	-1.75174e+00
1.17708e+00	1.42421e+00	2.06874e+00	4.35925e-01
7.90438e-01	1.63446e+00	2.41052e+00	-6.07407e-02
6.01909e-01	1.23536e+00	1.76213e+00	7.54661e-02
7.29206e-01	1.51684e+00	6.27206e-01	-1.91208e-01
9.47074e-01	1.99407e+00	5.59257e-01	1.51427e-01
9.06675e-01	1.82906e+00	1.27488e-01	-1.38505e+00
8.53197e-01	2.14224e+00	2.12576e-02	3.86376e-01
1.11979e+00	2.09341e+00	2.14305e-01	1.68816e+00
9.61688e-01	2.16991e+00	3.25210e-01	-2.04002e+00
8.27846e-01	2.00172e+00	4.85823e-01	-2.00114e-01
8.79203e-01	2.15743e+00	1.42488e+00	1.19439e+00
