# No. of particles = 100 
# Proton - Solar wind	Electron - Solar wind	
5.71899e-01	-2.15791e+00	5.68209e-01	-2.38483e+00
1.31354e+00	-2.33730e+00	8.09812e-02	-2.41273e+00
1.08042e+00	-2.43461e+00	8.63456e-01	-1.94460e+00
1.73831e+00	-1.59872e+00	1.90127e+00	2.90233e-01
8.98013e-01	-2.47786e+00	1.38469e-01	-2.42052e+00
2.14077e+00	-2.33312e+00	1.19572e+00	-2.49761e+00
2.09863e+00	-1.82675e+00	1.02032e+00	-9.69738e-01
2.29760e+00	-2.66904e-01	9.97225e-01	-1.37306e+00
2.78122e-02	-2.33184e+00	2.16013e-01	-2.06044e+00
6.44943e-01	-2.33414e+00	3.07858e-01	-2.47792e+00
1.74248e+00	-2.26332e+00	5.60294e-01	-1.09060e+00
4.18296e-01	-2.24007e+00	2.15729e-01	-2.41503e+00
1.59487e+00	-1.17518e+00	1.19572e-01	-2.27243e+00
1.03352e+00	-2.49078e+00	1.57081e+00	-1.53856e+00
1.26988e+00	-2.24431e+00	1.32893e+00	2.16250e+00
5.74401e-01	-2.27409e+00	2.30287e+00	6.53835e-01
2.46135e+00	-2.20640e+00	4.54444e-01	-9.86622e-01
2.05845e+00	-2.38242e+00	2.34899e+00	1.07153e+00
8.87310e-01	-2.23201e+00	1.52573e+00	-3.48333e-01
9.45900e-01	-6.73606e-01	5.32205e-01	2.97686e-02
1.20602e+00	-2.41904e+00	1.70420e+00	3.49269e-01
2.11878e+00	-2.10540e+00	1.05925e+00	-1.62997e+00
1.51727e+00	-1.60825e+00	8.51941e-01	-2.18833e+00
9.19582e-01	-2.02526e+00	1.57345e+00	-6.13066e-01
1.35905e+00	-2.27560e+00	1.39267e+00	-1.07054e-02
3.52644e-01	-2.35807e+00	1.47613e-02	-2.34363e+00
1.55554e+00	-1.54264e+00	2.69085e-01	-8.53228e-02
6.01656e-01	-2.30358e+00	2.47810e+00	-1.63144e+00
1.83046e+00	-2.43324e+00	2.97146e-02	-2.08354e+00
1.79146e+00	-2.36318e+00	1.25214e+00	-8.54066e-02
1.99332e-01	-2.48544e+00	1.75591e-01	-1.49674e+00
9.24778e-01	9.54025e-01	1.13455e-01	-7.40950e-01
1.58623e+00	-4.27066e-01	4.65019e-01	-1.95666e+00
5.03729e-02	-2.48800e+00	1.67052e+00	-1.36538e+00
1.47115e+00	-2.22953e+00	7.48707e-01	-1.79336e+00
9.71340e-02	-2.23309e+00	1.85758e+00	-4.34298e-01
2.33209e+00	-2.37502e+00	2.34689e+00	-2.23079e+00
1.59792e+00	-2.13636e+00	1.10042e+00	-2.33804e+00
2.00529e+00	-2.39055e+00	3.37381e-01	-1.90821e+00
1.07655e+00	-1.67203e+00	1.65401e+00	-1.55539e+00
1.60037e+00	-2.28899e+00	1.14574e+00	1.96638e+00
2.03365e+00	-2.30350e+00	1.87681e+00	-1.97250e+00
9.84497e-01	-2.48785e+00	1.55294e+00	9.64976e-02
2.30462e-01	-2.21938e+00	2.00328e+00	5.26545e-01
5.59384e-01	4.23643e-01	2.37632e+00	-2.34284e+00
1.61735e+00	-1.98167e+00	1.20027e+00	-2.70833e-01
9.97239e-01	1.68193e+00	1.49484e+00	-1.12656e+00
1.16702e+00	8.95491e-01	1.76803e+00	-1.70714e+00
2.46390e+00	-2.16802e+00	1.76251e+00	-2.44865e+00
9.49807e-01	-2.19747e+00	1.03772e+00	-1.09044e+00
1.85753e+00	1.04470e+00	1.85656e+00	-2.18815e+00
1.28270e+00	5.46994e-01	5.79481e-02	-1.65161e+00
1.65548e+00	-2.46679e+00	1.61475e+00	8.53273e-01
9.27325e-01	-2.46715e+00	1.67611e+00	2.53296e-01
2.32461e+00	-2.33900e+00	3.96368e-01	-2.31046e+00
6.37980e-01	-1.30894e+00	3.68737e-01	-2.49634e+00
8.98882e-01	-1.50168e+00	2.54032e-01	-7.00055e-01
6.34954e-01	-9.10564e-01	1.94976e-01	-1.73050e+00
7.44850e-01	-2.37254e+00	4.05665e-01	-2.34035e+00
1.72885e-01	-2.36928e+00	3.19070e-01	-1.16814e+00
1.66834e+00	-1.66359e+00	8.43121e-01	-1.16672e+00
7.14494e-01	5.06823e-01	7.74127e-01	-1.72863e+00
7.19497e-01	-2.22023e+00	1.86763e+00	1.96436e+00
1.45816e+00	-9.74818e-01	2.10828e+00	-4.90356e-01
7.64408e-01	-2.41241e+00	2.43278e+00	1.55144e-01
1.15714e+00	3.50964e-02	1.99486e+00	-2.40469e-01
4.86978e-01	1.68239e-01	1.47920e+00	6.82951e-01
2.08957e-01	2.15671e-01	1.00964e+00	1.21842e+00
2.16774e-01	-2.21793e+00	9.23389e-02	-2.07577e+00
1.72562e+00	-1.84887e+00	7.71902e-01	-7.50197e-01
1.05315e+00	-4.42170e-01	8.95320e-02	-1.68990e+00
2.38544e-01	-2.40689e+00	4.33875e-01	3.37851e-01
1.54939e+00	5.69679e-01	1.80375e+00	3.48092e-01
2.59204e-01	-2.47548e+00	7.45308e-01	1.20370e+00
1.98716e+00	-2.39882e+00	4.01438e-01	2.15914e+00
6.03292e-02	4.44708e-01	1.56918e+00	-1.76783e+00
3.53919e-01	-2.31219e+00	1.90087e+00	-1.39848e+00
1.52716e+00	7.81005e-01	1.22738e+00	1.84322e+00
1.28346e+00	-2.31076e+00	8.00135e-01	-7.30822e-01
1.68081e+00	1.82132e+00	2.31593e+00	2.31554e+00
1.93091e+00	-3.77347e-01	7.60600e-01	1.52475e+00
2.32226e+00	1.25492e+00	1.51411e+00	-1.65032e+00
1.70269e+00	-9.50094e-01	1.26803e+00	1.40284e+00
1.66799e+00	-2.13220e+00	1.77970e+00	-1.46419e-02
5.54480e-01	4.03618e-01	1.99375e+00	-6.09192e-01
1.65014e+00	-3.10835e-01	1.34420e+00	-1.43593e-01
7.79416e-01	-2.42073e+00	1.69564e+00	-6.20056e-01
2.25005e+00	-2.35588e+00	1.44456e-01	5.29956e-01
1.55882e+00	-1.37511e-01	1.85567e+00	-3.49903e-01
2.09895e+00	-3.66324e-04	2.08816e+00	-9.04111e-01
1.82762e+00	7.91146e-01	1.55666e+00	-2.12602e+00
1.30578e+00	-2.27646e+00	2.34011e-01	-5.43668e-01
2.31476e+00	1.86653e+00	1.12118e+00	1.11617e+00
1.27120e+00	2.69109e-01	9.82393e-01	-3.90889e-01
8.71914e-01	1.50499e+00	1.68373e+00	8.16076e-01
9.81418e-01	-2.25452e+00	2.13769e+00	-5.01371e-01
1.25356e-02	-2.41560e+00	1.33602e-01	-1.04755e+00
1.55503e+00	-2.44811e+00	5.41940e-01	2.37885e+00
6.79580e-01	-2.26122e+00	4.70859e-01	-1.57677e+00
1.16037e+00	-3.50967e-01	3.30265e-01	-2.25996e+00
