# No. of particles = 100 
# Proton - Solar wind	Electron - Solar wind	
9.59322e+00	6.43488e-01	6.05732e+00	-4.98558e+00
9.39398e-01	-1.12203e+00	4.18411e+00	1.36051e+00
7.97847e-01	3.27621e+00	4.68383e+00	-9.17602e-01
4.41855e-01	-3.21848e+00	1.93454e-01	-4.51362e+00
2.05289e-01	-1.83345e+00	6.50184e+00	2.77019e+00
1.97018e+00	4.99576e+00	4.84636e-01	7.45758e-01
5.85597e+00	-2.31454e+00	2.75713e+00	-3.72527e+00
8.41603e+00	2.41040e+00	9.07742e+00	4.64805e+00
8.82378e+00	3.25892e+00	3.99043e+00	3.40362e+00
9.76523e+00	-2.06381e+00	7.19145e+00	-4.52429e+00
8.76036e+00	-1.95386e+00	9.87119e+00	-1.48689e+00
8.07125e+00	1.09263e+00	8.35539e+00	4.97641e+00
6.58488e+00	3.00901e+00	7.42974e+00	4.98470e+00
5.22840e+00	-7.41624e-01	9.21265e+00	4.97896e+00
5.92445e+00	-3.50260e+00	6.73876e+00	4.85556e+00
9.50412e+00	-7.31954e-01	1.84809e-01	-1.62299e+00
9.36010e+00	1.38650e+00	8.50038e+00	-4.00645e+00
9.93467e+00	-2.07511e+00	1.76019e+00	3.35915e+00
8.18319e+00	4.55807e+00	7.81918e+00	-2.76496e+00
9.07427e+00	1.67058e+00	7.71851e+00	1.45286e+00
9.21772e+00	4.44520e+00	4.85981e+00	1.53597e+00
7.25150e+00	-3.25791e+00	9.13209e+00	4.22423e+00
8.33941e+00	-2.76934e+00	1.59625e+00	-4.49620e+00
9.71906e+00	2.51726e+00	7.86604e+00	-4.94864e+00
4.28310e+00	-9.52432e-01	1.39254e+00	3.53727e+00
7.72911e+00	2.61089e+00	8.20133e+00	-2.37273e+00
8.68691e+00	-4.85989e+00	6.11382e+00	-4.92943e+00
9.40742e+00	1.65166e+00	1.47971e+00	2.52404e+00
9.43715e+00	2.97234e+00	5.46089e+00	-2.63094e+00
9.38872e+00	1.66117e+00	3.74832e+00	-6.64099e-01
8.30617e+00	3.10874e+00	3.74925e+00	-3.64264e+00
7.74954e+00	-2.01165e+00	9.37404e+00	-4.47563e+00
7.21752e+00	-1.57421e+00	6.09742e+00	-2.54995e+00
9.84241e+00	-8.69732e-01	9.62698e+00	-1.65784e+00
7.25906e+00	-4.19739e+00	7.68499e+00	2.77864e+00
9.94390e+00	-4.98326e+00	6.41052e+00	3.30857e+00
9.98878e+00	-3.49744e+00	8.05606e+00	3.13863e+00
6.78510e+00	2.77940e+00	7.61082e+00	-1.56286e+00
4.98965e+00	-2.26578e+00	9.74964e+00	-4.62184e+00
9.16456e+00	7.42620e-01	6.05133e+00	1.14442e+00
9.45925e+00	-1.34550e+00	4.05940e+00	-1.96652e+00
8.38123e+00	-1.33000e+00	6.72297e+00	-2.44291e+00
9.52247e+00	-2.34462e+00	9.90175e+00	-2.08498e-01
9.86846e+00	-2.64017e+00	7.33811e+00	4.54554e+00
8.34704e+00	-2.77133e+00	4.08489e+00	3.10875e-01
5.09059e+00	1.18980e-01	4.50083e+00	1.97211e+00
8.67978e+00	-3.55652e+00	5.82096e-01	3.08609e+00
9.59210e+00	3.08298e+00	9.35916e+00	4.07472e+00
9.55792e+00	-2.47700e+00	3.86986e+00	1.21843e+00
9.64399e+00	4.88443e+00	8.80316e+00	-2.91440e+00
9.99229e+00	-1.42409e+00	8.33419e-01	3.63255e+00
7.02079e+00	3.31456e+00	8.56898e+00	-4.00487e+00
9.86462e+00	3.89787e-01	8.52644e+00	3.18894e+00
7.68607e+00	-3.59305e+00	5.87495e+00	2.23894e+00
7.73266e+00	3.24601e+00	8.02931e+00	-1.97945e+00
9.67525e+00	6.88858e-01	1.53961e+00	3.82129e-01
9.93620e+00	3.14989e+00	2.93802e+00	-3.09064e+00
9.02667e+00	-4.84879e+00	6.91770e+00	-3.82974e+00
8.58145e+00	-1.23295e+00	2.32325e+00	8.29302e-01
6.48763e+00	-5.85904e-01	8.34020e+00	2.33849e+00
7.56032e+00	-4.53870e-01	8.79575e+00	-3.05981e+00
8.32225e+00	-3.61082e+00	6.77805e+00	3.35812e+00
9.91379e+00	3.69303e+00	3.34587e+00	-4.04134e+00
9.46316e+00	3.58521e+00	9.66744e-01	-1.27200e+00
9.40381e+00	-4.55611e+00	7.15160e+00	-3.59787e-01
6.70165e+00	2.42217e-02	6.30758e-01	-3.28279e-01
7.49298e+00	5.38021e-01	3.58733e+00	-3.56805e+00
9.16916e+00	-7.61714e-01	7.43547e+00	4.24808e+00
7.96577e+00	-7.99053e-01	2.65818e+00	4.41916e-01
9.41892e+00	-4.24196e+00	8.73383e+00	4.87282e+00
8.20174e+00	-1.98808e+00	3.41408e-01	1.32844e+00
9.71175e+00	2.68418e+00	5.39924e+00	3.90251e+00
7.78418e+00	-4.01324e+00	7.84318e+00	3.13892e+00
9.24400e+00	-1.92458e+00	8.36670e+00	4.30934e+00
9.92349e+00	-6.86364e-01	3.71568e+00	1.10516e+00
6.26793e+00	-8.22078e-01	6.70319e+00	1.95925e+00
8.98102e+00	-1.07921e+00	7.74120e+00	4.29688e+00
9.90316e+00	4.75543e+00	6.95263e-01	2.40847e+00
6.18067e+00	-2.74352e+00	9.61858e+00	-2.42868e+00
8.78769e+00	3.93746e+00	7.92455e+00	-1.57462e+00
7.08956e+00	-4.63356e+00	9.36923e+00	4.58715e-01
7.37092e+00	1.11564e+00	4.33766e+00	-1.64410e+00
9.30540e+00	-1.60689e+00	9.04106e+00	8.24619e-01
9.76084e+00	2.53788e+00	7.04389e+00	1.34757e+00
8.94031e+00	1.85989e+00	9.29165e+00	-1.10336e+00
8.38564e+00	3.88695e+00	3.01853e+00	1.29531e+00
7.78434e+00	-3.98522e+00	8.73913e+00	5.87414e-01
6.00392e+00	-2.46601e+00	4.91422e-01	-2.66850e+00
8.85749e+00	2.68659e+00	8.34319e+00	1.60942e+00
9.01326e+00	-1.50098e+00	5.29758e+00	-4.47771e+00
7.27418e+00	-4.00631e+00	1.67152e+00	2.22963e+00
9.63530e+00	1.03334e+00	7.08779e+00	-2.25996e+00
9.52658e+00	-1.00163e+00	3.61540e+00	-1.26087e+00
5.50100e+00	-1.66300e+00	7.19104e-01	-3.68831e+00
9.51879e+00	4.07040e+00	3.85059e+00	-2.14333e+00
7.88522e+00	-4.37192e+00	3.31585e+00	-5.13660e-01
8.73533e+00	-1.20493e-01	8.86860e+00	-4.53000e+00
3.86226e+00	3.74113e+00	8.52394e+00	2.31035e+00
7.80891e+00	4.69888e+00	1.63866e+00	4.17786e+00
7.56459e+00	-3.08440e+00	9.55540e+00	3.86927e+00
