# No. of particles = 100 
# Proton - Solar wind	Electron - Solar wind	
9.56279e-01	5.59879e-01	3.38908e+00	-9.48938e-01
3.57059e-01	-1.59734e+00	2.15550e+00	-1.99322e+00
9.67586e+00	-1.46944e+00	9.60053e-01	4.07710e+00
9.75911e+00	-1.09725e+00	1.52113e+00	-4.24183e+00
7.58911e+00	-2.00032e+00	2.40671e+00	3.37924e+00
8.92302e+00	2.19738e+00	8.90908e+00	-1.26729e+00
7.34676e+00	5.82514e-01	1.80243e-01	-3.74259e-01
9.31615e+00	4.18019e+00	2.82831e-01	-4.25951e+00
7.66246e+00	5.63468e-01	6.97304e+00	-2.86432e+00
9.07341e+00	1.62948e+00	8.81613e+00	-6.17881e-01
6.98428e+00	2.82044e+00	5.62575e+00	-1.40147e+00
9.20686e+00	3.70600e+00	8.41267e+00	-2.66549e+00
8.20502e+00	-3.15824e+00	8.50292e-01	-4.02932e+00
9.72488e+00	-2.75865e-01	2.80574e+00	4.73546e+00
7.45705e+00	-3.06560e+00	9.83094e+00	1.37781e-01
8.92982e+00	-3.90238e-01	2.11783e+00	3.49422e+00
8.39467e+00	1.42399e+00	7.23224e+00	4.43898e+00
5.64907e+00	-1.94480e+00	7.30626e+00	3.66109e+00
9.87701e+00	-2.86958e-01	2.40642e+00	7.18100e-01
4.48946e+00	7.45083e-01	5.39583e+00	4.97027e+00
8.30610e+00	1.87820e-01	8.03606e+00	-4.59610e+00
9.59890e+00	8.77203e-02	3.58154e+00	3.71817e-01
6.05973e+00	3.66161e+00	7.90292e+00	-3.96848e-01
9.89509e+00	8.94401e-01	2.70349e+00	-5.98085e-01
8.89742e+00	1.85355e-01	6.85709e+00	3.12466e+00
4.94829e+00	-4.95545e-01	3.04658e+00	-1.71763e+00
7.85448e+00	-5.72817e-01	4.17522e+00	-1.99420e+00
9.97034e+00	4.48047e+00	2.89543e+00	5.11434e-01
6.56344e+00	-2.26496e+00	9.06059e+00	-4.14297e+00
7.51202e+00	-1.75178e+00	7.39783e+00	3.11784e+00
7.21026e+00	-1.57326e+00	8.83254e+00	-2.61782e+00
8.22627e+00	2.18019e+00	1.79622e+00	1.19378e+00
8.40650e+00	3.98484e+00	7.71438e+00	-4.99360e+00
9.00978e+00	4.68837e+00	7.23152e+00	1.35655e-01
9.98894e+00	-4.72089e+00	2.13772e+00	-2.15654e+00
9.73511e+00	-1.26206e+00	1.93701e-01	-4.08830e-01
7.39893e+00	-2.78173e+00	4.42481e+00	-4.99575e+00
9.21423e+00	4.77922e+00	7.91836e+00	-1.73368e+00
4.44431e+00	5.19282e-01	8.67237e+00	-3.52233e+00
9.90659e+00	-7.57978e-02	6.85687e+00	4.96444e+00
7.97670e+00	-3.90184e+00	8.66485e+00	-2.26339e+00
8.24449e+00	-7.55760e-01	7.86233e+00	5.70149e-01
7.68195e+00	3.33338e+00	7.81279e+00	2.19725e+00
7.47587e+00	1.73047e+00	3.67890e+00	-2.98449e+00
8.91286e+00	4.10219e+00	1.41567e+00	-1.96996e+00
9.03125e+00	2.53147e-02	3.05573e-01	-5.09509e-01
8.64902e+00	2.99278e-01	3.59903e+00	-1.31580e+00
9.18177e+00	-1.78912e+00	4.89304e+00	3.50119e+00
6.13687e+00	7.48102e-01	9.83775e+00	3.95139e+00
8.04650e+00	2.26609e+00	7.70167e+00	-1.20049e+00
9.49126e+00	2.89502e+00	6.56307e+00	1.99481e+00
5.71232e+00	-1.09093e+00	1.34012e+00	1.84256e+00
8.93016e+00	-8.90139e-01	5.15000e+00	-7.23217e-01
9.14276e+00	1.88561e+00	8.87412e+00	8.41648e-01
9.83184e+00	2.53936e+00	4.00211e+00	8.22314e-01
9.49060e+00	-1.75830e+00	4.55793e+00	-1.16844e+00
4.35696e+00	9.95244e-01	4.22761e+00	-7.11891e-01
8.69836e+00	-3.83263e+00	3.12626e+00	-3.62018e+00
8.63314e+00	3.57672e+00	8.83542e+00	8.09995e-01
7.91329e+00	1.14258e+00	1.57904e+00	-1.86259e+00
9.06813e+00	2.29276e+00	1.01634e+00	-2.08055e+00
9.81919e+00	-4.40251e+00	7.56454e+00	-2.96889e+00
9.55087e+00	1.23095e+00	6.69051e-01	-4.57927e+00
9.99636e+00	-1.27891e+00	5.52009e-01	-4.40460e+00
8.61359e+00	-4.22713e+00	7.89613e+00	4.69313e+00
9.55452e+00	-3.11220e+00	5.52562e+00	2.56105e+00
8.65057e+00	-1.38651e+00	7.22668e+00	3.70658e+00
9.40758e+00	-2.59590e+00	4.04286e+00	-4.95221e-01
6.68013e+00	-2.26980e+00	8.00573e+00	4.02311e+00
7.33165e+00	-4.60433e-01	9.34365e+00	2.42498e+00
8.63995e+00	-2.59489e-01	7.13203e+00	4.37752e+00
9.59262e+00	-3.19394e+00	3.05453e+00	-4.01760e+00
7.80337e+00	2.10961e-01	9.85962e+00	-9.19833e-01
9.58368e+00	-1.26790e+00	5.36639e+00	-5.32349e-01
9.14145e+00	-1.60290e+00	9.68958e+00	1.34811e+00
7.91946e+00	-6.28653e-01	9.85033e+00	-2.34346e+00
9.49806e+00	-7.77409e-01	2.90465e-01	4.20984e+00
9.70389e+00	4.74645e+00	9.41174e+00	-2.71559e-01
8.72297e+00	4.70701e+00	7.34271e+00	-2.85882e+00
8.94274e+00	3.07868e+00	3.09231e+00	-9.78270e-01
8.61231e+00	3.22492e+00	9.69912e+00	-9.10611e-01
7.51657e+00	1.28804e-01	8.25761e+00	-7.12332e-01
7.22973e+00	-2.50449e+00	9.42428e+00	-4.32922e+00
8.43893e+00	3.09900e+00	4.04843e+00	-3.19158e+00
8.89509e+00	-2.43482e-01	5.19237e+00	-2.01089e+00
7.07177e+00	2.70106e+00	5.90524e+00	3.07354e+00
9.59999e+00	-2.02964e+00	8.16052e+00	-1.85783e+00
9.56857e+00	-6.04355e-01	9.03119e+00	5.66795e-01
9.00501e+00	-3.45284e+00	9.14544e+00	-3.40872e-01
8.21871e+00	6.87735e-01	9.92525e+00	-8.02794e-01
9.52605e+00	7.05505e-01	9.66851e+00	-2.60588e-01
9.21409e+00	-2.22180e+00	8.49282e+00	4.84978e+00
9.69746e+00	-2.14930e+00	9.33779e+00	5.08020e-01
9.65439e+00	-1.57810e+00	7.96080e+00	3.94641e+00
6.91531e+00	1.69820e+00	6.53399e+00	5.80647e-02
7.24325e+00	-4.52590e-02	6.69146e+00	4.75861e+00
7.66203e+00	1.51254e+00	9.99840e+00	4.34525e+00
5.09364e+00	7.91156e-01	6.09566e+00	-3.95221e+00
7.92982e+00	-1.78844e-01	9.20930e+00	-6.98170e-01
9.05461e+00	-2.34447e+00	6.34863e+00	-4.83846e+00
