# No. of particles = 100 
# Proton - Solar wind	Electron - Solar wind	
8.56962e-01	-2.11971e+00	7.93621e-01	-2.36869e+00
1.70946e+00	-2.33338e+00	3.38611e-01	-2.49016e+00
1.42097e+00	-2.41802e+00	3.46445e-01	-2.96611e-01
2.18557e+00	-1.42408e+00	1.53664e+00	-1.58584e+00
1.24025e+00	-2.48500e+00	1.58896e-01	-2.22678e+00
1.04171e-02	-2.43921e+00	1.04692e+00	-6.63297e-01
2.46822e+00	-1.72679e+00	9.89382e-01	-1.90025e+00
2.45165e-01	-2.35751e+00	2.61639e-01	-7.43476e-01
4.39495e-01	-2.24507e+00	1.69263e+00	1.45167e+00
1.27393e+00	-2.40114e+00	9.61940e-01	-2.48028e+00
2.09931e+00	-2.26212e+00	1.80588e+00	1.95866e+00
7.40091e-01	-2.23157e+00	1.17197e+00	-2.19005e+00
1.93090e+00	-9.27255e-01	6.76842e-01	-1.09652e+00
1.37912e+00	-2.49349e+00	6.96119e-01	-7.34968e-01
1.61365e+00	-2.23861e+00	9.66466e-01	-2.07219e+00
9.36444e-01	-2.29704e+00	4.60595e-01	-1.95303e+00
3.58020e-01	-2.37262e+00	4.83161e-01	-1.43940e+00
2.45636e+00	-2.36634e+00	2.21978e+00	-7.02725e-01
1.27622e+00	-2.22841e+00	1.61580e+00	-9.36562e-01
1.30863e+00	-6.72473e-01	6.70117e-01	7.13613e-01
1.51280e+00	-2.45149e+00	9.14407e-01	1.67093e-01
2.45555e+00	-2.07308e+00	3.71866e-02	-2.31787e+00
1.83210e+00	-1.44165e+00	1.72812e+00	-1.38343e+00
1.35809e+00	-1.92168e+00	3.89524e-01	-2.28727e+00
1.72148e+00	-2.27488e+00	2.06555e+00	-1.46223e+00
7.08970e-01	-2.36419e+00	2.49420e+00	6.81054e-01
1.95891e+00	-1.30113e+00	2.06141e-01	-3.86536e-01
1.02125e+00	-2.23301e+00	1.79871e-01	-2.43354e+00
2.17732e+00	-2.44685e+00	1.28496e-01	-2.11677e+00
2.14920e+00	-2.37630e+00	5.82849e-02	-2.45975e+00
4.35992e-01	-8.80360e-01	7.59814e-01	1.82900e+00
1.23597e+00	9.33116e-01	5.09265e-01	-8.32035e-01
1.96370e+00	-4.15997e-01	3.30341e-01	-2.10201e+00
5.48369e-01	-2.42700e+00	2.40832e+00	-1.85851e+00
1.88471e+00	-2.15491e+00	1.94476e+00	-1.02882e+00
4.48141e-01	-2.24169e+00	2.31242e+00	6.92854e-02
1.97886e-01	-2.24877e+00	6.10992e-01	-9.19051e-01
1.78018e+00	-2.10275e+00	1.80896e+00	-2.34777e+00
2.33775e+00	-2.37879e+00	1.53672e+00	-4.01188e-01
1.46356e+00	-1.45258e+00	2.33297e+00	-1.79598e+00
1.94635e+00	-2.29080e+00	2.55938e-01	5.89424e-01
2.33090e+00	-2.31306e+00	1.51572e+00	-5.90599e-01
1.99079e-01	-2.44159e+00	1.86620e+00	6.51458e-01
5.75872e-01	-2.19783e+00	1.30593e-01	-2.49428e+00
9.07263e-01	4.26888e-01	1.23148e+00	-6.28325e-01
2.16621e+00	-1.84411e+00	1.20709e+00	5.55205e-01
1.38053e+00	1.72065e+00	1.36660e+00	1.03283e+00
1.46502e+00	9.69059e-01	2.02935e+00	-3.59038e-02
3.43448e-01	1.02244e+00	5.78549e-01	-2.01626e+00
1.29706e+00	-2.10927e+00	1.66128e+00	-1.85280e+00
2.07353e+00	1.17660e+00	2.19946e+00	-2.16579e+00
1.72099e+00	5.99455e-01	7.17427e-02	-2.16401e+00
2.01370e+00	-2.46463e+00	3.47460e-01	-2.15796e+00
1.30695e+00	-2.46447e+00	1.49781e-01	-2.36941e+00
1.78432e-01	-2.26479e+00	2.15127e+00	-2.29334e+00
8.99398e-01	-1.34337e+00	5.34718e-01	-1.71459e+00
1.18702e+00	-1.58485e+00	1.31605e+00	5.98921e-01
9.49857e-01	-8.72421e-01	4.32048e-02	-1.83758e+00
1.14768e+00	-2.37452e+00	8.23390e-01	-2.29435e+00
4.72074e-01	-2.44084e+00	4.35995e-01	-4.33937e-01
2.02312e+00	-1.49598e+00	9.25156e-01	-1.96123e+00
1.06446e+00	4.33315e-01	1.34931e+00	-9.76106e-01
1.07061e+00	-2.12775e+00	1.33827e+00	-2.09341e+00
1.82198e+00	-9.73684e-01	6.56095e-02	1.55772e+00
1.32743e+00	-2.46108e+00	7.36146e-02	-2.36371e+00
1.52886e+00	-5.99308e-02	5.39016e-01	-2.15585e+00
8.46458e-01	1.66079e-01	4.29974e-01	2.03439e+00
5.88013e-01	2.39107e-01	4.07148e-01	1.73600e-01
5.57701e-01	-2.14458e+00	1.63395e+00	1.72184e+00
2.12102e+00	-1.74510e+00	1.96958e+00	-5.63624e-01
1.48514e+00	-4.64538e-01	1.97567e-01	-2.30025e+00
1.73330e-01	-2.31111e+00	7.89248e-01	5.85999e-01
1.94160e+00	6.04556e-01	2.35555e+00	1.15796e+00
1.79636e-01	-2.36670e+00	2.41695e+00	1.99399e+00
2.34572e+00	-2.39744e+00	5.03784e-01	-2.49339e+00
2.94874e-01	4.35895e-01	5.01700e-01	8.12819e-01
7.37021e-01	-2.34665e+00	1.48200e+00	1.95142e-01
1.90640e+00	8.23899e-01	4.30453e-01	2.15265e+00
1.59774e+00	-2.27580e+00	1.95552e+00	2.06548e+00
2.07024e+00	2.02827e+00	2.28957e+00	1.83984e-01
2.31448e+00	-3.85831e-01	1.45288e-01	-1.89851e+00
1.03048e-01	-2.25820e+00	1.12566e+00	1.18464e-01
1.97941e+00	-9.80479e-01	4.15391e-01	7.20588e-01
2.17900e+00	-2.05889e+00	8.35895e-01	-1.96553e+00
9.73242e-01	3.75041e-01	6.09107e-02	-1.27596e+00
1.94125e+00	-3.51375e-01	4.09944e-01	1.09573e-01
1.13092e+00	-2.40489e+00	1.95641e+00	1.81652e+00
1.00397e-01	-2.47545e+00	1.88822e+00	2.76710e-01
1.88931e+00	-1.40748e-01	7.23976e-01	1.93673e+00
2.38011e+00	-9.56475e-02	2.80082e-01	-1.92678e+00
2.14148e+00	1.01255e+00	3.36435e-01	-2.13342e+00
1.67711e+00	-2.21319e+00	6.26202e-01	-1.57521e+00
1.84897e-01	1.09918e-02	2.29844e+00	2.49683e+00
1.65399e+00	3.80296e-01	1.33734e+00	-1.39305e+00
1.22690e+00	1.50960e+00	3.11695e-01	6.75490e-01
1.43351e+00	-2.15881e+00	5.93103e-01	1.30252e+00
3.27586e-01	-2.23609e+00	2.47038e-01	6.23629e-01
1.92907e+00	-2.44236e+00	1.98536e+00	-2.05615e+00
1.06656e+00	-2.25451e+00	6.32686e-01	-1.28049e+00
1.40056e+00	-3.37431e-01	1.29595e-02	1.85204e-01
