# No. of particles = 100 
# Proton - Solar wind	Electron - Solar wind	
9.69519e-01	2.81905e-01	2.44816e-02	-9.73893e-01
1.46422e-01	-8.65220e-01	3.44355e-01	8.97016e-01
1.92410e+00	5.43719e-01	1.40491e+00	-6.51900e-01
7.01943e-01	-5.60771e-01	1.67827e+00	8.77894e-01
5.57556e-01	-6.99335e-01	1.18283e+00	-7.31772e-01
1.76707e+00	-3.06273e-01	1.49589e-02	-9.47593e-01
1.56064e-02	-9.76358e-01	1.69555e+00	-3.16626e-01
9.20429e-03	-6.52125e-01	8.89326e-01	1.68276e-01
2.99754e-01	-9.58173e-01	5.80976e-01	-7.91232e-01
4.76372e-01	9.15923e-01	1.04831e-01	-3.67894e-01
4.26081e-01	4.07475e-01	1.38455e+00	6.10138e-01
1.25081e+00	6.16786e-01	5.70699e-01	4.48847e-02
1.78015e+00	1.30052e-01	7.43537e-01	-1.67989e-01
3.04277e-01	-6.99557e-01	1.21443e+00	-1.82735e-01
1.39578e+00	-7.84108e-01	8.38951e-01	-1.65081e-01
1.77760e-01	-8.73412e-01	1.58637e+00	5.34887e-01
2.72651e-01	8.76032e-01	1.40803e+00	-4.01887e-02
1.80497e-01	-9.51654e-02	2.60793e-01	-6.01168e-01
5.30434e-01	-8.23113e-01	1.65137e+00	-2.45386e-01
1.57547e+00	8.19059e-01	1.26189e-01	4.47758e-02
8.95904e-01	-5.75352e-01	1.66993e+00	7.39948e-01
3.66495e-02	-9.22511e-01	7.51280e-01	-2.46835e-02
2.15983e-01	-9.30406e-01	1.07148e+00	3.15225e-01
1.61611e-01	-8.46005e-01	1.72610e+00	3.31732e-01
1.31453e-01	-9.50613e-01	1.04700e+00	7.32721e-01
2.51104e-01	-7.34368e-01	1.75540e+00	-5.29541e-01
6.46873e-01	5.10059e-01	1.79415e+00	8.59878e-01
9.95313e-01	1.54381e-01	4.31408e-02	9.81168e-02
2.98546e-02	-9.79609e-01	6.35693e-01	-6.71825e-01
4.61866e-02	-9.21056e-01	8.46120e-01	-9.79486e-01
2.07942e-01	-7.97784e-01	3.77182e-01	-7.08740e-01
1.14450e+00	8.89378e-01	5.87948e-01	-7.08238e-01
6.64077e-01	-1.92549e-01	1.05291e+00	-6.72435e-01
2.51562e-01	4.77792e-01	1.22005e+00	-6.91327e-01
2.01581e-01	-6.34461e-01	1.85805e-01	-3.98204e-01
8.43418e-01	-8.22073e-01	1.87636e+00	6.90835e-01
5.76596e-01	4.96753e-01	1.54641e+00	2.46137e-01
1.41444e+00	-7.02355e-01	1.45388e+00	2.29796e-01
1.16768e+00	-8.06799e-01	9.54884e-01	3.68623e-02
1.65828e+00	2.46811e-01	5.90920e-01	6.68723e-01
1.71872e+00	-4.86809e-01	3.60700e-01	-5.00364e-01
9.10902e-01	6.67600e-01	4.08650e-01	-9.21558e-02
6.52759e-01	-8.36543e-02	5.74087e-02	4.70881e-02
5.96981e-01	-2.98791e-01	9.23764e-01	5.64164e-01
1.13780e+00	3.32075e-01	1.04506e+00	-1.94830e-01
2.01952e-01	-6.11119e-01	3.03664e-01	1.47550e-01
1.23392e-01	-8.24941e-01	1.27806e+00	-5.22218e-01
7.52927e-02	-9.22639e-01	5.11424e-01	-4.95125e-01
2.94090e-01	2.94597e-01	1.29678e+00	3.41932e-01
2.83912e-02	-3.77293e-01	1.07162e+00	4.65042e-02
1.50860e+00	-6.70409e-02	1.68090e+00	6.79754e-01
2.51221e-01	-5.19720e-01	1.79687e-01	-8.89554e-01
4.06105e-02	-9.76461e-01	1.32878e+00	1.13069e-01
2.25609e-01	-6.71548e-01	1.72767e+00	9.55505e-01
1.82087e-01	-7.13735e-01	1.49673e+00	4.66985e-01
1.55156e+00	-9.34207e-01	3.71197e-01	-8.47932e-01
1.99736e-01	6.80567e-01	7.62349e-01	-2.05536e-01
2.99476e-01	-7.69472e-01	1.33793e+00	1.71868e-01
1.87446e+00	-5.96372e-01	1.96166e+00	6.28466e-01
7.26905e-01	-1.96287e-01	6.80805e-01	3.94958e-01
4.35401e-01	-2.26759e-01	2.39813e-01	6.24686e-01
1.54610e+00	6.31611e-02	6.49185e-01	-1.98215e-01
8.54816e-01	6.66917e-01	1.93470e+00	7.50044e-01
9.83345e-01	8.93173e-01	1.98617e+00	3.96135e-01
5.94919e-02	-7.03594e-01	9.09808e-01	-7.76032e-01
9.42115e-01	-4.64703e-01	6.88671e-01	-9.03433e-01
1.88897e+00	1.63469e-01	4.51839e-01	-1.87882e-01
7.90691e-01	3.67233e-01	2.66053e-01	7.99530e-01
5.79647e-01	-4.68498e-02	1.38356e+00	-1.36146e-01
1.38098e+00	3.78525e-02	1.50546e-01	1.89832e-01
5.03972e-01	-2.46045e-01	1.18865e+00	3.30511e-01
8.65775e-01	-5.12262e-01	4.79855e-01	-8.63740e-01
5.81297e-01	1.03460e-01	7.75219e-01	-2.60414e-01
7.56168e-02	-4.93486e-01	1.71013e+00	1.86804e-01
7.13825e-01	-3.65724e-01	7.69938e-01	-4.67914e-01
1.54956e-01	2.88265e-01	1.33272e+00	-6.14356e-01
3.36429e-01	-3.53893e-01	9.07160e-02	-8.03842e-01
9.82992e-02	-6.53421e-01	3.94008e-02	-9.50247e-01
1.16944e+00	7.04011e-01	1.89684e-01	-8.33279e-01
1.34804e-01	-5.97487e-01	2.32081e-01	-1.19535e-01
4.41281e-01	8.58891e-01	6.39364e-01	-3.88735e-01
7.50390e-01	8.91775e-01	1.05335e-01	-9.55554e-01
1.58985e+00	7.72157e-01	1.13437e+00	9.74095e-01
3.99295e-01	-9.03360e-01	9.17007e-01	8.71006e-01
2.81530e-02	-9.04986e-01	1.87098e-01	7.57177e-01
3.66352e-01	4.58557e-01	5.41653e-01	-6.66867e-01
5.06505e-01	-2.38096e-01	3.61799e-01	-2.02272e-01
1.46607e+00	-7.97923e-01	1.74749e+00	2.03495e-01
5.59718e-01	-7.28019e-01	1.76502e+00	-8.26369e-01
6.58277e-01	-9.38652e-01	3.83518e-01	7.45425e-02
1.78286e-01	-5.04187e-01	1.93078e+00	2.98635e-01
4.65378e-02	-9.65443e-01	1.11737e+00	-1.62234e-01
7.94109e-01	6.05251e-01	6.34180e-01	-9.76050e-01
6.29984e-01	-2.69874e-02	4.38415e-01	-6.81691e-01
1.59584e+00	5.53484e-02	6.71438e-01	1.65774e-01
7.86935e-01	6.68986e-03	7.88766e-01	3.00929e-01
2.89881e-02	8.11148e-01	3.50898e-01	-6.23793e-01
6.06573e-01	8.69968e-01	1.19478e+00	3.27935e-01
1.23211e-01	-5.07653e-01	7.35130e-01	-3.20830e-01
1.86801e+00	-5.66991e-01	9.97289e-01	-3.79486e-01
