# No. of particles = 100 
# Proton - Solar wind	Electron - Solar wind	
3.28102e+00	-4.37449e+00	1.43415e-01	-1.53523e+00
5.21527e+00	-4.64615e+00	6.08283e-01	4.93230e+00
4.98595e+00	-2.97837e+00	2.96366e+00	-6.67447e-01
7.15969e+00	-3.59863e+00	8.86508e-01	-9.81386e-01
5.07435e+00	-4.08924e+00	3.37736e+00	-2.30632e+00
2.82853e+00	-3.56830e+00	1.56201e+00	1.00250e+00
6.73547e+00	-4.19510e+00	1.62824e+00	3.49602e+00
4.26920e+00	-4.18232e+00	2.71316e+00	4.52054e+00
5.36448e+00	-4.10986e+00	9.08885e+00	-2.13668e+00
4.59761e+00	-3.67958e+00	5.39239e+00	-1.94965e+00
4.13362e+00	-2.83674e+00	9.09455e+00	-4.99890e-01
4.62297e+00	-3.08186e+00	9.24020e+00	-4.58023e+00
4.65429e+00	-3.92377e+00	7.16717e+00	4.79412e+00
2.94550e+00	-3.31008e+00	4.73000e+00	6.16818e-01
4.46320e+00	-1.66963e+00	4.87290e+00	1.87780e+00
3.77616e+00	-2.00362e+00	9.64590e+00	-4.17106e+00
4.76056e+00	-1.13305e+00	3.50088e+00	-4.70287e+00
6.19996e+00	-4.45549e-01	9.30690e+00	-1.97643e+00
4.40676e+00	9.91691e-01	6.29559e+00	-1.35942e+00
4.37608e+00	-1.19367e+00	5.38482e-01	-2.88514e+00
3.71035e+00	-1.30198e+00	5.13908e+00	-3.62900e+00
4.07234e+00	-1.05150e+00	4.33157e-01	1.35643e+00
4.36659e+00	-5.64876e-01	6.22980e+00	-2.13203e+00
7.04828e+00	-1.43954e+00	6.20641e+00	1.86874e+00
3.16789e+00	3.45396e-01	5.23753e+00	-2.98713e+00
4.60512e+00	6.16133e-01	7.56599e+00	-2.68432e+00
5.35589e+00	1.40791e+00	4.00804e+00	-3.20275e-01
4.14694e+00	1.29737e+00	2.34445e+00	1.73099e+00
3.10421e+00	1.33291e-01	3.61926e+00	-1.63012e+00
4.90365e+00	2.36982e+00	7.84072e+00	4.51325e+00
6.07166e+00	3.89575e+00	6.64800e+00	1.06566e+00
6.60364e+00	1.77401e-01	5.61903e+00	-2.73881e+00
5.35763e+00	3.58398e+00	7.25140e+00	3.44697e+00
1.92867e+00	2.63189e+00	4.43500e-01	4.92321e+00
5.88570e+00	4.64209e+00	5.63673e+00	2.93213e+00
5.06921e+00	4.72003e+00	7.83004e-01	-1.04803e+00
4.42225e+00	4.50270e+00	6.60375e+00	-1.56931e+00
4.63887e+00	4.10800e+00	5.03765e+00	7.02888e-01
3.70012e+00	3.46125e+00	7.88201e+00	-4.20129e+00
4.69810e+00	4.34005e+00	3.58239e+00	-4.35770e+00
5.39566e+00	4.52564e+00	9.73451e+00	5.15190e-02
3.59728e+00	2.95883e+00	5.03436e+00	5.30833e-02
4.60752e+00	-3.45482e+00	3.85895e+00	2.87616e+00
9.04345e+00	-2.94723e+00	8.11471e+00	-2.33984e+00
5.07393e+00	-4.42144e+00	7.94989e+00	-1.37949e+00
4.19466e+00	-4.75090e+00	7.39217e-02	2.96463e+00
4.26088e+00	-4.73561e+00	5.60362e+00	2.10310e+00
4.41679e+00	-3.97124e+00	5.97140e+00	2.73351e+00
4.83846e+00	-2.65861e+00	6.76047e+00	-4.83185e+00
4.04609e+00	-4.33133e+00	4.90996e-01	3.23878e+00
4.15287e+00	-3.75877e+00	9.95634e+00	1.94047e+00
4.21631e+00	-2.62616e+00	1.99788e+00	1.30121e+00
5.17096e+00	-1.14910e+00	2.99936e+00	-3.05637e+00
5.96145e+00	-3.96444e+00	4.14258e+00	2.66992e+00
4.02475e+00	-1.74184e+00	5.70466e+00	-2.78911e+00
4.28267e+00	-3.07136e+00	5.55741e+00	3.11543e+00
3.93025e+00	-2.79120e+00	3.09509e+00	8.09525e-01
4.72360e+00	-1.96854e+00	3.21071e+00	2.16860e+00
3.79585e+00	-1.62159e+00	3.86020e+00	7.82236e-01
4.09724e+00	-1.28095e+00	5.85367e+00	-6.41830e-03
3.71878e+00	-1.78616e+00	7.41111e+00	2.98491e-01
5.05010e+00	1.05842e+00	1.56744e+00	4.60734e+00
4.40978e+00	-1.73325e+00	6.49901e+00	3.44670e+00
4.11662e+00	-7.24054e-01	4.13845e+00	3.22844e+00
4.07038e+00	-2.15706e+00	4.51133e+00	-1.58102e+00
4.97908e+00	-9.09899e-01	4.18918e+00	2.25502e+00
4.27529e+00	1.33995e-01	4.82201e+00	-9.77867e-01
4.36319e+00	-4.80578e-01	3.13507e+00	-2.70850e+00
4.13871e+00	5.27757e-01	3.48191e+00	1.58825e-01
4.81929e+00	-1.62899e+00	7.55426e+00	4.73005e+00
5.13685e+00	-4.38760e-01	5.27644e+00	2.69171e+00
3.49229e+00	-1.32605e+00	4.37603e+00	2.89362e+00
3.03949e+00	2.23772e+00	6.70668e+00	3.85872e+00
5.56410e+00	-1.75030e+00	9.13214e+00	-6.98881e-01
4.35558e+00	8.38238e-01	8.57582e+00	2.11426e+00
4.19594e+00	5.02887e-01	6.31890e+00	-4.56450e+00
3.32698e+00	2.85728e+00	8.99726e+00	-4.30007e+00
3.57166e+00	-3.76948e-01	4.34652e+00	3.00425e+00
4.27961e+00	9.84410e-01	1.16348e-01	-2.67343e+00
6.70381e+00	1.42749e+00	5.04937e+00	3.96786e+00
4.97328e+00	3.05717e+00	3.38277e+00	-4.20552e+00
6.76678e+00	1.53517e+00	7.09256e+00	3.44646e+00
3.93488e+00	1.47282e+00	9.07107e+00	2.26777e+00
4.39851e+00	2.91953e+00	9.51803e+00	-4.38973e+00
4.55781e+00	3.26910e+00	8.18134e+00	-7.28536e-01
4.30616e+00	1.93381e+00	1.50640e+00	3.45051e+00
4.33160e+00	2.30345e+00	7.92918e+00	2.15679e+00
3.48118e+00	1.78259e+00	4.85341e+00	-1.98370e+00
4.56296e+00	3.42979e+00	6.67153e+00	-4.52431e-01
3.76433e+00	1.99523e+00	4.75507e-01	-4.28316e+00
6.24561e+00	2.06566e+00	6.26905e+00	-1.99154e+00
4.70264e+00	2.88475e+00	8.54173e+00	-3.28521e+00
4.25696e+00	3.70428e+00	5.21068e+00	1.99217e+00
4.65393e+00	2.98602e+00	5.80499e+00	-2.41848e+00
4.32864e+00	3.52264e+00	4.89944e+00	4.72666e+00
5.34431e+00	3.81405e+00	8.59729e+00	-1.27771e+00
4.49170e+00	4.08894e+00	7.20231e-01	3.54825e+00
4.58855e+00	4.95273e+00	7.35698e+00	-4.30957e+00
5.73401e+00	4.56872e+00	2.88353e+00	3.54475e+00
3.15451e+00	4.12565e+00	7.99567e+00	2.00455e+00
