# No. of particles = 100 
# Proton - Solar wind	Electron - Solar wind	
9.60972e-01	-2.46385e+00	7.44874e-01	-1.67561e+00
2.02840e-01	-2.11595e+00	7.07365e-01	-1.13545e+00
1.35919e+00	-2.18155e+00	8.92600e-01	3.18991e-01
1.08157e+00	-2.49713e+00	1.54595e-01	-2.24322e+00
9.54486e-01	-2.23886e+00	1.66069e+00	-4.32934e-01
3.79429e-01	-2.41411e+00	1.24540e+00	-1.59367e+00
4.12443e-01	-2.35784e+00	1.88186e+00	-2.83122e-01
1.85528e-01	-2.47543e+00	1.70044e+00	1.00284e+00
6.46545e-01	-2.40024e+00	6.94014e-01	-1.17270e+00
1.77179e+00	-2.19031e-02	2.62452e-01	-9.69516e-01
2.27120e+00	-2.06050e+00	1.76629e+00	-2.72392e-01
7.97182e-04	-2.27019e+00	5.78623e-01	-2.02658e+00
5.30312e-01	-2.35719e+00	1.26111e+00	1.03953e+00
1.78299e+00	-2.44384e+00	1.44826e-02	-2.26619e+00
1.92404e+00	-2.18219e+00	2.11050e+00	9.66236e-01
7.58851e-01	-2.23208e+00	1.82870e-01	-8.86323e-01
1.78710e+00	-2.27182e+00	1.24941e+00	-5.84271e-01
1.33899e+00	-6.26499e-01	1.72751e+00	-1.09782e+00
5.82539e-01	-2.22004e+00	4.33080e-02	2.43775e+00
2.25444e-01	-2.26649e+00	2.01170e+00	1.72296e+00
8.03142e-01	-2.35550e+00	1.14275e+00	-1.62749e+00
8.54885e-01	-2.13487e+00	4.59340e-01	6.90038e-01
6.42174e-01	-1.57530e+00	1.21387e+00	2.12170e+00
3.04918e-01	-2.28284e+00	3.36821e-01	-6.20781e-01
8.52494e-01	-2.16817e-01	2.08208e+00	1.05923e+00
2.24252e+00	-2.38438e+00	9.15519e-01	2.38612e+00
9.91850e-01	-2.29100e+00	5.55794e-01	-8.84142e-01
2.19411e+00	-1.76840e+00	3.97810e-01	-2.24730e+00
1.36107e+00	4.52615e-01	1.57350e+00	9.31437e-01
4.19974e-01	-2.38346e+00	1.26844e+00	9.13733e-01
5.28748e-01	-2.37861e+00	6.59977e-02	-1.31849e+00
5.45445e-02	-2.37367e+00	1.60973e+00	4.14870e-02
1.10119e+00	-2.12794e+00	1.32451e+00	6.35947e-01
1.60421e+00	-1.61164e+00	1.17814e+00	-2.30907e+00
3.84015e-01	-2.33104e+00	3.55308e-01	-2.25874e+00
4.40123e-01	-1.03622e+00	2.44206e-01	-2.43625e+00
2.03367e+00	-1.99561e+00	2.18875e+00	6.98589e-02
7.94189e-01	-2.48169e+00	6.59801e-01	-1.49948e-01
1.08472e+00	-2.19429e+00	4.71004e-01	-1.83485e+00
2.82016e-01	-2.38139e+00	3.56403e-02	-2.47743e+00
1.49273e+00	-1.35629e+00	2.13158e+00	-1.27078e+00
1.11848e+00	-2.44649e+00	1.56499e+00	-1.66646e+00
6.89566e-01	-2.26459e+00	1.62119e+00	-1.80364e+00
1.20971e+00	-5.58004e-01	1.53649e+00	2.64049e-01
2.62687e-02	-2.37079e+00	1.83101e+00	-2.16065e-01
1.24500e+00	-6.67316e-02	4.12923e-01	1.25426e+00
1.14573e+00	-9.00481e-01	1.37370e-01	-1.34023e+00
1.43903e+00	-3.32268e-01	2.63543e-01	-4.82101e-01
1.09304e+00	-2.41997e+00	1.78055e+00	1.61188e+00
5.21452e-01	8.32583e-01	6.26263e-01	-1.95650e-01
2.23733e+00	4.12070e-01	1.08264e-02	-2.14411e+00
1.80062e+00	5.25203e-01	4.90247e-01	-2.44861e+00
5.64473e-01	-4.47381e-01	9.64131e-01	2.23814e+00
1.47260e+00	1.46618e+00	2.25798e+00	1.73374e+00
1.98297e+00	-1.32171e+00	4.43104e-01	-4.44585e-01
1.21447e+00	-6.02831e-01	5.82987e-01	-2.16814e+00
5.59314e-01	4.87939e-01	2.49588e+00	1.24598e+00
2.13024e+00	-1.03472e-01	1.75440e+00	-1.26015e+00
4.45340e-01	2.28123e-01	8.02119e-01	-6.51678e-01
1.84661e+00	-2.29971e+00	1.03443e+00	-1.50698e+00
2.19740e-01	-2.49047e+00	1.81123e+00	-1.35593e+00
2.03154e-01	9.39094e-01	1.64132e+00	-9.09377e-01
1.62361e+00	-2.40900e+00	1.24746e+00	-3.02540e-01
1.82025e+00	-2.41723e+00	1.81790e-01	6.63871e-01
2.16709e-02	3.61011e-01	1.90031e+00	-1.41693e+00
2.05191e+00	-1.88005e+00	7.17176e-02	-1.13361e+00
1.90278e+00	-2.15310e+00	8.21470e-02	-2.49730e+00
1.39183e+00	-8.16931e-01	1.84521e+00	-1.97187e+00
1.90496e+00	-1.54419e+00	5.37114e-01	-1.93257e+00
2.08701e-01	1.50051e-01	8.74429e-01	-2.37808e+00
7.85713e-01	-8.65924e-01	5.87668e-01	-2.36078e+00
5.33520e-01	-2.40889e+00	3.65920e-01	-1.34041e+00
4.83711e-01	-2.37505e+00	2.82697e-01	-2.13396e+00
1.73228e+00	-2.49602e+00	5.38107e-01	-2.01662e+00
2.00406e+00	-2.33102e+00	2.05904e+00	1.59692e+00
1.41366e+00	-2.08626e+00	5.71793e-02	-2.38474e+00
2.00849e+00	3.96931e-01	6.82885e-01	1.41329e-01
8.26560e-01	-2.42144e+00	1.73760e+00	4.58270e-02
2.34366e+00	9.60711e-02	7.22761e-01	6.08291e-01
2.03048e+00	-2.19976e+00	4.03293e-02	-2.49111e+00
2.32998e+00	-1.51207e+00	2.04940e+00	9.58919e-01
6.75620e-01	6.53580e-01	4.74079e-01	-2.26911e+00
1.68096e+00	5.06832e-01	2.30654e+00	7.68758e-02
2.24360e+00	1.34479e+00	1.06892e+00	-4.89330e-01
1.45373e-01	-2.37393e+00	2.00307e+00	-1.22803e+00
1.14254e+00	5.93424e-01	8.76325e-01	-1.84208e+00
1.11335e+00	-2.46540e+00	1.01878e+00	2.47211e+00
1.45291e+00	-5.89051e-01	1.31722e+00	-2.12904e+00
9.49687e-01	-2.27798e+00	1.32210e-01	-2.41401e+00
3.31428e-01	-2.26472e+00	2.15826e+00	8.42530e-01
2.47839e+00	-1.83923e+00	1.10192e+00	-1.38075e-01
1.10631e+00	-2.03253e+00	1.21989e+00	6.27257e-01
7.88358e-01	-2.77170e-01	2.37433e+00	-9.11276e-01
1.12021e+00	-2.40438e+00	1.91427e+00	-2.38943e+00
2.31231e+00	-5.67350e-01	1.66259e+00	-1.43955e+00
1.54717e+00	-1.22081e+00	1.63074e+00	1.16099e+00
2.00629e+00	-2.44009e+00	4.55321e-01	-2.24832e+00
1.60549e+00	3.65448e-02	1.59652e-01	-4.45096e-01
1.89675e+00	4.70489e-01	1.59215e+00	-9.06792e-01
1.28207e+00	5.82535e-01	1.78273e+00	-5.48682e-01
