# No. of particles = 100 
# Proton - Solar wind	Electron - Solar wind	
2.81796e-02	-8.06139e-01	8.91831e-01	5.07631e-01
8.85196e-01	2.55189e-02	1.19582e+00	-3.40923e-01
6.38574e-01	-4.04043e-01	1.99415e-01	-7.96773e-01
1.81202e+00	3.21221e-02	6.61440e-02	-8.34860e-01
1.10363e+00	-4.01647e-01	2.56382e-01	-7.57969e-01
2.13697e-01	-9.91887e-01	7.88480e-01	-2.98223e-01
6.70940e-01	-8.93302e-01	1.37772e+00	-7.48590e-01
4.02770e-01	-3.66516e-01	3.92242e-01	-4.17390e-01
5.53485e-01	-9.69465e-01	1.77283e+00	-6.99168e-01
8.23936e-01	-5.96633e-01	8.47640e-01	-6.56294e-01
9.99152e-01	-7.63788e-03	9.23655e-01	2.34047e-01
1.68102e-01	-9.56522e-01	6.26960e-01	7.50054e-01
4.15047e-01	-8.14341e-01	4.72861e-01	-9.71785e-01
8.47229e-01	2.43854e-01	3.04689e-01	-6.60534e-01
1.80570e+00	-7.96233e-01	9.90275e-01	-6.50300e-02
7.32133e-01	-2.57038e-01	8.38449e-01	3.51929e-01
7.63010e-01	-6.51506e-01	1.14665e+00	1.52915e-01
1.54645e-01	2.02577e-01	5.91289e-01	-5.01882e-01
1.83663e+00	-4.44110e-01	5.33985e-01	2.68858e-02
9.95040e-01	4.31739e-01	9.23006e-01	-4.82926e-01
1.89786e+00	-8.93697e-01	1.62127e+00	4.11335e-02
4.65993e-01	1.36089e-01	1.19963e+00	2.48830e-01
9.50432e-01	-7.61482e-01	4.97169e-01	6.44409e-01
6.90730e-01	-2.49733e-01	8.20488e-01	-3.92688e-01
7.52235e-01	-9.71449e-01	1.70493e+00	3.84977e-01
1.86447e+00	9.12460e-01	2.58722e-01	-5.27817e-01
9.25741e-01	8.98440e-01	1.31073e+00	-4.52281e-01
3.51097e-02	7.74180e-01	1.32336e+00	-3.80430e-01
1.68231e+00	-7.58245e-01	1.10932e-01	-8.02294e-01
8.36167e-01	6.78146e-01	1.36197e-01	8.35018e-01
5.83584e-01	-1.91140e-01	9.71555e-01	6.38109e-01
2.06939e-01	-9.96276e-01	9.38454e-01	-4.29995e-01
2.21291e-01	9.09551e-01	2.55549e-01	-3.71836e-01
6.77218e-01	7.39533e-02	1.40354e-01	5.45280e-01
1.63871e-01	-9.54445e-01	1.46936e+00	-9.20403e-01
1.09945e+00	-8.53774e-01	1.93443e-02	-9.79771e-01
1.72556e-01	-8.77042e-01	1.10805e+00	-1.73295e-01
1.88906e+00	-6.82666e-01	9.58378e-01	2.68716e-02
5.88384e-02	-9.14375e-01	1.03263e-01	4.08074e-02
7.27595e-01	6.18150e-01	2.35596e-01	-5.31895e-01
5.30348e-01	-2.57612e-01	1.17296e+00	-2.64491e-01
1.33139e-01	-6.68666e-01	1.22914e+00	-4.70164e-01
6.14959e-01	3.23969e-01	1.96002e+00	-7.60800e-01
5.85100e-01	-1.83546e-01	1.01669e+00	-4.12667e-02
1.81237e-01	2.70111e-01	5.39501e-01	-2.36249e-01
1.21686e-01	-8.81243e-01	1.81715e+00	4.04886e-01
4.24690e-01	-2.79065e-01	1.30855e+00	-5.85811e-01
2.15066e-01	-8.09529e-01	1.95756e-01	7.48425e-01
3.48240e-01	8.56671e-01	7.76649e-01	-5.56819e-02
7.52077e-03	-9.97280e-01	6.97483e-01	-3.23524e-01
4.56651e-02	-4.91239e-01	1.29345e-01	-7.08767e-02
7.81144e-01	9.44476e-01	1.43633e+00	-8.32745e-01
2.10226e-01	-3.56471e-01	1.16246e+00	-4.02597e-02
4.01310e-01	-3.52156e-01	2.21429e-01	-7.94315e-01
6.68273e-01	5.27937e-01	5.37201e-01	8.97622e-01
3.50724e-01	-4.81811e-01	9.18418e-01	5.38933e-01
5.69562e-01	-4.99633e-01	1.69274e-01	-7.50684e-01
1.43700e-01	-7.64565e-01	6.39969e-01	3.74221e-01
1.20651e+00	3.90001e-01	1.41234e+00	2.41397e-01
6.95742e-01	-1.37934e-02	6.33106e-01	1.05624e-01
1.04182e+00	-7.19036e-01	3.84630e-01	-4.21622e-01
1.88439e+00	-1.83615e-01	9.36288e-01	7.06733e-01
1.57893e-01	-6.74678e-01	9.05682e-01	5.76612e-01
9.17126e-02	-1.61961e-02	1.62822e+00	-5.52015e-01
1.09568e-01	-1.23195e-01	9.80485e-01	-6.98351e-01
1.14162e+00	-5.56869e-01	1.52805e+00	1.45327e-01
2.70762e-01	-5.04710e-01	7.32615e-01	-6.32011e-01
1.05215e-01	-9.90265e-01	9.32987e-01	3.46111e-01
2.76810e-02	-8.83722e-01	8.09900e-02	-8.59594e-01
6.34905e-02	-4.18330e-01	4.95174e-03	-9.88268e-01
7.44754e-01	-4.79492e-01	1.34386e+00	-1.03115e-01
1.06126e+00	-9.67767e-01	1.33890e+00	-4.50049e-02
5.75303e-01	5.80452e-01	5.12993e-01	4.15205e-01
4.44218e-01	-1.43325e-01	5.82116e-01	-1.86673e-01
6.53748e-01	-4.53598e-01	1.09670e+00	6.84489e-02
1.69310e-01	3.79758e-01	3.53971e-01	-5.11582e-01
4.88883e-01	7.67838e-02	2.17842e-01	-8.83676e-02
8.98841e-02	1.89211e-01	4.25503e-01	-1.48625e-01
9.12275e-01	-3.12135e-01	1.26856e+00	1.55267e-01
1.19040e-01	-3.11630e-01	6.45539e-01	1.00103e-01
2.48270e-01	-5.64644e-01	1.19459e-01	-8.84560e-01
1.28383e+00	-5.41674e-01	1.52646e+00	-6.05307e-02
5.70083e-02	-7.97409e-01	1.17794e+00	-4.92314e-01
7.31358e-01	-8.71294e-01	8.98190e-02	-9.63915e-01
1.69447e-02	-8.90175e-01	7.60260e-01	-3.08041e-01
3.61561e-01	6.83626e-01	1.81376e+00	-5.82124e-01
4.28880e-01	-1.91746e-01	1.63568e+00	-2.92697e-02
5.42638e-01	-4.82360e-01	5.31187e-01	8.00453e-01
8.11495e-02	-9.22657e-01	7.70388e-01	-9.81678e-02
1.05236e+00	-9.80482e-01	1.51113e+00	1.65980e-01
1.55235e-01	-4.37655e-01	8.95326e-01	-5.00825e-01
1.51049e+00	-2.75226e-01	1.63585e-01	-7.19577e-01
8.52043e-01	9.41549e-01	5.10543e-01	3.45621e-01
5.17055e-01	2.99364e-01	1.10140e+00	5.40433e-02
5.34142e-01	-5.30374e-01	1.27594e+00	7.02357e-01
8.64428e-01	1.67569e-01	1.36943e+00	1.08995e-01
6.63531e-01	6.68648e-01	1.48872e+00	-3.58869e-01
8.48351e-02	3.01081e-01	1.76306e+00	1.73287e-01
1.37190e-01	-1.25613e-01	1.56654e+00	-1.87546e-01
1.27768e+00	-7.96006e-01	6.91673e-01	-2.58272e-01
