# No. of particles = 100 
# Proton - Solar wind	Electron - Solar wind	
2.60764e-01	-9.22310e-02	3.46657e-01	-4.99476e-01
3.22158e-01	-3.88126e-01	9.11860e-02	-9.08880e-01
1.00584e+00	-1.81429e-01	8.59168e-01	-4.57979e-01
6.62487e-01	3.34571e-01	1.12489e+00	7.47285e-01
8.31319e-03	-7.48751e-01	6.70813e-01	-4.64616e-01
2.92646e-02	-9.66118e-01	7.76356e-01	-6.28637e-01
2.78739e-01	-6.34137e-01	1.27228e+00	4.86917e-01
6.85201e-01	1.31685e-01	5.89480e-01	-7.58255e-01
4.41497e-02	6.60195e-01	8.53774e-01	-6.01440e-01
5.92623e-01	7.25696e-01	4.53078e-01	-9.31610e-01
9.28404e-03	-9.95555e-01	1.02573e-01	-2.05215e-01
6.63135e-01	-1.57032e-01	1.52712e+00	4.02579e-01
1.17334e+00	-2.60976e-01	1.44665e+00	-5.65209e-01
1.61108e-01	-7.41580e-01	3.48895e-02	-8.82485e-01
4.65276e-01	-9.18993e-01	1.07774e-01	-9.13388e-01
4.97916e-01	4.98818e-01	1.71357e+00	-8.66778e-01
1.48059e-01	-9.99975e-01	2.01951e-01	-5.05380e-01
5.36009e-02	-8.08657e-01	1.40127e+00	-2.38078e-01
2.32869e-01	-6.62478e-01	1.93839e+00	4.44730e-02
2.98778e-01	-3.49594e-01	1.38499e+00	-2.57584e-01
7.32986e-01	2.03939e-01	3.99058e-01	-4.28094e-01
1.30226e-01	-5.96679e-01	2.66525e-01	-2.80212e-01
5.66089e-01	-6.64437e-01	1.48107e+00	5.73232e-01
2.76572e-01	4.27366e-01	9.96415e-01	1.30596e-02
1.44654e+00	-3.52774e-01	1.57245e+00	-1.84539e-01
1.07553e-01	-5.33596e-01	9.17197e-01	2.13567e-01
3.27166e-01	2.72068e-01	1.48713e+00	4.23958e-01
1.16752e-01	-7.15384e-01	3.52662e-01	-8.01469e-01
3.86137e-01	-7.81068e-01	1.10813e+00	-9.31930e-01
9.24249e-01	-1.68912e-02	1.51045e-02	5.14098e-01
7.50002e-01	1.40341e-02	5.77050e-01	-8.52476e-01
1.32448e-01	-9.83098e-01	1.44318e-01	-6.58000e-02
3.69790e-02	-8.85975e-01	1.62712e+00	2.24780e-01
7.64445e-01	-7.71654e-01	1.64847e+00	3.76394e-01
2.55018e-01	8.51053e-01	9.21131e-01	4.82787e-01
2.06431e-01	-9.48782e-01	1.24585e+00	-4.33214e-01
1.30583e+00	-3.60778e-01	1.01323e-01	-7.92962e-01
3.51327e-01	-9.17895e-01	1.38877e+00	4.46629e-01
2.95689e-01	1.15829e-01	1.34871e+00	-7.11894e-01
1.59395e-01	4.05519e-01	1.68547e+00	-9.41202e-01
4.96963e-01	3.57662e-01	3.64018e-01	-7.64330e-01
1.43951e+00	5.01060e-01	6.01200e-01	-6.37168e-01
9.97144e-01	7.22086e-01	1.51172e+00	-9.14365e-01
2.23149e-01	-8.24538e-01	8.76147e-01	9.86810e-01
3.31755e-01	4.82609e-02	4.92603e-01	-2.96483e-01
3.12834e-01	-8.26278e-01	4.74835e-01	5.50304e-01
1.58851e+00	1.61054e-01	1.38941e+00	-3.19983e-01
4.76480e-01	4.31107e-02	1.29859e+00	1.43331e-02
1.75489e+00	9.95798e-01	1.31704e+00	5.92857e-01
4.64147e-02	4.65755e-01	1.32699e+00	4.04103e-01
3.81279e-01	-8.28109e-01	3.78399e-01	-4.20460e-01
1.73255e+00	1.64031e-01	1.23707e+00	5.65534e-02
5.71444e-01	2.10665e-02	7.10881e-01	-2.04388e-01
1.01703e+00	4.32619e-01	1.55126e+00	1.68307e-01
1.56615e+00	8.77913e-01	3.35534e-01	-8.08184e-01
1.92902e+00	-3.59049e-01	9.21514e-01	3.93138e-01
6.25216e-02	-8.57837e-01	1.09657e+00	1.03770e-01
1.24681e+00	-5.88653e-01	2.72994e-01	-5.47200e-01
5.99755e-01	2.92469e-01	1.09151e+00	-5.62524e-01
1.68065e+00	8.90739e-01	1.14604e+00	-7.85916e-01
6.26877e-01	4.47495e-01	1.90627e+00	-4.12046e-01
6.69412e-02	5.53760e-01	1.40142e+00	2.74543e-01
2.32579e-01	-6.50193e-01	6.98253e-01	5.04643e-01
6.32360e-01	-1.00326e-01	4.34879e-01	5.34505e-01
3.11550e-01	-1.25589e-01	8.66644e-01	-8.24103e-01
4.05712e-01	-7.58946e-01	5.63164e-01	-8.32155e-01
8.95862e-01	3.69144e-01	7.08959e-01	9.03919e-01
4.29496e-02	3.09327e-02	1.06829e+00	-7.66956e-01
8.38465e-01	4.82604e-01	1.70187e-01	4.80728e-02
7.61112e-01	1.36307e-01	1.19692e+00	-4.41104e-01
1.28565e+00	-6.07850e-01	6.01394e-01	-5.38578e-01
1.66606e+00	3.37673e-01	3.21379e-01	-6.24366e-01
6.53328e-02	-8.97329e-01	2.19308e-01	-8.10919e-01
1.48557e-01	-7.22411e-01	1.36438e+00	-8.31515e-01
5.30386e-01	-5.54164e-01	1.87881e-01	-5.44395e-01
1.06608e+00	-7.12208e-01	4.22864e-01	-4.81338e-01
1.53182e+00	6.68693e-01	3.37419e-01	4.26949e-01
6.07484e-02	-5.24276e-01	2.95694e-01	9.08342e-02
1.00339e-01	-8.55304e-01	4.65314e-01	-5.78935e-01
6.15798e-01	-2.93765e-01	8.67343e-01	7.60294e-01
2.84485e-03	9.08974e-02	3.74524e-01	-9.17989e-01
1.36749e+00	3.68284e-01	1.08840e+00	-7.71122e-01
9.91784e-01	7.79329e-02	1.59248e+00	8.84639e-01
9.40130e-02	-2.79859e-01	1.98033e-01	-3.94401e-01
2.04340e-01	-8.49675e-01	2.66864e-01	-3.93890e-01
2.40223e-01	4.12776e-03	3.80398e-01	-5.71893e-01
3.31012e-01	-4.92346e-01	7.54983e-01	3.58155e-01
8.01313e-01	-2.11863e-01	3.84038e-01	-9.76313e-01
6.44693e-02	-1.37139e-01	4.77639e-01	4.59236e-01
9.17730e-01	7.99319e-01	9.35874e-01	5.08432e-01
1.19088e-01	-7.12390e-01	2.93835e-01	-1.22105e-01
8.35470e-01	2.11874e-01	1.11642e+00	-7.23690e-01
5.56593e-01	7.79214e-02	6.51988e-01	-2.97888e-01
1.81297e-01	-8.25938e-01	8.04646e-01	-2.42165e-01
4.83212e-01	-5.08432e-01	7.66925e-01	-7.24160e-01
5.67635e-01	-5.09932e-01	6.67062e-01	-3.61080e-01
1.99606e+00	4.21441e-01	6.80385e-01	-9.26148e-01
1.05849e-01	-8.06316e-01	1.37231e+00	-3.58998e-01
1.55388e+00	5.94480e-01	1.52538e+00	4.31723e-01
1.26031e-01	-9.66471e-01	1.18928e+00	1.51804e-01
