# No. of particles = 100 
# Proton - Solar wind	Electron - Solar wind	
3.16671e-01	-2.42963e+00	2.27958e+00	-2.04235e+00
2.15108e+00	-2.25152e+00	2.30876e+00	1.06536e+00
7.85259e-01	-2.30186e+00	1.99542e+00	-1.24804e+00
5.28481e-01	-2.42014e+00	1.05765e+00	-3.21308e-01
4.92335e-01	-2.31312e+00	1.27160e+00	-9.31163e-01
4.75114e-01	-2.49414e+00	1.91920e-01	1.16655e+00
2.32579e+00	-2.30745e+00	1.28252e+00	-1.38064e+00
9.11660e-01	-2.47254e+00	1.26497e+00	1.87320e-01
8.67116e-02	-2.35510e+00	6.27127e-01	7.10478e-02
1.20286e+00	-3.32830e-02	1.99312e-01	-1.39175e+00
1.63165e+00	-2.16140e+00	1.60429e-01	-2.05280e+00
1.94979e+00	-2.21609e+00	7.29938e-01	-7.12297e-01
3.45156e-01	-2.48077e+00	9.39810e-02	-2.39967e+00
1.10692e+00	-2.42201e+00	2.39574e-02	-2.47610e+00
1.08356e+00	-2.22228e+00	1.29430e+00	-2.43786e+00
2.71436e-01	-2.29599e+00	3.28080e-01	-2.14820e+00
1.06741e+00	-2.36905e+00	1.93006e+00	-1.32504e+00
7.54350e-01	-6.25669e-01	5.74381e-03	-4.86095e-01
1.89471e-01	-2.29691e+00	5.14120e-02	-1.04974e+00
2.25100e+00	-1.63925e+00	1.15320e+00	-1.56621e-01
1.62469e-01	-2.32133e+00	4.97211e-01	-1.99772e+00
6.74785e-02	-2.37954e+00	1.54064e+00	-8.13619e-02
4.94377e-02	-1.56653e+00	5.12241e-01	-6.07788e-01
2.15586e+00	-2.42221e+00	1.06572e+00	-1.23239e+00
3.02911e-01	-1.55045e-01	1.75844e-01	6.58516e-02
1.40921e+00	-2.42611e+00	7.02007e-01	1.19374e+00
3.07327e-01	-2.34517e+00	9.64897e-01	2.01310e-01
1.80997e+00	-1.67670e+00	1.20711e+00	-9.13368e-01
8.52514e-01	4.08279e-01	1.25357e+00	8.14972e-01
8.85636e-01	-2.44614e+00	2.15714e+00	-6.84399e-01
2.30406e+00	-1.72980e+00	1.43118e+00	2.87130e-01
1.82844e+00	-2.23383e+00	6.34568e-01	-1.41957e-01
4.91853e-01	-2.25511e+00	2.23110e+00	1.82320e+00
1.15707e+00	-1.57530e+00	5.25073e-01	-2.27819e+00
2.35504e+00	-1.78218e+00	2.99697e-01	-2.12661e+00
2.30421e+00	-1.22038e+00	1.35393e+00	-6.75995e-01
1.33510e+00	-2.17286e+00	1.13723e-01	-2.47438e+00
2.38126e+00	-2.32977e+00	9.85128e-01	-1.23843e+00
3.76054e-01	-2.28404e+00	1.10836e+00	-1.77349e+00
2.24676e+00	-1.64964e+00	2.26654e-01	8.04255e-01
1.02301e+00	-1.28767e+00	2.09071e+00	-1.74258e+00
7.49792e-01	-2.37559e+00	1.38577e+00	-1.74394e+00
1.60222e-01	-2.28607e+00	1.76735e+00	-2.22244e+00
3.77534e-01	-3.34828e-01	1.80922e+00	9.09485e-02
1.77977e+00	-2.18453e+00	1.62178e-02	-2.41610e+00
6.69399e-01	-3.16385e-02	2.14902e+00	-1.76467e+00
7.09988e-01	-6.99845e-01	2.47263e+00	-2.21206e-02
8.33600e-01	-1.47468e-01	2.00236e+00	-1.01065e+00
5.72167e-01	-2.38785e+00	1.25275e+00	-1.06349e+00
2.38571e+00	-2.48440e+00	2.11220e+00	1.89207e+00
1.61374e+00	5.00916e-01	5.14761e-02	-1.18898e+00
1.23141e+00	5.71698e-01	1.66760e+00	2.20572e+00
4.85592e-02	-2.23945e-01	2.86661e-02	-1.94498e+00
1.13445e+00	1.16064e+00	2.65074e-01	-3.71484e-01
1.26488e+00	-1.67824e+00	1.23721e+00	-1.64379e+00
5.70740e-01	-2.76770e-01	5.57791e-01	-1.94145e+00
3.15371e-01	6.13266e-01	8.95774e-01	1.94750e+00
1.36899e+00	-9.17671e-02	1.14429e+00	-3.90448e-01
2.32780e+00	1.11331e-01	2.70066e-01	-2.29489e+00
1.10326e+00	-2.27280e+00	1.15010e+00	-6.41360e-02
7.35774e-01	-2.41165e+00	8.74399e-01	-1.97306e+00
1.66991e-02	1.19444e+00	1.05522e+00	-9.23593e-01
8.28471e-01	-2.45348e+00	1.69912e+00	3.64471e-02
1.19098e+00	-2.42223e+00	1.90480e+00	-6.25674e-01
1.94898e+00	4.07747e-01	1.69551e+00	-1.54111e+00
1.43373e+00	-2.06264e+00	6.82256e-02	1.33862e+00
1.22037e+00	-2.20909e+00	1.32949e+00	6.40685e-01
1.18686e+00	-7.00077e-01	6.19530e-01	9.10515e-01
1.23805e+00	-1.79582e+00	1.40878e-01	-2.24869e-01
2.05817e+00	-2.46895e+00	2.13126e+00	1.55013e+00
1.79857e-01	-8.72611e-01	1.79968e+00	2.15668e+00
2.42431e+00	3.02844e-01	2.16403e+00	1.69024e+00
2.49846e+00	-2.01083e+00	4.28222e-02	-2.27792e+00
1.16556e+00	-2.47444e+00	6.29746e-01	-1.55750e+00
1.38960e+00	-2.33034e+00	1.65639e+00	8.25522e-01
1.06898e+00	-2.17825e+00	2.59525e-01	-2.25721e+00
1.28854e+00	2.48018e-01	1.83443e-01	-8.02476e-01
2.49922e-01	-2.41998e+00	2.49111e+00	-1.60991e-01
1.73239e+00	1.12062e-01	1.91558e+00	2.08977e-01
1.49755e+00	-2.25871e+00	3.69389e-01	-2.02592e+00
1.83907e+00	-1.41302e+00	1.84341e+00	1.44467e+00
1.53258e-01	7.04587e-01	1.82079e+00	4.70342e-01
1.26966e+00	2.94113e-01	4.93365e-01	-1.76747e+00
1.51295e+00	1.05181e+00	5.76220e-01	1.54234e+00
1.98824e+00	-1.79636e-01	1.43255e-01	1.02589e-01
5.94588e-01	4.71713e-01	2.18536e-01	2.01146e-01
2.74856e-01	-2.41688e+00	2.35716e+00	3.60360e-01
8.64216e-01	-5.65660e-01	7.34151e-01	-2.26509e+00
3.59349e-01	-2.26229e+00	3.83057e-01	-1.30327e+00
2.28433e+00	-2.11619e+00	2.27786e+00	-1.17634e+00
1.88468e+00	-1.98428e+00	4.37037e-01	-1.92489e-01
5.50543e-01	-2.12986e+00	7.13082e-01	-8.08040e-01
3.64174e-01	-3.11599e-01	1.46415e-01	-2.49550e+00
1.08523e-01	-2.47838e+00	1.04757e+00	-2.34239e+00
1.49489e+00	-3.31821e-01	9.20194e-01	-9.24206e-01
1.21389e+00	-1.44983e+00	3.44640e-01	-2.25363e+00
1.48995e+00	-2.40251e+00	9.59309e-01	-4.95506e-01
1.08551e+00	-1.79775e-02	1.22051e+00	-1.30857e+00
1.13840e+00	1.94674e-01	5.05056e-01	9.49070e-01
6.35153e-01	4.80148e-01	2.36322e+00	1.69157e+00
