# No. of particles = 100 
# Proton - Solar wind	Electron - Solar wind	
2.17323e-01	-3.01350e-01	1.08802e-01	-8.65468e-01
1.18076e-01	-7.98048e-01	8.92679e-01	-1.57020e-01
8.93722e-01	-2.72454e-01	1.48856e+00	8.22333e-01
3.84646e-01	-2.18722e-01	5.96079e-01	4.40788e-01
1.62174e-02	-9.96276e-01	6.53336e-01	8.34380e-01
1.83628e-01	7.01870e-01	1.28133e+00	-3.19721e-01
1.11415e-01	-8.49160e-01	1.98078e-01	5.66235e-01
3.62449e-01	-4.17645e-01	1.68292e+00	5.38083e-01
3.54099e-02	2.72177e-01	1.94604e+00	-2.40969e-02
5.30345e-01	5.34513e-01	6.96028e-01	-1.40959e-01
1.36831e+00	9.32928e-01	1.81175e+00	1.95208e-01
5.90727e-01	-2.48425e-01	2.97528e-01	-6.38146e-01
1.09941e+00	-3.08986e-01	6.27765e-01	-4.41117e-01
7.03093e-02	-9.96010e-01	1.89140e+00	-3.15167e-01
3.50624e-01	-9.36829e-01	1.90315e+00	-5.49315e-01
9.96469e-02	1.67170e-01	3.25975e-01	2.35239e-01
9.82757e-02	7.34764e-01	1.16743e+00	1.19673e-02
3.73568e-02	-8.97658e-01	5.51647e-01	-8.36522e-01
5.84047e-02	-9.18559e-01	1.06306e+00	7.88638e-01
1.03367e+00	9.62073e-01	6.75314e-01	-1.70706e-01
6.48786e-01	5.62518e-02	2.65810e-01	-9.71327e-01
1.31107e+00	8.84289e-01	1.28601e+00	2.07399e-01
1.70239e-01	-9.47382e-01	1.06327e+00	-3.18456e-01
2.59757e-01	3.48172e-01	1.32772e+00	-4.40667e-01
1.19081e+00	-4.67900e-01	1.47881e+00	-5.72659e-02
6.65585e-01	9.36278e-01	8.10808e-01	-9.19099e-01
1.67352e-01	-3.74706e-01	5.65601e-01	-2.59798e-01
1.99029e+00	7.76627e-01	1.24044e+00	3.61708e-01
1.79665e+00	-2.18632e-01	5.87217e-02	-9.92548e-01
7.50593e-01	-1.97444e-01	3.05226e-01	-3.84756e-01
5.67461e-01	-2.56407e-01	9.09351e-01	-1.09864e-01
1.27966e-01	5.23698e-01	1.64772e-02	-9.52660e-01
1.00597e+00	7.56109e-01	1.37364e+00	9.92428e-01
3.82462e-01	-8.78156e-01	7.44778e-01	-6.16267e-01
2.01997e-01	3.35182e-01	6.00643e-02	1.05468e-02
1.26547e-01	-9.66096e-01	1.37584e-01	-6.87962e-01
6.75104e-01	-2.39703e-01	1.84930e-01	-2.68205e-01
2.20030e-01	-9.45828e-01	6.90339e-03	-8.43445e-01
2.39887e-01	-1.01725e-01	2.47430e-02	-9.43454e-01
9.97227e-02	-1.43985e-01	9.61537e-01	7.84583e-01
3.30405e-01	-1.11981e-01	1.63746e+00	-4.83488e-01
1.16948e+00	2.22005e-01	3.52246e-01	2.22904e-01
8.34669e-01	4.35591e-01	5.24363e-01	-3.41930e-01
1.73865e-01	-8.90871e-01	6.08037e-01	-9.12431e-01
2.78121e-01	-1.27653e-01	7.48392e-03	-9.67814e-01
5.01817e-02	-9.85299e-01	1.84753e-01	-7.06287e-01
1.49370e+00	9.24451e-02	1.64292e+00	3.09446e-01
2.34281e-01	1.77112e-01	7.78435e-01	6.85737e-01
1.49496e+00	6.94487e-01	1.22305e+00	-1.24264e-01
4.41724e-02	-5.24812e-02	8.52816e-01	2.29122e-02
2.47158e-01	-9.24243e-01	1.28394e-01	-6.19361e-01
1.59377e+00	7.24049e-02	2.15910e-02	-9.05325e-01
1.94724e-01	-6.56237e-01	1.60412e+00	1.17846e-01
1.64124e+00	2.03230e-01	1.47146e-01	2.31700e-01
1.47072e+00	7.59995e-01	1.60973e+00	-3.15173e-01
1.98912e+00	-1.32247e-01	1.79943e+00	-3.17437e-01
4.65218e-01	-9.35741e-01	7.33829e-01	-1.87390e-02
8.77432e-01	-7.08095e-01	5.01509e-02	-5.10541e-01
4.78588e-01	2.73123e-02	1.61774e+00	6.43792e-01
1.48565e+00	6.61782e-01	1.47301e+00	-8.85379e-01
4.49702e-01	3.97803e-02	4.99154e-01	-1.27056e-01
1.79209e+00	9.90812e-01	7.29146e-01	-6.56710e-02
1.53570e-01	-8.09814e-01	3.47035e-02	7.20108e-01
4.70765e-01	-3.36908e-01	1.87517e+00	5.44690e-01
1.28072e-01	-6.41071e-01	1.37049e-01	3.54118e-01
3.38674e-01	-7.98000e-01	1.76115e+00	-5.47246e-01
6.10897e-01	-6.47707e-02	3.22410e-02	-8.04252e-01
6.10057e-01	5.96174e-01	2.93404e-01	2.82025e-01
7.80133e-01	3.80945e-01	8.36766e-01	-2.68055e-02
6.18982e-01	-9.04405e-02	1.82534e+00	2.50517e-01
4.65357e-02	-8.64848e-01	3.25077e-01	-3.95809e-01
1.75451e+00	2.36758e-01	6.58725e-01	5.35983e-01
2.09855e-01	8.85244e-01	8.23390e-01	1.27418e-01
3.29360e-02	-9.54312e-01	9.69627e-01	-5.70918e-01
5.05518e-01	-5.80687e-01	4.18111e-01	-1.76644e-01
1.49058e+00	-4.49300e-01	1.90314e+00	7.03330e-01
1.50667e+00	9.64087e-01	1.21117e-01	3.08211e-01
2.79467e-01	-4.66951e-01	5.05471e-01	-7.93200e-02
1.99875e+00	8.28273e-01	6.46390e-02	2.33629e-04
3.08204e-01	-6.68331e-01	1.95787e+00	6.04390e-01
1.45277e+00	-5.54213e-01	9.80138e-02	-9.72041e-01
1.44352e+00	3.03881e-01	7.37840e-01	-7.62224e-01
9.17492e-01	-5.12956e-03	2.41942e-02	-7.26856e-01
1.18245e-01	-4.81212e-01	1.78133e-01	-8.62574e-01
8.61916e-01	7.60349e-01	2.56871e-01	-5.59304e-01
2.23791e-01	-5.12118e-02	1.94559e+00	-5.98038e-03
3.07000e-01	-5.24415e-01	1.83286e-02	-9.96022e-01
4.01771e-01	-7.68465e-02	1.94180e+00	-3.62538e-01
1.79566e+00	1.96969e-01	1.65140e+00	-2.39250e-01
1.29262e+00	8.16288e-01	1.73267e+00	6.28392e-01
1.11621e-01	-7.38490e-01	6.17956e-01	5.24553e-01
1.48582e+00	1.19137e-01	1.49604e+00	8.18624e-01
5.25638e-01	1.44849e-02	1.11778e+00	-6.65241e-01
1.20373e-01	-9.25322e-01	1.38729e+00	-3.74243e-01
3.03356e-01	-8.10490e-01	1.80133e+00	3.60510e-01
1.90199e+00	2.64402e-01	1.27603e-01	3.73599e-01
1.69891e+00	2.10820e-01	1.91781e+00	1.98604e-01
1.66359e+00	-5.95944e-01	1.50664e+00	9.11347e-01
1.43558e+00	5.41809e-01	1.82456e+00	7.95363e-02
1.17075e+00	8.07880e-01	9.64948e-01	2.89221e-01
