# No. of particles = 100 
# Proton - Solar wind	Electron - Solar wind	
6.30102e+00	-3.23066e+00	5.51322e+00	3.48070e+00
5.41821e+00	-4.51100e+00	9.67698e+00	3.63062e+00
5.59916e+00	-4.12594e+00	6.81815e+00	-3.77167e+00
3.05047e+00	-3.15346e-01	3.45994e+00	-4.12259e+00
8.01143e+00	-2.74791e+00	9.15619e+00	-4.69258e+00
5.68894e+00	-2.10600e+00	6.70565e+00	4.13880e+00
5.87546e+00	-2.53747e+00	9.17828e+00	3.93202e+00
4.43721e+00	-2.14015e+00	5.67454e+00	-2.31661e-01
5.85708e+00	-2.57984e+00	5.48035e+00	2.68722e+00
7.66947e+00	-1.11476e+00	4.00767e+00	-2.93059e+00
7.39659e+00	-2.63225e-01	8.83343e+00	1.88471e+00
4.93349e+00	-2.82423e+00	4.95311e+00	-1.28272e+00
6.33392e+00	-8.06631e-01	3.96912e+00	-2.09265e-01
6.59687e+00	-3.82349e+00	6.76723e+00	-1.09644e+00
7.56276e+00	-8.03172e-01	7.53665e+00	-3.61620e+00
6.84417e+00	4.01654e-01	4.26648e+00	-4.25563e+00
5.47432e+00	-1.17520e+00	3.89764e+00	-2.12655e+00
7.49130e+00	-5.23988e-01	5.82987e+00	-3.08357e+00
3.90539e+00	2.39786e+00	5.04995e+00	2.37061e-02
7.94193e+00	1.28411e+00	7.84862e+00	1.66632e+00
6.58679e+00	-2.13477e+00	5.36356e+00	1.58323e+00
5.05967e+00	-2.57177e-01	7.46399e+00	-1.01578e+00
4.43580e+00	1.63161e-01	6.50597e+00	-8.21769e-01
5.65964e+00	5.07010e-01	1.41737e+00	-2.67220e+00
6.43434e+00	1.87980e+00	9.24310e+00	3.68066e+00
7.24686e+00	8.11502e-01	8.32094e+00	1.19586e+00
4.47313e+00	-2.68332e-01	6.96227e+00	-1.01708e+00
6.50498e+00	1.05973e-01	5.95551e+00	-1.75155e+00
5.40950e+00	1.06067e+00	4.97557e+00	8.49235e-01
6.29103e+00	7.00210e-01	1.05225e+00	4.05352e+00
6.91602e+00	6.04609e-01	7.12791e+00	-4.05220e+00
7.08063e+00	1.17869e+00	6.90853e+00	-1.49100e+00
6.13180e+00	1.51012e+00	3.81951e+00	-4.33086e-01
5.24823e+00	2.50881e+00	3.98656e+00	1.15990e-01
5.26126e+00	1.54670e+00	9.60985e+00	-1.19154e-01
7.23136e+00	2.66582e+00	7.93659e+00	3.68093e+00
7.42575e+00	2.96916e+00	6.97119e+00	-4.74507e+00
5.50757e+00	3.18185e+00	7.75515e+00	8.65970e-02
6.17693e+00	2.96629e+00	5.43571e+00	-2.43215e+00
5.02343e+00	2.67284e+00	6.79305e+00	3.55879e+00
8.30119e+00	2.07685e+00	6.50926e-01	-1.68557e-01
4.64491e+00	3.66420e+00	6.28992e+00	-4.64121e+00
5.35961e+00	2.25618e+00	5.60743e+00	-8.01697e-01
8.03295e+00	2.19873e+00	1.37689e+00	-1.14208e+00
6.10989e+00	4.22353e+00	1.21794e+00	-2.82370e+00
5.41593e+00	4.78222e+00	4.84373e+00	2.67876e+00
5.29260e+00	4.53662e+00	5.32264e+00	4.95287e+00
6.53244e+00	4.89702e+00	4.84291e+00	-7.80671e-01
7.75186e+00	9.09519e-01	5.27535e+00	-1.36958e+00
7.73568e+00	4.28299e+00	8.17008e+00	7.22598e-01
9.57710e+00	3.91429e+00	8.98838e+00	-6.57791e-01
8.07102e+00	-3.31377e+00	7.75536e+00	7.99540e-01
9.32212e+00	-4.10853e+00	7.95382e+00	-6.44585e-01
9.34538e+00	-3.73252e+00	6.84329e+00	2.67185e+00
8.42090e+00	-3.38781e+00	6.31548e+00	3.03588e+00
5.45337e+00	-4.69617e+00	5.49255e+00	-3.92246e+00
6.13579e+00	-4.86492e+00	6.00280e+00	4.68948e+00
8.64018e+00	-2.67880e+00	5.95776e+00	-1.66435e+00
5.41493e+00	-4.57888e+00	6.15504e+00	-2.61570e+00
7.98617e+00	-4.66388e+00	9.50292e+00	-2.14830e+00
5.05053e+00	-4.89225e+00	3.24298e+00	-4.35636e+00
4.86170e+00	-2.30547e+00	7.96053e+00	5.96947e-01
7.88331e+00	-3.22745e+00	4.93811e+00	-6.78188e-01
4.95075e+00	-1.88156e+00	9.45889e+00	8.15248e-01
6.51912e+00	-3.19580e+00	2.63870e+00	2.80853e+00
5.71037e+00	-3.22809e+00	5.81432e+00	4.19149e+00
7.98978e+00	1.78652e-02	7.48182e+00	-3.98945e+00
3.47571e+00	-2.23510e+00	8.70632e+00	-4.71835e+00
7.51660e+00	-3.84898e+00	7.38278e+00	-1.07146e+00
6.15882e+00	-4.07559e+00	9.20690e+00	-4.17351e-01
7.80950e+00	-2.45666e+00	8.90723e+00	-3.20217e+00
4.08727e+00	1.96661e-01	1.25399e+00	4.78387e+00
6.20154e+00	-2.38842e+00	7.22651e+00	3.04065e-01
5.41666e+00	-2.59807e-01	9.26783e+00	2.57677e+00
7.29996e+00	-7.66316e-01	2.93637e+00	2.59344e+00
3.36521e+00	1.01406e-01	1.66881e+00	-1.31172e+00
5.26799e+00	-5.61884e-01	9.87672e+00	-4.54432e+00
5.73386e+00	-2.39579e+00	6.06557e+00	2.24443e+00
5.00324e+00	-2.98350e-01	6.99727e+00	4.54447e+00
6.12378e+00	-5.17178e-01	6.61972e+00	2.71083e+00
5.62728e+00	6.05392e-01	2.06530e+00	-1.61768e+00
5.45727e+00	6.51418e-01	4.68116e+00	-4.70839e+00
5.91118e+00	2.34725e+00	4.80137e+00	1.72324e+00
6.08131e+00	1.42871e+00	8.89190e+00	3.24872e+00
5.60398e+00	1.25655e+00	8.65032e+00	-3.32593e-01
5.65826e+00	9.79309e-01	5.28640e+00	3.60461e+00
4.26684e+00	2.84789e+00	2.43876e+00	1.47247e+00
7.19718e+00	4.89045e-01	4.57560e-01	4.92889e+00
3.50803e+00	1.27610e+00	6.92325e+00	-1.62632e-01
5.58785e+00	2.30949e+00	8.20235e+00	-2.55005e-01
5.90678e+00	1.94396e+00	6.44949e+00	-7.46217e-01
7.68888e+00	2.16712e-01	5.23959e+00	-4.31707e+00
7.05216e+00	8.78065e-01	4.87376e+00	-3.94394e+00
5.95754e+00	3.10912e+00	7.82352e+00	1.53367e+00
4.92300e+00	2.62485e+00	9.35230e+00	3.92806e+00
4.99513e+00	3.27461e+00	5.30586e+00	-1.71377e+00
5.79504e+00	2.64440e+00	8.84380e+00	2.54760e-01
4.15514e+00	2.31945e+00	8.52593e+00	7.19099e-01
5.56640e+00	3.21619e+00	5.74751e+00	2.09721e+00
5.67931e+00	3.33841e+00	6.13523e+00	1.26556e+00
