# No. of particles = 100 
# Proton - Solar wind	Electron - Solar wind	
1.02705e+00	-2.46735e+00	1.70974e+00	-8.46688e-01
2.50714e-01	-2.08512e+00	1.23756e+00	-2.81647e-01
1.41806e+00	-2.16921e+00	1.25862e+00	1.63841e+00
3.47320e-02	-2.31324e+00	2.98393e-01	-1.78172e+00
1.00189e+00	-2.23124e+00	1.70060e+00	-3.81834e-01
4.12717e-01	-2.40233e+00	1.85779e+00	-1.23323e+00
4.72868e-01	-2.36549e+00	2.36726e+00	2.61166e-01
2.66961e-01	-2.49024e+00	2.10722e+00	1.85844e+00
7.03964e-01	-2.40487e+00	8.71591e-01	-8.33234e-01
1.83014e+00	-2.07360e-02	2.68928e-01	-9.26210e-01
2.33680e+00	-2.05015e+00	2.15849e+00	2.65432e-01
6.03619e-02	-2.26793e+00	1.12394e+00	-1.76849e+00
5.89942e-01	-2.35739e+00	1.52703e+00	1.79122e+00
1.85233e+00	-2.44608e+00	1.35721e-01	-2.20647e+00
2.01025e+00	-2.17808e+00	2.43001e+00	1.50061e+00
8.08843e-01	-2.22552e+00	2.35647e-01	6.84620e-01
1.86091e+00	-2.26185e+00	1.57215e+00	-1.50363e-01
1.39895e+00	-6.26584e-01	2.14046e+00	-7.93360e-01
6.22854e-01	-2.21215e+00	1.07472e+00	-2.23347e+00
2.84609e-01	-2.25884e+00	2.09975e+00	1.91574e+00
8.68852e-01	-2.35900e+00	2.14110e+00	-1.10376e+00
9.35644e-01	-2.10977e+00	5.35585e-01	1.18781e+00
7.02968e-01	-1.57620e+00	1.28583e+00	2.40165e+00
3.70115e-01	-2.27968e+00	4.91423e-01	1.22731e-01
9.08861e-01	-2.23153e-01	2.27759e+00	1.16111e+00
2.32798e+00	-2.38010e+00	4.77824e-02	-2.30593e+00
1.06206e+00	-2.28545e+00	8.98238e-01	-2.02713e-02
2.23351e+00	-1.77780e+00	1.74617e+00	-2.10808e+00
1.41323e+00	4.57163e-01	1.60631e+00	9.43382e-01
4.77460e-01	-2.36320e+00	1.50328e+00	1.60966e+00
5.98730e-01	-2.37827e+00	8.76016e-02	-3.82439e-01
1.18235e-01	-2.38754e+00	1.51140e+00	5.21852e-02
1.16368e+00	-2.11490e+00	1.52152e+00	7.58466e-01
1.65008e+00	-1.61536e+00	1.24512e+00	-2.31223e+00
4.41386e-01	-2.32856e+00	1.05775e+00	-2.06898e+00
5.05935e-01	-1.04280e+00	8.21771e-01	-2.30834e+00
2.10531e+00	-1.97743e+00	2.40157e+00	3.30807e-01
8.93149e-01	-2.48740e+00	8.17370e-01	-3.12417e-01
1.15741e+00	-2.18509e+00	6.74256e-01	-1.56416e+00
3.39609e-01	-2.38177e+00	8.57783e-02	-2.40447e+00
1.54091e+00	-1.36333e+00	1.52804e-01	-2.38641e+00
1.15630e+00	-2.45376e+00	1.58337e+00	-1.65851e+00
7.43858e-01	-2.26239e+00	1.18959e+00	-2.43333e+00
1.29507e+00	-5.80894e-01	1.50852e+00	2.81803e-01
1.16013e-01	-2.37242e+00	1.23989e+00	-1.16876e-01
1.30404e+00	-7.03309e-02	8.01420e-01	2.14783e+00
1.19042e+00	-9.21059e-01	2.08417e-01	-2.28870e+00
1.50113e+00	-3.51222e-01	7.71622e-01	-1.46686e+00
1.14646e+00	-2.42327e+00	2.16704e+00	2.47298e+00
5.99533e-01	8.44151e-01	1.01433e+00	-4.28433e-01
2.30129e+00	4.02958e-01	1.47841e-02	-2.02379e+00
1.85900e+00	5.20434e-01	5.87707e-01	-2.45994e+00
6.17387e-01	-4.70297e-01	7.90202e-02	-2.30121e+00
1.50728e+00	1.49752e+00	2.03082e+00	1.52380e+00
2.05662e+00	-1.28514e+00	5.57000e-01	1.62876e-01
1.28049e+00	-6.36273e-01	7.59754e-01	-2.14939e+00
5.84334e-01	4.75085e-01	3.68740e-01	-7.63178e-01
2.20832e+00	-1.04672e-01	1.32267e+00	-7.17621e-01
5.39978e-01	2.34256e-01	3.01957e-01	-3.32369e-01
1.92285e+00	-2.30247e+00	1.26572e+00	-1.25551e+00
2.86705e-01	-2.49645e+00	1.90732e+00	-1.29263e+00
2.22278e-01	9.12905e-01	1.70144e+00	-9.07918e-01
1.70516e+00	-2.40443e+00	1.20114e+00	-3.37308e-01
1.88480e+00	-2.41671e+00	8.39222e-01	1.44568e+00
7.82894e-02	3.18510e-01	1.92132e+00	-1.40419e+00
2.11531e+00	-1.86132e+00	3.74018e-02	-1.58018e-01
1.97278e+00	-2.14736e+00	3.99616e-01	-1.32081e-01
1.41285e+00	-8.28916e-01	2.46623e+00	-1.78246e+00
1.97337e+00	-1.51838e+00	2.11025e-01	-2.40970e+00
2.72697e-01	1.34472e-01	1.03820e+00	-2.37217e+00
8.47852e-01	-8.65238e-01	8.33052e-01	-2.37250e+00
5.96625e-01	-2.41620e+00	4.68097e-01	-1.41262e-01
5.33364e-01	-2.37898e+00	3.07300e-01	-2.11920e+00
1.79041e+00	-2.49823e+00	1.27091e+00	-1.23416e+00
2.06708e+00	-2.33109e+00	2.10034e+00	1.67603e+00
1.44901e+00	-2.07683e+00	3.15219e-01	-1.87249e+00
2.08233e+00	4.12204e-01	8.72396e-01	3.71730e-01
8.85703e-01	-2.42159e+00	3.45843e-01	-2.38784e+00
2.40636e+00	9.44310e-02	2.32404e-01	3.50189e-01
2.08514e+00	-2.19372e+00	3.27924e-01	-1.77501e+00
2.38033e+00	-1.52223e+00	1.24605e-01	-2.05895e+00
7.29196e-01	6.48348e-01	8.19374e-01	-2.03715e+00
1.72315e+00	5.28650e-01	2.49251e+00	2.66040e-01
2.31854e+00	1.37484e+00	7.11872e-01	-4.73790e-01
2.16753e-01	-2.37675e+00	2.35931e+00	-1.23708e+00
1.19874e+00	6.05907e-01	9.43791e-01	-2.05164e+00
1.19934e+00	-2.47038e+00	1.31978e+00	-1.46343e+00
1.51329e+00	-5.91450e-01	1.37702e+00	-2.11509e+00
1.01023e+00	-2.27959e+00	1.07067e+00	-1.96448e+00
3.89069e-01	-2.26204e+00	2.42315e+00	9.20302e-01
4.32436e-02	5.03542e-01	1.17012e+00	-1.32494e-01
1.16331e+00	-2.02255e+00	1.27187e+00	7.74467e-01
8.31864e-01	-2.73638e-01	2.26145e+00	-9.61284e-02
1.22398e+00	-2.39679e+00	2.40618e+00	-2.29131e-01
2.39615e+00	-5.91507e-01	2.06611e+00	-1.67848e+00
1.58136e+00	-1.19732e+00	7.12270e-02	-2.47377e+00
2.05925e+00	-2.44395e+00	1.71338e+00	-2.09223e+00
1.65882e+00	4.21368e-02	5.55959e-01	-3.91647e-01
1.97453e+00	4.98778e-01	1.84695e+00	-6.74424e-01
1.34843e+00	5.93036e-01	9.31950e-02	4.97494e-01
