# No. of particles = 100 
# Proton - Solar wind	Electron - Solar wind	
1.80350e+00	2.58743e-01	1.16956e-01	-6.10877e-01
2.23529e-01	-6.58084e-01	9.77564e-01	9.45432e-01
1.40495e+00	-5.96163e-01	7.49081e-01	-3.08787e-01
1.59165e+00	-2.24830e-01	1.05360e+00	-4.07908e-01
2.03364e-01	-2.47463e-01	3.29038e-01	-3.89537e-01
1.91042e+00	1.87830e-01	1.64755e+00	9.27659e-01
2.19991e-01	-8.54654e-01	1.51566e+00	6.18608e-02
1.21923e+00	5.03729e-01	5.32620e-01	-6.49442e-01
7.99454e-01	9.58711e-02	1.67563e-01	-5.32058e-01
1.72369e+00	2.81837e-01	8.19569e-01	-6.95209e-01
8.52729e-01	1.73348e-01	9.08355e-02	-8.31446e-01
1.84272e+00	-7.17812e-01	2.01401e-01	-8.45851e-01
4.41184e-01	-7.36054e-01	4.40808e-01	-7.00264e-01
3.09712e-01	-5.40323e-01	8.57308e-01	2.76330e-02
1.49425e-01	-7.81155e-01	1.32164e+00	2.96795e-01
9.53219e-01	4.50849e-01	5.38317e-01	-3.12931e-01
1.61968e+00	1.18078e-01	1.11059e+00	-4.57365e-01
1.28262e-02	-8.90642e-01	4.15432e-01	-7.24104e-01
5.76613e-01	-1.23251e-01	4.92159e-01	3.22251e-02
7.12106e-02	-8.47311e-01	1.38711e+00	-3.86808e-01
6.14062e-01	2.37798e-01	1.65247e+00	7.56512e-01
1.79995e+00	-6.69619e-01	1.56481e-01	8.01207e-01
9.82018e-01	-3.80927e-01	1.43231e-01	-1.65016e-01
1.33891e-01	-3.47530e-01	9.57010e-01	1.60274e-02
3.10544e-01	-9.41983e-01	7.76667e-01	-1.62922e-01
8.15823e-02	-7.99993e-01	7.17897e-01	-2.29085e-02
9.97012e-01	7.09266e-01	5.00496e-01	-9.93028e-01
1.30454e+00	1.84630e-01	2.88895e-01	-8.01049e-01
1.08846e+00	8.26128e-01	1.68358e-02	-9.62503e-01
6.92597e-01	-7.14823e-01	9.53224e-02	-2.57536e-01
3.30061e-01	-4.13234e-01	1.77070e+00	3.97733e-01
1.13618e-03	-8.97660e-01	5.19136e-02	-9.18776e-01
1.42442e-01	-6.44350e-01	1.80448e+00	-6.26328e-01
1.32243e+00	-5.50100e-01	1.75028e+00	-9.53773e-01
1.21704e+00	4.44457e-02	8.15660e-01	-7.79404e-01
5.99199e-01	-5.91531e-01	5.70796e-01	-5.90983e-01
4.39920e-03	-9.89540e-01	5.21115e-01	-3.68099e-01
9.69071e-02	3.44915e-01	9.91269e-01	1.26488e-01
2.36819e-01	1.21002e-01	9.34549e-01	9.09805e-01
1.30969e-01	-8.04751e-01	3.06428e-01	1.29006e-01
1.35888e+00	9.79842e-01	9.09572e-01	-8.78141e-01
1.03766e-01	-9.54819e-01	4.57730e-01	5.58873e-01
6.80739e-01	6.40605e-01	8.63281e-01	-4.60165e-01
3.67549e-01	6.01087e-02	8.80736e-03	-9.46859e-01
1.40948e+00	8.54090e-01	1.80105e-01	-9.50537e-01
6.80750e-01	9.58438e-01	2.21995e-01	-5.03717e-01
6.67971e-01	-5.16108e-01	8.15520e-01	4.01592e-01
8.33001e-01	-2.19122e-01	3.15222e-01	3.12223e-02
1.05700e+00	3.60170e-01	1.78888e+00	-8.77728e-01
9.20052e-01	-4.65779e-01	7.14449e-02	9.39742e-01
1.28869e+00	9.72161e-01	5.74273e-01	-2.04450e-01
3.76694e-01	-7.40621e-01	1.20202e+00	-8.25757e-01
5.01903e-01	3.83521e-01	1.25298e+00	4.94755e-01
5.25995e-01	-2.06056e-01	1.27204e+00	8.94201e-01
6.17013e-01	-2.68979e-01	1.77254e-01	-7.76530e-01
1.05400e+00	-6.05766e-01	3.19497e-01	7.23060e-02
1.92633e+00	3.10690e-01	9.89420e-02	-9.55206e-01
5.97435e-01	-6.29988e-01	1.43189e+00	7.95111e-01
6.61255e-02	-3.88479e-01	1.10551e+00	-5.94512e-01
1.28101e+00	7.74226e-01	1.17094e+00	1.74675e-01
1.90745e-01	-9.95650e-01	6.21336e-02	-9.02785e-01
4.18599e-01	2.50556e-01	1.76401e-01	-1.73222e-01
5.86000e-01	-5.86854e-01	9.01703e-01	9.30550e-01
1.73354e-01	-8.35581e-01	1.22486e+00	-3.50991e-02
4.68628e-01	-8.88014e-01	1.98157e+00	-1.30908e-01
3.81962e-01	6.73132e-01	3.47144e-02	9.61086e-01
1.46740e+00	-8.35432e-01	2.30525e-01	3.14370e-01
1.98145e+00	4.84967e-03	7.62205e-02	-7.68634e-01
2.72296e-01	-5.12404e-01	8.53079e-02	1.04099e-01
8.34753e-01	2.67995e-02	1.15654e-02	1.02897e-03
2.28499e-01	-3.85599e-01	3.32853e-01	-8.83073e-01
5.56420e-01	-5.65265e-01	1.02320e-01	-1.46443e-01
8.12391e-01	-1.20071e-01	9.30100e-02	-5.67033e-02
1.87632e+00	-2.49011e-01	1.85769e+00	-7.54165e-01
2.96021e-01	-7.97075e-01	5.48920e-01	7.08650e-01
1.64393e+00	-2.24337e-01	6.54525e-02	-8.93147e-01
9.15897e-03	6.72734e-02	1.46745e+00	8.34762e-01
1.20067e+00	7.16447e-01	5.35406e-01	-3.84937e-01
1.22901e+00	5.39820e-01	9.65425e-01	2.49721e-02
1.31813e-01	8.07170e-01	1.39889e+00	-7.37149e-01
1.98892e+00	2.29851e-01	1.30929e+00	-3.71098e-01
7.94472e-01	5.65456e-02	1.73282e+00	9.27714e-01
2.39790e-01	-7.46635e-01	2.83259e-01	9.54625e-01
5.13305e-02	9.17965e-01	2.97913e-01	5.26177e-01
2.65669e-03	-1.88956e-01	7.29345e-01	-8.30023e-01
1.00084e-01	-5.37968e-01	1.90598e-01	-1.99500e-02
1.16442e-01	-7.96342e-01	1.46441e+00	-5.16091e-01
1.24514e-01	9.60080e-02	7.83885e-01	-6.14802e-01
7.96523e-01	-6.84068e-01	2.11468e-01	2.00080e-01
4.07566e-01	-9.27056e-01	1.48661e+00	1.18942e-01
6.89209e-02	-9.55534e-01	9.10379e-01	-8.77563e-01
6.15077e-01	2.83058e-01	1.33815e+00	2.42676e-01
2.60775e-01	-5.47533e-01	4.58307e-01	-4.96455e-01
5.43284e-01	-3.27019e-01	3.27118e-01	1.94276e-01
1.06173e-01	3.97018e-01	8.29063e-02	-7.70198e-01
9.75814e-01	4.11559e-01	1.53561e+00	-1.80202e-02
1.68151e+00	-5.04019e-01	6.64210e-01	-9.44087e-01
1.94978e-01	-9.14835e-01	4.05130e-01	5.25994e-03
3.93586e-01	8.51517e-02	6.96464e-01	7.38747e-01
6.86718e-01	1.19564e-01	5.08364e-01	5.23118e-01
