# No. of particles = 100 
# Proton - Solar wind	Electron - Solar wind	
3.47173e-01	-2.40601e+00	6.17660e-02	-1.89795e+00
1.63906e+00	-1.19097e+00	2.44543e+00	-1.64962e+00
6.58932e-01	-2.43974e+00	1.70973e+00	-1.13791e-01
1.89499e+00	-2.36215e+00	8.22165e-01	-1.64167e+00
2.37649e+00	-2.01036e+00	7.84163e-01	-2.12695e+00
1.37806e+00	-2.06081e+00	6.52196e-01	-1.39493e+00
8.48777e-01	-2.26295e+00	1.11191e+00	-1.75141e+00
1.69527e+00	-2.29381e+00	4.34098e-01	-1.16101e+00
5.07442e-01	-2.29059e+00	1.31634e+00	-1.48806e+00
6.06003e-01	-2.27054e+00	4.56729e-01	3.29663e-01
1.92106e+00	-2.10624e+00	1.61092e-01	-2.41671e+00
1.78774e+00	-2.20264e+00	2.98395e-01	-2.01713e+00
2.31920e+00	-2.36299e+00	4.73167e-01	-1.33090e+00
1.98245e+00	3.36203e-02	2.26718e+00	-2.66516e-01
1.53586e+00	-2.17191e+00	1.19802e+00	-1.02752e+00
2.25859e+00	-2.03544e+00	1.38358e+00	1.21657e+00
1.44199e+00	-2.32270e+00	1.58171e+00	6.57394e-01
6.36954e-01	-1.19114e+00	1.38204e+00	-2.41239e+00
1.79198e+00	-1.98350e+00	1.30376e+00	2.04809e+00
2.00040e+00	-2.03694e+00	1.68957e-02	-2.23614e+00
2.42412e-01	-2.26367e+00	4.11058e-01	-1.24877e+00
7.86210e-01	-2.45771e+00	1.27684e+00	3.30921e-01
2.46598e+00	-1.60229e+00	1.83131e-01	-2.25453e+00
2.26083e+00	-2.18824e+00	3.81342e-01	-2.30571e+00
5.12178e-02	-2.33459e+00	7.98318e-01	-1.44605e+00
1.52607e+00	-2.24354e+00	2.37181e-02	-2.42002e+00
5.19725e-01	-2.35511e+00	1.78379e+00	-3.47480e-01
1.16284e+00	-2.47375e+00	1.81174e+00	3.48523e-01
5.36191e-01	-2.20285e+00	9.59904e-01	1.45940e+00
2.14455e+00	-1.77582e+00	2.94021e-01	9.88273e-02
1.03324e-01	-2.43374e+00	1.37128e+00	1.09531e+00
1.36567e+00	-2.19825e+00	3.99744e-02	-2.46897e+00
5.91380e-01	-2.44926e+00	1.80560e+00	-1.52869e+00
8.74869e-01	-2.33410e+00	2.05696e+00	-6.29621e-02
2.10515e+00	-2.25661e+00	1.97143e+00	-2.17967e+00
2.41447e+00	-1.23345e+00	1.36094e-01	1.96654e-01
1.47483e+00	-1.88429e+00	4.44952e-01	-2.26146e+00
1.58749e+00	1.84114e-01	2.41923e+00	5.99321e-01
7.55506e-01	-1.10013e+00	2.65836e-01	-6.78278e-01
2.00981e+00	-2.39296e+00	4.27486e-01	-1.85329e+00
6.13098e-01	-2.31075e+00	1.49454e-01	-1.21353e+00
1.35296e+00	-2.38262e+00	2.11641e+00	-1.42805e+00
2.31832e+00	-2.19849e+00	2.13824e+00	2.34790e+00
5.81163e-01	-1.93109e+00	6.97317e-01	7.96667e-01
1.10243e-01	-2.41373e+00	1.18605e+00	-9.94055e-01
6.86903e-01	7.76140e-02	6.37955e-01	-2.80477e-01
2.48646e+00	-1.51782e+00	1.13000e+00	-5.07946e-01
1.06775e+00	-2.42413e+00	4.19957e-01	1.50860e+00
3.71185e-01	-2.44536e+00	1.07607e+00	1.45391e+00
4.56972e-01	-2.34434e+00	1.20577e+00	-5.94413e-01
1.33563e+00	-2.39697e+00	1.29558e-01	1.46555e+00
9.64411e-01	-1.97286e+00	8.05840e-01	4.50895e-01
2.15190e+00	-1.13488e+00	2.97461e-02	-1.57713e+00
1.76667e-02	-2.44579e+00	1.92522e+00	5.35108e-01
1.17519e+00	-2.23533e+00	2.39859e+00	-1.87942e+00
6.77150e-01	3.16053e-01	1.73710e+00	2.06098e+00
1.30991e+00	1.02316e-01	3.48653e-02	-2.34636e+00
1.52735e+00	-2.47727e+00	2.06389e-01	3.09136e-01
5.09482e-01	-9.76894e-02	4.12266e-01	-2.25873e+00
1.20710e+00	-2.30459e+00	1.57070e+00	1.05849e+00
1.55798e+00	-3.03810e-01	1.03193e+00	-1.88688e+00
7.76861e-01	1.53417e-01	3.93641e-01	1.01278e-01
1.16039e+00	-2.14264e+00	1.64593e+00	1.20377e+00
5.23211e-01	4.80549e-01	4.92325e-01	-2.27928e+00
1.72023e+00	-9.14002e-01	7.85185e-01	-5.87323e-01
1.81850e+00	-2.09031e-01	1.13759e+00	-2.49269e+00
1.27864e+00	-1.22655e+00	1.13329e+00	-8.28071e-01
2.02249e+00	-1.17648e+00	3.39254e-01	-2.12118e+00
1.23873e+00	2.73596e-01	5.37026e-01	-1.27280e+00
2.12857e+00	-3.17319e-01	3.86560e-01	-8.40582e-01
1.73396e-01	4.68279e-01	7.71441e-01	-8.31962e-01
1.13611e+00	-5.76263e-01	2.48333e+00	1.07130e+00
1.97331e+00	-2.49283e+00	1.02077e+00	-1.69103e+00
2.41913e+00	-2.13049e+00	6.84625e-01	-2.33868e+00
1.19342e+00	-4.31310e-01	8.51918e-01	-2.14729e+00
2.47420e+00	-1.80322e+00	2.39597e+00	1.88501e-01
1.88108e+00	1.57555e-01	1.81038e+00	-1.08712e+00
1.02951e-01	-2.40316e+00	3.49339e-01	1.17895e+00
1.39807e+00	2.91704e-01	1.20453e+00	1.06749e+00
1.21116e+00	1.61615e+00	1.50734e+00	-2.29950e+00
1.46061e+00	-7.56399e-01	2.05844e+00	-8.86472e-01
2.28289e+00	4.96633e-01	1.04074e-01	-2.17108e+00
6.79888e-01	1.48475e+00	1.94830e+00	-2.21326e+00
2.32470e+00	5.52768e-01	1.04940e+00	2.42883e+00
2.28678e+00	-2.45857e+00	2.16476e+00	7.67776e-01
3.83896e-01	-2.42729e+00	2.06243e+00	-1.42953e+00
1.44867e+00	-2.15437e+00	9.33670e-01	1.51435e+00
4.82282e-01	2.58345e-02	3.49457e-01	-2.38374e+00
2.64074e-01	-2.35366e+00	8.49477e-01	-2.57029e-03
2.06066e+00	-2.18421e+00	2.25115e+00	-2.41220e-01
1.84382e+00	6.00570e-01	3.90628e-01	3.71742e-02
3.36976e-01	-5.11686e-01	2.20943e-01	1.54883e+00
2.09354e+00	-1.71232e-01	1.98233e-01	-1.99356e+00
1.16741e+00	-2.48944e+00	2.37603e+00	1.82850e-01
9.51477e-01	1.10385e+00	1.39961e-01	-2.43524e+00
1.20426e-01	-2.30823e+00	1.27432e+00	-1.91297e+00
1.23321e+00	-2.37149e+00	1.39131e-01	-2.07417e-01
2.38694e-02	-8.48488e-02	1.33654e+00	-6.02807e-01
1.32849e+00	1.01700e+00	2.41837e+00	-1.87590e+00
9.69207e-01	-2.49585e+00	3.25805e-01	-4.06731e-01
