# No. of particles = 100 
# Proton - Solar wind	Electron - Solar wind	
4.94956e+00	3.42146e+00	2.58818e+00	3.01624e+00
3.33437e+00	-3.72623e+00	1.48615e+00	2.68693e+00
4.03324e+00	-4.28466e+00	5.71882e-01	4.96085e+00
2.79363e+00	-3.95251e+00	4.34509e+00	-2.67480e+00
9.03204e+00	-3.97916e+00	9.72784e+00	2.72619e+00
9.75889e+00	-4.60577e+00	4.80200e+00	1.78937e+00
9.55004e+00	-4.59861e+00	5.03112e+00	-3.59716e+00
4.27387e+00	-3.68898e+00	2.68064e+00	4.63764e+00
3.72612e+00	-4.90076e+00	3.22243e+00	-4.53137e+00
4.05468e+00	-4.46079e+00	9.84730e+00	2.59318e+00
3.15179e+00	-3.87376e+00	9.01980e+00	-3.86583e+00
3.18817e+00	-3.23830e+00	6.75950e-01	1.10364e+00
2.40896e+00	-4.31044e+00	8.17067e+00	1.39217e+00
3.11078e+00	-3.73014e+00	5.24030e+00	-2.79887e+00
3.55503e+00	-4.36106e+00	7.11370e+00	-3.44244e-01
3.27497e+00	-3.72960e+00	1.49081e+00	-2.40300e+00
2.96162e+00	-3.95953e+00	2.68048e+00	-4.10923e+00
2.08828e+00	-3.34310e+00	6.34107e+00	-1.31621e+00
4.50848e+00	-3.34801e+00	7.94005e+00	1.66648e+00
3.74930e+00	-2.70629e+00	3.80826e-01	-3.63753e+00
3.92896e+00	-1.73938e+00	3.51018e+00	-3.53983e+00
3.93465e+00	-2.52389e+00	3.23581e+00	-1.48694e+00
2.47860e+00	-3.25749e+00	7.64523e+00	4.81817e+00
2.72250e+00	-1.70587e+00	6.61591e+00	3.27470e+00
1.92051e+00	-6.88565e-01	7.88515e+00	1.81365e+00
3.46930e+00	-1.99436e+00	6.57557e-01	1.07376e+00
2.82855e+00	-8.19784e-01	3.36779e+00	1.71920e+00
3.07166e+00	-6.33416e-01	8.98495e+00	-2.87097e+00
4.07619e+00	-3.48537e-01	6.55298e+00	-4.94063e+00
3.43409e+00	9.11640e-01	2.22846e+00	-1.40898e+00
3.33754e+00	-1.26291e+00	2.36855e+00	2.39470e+00
2.38617e+00	4.24477e-01	3.44758e+00	1.56132e+00
3.23005e+00	-1.62094e+00	2.77769e+00	-1.90576e+00
4.21652e+00	6.71690e-01	1.76773e+00	5.47875e-01
4.04730e+00	7.02971e-01	6.14586e+00	-3.82883e+00
3.79372e+00	1.55911e+00	8.46846e+00	-2.43506e+00
3.68350e+00	1.32915e+00	7.04129e+00	-8.24181e-01
2.50054e+00	1.78940e+00	4.97059e+00	2.39591e+00
3.12082e+00	2.33939e+00	4.50832e+00	4.39209e+00
3.99503e+00	1.55764e+00	2.92400e+00	-2.15670e+00
6.05043e+00	2.92340e+00	9.12770e+00	-2.62599e+00
2.83239e+00	2.64506e+00	3.30935e+00	-3.17911e+00
2.61530e+00	2.01542e+00	5.16571e+00	-3.30672e-01
3.58953e+00	2.70197e+00	2.26221e+00	4.24982e-01
4.47966e+00	3.39355e+00	6.38995e+00	4.61286e+00
4.08895e+00	3.53433e+00	4.24974e+00	2.35672e+00
4.17702e+00	3.64166e+00	5.97318e+00	1.91015e+00
3.16875e+00	3.96711e+00	6.59913e+00	4.13511e+00
3.02172e+00	3.25184e+00	9.78576e+00	4.89056e+00
3.50398e+00	2.78748e+00	3.77860e+00	-1.78053e+00
5.72504e+00	3.44142e+00	6.95237e+00	-3.26563e+00
5.63333e+00	2.83575e+00	7.61796e+00	-5.91745e-01
3.54226e+00	3.94210e+00	8.70559e+00	-1.73509e+00
2.56665e+00	3.54533e+00	6.97552e+00	3.92039e+00
3.54207e+00	4.31462e+00	7.09173e+00	1.32487e-01
8.74942e+00	-2.98700e+00	3.39244e+00	-6.44708e-01
3.04827e+00	-3.96815e+00	8.86292e-01	2.14963e+00
3.61490e+00	-4.39439e+00	6.92466e-01	-4.38258e+00
3.80793e+00	-3.89723e+00	9.05845e+00	3.72525e+00
4.15129e+00	-4.60036e+00	3.70342e+00	-4.38583e+00
2.94235e+00	-2.39156e+00	7.88037e+00	1.91763e+00
3.32957e+00	-2.98342e+00	7.13896e+00	-1.77550e+00
3.23343e+00	-3.20354e+00	2.84677e+00	2.76816e+00
4.25617e+00	-2.96887e+00	5.70811e+00	-4.54130e-01
4.40967e+00	-3.17148e+00	4.63205e+00	-4.59636e+00
3.91810e+00	-2.33260e+00	1.33722e+00	3.28795e+00
3.96231e+00	-3.61705e+00	7.32539e+00	4.81641e-02
4.57486e+00	-2.04178e+00	3.04683e+00	-2.58315e+00
3.28864e+00	-1.66867e+00	2.10625e+00	3.84057e+00
5.07962e+00	-2.03366e+00	4.49839e+00	3.54737e+00
3.52246e+00	-1.01228e+00	7.96146e+00	2.09548e+00
3.15569e+00	-1.29087e+00	7.46525e+00	-2.05107e+00
2.42201e+00	-2.23730e+00	5.94465e+00	4.49782e+00
3.19459e+00	-1.35447e+00	1.23754e+00	2.77087e+00
3.49427e+00	-1.47721e+00	6.89197e-01	-2.01789e+00
3.17909e+00	-1.23218e+00	2.86146e+00	-2.03030e+00
3.48977e+00	5.18967e-01	6.60427e+00	2.02882e-01
4.33296e+00	-1.34555e-01	6.51571e+00	-3.32515e+00
4.34364e+00	-1.96584e-01	3.84983e+00	1.22162e+00
3.07845e+00	-1.32763e+00	1.11609e+00	-8.12608e-01
3.91953e+00	-2.35505e+00	9.78756e+00	3.34851e+00
3.25687e+00	-1.75507e-01	8.66678e+00	3.66173e+00
3.61295e+00	3.84911e-01	3.80305e+00	3.43406e+00
3.77526e+00	4.04134e-01	1.45205e+00	-4.80948e+00
3.29887e+00	6.39294e-01	4.08613e+00	1.32739e+00
3.54832e+00	7.25362e-01	3.19887e+00	-4.30380e+00
4.95641e+00	-3.10021e-02	7.94756e+00	4.85669e+00
4.35433e+00	7.43314e-01	9.51711e+00	1.44222e+00
5.71016e+00	9.27374e-01	5.41945e+00	-2.44356e+00
4.02410e+00	1.88307e+00	9.41255e+00	-1.55235e+00
5.28437e+00	6.59619e-01	5.50626e+00	6.34012e-01
3.35410e+00	3.18104e+00	7.28504e+00	-2.57045e+00
3.79721e+00	3.14300e+00	1.45779e+00	2.79610e-01
2.63273e+00	3.10355e+00	8.39467e+00	2.81228e+00
3.11232e+00	2.15247e+00	1.16119e+00	4.76710e+00
3.75290e+00	2.94289e+00	7.72587e+00	-1.45313e+00
4.18893e+00	3.11884e+00	7.11887e+00	-3.69326e+00
3.13248e+00	3.53289e+00	2.24108e+00	2.41176e+00
4.96920e+00	1.41501e+00	2.64769e+00	-2.98415e+00
2.43385e+00	2.88279e+00	9.11720e+00	-4.40479e+00
