# No. of particles = 100 
# Proton - Solar wind	Electron - Solar wind	
5.39203e+00	-3.46848e+00	4.31466e+00	-1.02821e+00
4.63615e+00	-4.55234e+00	1.95268e+00	2.49492e+00
4.79178e+00	-4.12377e+00	1.68149e+00	-4.05927e+00
2.61102e+00	-6.92547e-01	2.71744e+00	3.96293e+00
6.85742e+00	-2.77645e+00	9.81583e+00	1.72629e+00
4.86851e+00	-2.19598e+00	9.47865e+00	-1.91333e+00
5.02839e+00	-2.57745e+00	8.61885e+00	-1.17207e+00
3.79719e+00	-2.22209e+00	6.25826e+00	-1.33154e+00
5.01297e+00	-2.56246e+00	9.52658e+00	-2.95990e+00
6.56251e+00	-1.30577e+00	4.91250e+00	-9.22728e-01
6.33046e+00	-5.47607e-01	4.68550e+00	2.84907e+00
4.22134e+00	-2.72780e+00	3.55577e+00	-1.77971e+00
5.41989e+00	-9.59760e-01	7.55107e+00	2.04581e+00
5.64672e+00	-3.50782e+00	5.08619e+00	-1.82270e+00
6.47269e+00	-9.07455e-01	8.97267e+00	-2.85407e+00
5.85653e+00	1.85735e-01	4.42514e+00	5.47535e-01
4.68431e+00	-1.19014e+00	5.99603e+00	-1.66425e+00
6.41111e+00	-5.74570e-01	5.56043e+00	-4.88747e+00
3.34232e+00	1.96196e+00	6.43919e+00	-3.59458e+00
6.79545e+00	1.05683e+00	2.92315e+00	-4.35093e+00
5.63749e+00	-1.90095e+00	1.27247e+00	-2.38833e+00
4.33027e+00	-1.84885e-01	4.60846e+00	-2.90760e+00
3.79540e+00	1.83552e-01	9.52279e+00	-4.36639e+00
4.84358e+00	4.94574e-01	8.62817e+00	4.11672e+00
5.50657e+00	1.65135e+00	9.66570e+00	-1.45388e+00
6.20114e+00	7.61166e-01	4.78858e+00	-1.77627e+00
3.82733e+00	-1.67062e-01	4.97845e+00	-2.93375e+00
5.56675e+00	1.83111e-01	4.31222e+00	-2.31700e-01
4.62927e+00	1.03430e+00	8.85013e+00	2.26278e+00
5.38299e+00	7.13800e-01	6.70150e+00	1.02654e+00
5.91892e+00	6.69584e-01	3.03421e+00	-4.15175e+00
6.05838e+00	1.21191e+00	4.57833e+00	1.50069e+00
5.24699e+00	1.51920e+00	6.89915e+00	-1.34834e-01
4.49234e+00	2.43678e+00	5.55267e+00	-1.38060e+00
4.50172e+00	1.64225e+00	1.45361e+00	-3.01332e+00
6.18748e+00	2.65113e+00	7.88847e+00	3.19704e+00
6.35373e+00	2.96666e+00	7.10012e+00	1.20057e+00
4.71263e+00	3.13668e+00	5.96020e+00	-1.34277e-01
5.28659e+00	2.97041e+00	5.08127e+00	-1.82561e+00
4.29989e+00	2.74373e+00	8.65475e+00	-2.67120e+00
7.10335e+00	2.25710e+00	4.69316e+00	1.45866e+00
3.97524e+00	3.67446e+00	2.36676e+00	2.84325e+00
4.58624e+00	2.46564e+00	9.26660e+00	3.03800e+00
6.87444e+00	2.43806e+00	6.07941e+00	-4.10063e+00
5.22827e+00	4.24186e+00	6.42226e+00	-5.36283e-01
4.63423e+00	4.75026e+00	3.25752e+00	-1.08581e+00
4.52876e+00	4.54087e+00	4.87148e+00	7.11871e-01
5.58975e+00	4.88041e+00	6.73809e+00	4.75770e+00
6.81234e+00	1.49926e+00	9.67648e+00	-1.41078e+00
7.07849e+00	4.38638e+00	9.20827e+00	3.33785e+00
9.66983e+00	3.69926e+00	6.03190e+00	4.67097e+00
8.77622e+00	4.07102e+00	7.74828e+00	4.95860e+00
7.22046e+00	-3.55767e+00	8.19175e+00	-7.31904e-01
8.40692e+00	-4.23741e+00	6.82109e+00	2.39909e+00
8.67799e+00	-3.91558e+00	8.28762e+00	-4.08367e+00
7.20356e+00	-3.53600e+00	5.94162e+00	-4.47858e+00
4.66421e+00	-4.68390e+00	4.01843e-02	4.76051e+00
5.24854e+00	-4.78827e+00	7.18076e+00	8.12236e-01
7.39140e+00	-2.92008e+00	4.63242e+00	-2.39700e+00
4.63121e+00	-4.54153e+00	5.78926e+00	3.41768e+00
6.83161e+00	-4.61207e+00	9.03498e+00	-2.93390e+00
4.32127e+00	-4.76767e+00	1.30108e+00	5.95417e-01
4.15823e+00	-2.50759e+00	5.36012e+00	-4.24976e+00
6.74295e+00	-3.28292e+00	4.20941e+00	4.37839e+00
4.23462e+00	-2.11711e+00	6.04267e+00	-4.88633e+00
5.57759e+00	-3.23697e+00	6.25795e+00	-3.79250e-01
4.88501e+00	-3.22688e+00	1.55415e+00	-2.32606e-01
6.83359e+00	-3.66627e-01	1.03755e+00	-2.19108e+00
2.97317e+00	-2.26378e+00	1.28510e+00	-1.66774e+00
6.43014e+00	-3.63335e+00	9.96971e+00	1.19452e+00
5.26872e+00	-3.80269e+00	6.00509e+00	-4.81760e+00
6.67999e+00	-2.38659e+00	5.29633e-02	2.82550e+00
3.49647e+00	-4.77710e-02	9.54433e+00	-4.76515e+00
5.30545e+00	-2.20195e+00	4.12561e+00	3.02333e+00
4.63396e+00	-3.12922e-01	4.60759e+00	3.47482e+00
6.24318e+00	-7.61318e-01	9.40747e+00	-5.42663e-01
2.87877e+00	4.26285e-02	4.12386e+00	-6.64654e-01
4.50605e+00	-5.43798e-01	1.42244e+00	2.87874e+00
4.90444e+00	-2.10134e+00	4.49185e+00	-1.36247e+00
4.28043e+00	-2.62171e-01	5.56294e+00	4.49812e+00
5.23870e+00	-4.65167e-01	1.13939e+00	7.25426e-01
4.81384e+00	6.10151e-01	9.16348e+00	1.94499e+00
4.66925e+00	6.83179e-01	6.54758e+00	1.52718e+00
5.05708e+00	2.17275e+00	7.98004e+00	4.37861e+00
5.20287e+00	1.38396e+00	5.06668e+00	-1.14251e+00
4.79331e+00	1.26797e+00	8.08056e+00	-2.30535e+00
4.84094e+00	1.04005e+00	3.28412e-01	4.67279e+00
3.64995e+00	2.68512e+00	9.44033e+00	-6.39411e-02
6.15645e+00	6.78024e-01	4.94075e+00	4.19673e+00
3.00048e+00	1.36316e+00	1.23915e+00	2.56858e+00
4.78017e+00	2.27058e+00	9.01386e+00	-1.96797e+00
5.05371e+00	1.94195e+00	1.06509e+00	3.90682e+00
6.57824e+00	4.93350e-01	9.80222e+00	-2.24256e+00
6.03162e+00	1.05777e+00	3.00003e+00	1.44798e+00
5.09674e+00	2.98235e+00	9.12372e+00	-3.10305e+00
4.21065e+00	2.64509e+00	5.61898e+00	2.91916e+00
4.27295e+00	3.17272e+00	2.96873e+00	4.71056e+00
4.95657e+00	2.68938e+00	4.98874e+00	-3.11627e+00
3.55427e+00	2.40374e+00	4.07332e+00	2.07478e+00
4.76178e+00	3.21789e+00	7.54201e+00	2.61962e+00
