# No. of particles = 100 
# Proton - Solar wind	Electron - Solar wind	
9.75127e+00	-2.81780e+00	6.57017e+00	9.52316e-01
1.48840e+00	2.45141e+00	6.45439e+00	3.66489e+00
1.10904e+00	-2.91423e-02	5.58148e+00	-2.93789e+00
6.04009e-01	-1.62445e+00	6.06547e+00	4.89598e+00
3.38944e+00	4.90089e+00	7.17547e+00	2.28115e+00
1.08435e-03	1.00660e+00	5.30865e+00	2.18404e+00
8.73298e+00	-2.82444e+00	4.59312e+00	-2.69274e+00
5.88437e+00	-2.30422e+00	5.77329e+00	-3.14795e+00
7.82365e+00	2.71913e+00	5.08684e+00	4.63831e+00
8.96014e+00	-4.04458e+00	9.76474e+00	3.19507e+00
9.74426e+00	1.93404e+00	9.78865e+00	-4.51349e+00
7.77150e+00	2.53063e+00	6.05918e+00	4.98047e+00
9.87470e+00	-2.46235e+00	5.12565e+00	4.96103e+00
9.43486e+00	-3.79484e+00	9.05728e+00	4.96829e+00
8.59874e+00	-2.16073e+00	2.75366e+00	7.05509e-01
9.36186e+00	4.34898e+00	6.35358e+00	-4.55155e+00
9.35785e+00	-2.68635e+00	7.92905e+00	2.50843e+00
7.71060e+00	-1.70485e+00	4.19606e+00	-3.81305e+00
7.10418e+00	1.26554e+00	9.66500e+00	-4.21729e+00
9.50871e+00	7.57313e-02	5.94750e+00	4.52940e+00
5.79493e+00	3.18934e+00	5.96424e-01	-1.23217e+00
9.75309e+00	-4.17829e+00	7.82356e+00	-2.18510e+00
4.59833e+00	-9.06980e-01	6.14116e-01	2.90356e+00
9.53224e+00	-1.30012e+00	9.42693e+00	1.28677e+00
9.99765e+00	1.47999e+00	2.07775e+00	3.77383e+00
5.20747e+00	-3.12929e+00	3.85473e-01	-7.76911e-01
8.35449e+00	-3.12752e-01	4.01358e+00	-2.19697e+00
9.47652e+00	8.89361e-02	7.72127e+00	-2.85410e+00
9.85328e+00	-3.29390e+00	8.81845e+00	4.56898e+00
8.61966e+00	6.11923e-01	1.53411e+00	2.96313e+00
8.72976e+00	-2.09736e+00	6.81463e+00	-2.67383e+00
9.02820e+00	2.12452e+00	7.97521e+00	1.90884e+00
9.70255e+00	-4.11384e+00	4.23390e+00	1.79774e+00
7.18558e+00	4.03145e+00	7.95373e+00	3.95200e+00
9.79895e+00	2.55764e+00	2.68089e+00	-3.28123e+00
7.96621e+00	1.37847e+00	9.16306e+00	1.23245e+00
8.09259e+00	3.84666e+00	6.84557e+00	-4.65061e+00
6.36620e+00	-2.80147e+00	7.81801e+00	4.86923e+00
8.99234e+00	-5.47564e-01	6.07877e+00	-3.94055e+00
9.84943e+00	8.74912e-02	3.97722e+00	-4.98053e+00
7.32063e+00	-2.13739e+00	8.90422e+00	-1.29211e+00
9.55127e+00	4.14582e+00	9.91169e-01	-4.09496e-01
9.95796e+00	-9.68016e-01	1.52229e+00	2.41871e+00
9.24666e+00	2.08213e+00	1.51765e+00	4.89084e+00
8.52613e+00	2.49969e+00	7.11877e+00	-2.61870e+00
3.75689e+00	-5.62416e-01	5.30602e+00	-4.69480e+00
9.86192e+00	1.88928e+00	2.60629e+00	1.59950e+00
9.48719e+00	-1.79849e+00	7.40474e+00	-4.74511e+00
6.77906e+00	2.28066e+00	5.47629e+00	-1.61948e+00
9.56375e+00	3.84750e+00	4.57950e+00	-3.32216e-01
7.61785e+00	-4.60020e+00	3.25050e+00	-2.93859e+00
9.15780e+00	2.46229e+00	8.12623e+00	-4.35563e+00
9.61182e+00	-4.16171e-01	8.58405e+00	4.45098e+00
8.24925e+00	1.87471e+00	6.62419e+00	-2.73512e+00
8.27397e+00	3.06791e+00	9.79698e+00	4.60463e+00
8.23014e+00	1.33371e+00	8.31769e+00	-1.15158e+00
9.36793e+00	-3.13326e+00	7.04611e+00	1.72051e+00
8.98803e+00	-6.14058e-01	5.53700e+00	3.04005e+00
8.77688e+00	2.49251e+00	9.75876e+00	1.59112e+00
9.01710e+00	-1.97348e+00	1.22104e+00	6.12968e-01
7.27951e+00	3.02154e+00	6.09325e-01	-4.03389e+00
8.79146e+00	1.94227e+00	9.56691e+00	-1.26764e+00
6.78832e+00	-1.96384e+00	6.94158e+00	2.35721e+00
9.85849e+00	2.51248e+00	9.32171e+00	-1.42251e+00
9.98184e+00	4.62915e+00	6.55393e+00	-1.22073e+00
9.97586e+00	-6.93159e-01	8.38679e+00	-4.18011e+00
9.85777e+00	4.38709e+00	9.33540e+00	1.31557e+00
9.75757e+00	-1.63130e+00	5.19778e+00	6.23589e-01
9.90334e+00	3.55845e+00	3.75028e+00	-2.39485e+00
9.46423e+00	-1.37555e+00	5.76476e+00	-1.97188e+00
9.04974e+00	4.92354e+00	2.86319e-01	-3.51299e-01
6.45599e+00	-7.55621e-01	3.49639e+00	5.99754e-01
8.61544e+00	-1.21529e+00	8.80037e+00	-2.00954e+00
6.35417e+00	-3.98304e+00	1.95653e+00	2.18725e+00
8.70349e+00	-4.87252e+00	7.98445e+00	3.77184e+00
8.74314e+00	-2.79858e+00	7.50108e+00	-2.65809e+00
5.93793e+00	2.44903e+00	9.85700e+00	-2.47498e+00
9.39112e+00	1.23718e+00	8.29715e+00	-2.66809e+00
4.39430e+00	-2.60765e+00	5.24166e+00	1.15225e+00
8.01734e+00	8.73800e-01	8.32588e+00	-1.56464e+00
9.06177e+00	4.54160e+00	7.94891e+00	4.90769e+00
8.27513e+00	-6.35433e-01	9.31494e+00	2.13730e+00
9.92188e+00	-1.84236e+00	1.56705e+00	1.08213e+00
9.88295e+00	3.55729e+00	3.44910e+00	-1.86209e+00
7.33023e+00	-1.42871e+00	6.23785e+00	-2.48680e+00
9.36187e+00	2.43392e+00	2.43414e+00	-6.66801e-02
9.60250e+00	-2.64941e+00	8.75640e+00	-1.81610e+00
8.32687e+00	-1.80063e+00	7.70102e+00	4.53909e+00
8.62600e+00	-2.08329e+00	9.21735e+00	-4.61942e+00
9.85099e+00	2.72541e+00	2.37978e+00	-4.46981e-01
7.38978e+00	-1.79239e+00	9.83454e+00	1.27648e+00
9.84966e+00	2.07579e+00	9.49045e+00	1.42901e+00
8.85294e+00	-3.87145e+00	9.36277e+00	-3.35627e+00
4.44850e+00	4.90386e-01	6.02110e+00	7.90110e-02
9.53704e+00	1.72135e+00	3.08506e+00	-2.21013e+00
9.79082e+00	1.87727e+00	6.24827e+00	3.29470e+00
7.58297e+00	-3.54425e+00	7.33842e+00	4.67835e+00
9.94698e+00	9.25752e-01	1.88846e+00	1.64854e+00
8.38047e+00	3.18440e+00	5.65445e+00	2.47146e+00
8.34886e+00	-2.34038e+00	1.16601e+00	-2.96513e+00
