# No. of particles = 100 
# Proton - Solar wind	Electron - Solar wind	
4.37282e-01	-7.06335e-01	1.56749e-01	-1.88828e-01
4.57024e-01	-8.47119e-01	1.88204e+00	-9.91460e-01
1.02630e-01	-4.98652e-01	4.74860e-01	7.95728e-01
6.32332e-01	7.52808e-02	1.27783e-01	-9.29688e-01
1.14159e+00	-2.42727e-02	1.09538e+00	6.48911e-01
3.05791e-01	5.74957e-01	1.12591e+00	-2.35138e-02
1.53478e+00	5.19941e-02	3.14293e-01	-9.64709e-01
2.99899e-01	2.24207e-03	4.26182e-01	-9.94103e-01
1.21060e+00	-4.33750e-01	3.49117e-01	-9.82232e-01
8.19144e-01	3.19468e-01	1.66953e+00	-6.29325e-01
1.15072e+00	2.11885e-01	4.90015e-01	-9.25106e-01
1.56885e+00	3.70465e-01	4.62685e-01	-7.48637e-01
1.29715e+00	-7.57051e-01	8.77296e-01	-3.99512e-01
3.91900e-01	-4.27685e-01	4.10909e-02	-3.80935e-01
4.58246e-01	-5.87096e-01	1.27039e-01	-8.21219e-01
2.53309e-01	-6.03570e-01	1.90790e+00	3.57536e-01
1.76800e+00	-8.54752e-01	1.83947e+00	4.17809e-01
1.30972e+00	1.37243e-01	5.95148e-01	7.75188e-02
8.12062e-01	3.99382e-01	1.48342e-01	-3.95328e-01
1.04261e+00	-9.76804e-01	1.93082e+00	-8.75988e-01
8.97689e-01	-2.55032e-01	1.82246e+00	1.77810e-01
4.18119e-01	-4.61443e-01	1.59682e+00	-3.26571e-01
1.06882e+00	-6.91499e-01	8.47859e-01	4.25116e-02
1.09800e+00	1.21799e-02	8.73498e-02	-8.12942e-01
9.75082e-01	-8.16929e-01	1.24650e+00	-6.58725e-01
1.29499e+00	-1.06684e-01	1.88385e+00	8.74855e-02
1.79345e+00	3.87416e-01	8.39129e-01	9.29837e-01
1.32177e-01	-9.25519e-01	1.13004e+00	-7.69050e-01
9.73841e-01	4.52614e-01	6.53541e-01	3.08509e-01
3.21783e-01	2.74193e-01	9.37538e-01	-2.40531e-01
2.88147e-01	6.91688e-01	3.43135e-01	-9.77268e-01
2.39915e-02	2.53020e-01	1.40516e+00	-9.81921e-01
1.05373e-01	-8.57038e-01	4.77072e-01	-2.97544e-01
5.02796e-01	1.24022e-01	1.23842e+00	3.24411e-01
4.04553e-01	-5.89911e-01	1.19415e-01	-2.46137e-01
1.16254e-01	-4.70347e-01	9.32379e-01	-7.84692e-01
2.33034e-01	-2.25618e-01	1.71406e+00	-3.67699e-01
5.35876e-01	-6.85040e-01	1.06315e+00	-7.30824e-01
1.30542e+00	-5.40321e-01	1.08476e+00	-4.60080e-01
1.29887e+00	-2.28982e-01	1.96838e+00	-3.17509e-01
8.85703e-01	-5.93632e-01	1.74906e-01	2.78948e-02
6.41967e-01	3.63350e-01	1.42317e+00	-2.25545e-01
1.26176e-01	-8.52350e-01	3.19072e-03	-8.04811e-01
1.00622e+00	9.68795e-01	1.62961e+00	7.00416e-01
7.76914e-01	-7.80796e-01	1.83349e-02	7.59905e-01
1.08779e+00	-5.19449e-01	7.45954e-01	-8.02001e-02
8.89193e-02	-9.59161e-01	9.41836e-01	-1.41778e-01
8.48326e-01	-4.20967e-01	1.00040e+00	2.48277e-01
1.37264e+00	-7.03610e-02	8.66608e-01	-7.09005e-01
1.68991e+00	2.66058e-01	6.62466e-01	-4.49641e-01
2.51576e-01	-9.53660e-01	8.41932e-01	-5.35975e-01
1.04250e+00	-4.10095e-01	1.52502e+00	-5.90053e-01
2.50864e-01	5.75095e-01	9.18821e-01	-3.29607e-01
2.35185e-02	-4.60881e-01	9.02016e-02	-7.87473e-01
2.72160e-02	-3.15989e-01	3.04100e-03	-9.80404e-01
1.49618e+00	-4.12949e-02	1.25521e+00	3.89603e-01
1.30491e+00	2.40923e-01	3.07704e-01	1.66570e-01
1.88062e+00	1.27941e-01	1.94093e+00	-6.74945e-01
1.10755e+00	-3.55328e-01	4.45665e-01	7.23294e-02
8.56779e-02	-2.26035e-01	7.34731e-03	-9.53917e-01
9.75870e-01	5.26501e-01	8.47837e-01	5.14617e-01
1.91407e+00	-5.12222e-01	6.87863e-01	6.37550e-01
1.10304e+00	-7.61088e-01	4.29973e-01	-2.84334e-01
1.89646e+00	3.46894e-02	1.38364e+00	-1.70280e-01
1.31406e+00	2.34787e-02	1.21404e-02	-9.59457e-01
2.86578e-01	-5.43172e-01	8.71242e-01	-5.10611e-01
9.26254e-01	-3.88225e-01	1.47727e+00	-2.54817e-01
2.47913e-01	-9.31768e-01	1.39913e+00	-4.29404e-01
8.29644e-01	-4.96885e-02	1.23971e+00	5.96890e-03
1.52913e+00	-3.85211e-01	5.96812e-01	2.42689e-01
9.91052e-01	-2.92358e-01	1.51744e+00	-9.74599e-02
6.81837e-01	-1.44085e-01	9.67030e-01	6.93044e-01
1.58567e-01	-3.82034e-01	1.73310e+00	5.86619e-01
1.38119e-01	-8.15875e-01	7.15065e-01	9.91499e-01
2.18974e-02	-9.87748e-01	1.28559e+00	5.70927e-01
1.02557e-01	-9.88464e-01	1.92823e+00	-4.03602e-01
6.61977e-01	3.85278e-01	3.20248e-01	-4.63725e-01
3.21739e-02	8.95350e-01	5.18045e-01	-1.74937e-01
3.55149e-01	3.14514e-01	2.28251e-01	1.06190e-01
1.68180e+00	5.48501e-01	1.74764e+00	1.13246e-01
3.00358e-01	-6.73885e-01	1.60591e+00	-7.75363e-01
3.49437e-01	4.65738e-01	1.11768e+00	1.17413e-01
6.61271e-02	-8.68088e-01	5.77812e-01	-7.25827e-01
1.77980e+00	2.94754e-01	1.65578e+00	6.29131e-01
1.56627e-01	-8.13164e-01	1.22969e+00	-4.99844e-01
1.15939e+00	-6.85204e-01	5.51459e-01	5.06070e-01
1.92813e+00	-1.83915e-01	1.41143e+00	7.92700e-01
8.90854e-01	2.74067e-01	3.60504e-01	1.14070e-01
8.54170e-01	1.69086e-02	1.52444e+00	2.35104e-01
8.88075e-01	1.88864e-01	7.06080e-01	6.03818e-01
4.49157e-01	9.20770e-01	1.26504e+00	1.61390e-01
1.88166e+00	-4.74289e-01	1.18073e+00	-8.98856e-01
1.35731e+00	-6.95555e-01	5.66004e-01	-2.56400e-01
3.36716e-01	-7.48882e-01	1.11511e+00	-1.34747e-02
4.85046e-01	8.50489e-01	7.62481e-02	4.68020e-01
1.68147e+00	8.02673e-01	9.27990e-01	6.81744e-01
1.05563e+00	-7.07843e-01	7.28173e-01	-6.49991e-01
1.85496e+00	-1.44048e-01	5.19727e-01	9.64082e-01
1.47235e+00	4.36167e-01	1.74964e+00	-5.49828e-01
5.73503e-01	1.57541e-01	8.61909e-01	-5.66740e-01
