# No. of particles = 100 
# Proton - Solar wind	Electron - Solar wind	
1.10557e+00	-2.25846e+00	1.84940e-01	-1.54415e+00
9.37219e-01	-2.36274e+00	2.00632e+00	2.09271e+00
1.56420e+00	-2.44891e+00	4.04771e-01	-1.35369e+00
9.57186e-01	-2.45370e+00	1.12903e+00	-4.74987e-01
1.26938e+00	-2.33358e+00	1.13972e+00	-2.18040e+00
2.41830e+00	-1.69278e+00	1.67373e+00	5.52258e-01
7.51435e-01	-2.44215e+00	2.04843e+00	-1.48176e+00
9.60882e-01	-2.27785e+00	1.58111e+00	-1.31710e+00
2.42562e+00	-2.18116e+00	7.13515e-01	-8.93688e-01
1.68353e+00	-2.14440e+00	6.59102e-01	1.68297e+00
1.54959e+00	-2.44453e+00	8.33255e-01	-1.97234e+00
1.17400e+00	-2.36255e+00	4.01887e-01	5.52489e-01
1.70987e+00	-2.29603e+00	1.32806e+00	-1.19398e+00
1.15691e+00	-1.90841e+00	2.88497e-01	-3.20661e-01
1.05670e+00	-2.17145e+00	1.58620e+00	8.95968e-01
1.44335e+00	-1.94199e+00	9.43473e-01	1.07666e+00
1.57292e+00	-2.44668e+00	5.57024e-01	-5.95820e-01
1.17788e-02	-2.49223e+00	1.24573e+00	-1.17208e+00
9.04227e-01	-2.45179e+00	7.05553e-02	-2.36508e+00
1.36407e+00	-2.37072e+00	3.41498e-01	1.72631e+00
2.08636e+00	-2.36901e+00	1.50301e-01	-1.14064e+00
1.09148e+00	-2.46388e+00	1.53413e+00	-2.32258e+00
1.82973e+00	-2.38903e+00	2.46401e-01	-1.67660e+00
1.78511e+00	-2.33856e+00	4.11450e-01	-1.97177e+00
1.95580e+00	-1.88152e+00	3.09446e-01	-2.24185e+00
8.87379e-01	-2.46296e+00	1.41604e+00	-1.93209e+00
2.39380e+00	-2.14382e+00	1.61233e+00	1.05895e-03
1.36343e+00	2.92579e-01	1.19375e+00	-4.89141e-01
6.40253e-02	-2.25192e+00	4.63066e-01	-1.64718e+00
1.47262e+00	-2.35816e+00	3.12986e-01	-1.23440e+00
1.28695e+00	-1.98930e+00	1.20603e+00	-2.18730e-01
5.49429e-01	-2.23110e+00	2.15159e+00	-2.22602e+00
9.34579e-01	-2.00112e+00	2.47271e+00	-1.69793e+00
6.49423e-01	-2.46347e+00	1.03234e+00	-2.41286e+00
1.55849e+00	-2.40743e+00	9.57905e-01	-1.82654e+00
6.41064e-02	-2.22258e+00	9.17330e-02	2.47038e-01
4.56654e-01	-2.40114e+00	4.99321e-01	-6.96097e-01
9.84799e-01	-6.50751e-02	2.80310e-01	-2.17849e+00
3.48500e-01	-2.16049e+00	7.76422e-01	8.86830e-01
1.36898e+00	-2.18153e+00	3.77868e-01	6.24678e-01
2.43050e-01	-2.44066e+00	9.20059e-01	1.02998e+00
6.34979e-01	-2.37754e+00	5.61554e-01	-1.62984e+00
1.55881e+00	-2.28231e+00	1.43139e+00	-5.32322e-01
3.31726e-01	-2.26631e+00	1.43398e+00	-1.86140e+00
1.46589e+00	-2.12707e+00	8.57292e-01	-2.31973e+00
8.53943e-01	-2.43980e+00	1.54627e-01	-2.28308e+00
1.47591e+00	-1.78137e+00	2.06948e+00	-2.07595e+00
1.26950e+00	-7.57206e-02	1.35661e-01	-2.31918e+00
2.39215e+00	-2.24464e+00	7.71829e-01	1.99139e+00
5.44466e-01	-1.99895e+00	8.21084e-01	7.54335e-01
7.91639e-01	4.15424e-01	9.09480e-01	1.11348e+00
1.49136e-01	-2.49805e+00	2.12746e+00	-1.95720e+00
1.45743e+00	-2.35532e+00	1.27631e+00	-1.61936e+00
1.93617e+00	-2.43160e+00	1.20906e+00	1.06150e+00
3.43841e-01	-2.26780e+00	2.38788e+00	-4.60339e-01
1.43724e-01	-2.45239e+00	1.47755e+00	-2.26804e+00
2.09178e+00	-2.99373e-01	8.20971e-01	-7.94651e-01
9.55368e-01	-2.22044e+00	2.14271e+00	-3.56377e-01
2.41372e+00	-1.99702e-01	2.23492e+00	-2.33349e+00
4.70071e-01	-2.37275e+00	9.03837e-01	1.65412e+00
3.89539e-01	1.25300e+00	1.96638e+00	-1.91582e+00
1.37447e+00	-6.64996e-01	9.02145e-01	-1.82593e+00
5.32833e-01	9.99776e-02	9.49914e-01	-2.36021e+00
1.36491e+00	7.35040e-01	2.49390e-01	-2.39456e+00
1.15767e+00	-2.28397e+00	2.04357e+00	-2.90416e-02
1.42841e+00	-8.76546e-01	8.26753e-01	9.80977e-01
6.31175e-01	-7.45923e-01	2.17059e-01	-2.32970e+00
5.30989e-01	-1.00013e+00	4.48404e-01	-2.38213e+00
7.18248e-01	-2.46503e+00	1.26920e+00	2.62948e-01
1.64991e+00	2.12133e-01	7.37799e-01	-8.13454e-01
4.77385e-02	-2.35746e+00	2.05841e+00	-2.09837e+00
5.88168e-01	-2.22181e+00	1.30223e+00	-2.39346e+00
1.97801e+00	-2.40295e+00	1.78960e+00	-1.22963e+00
7.03969e-01	-2.46776e+00	2.36234e+00	6.25608e-01
3.50501e-01	-2.29187e+00	2.17350e+00	2.31848e+00
1.88491e+00	-1.72326e+00	7.98321e-01	-1.91463e+00
1.06260e+00	-2.37750e+00	3.96259e-01	-2.32649e+00
1.94971e+00	-2.46446e+00	9.96852e-02	-1.96994e+00
8.62697e-01	1.60745e+00	9.20933e-01	-2.20140e+00
8.51659e-01	9.61545e-01	2.29210e-01	-2.10622e+00
5.23359e-01	-2.17761e+00	1.03036e+00	1.16230e-01
1.42705e+00	-2.39605e+00	7.06947e-01	-2.34153e+00
1.76530e-01	3.98846e-01	1.18170e+00	1.90864e+00
2.30292e+00	4.95361e-01	2.97775e-01	6.40499e-01
1.73636e+00	-2.15806e+00	7.20346e-01	-1.13269e+00
1.82899e+00	8.04941e-01	1.64113e+00	1.06525e+00
1.00545e+00	-2.10452e+00	2.28570e+00	6.86363e-01
2.38565e+00	-7.11192e-01	1.64438e+00	-2.37046e+00
2.09803e+00	-2.32932e+00	2.03072e-01	-2.29069e+00
1.48615e+00	-1.68116e-01	7.03138e-01	5.85832e-02
2.03301e+00	-2.31626e+00	2.46233e+00	2.34599e+00
2.18064e+00	-3.44343e-01	5.68313e-01	-1.03018e+00
1.90935e+00	4.09846e-01	2.35798e+00	-1.58667e+00
1.62655e+00	6.79090e-01	1.83222e+00	3.42604e-01
1.35320e-01	3.42250e-01	8.23572e-01	-1.33442e-01
1.84931e+00	-2.27904e+00	5.70546e-01	-2.46841e+00
5.74742e-01	2.56429e-01	1.17760e-01	-2.54922e-01
1.91175e+00	1.25633e+00	4.20651e-01	3.25418e-01
6.99977e-01	5.35231e-01	1.33707e+00	-2.16549e+00
1.49802e+00	1.68381e+00	6.41558e-01	-1.12857e+00
