# No. of particles = 100 
# Proton - Solar wind	Electron - Solar wind	
6.43979e+00	-1.86512e+00	5.38370e+00	4.01958e-01
1.22957e+00	-1.39184e+00	4.24493e+00	3.45505e-01
9.11004e-01	4.26586e+00	6.36416e+00	1.84353e+00
4.57069e-01	-2.95289e+00	3.95080e+00	4.04827e-01
2.35627e-01	-3.50311e+00	7.51167e+00	-4.39272e+00
9.48055e+00	1.98413e+00	1.48514e+00	-1.69264e+00
9.88912e+00	3.05668e+00	5.88435e+00	1.63970e+00
8.22829e+00	-2.85750e+00	1.00150e+00	-4.50692e+00
4.92122e+00	-2.77151e+00	9.00038e-01	2.12216e+00
5.54391e+00	-2.23593e+00	9.53958e+00	-4.81226e+00
9.82456e+00	-3.11340e+00	9.57617e+00	-2.42250e+00
7.57036e+00	2.85115e+00	6.28217e-03	1.36674e+00
8.44127e+00	-4.05930e+00	3.71382e-02	-2.79685e+00
9.17967e+00	1.61233e+00	9.97953e+00	-1.56055e+00
7.32155e+00	2.21923e+00	5.84949e+00	-1.96422e-01
9.30284e+00	-2.33808e+00	3.89444e+00	-4.65060e+00
8.88768e+00	-3.75862e+00	3.91002e+00	-4.26791e+00
9.57373e+00	-3.08879e+00	6.21518e+00	-3.96589e+00
8.09997e+00	-2.20217e+00	7.44125e+00	2.58564e+00
8.81694e+00	4.05585e+00	3.93683e+00	-3.27742e+00
8.81319e+00	-2.57393e+00	9.44232e+00	-3.64717e+00
7.26174e+00	-1.59838e+00	5.65384e+00	3.93993e+00
6.69068e+00	1.33948e+00	6.05015e-01	-8.46604e-01
8.95452e+00	-2.74891e-02	9.75170e+00	-1.94905e-01
5.45716e+00	3.26645e+00	7.56349e+00	-1.73972e+00
9.92091e+00	1.84659e+00	1.19686e+00	2.88674e+00
9.18278e+00	-4.03841e+00	9.10046e+00	8.95493e-01
9.69391e+00	7.79683e-01	2.37368e+00	3.22485e+00
4.32893e+00	-9.77685e-01	4.71274e-01	-4.15138e-01
8.97321e+00	-1.01476e+00	3.76204e+00	-2.31122e+00
9.82351e+00	4.90489e+00	7.38813e+00	-2.36136e+00
9.59724e+00	1.09889e+00	8.66599e+00	3.96651e+00
4.90089e+00	-2.96967e+00	1.43744e+00	2.79380e+00
7.86292e+00	-1.33508e-01	6.38510e+00	-2.63486e+00
8.91817e+00	2.59823e-01	9.67305e+00	7.50085e-01
9.31648e+00	-3.39451e+00	8.08497e+00	2.10381e+00
8.30305e+00	2.80727e-01	3.96628e+00	1.90967e+00
8.21456e+00	-2.10687e+00	7.44989e+00	3.83560e+00
8.49453e+00	2.23307e+00	3.14467e+00	-2.76172e+00
9.12752e+00	-4.11774e+00	8.57926e+00	1.20256e+00
9.62513e+00	-2.66200e+00	6.40923e+00	-4.52318e+00
6.75902e+00	3.80627e+00	7.31900e+00	4.57943e+00
9.21726e+00	2.65769e+00	6.20006e+00	-3.36774e+00
9.89874e+00	-2.24717e+00	9.28666e+00	4.83555e+00
7.49242e+00	1.25357e+00	3.73706e+00	-4.34014e+00
7.61150e+00	3.59072e+00	9.54117e+00	1.56939e+00
5.98766e+00	-2.60631e+00	8.33189e+00	-1.47901e+00
8.45712e+00	-7.13063e-01	1.52505e+00	-6.14744e-02
9.26314e+00	1.02017e-01	1.57777e+00	1.94043e+00
6.88501e+00	-1.86718e+00	2.06573e+00	4.60893e+00
9.67928e+00	8.68047e-02	6.65588e+00	-2.72387e+00
9.80077e+00	-4.36546e+00	4.96062e+00	-4.59448e+00
8.98200e+00	3.96145e+00	3.08800e+00	1.20418e+00
9.66865e+00	3.79080e+00	7.51780e+00	-4.10895e+00
9.72806e+00	-4.02101e+00	5.48288e+00	-1.18699e+00
9.36329e+00	-7.52197e-01	4.93489e+00	-1.90308e-01
8.69399e+00	1.97962e+00	3.03724e+00	-2.63755e+00
8.01605e+00	2.49218e+00	7.59268e+00	-4.30432e+00
3.53189e+00	-3.95650e-01	8.01647e+00	3.91808e+00
9.41905e+00	2.07557e+00	9.84269e+00	3.66066e+00
8.91853e+00	-1.93783e+00	6.84944e+00	-2.81430e+00
8.88148e+00	-4.95519e+00	9.14208e+00	4.14334e+00
6.37283e+00	2.13946e+00	3.66382e-01	3.14006e+00
8.99072e+00	3.62280e+00	7.75785e+00	-9.35108e-01
7.16073e+00	-4.48916e+00	6.77293e+00	1.26807e+00
8.60827e+00	2.40188e+00	5.16349e+00	2.92524e+00
9.48369e+00	-3.00387e+00	9.09923e+00	1.19565e+00
9.03438e+00	-4.37080e-01	9.56619e+00	1.89328e+00
7.75403e+00	1.97008e+00	1.81752e+00	4.47604e-01
9.63058e+00	-1.98680e+00	1.25044e+00	-3.70612e+00
7.77661e+00	3.10877e+00	6.46505e+00	2.02308e+00
7.73475e+00	1.19369e+00	6.10202e+00	-1.07444e+00
9.70751e+00	-1.53595e+00	8.68620e+00	1.51517e+00
9.69903e+00	-4.72009e+00	3.61810e+00	-2.57800e+00
9.49765e+00	2.81517e+00	8.27996e+00	8.52087e-01
8.80296e+00	-3.22573e+00	8.51777e+00	-4.98178e+00
9.61161e+00	-1.61484e+00	3.24476e+00	7.23274e-01
8.44639e+00	-5.59693e-01	8.26399e+00	-2.22596e+00
8.24777e+00	2.38513e+00	4.10909e+00	2.60017e+00
8.47334e+00	-1.75436e+00	9.55793e+00	4.74334e-01
6.84053e+00	2.98425e+00	2.54421e+00	1.80292e+00
9.75787e+00	1.75427e-01	9.35755e+00	-7.58201e-01
8.26038e+00	2.09342e+00	7.39665e+00	3.64233e+00
9.69535e+00	-3.99683e+00	6.94434e+00	-2.54849e+00
6.37732e+00	-1.94340e+00	1.71370e+00	1.80751e+00
9.26170e+00	2.29380e+00	9.12300e+00	-2.50279e+00
9.37704e+00	4.21277e+00	8.18092e+00	-2.09651e+00
9.42944e+00	-7.82259e-01	4.97088e+00	6.87593e-01
9.37162e+00	-5.26648e-01	8.45270e+00	-1.38727e+00
9.26067e+00	4.28982e+00	7.34645e+00	4.53265e+00
9.16458e+00	-1.50094e+00	8.95296e+00	-2.89266e-01
9.30150e+00	3.62952e+00	7.06666e+00	-4.01267e+00
9.71039e+00	-3.22064e+00	1.57878e+00	1.38144e+00
8.88864e+00	-1.54879e+00	3.66763e+00	-1.33678e+00
8.49915e+00	4.74306e+00	9.83488e+00	4.98700e+00
6.13037e+00	-4.05604e-01	9.08380e+00	1.11396e+00
8.09080e+00	-1.36304e+00	2.29582e+00	4.74456e+00
5.96725e+00	-3.89138e+00	9.93903e+00	-3.34131e+00
8.17311e+00	-4.82517e+00	9.48073e+00	-2.89323e+00
8.21052e+00	-2.49975e+00	8.73958e+00	-1.28431e+00
