# No. of particles = 100 
# Proton - Solar wind	Electron - Solar wind	
4.14914e-01	6.49820e-01	4.12836e-01	-7.78154e-01
3.54759e-02	-8.62968e-01	1.43784e+00	-4.89637e-02
1.40663e+00	1.36406e-01	1.53718e+00	2.65867e-01
7.42842e-01	4.46640e-02	3.30248e-02	-9.42266e-01
4.45057e-01	4.21414e-01	8.12178e-02	-9.39895e-01
1.09880e+00	3.55420e-01	2.27340e-01	7.35241e-01
8.74645e-01	1.28233e-01	9.34681e-02	6.05501e-01
6.13672e-01	-4.58440e-01	8.61102e-01	6.94439e-02
7.19693e-01	6.46451e-01	1.07573e+00	9.04508e-01
6.53752e-01	3.74376e-01	3.10177e-02	-9.31562e-01
7.57266e-01	1.25359e-01	3.55090e-01	5.31299e-01
9.19065e-01	1.68050e-01	5.28748e-02	-7.68266e-01
1.43452e+00	-9.11629e-02	1.77446e+00	7.03875e-01
4.83385e-01	1.61595e-01	2.08949e-01	2.20258e-01
8.72768e-01	-8.53288e-01	1.77917e+00	8.82367e-02
5.87930e-01	-3.06507e-01	1.95168e+00	-1.20040e-01
7.49886e-02	-6.15233e-01	1.46137e-01	-4.39336e-01
1.13498e-01	-4.92526e-01	2.47583e-01	-7.71102e-01
8.51625e-01	2.46855e-01	8.58572e-01	-7.16944e-01
4.73784e-01	-4.78173e-01	1.89491e+00	-6.19838e-01
1.03208e+00	7.30550e-01	2.49236e-01	-1.08603e-01
4.41186e-01	-4.73742e-01	2.63457e-01	-7.12856e-01
1.97118e+00	3.40784e-01	1.76985e+00	5.70718e-01
3.36756e-01	7.09253e-01	3.08366e-01	-6.20499e-01
5.85258e-01	-4.40739e-01	3.22424e-01	-1.68510e-01
9.39373e-01	-8.94163e-01	1.45503e+00	4.18437e-01
1.91203e-01	1.15016e-01	1.31486e+00	-9.96622e-01
4.90181e-01	4.32752e-01	4.06538e-02	-2.28962e-01
1.15417e+00	-1.72498e-01	1.81522e+00	-1.22969e-02
1.53537e+00	6.29005e-01	6.31193e-01	-9.89662e-02
1.39815e+00	9.77580e-01	1.36920e+00	-1.15034e-02
1.13064e-01	-8.49110e-01	8.90118e-04	1.75711e-01
3.29838e-01	3.80167e-01	6.30136e-02	-8.54375e-01
7.72026e-02	-9.04407e-01	1.09797e+00	8.59293e-01
9.75542e-01	-1.75508e-01	1.90317e+00	4.09270e-01
4.88819e-01	-8.87057e-01	4.09457e-01	6.96006e-01
2.33450e-01	-4.76480e-01	6.28813e-01	3.87531e-01
8.17805e-01	-8.16382e-01	1.88863e+00	-2.52706e-01
4.92766e-01	8.90847e-01	9.78180e-01	-6.69530e-01
6.72364e-01	-5.59412e-01	1.81187e+00	-7.77248e-01
1.78388e-01	1.50243e-01	1.11551e-01	-9.55466e-01
2.57030e-01	1.85127e-01	5.92571e-01	1.50686e-01
2.91666e-01	-6.61333e-01	1.63251e+00	8.29589e-01
3.97690e-01	-5.87914e-01	1.06553e-01	-2.11734e-01
5.21161e-01	6.73717e-01	4.04059e-01	-7.62004e-01
1.24477e+00	-2.60273e-01	3.08130e-01	-8.95743e-01
1.92237e+00	4.06142e-01	7.84663e-01	-8.88981e-01
1.33472e+00	-4.32560e-01	3.99853e-01	-3.87957e-01
1.34024e-01	-4.26030e-01	4.21143e-01	5.33673e-01
5.54913e-01	4.67253e-01	1.93937e+00	-3.90022e-02
8.58128e-01	-4.83583e-01	2.01274e-01	6.16562e-01
7.47409e-01	-7.86307e-01	1.83001e+00	3.37756e-01
7.03423e-01	-3.42622e-01	1.33354e-01	1.87795e-01
9.59571e-01	4.40373e-01	1.09779e+00	-6.96744e-01
7.60680e-01	-1.41061e-01	9.88720e-01	-4.14513e-01
2.15067e-01	-9.80567e-01	1.34921e+00	-6.08390e-01
1.24350e-01	-1.79706e-01	3.93161e-01	-9.21893e-01
5.88823e-01	-4.69950e-02	1.52392e+00	8.03313e-01
1.21446e-01	-7.82472e-01	1.90131e+00	3.65397e-01
2.61697e-01	-7.05028e-01	1.05590e+00	-5.35515e-01
2.30144e-01	-3.36742e-02	3.86037e-01	-1.64656e-01
1.50159e-01	7.68257e-01	1.53005e+00	5.15143e-01
5.13729e-01	-8.26710e-02	1.39270e-02	-9.71093e-01
1.20597e+00	7.41885e-01	6.19789e-01	-9.28525e-01
3.77543e-01	-8.85226e-01	8.15949e-01	-4.31904e-01
6.44807e-01	-6.17231e-01	4.32856e-01	-6.50264e-01
9.34403e-02	-3.23274e-01	5.49554e-01	-6.33188e-01
1.44640e-01	-7.91764e-01	3.77125e-01	-7.19582e-01
1.04581e+00	8.45497e-01	1.59234e+00	-8.40565e-01
1.26524e+00	9.43889e-01	4.61249e-01	-3.21938e-01
1.05067e+00	4.39002e-01	7.10914e-01	-1.68594e-01
1.35147e+00	6.94028e-01	1.83717e+00	-3.43391e-01
3.08734e-01	-4.57040e-01	3.52073e-03	-4.98945e-02
5.58942e-01	1.00757e-01	1.66165e-01	-2.58590e-01
6.19766e-01	-4.60401e-01	2.22368e-01	3.61288e-01
5.68935e-02	1.79985e-01	3.57966e-01	-5.51867e-01
1.74865e-02	-9.63750e-01	1.18009e+00	1.73237e-01
7.82351e-01	-1.41872e-02	1.04525e+00	-1.38438e-01
5.71521e-01	-1.85935e-01	1.04782e+00	7.17224e-01
1.07017e-01	-9.92373e-01	7.86636e-01	-3.14949e-01
5.51108e-02	-7.78196e-01	1.84420e+00	-6.34910e-01
1.09662e+00	5.95673e-01	1.24687e+00	-3.35057e-01
1.25227e+00	3.80424e-01	5.25964e-01	-2.71909e-01
1.20856e-02	4.33804e-01	2.37144e-02	-4.51265e-01
1.77648e+00	4.27937e-02	1.63212e+00	3.99812e-01
2.98154e-01	2.02224e-01	7.82845e-01	-6.35294e-01
4.18716e-01	-3.77021e-01	1.03740e-01	-8.18695e-01
3.51698e-02	-9.79641e-01	1.02688e+00	7.91721e-01
1.67413e-01	-1.37419e-01	5.01924e-01	-1.41985e-01
1.29499e-01	-9.73314e-01	3.51257e-01	1.03509e-01
1.46677e-01	-6.18621e-01	1.80433e+00	3.43067e-01
1.68725e-01	-8.32712e-01	1.00067e+00	9.13656e-01
6.66520e-01	3.03940e-01	1.14535e+00	7.76482e-01
3.96774e-01	-4.71865e-01	1.83692e+00	4.13810e-01
1.12124e+00	5.62523e-01	1.45470e+00	-6.49705e-01
4.26020e-01	-5.38172e-01	9.50802e-01	-7.70464e-01
5.85235e-01	-9.19786e-02	7.91018e-01	3.87794e-01
1.12453e-02	3.33425e-02	1.31194e+00	-2.33797e-01
1.97286e+00	7.81923e-01	1.29255e-01	3.10503e-02
8.88645e-01	-7.87357e-01	6.87386e-01	8.91766e-01
