# No. of particles = 100 
# Proton - Solar wind	Electron - Solar wind	
1.26320e+00	-6.14869e-01	8.85713e+00	4.12609e+00
4.39228e-01	1.46969e+00	1.72297e+00	-3.27347e+00
1.79922e-01	4.59613e+00	8.25526e+00	2.87438e+00
7.64909e-02	4.30206e-01	5.11898e+00	3.66815e+00
4.57179e+00	-4.99653e+00	4.97005e+00	4.79552e+00
4.97169e-03	-4.27470e+00	2.08113e+00	-4.61653e+00
1.26249e-02	-3.81310e+00	9.89444e+00	4.02357e+00
7.11980e+00	1.05198e+00	6.93283e+00	-2.06836e+00
9.78948e+00	-7.51393e-01	3.59407e+00	-2.83198e+00
9.78530e+00	-3.03217e-01	8.75157e+00	-4.73879e-01
9.30963e+00	1.74425e+00	7.34110e-01	-3.63623e+00
8.02306e+00	-6.97561e-01	3.15337e+00	-4.73415e+00
8.18057e+00	-3.14579e+00	7.90998e+00	8.20138e-01
9.51454e+00	2.73201e+00	2.23100e+00	-3.31141e+00
8.97538e+00	-3.73166e+00	3.57644e+00	-4.52027e+00
7.02401e+00	-1.76028e+00	5.41161e+00	-2.17151e+00
6.96472e+00	-1.86506e+00	7.81339e+00	-4.89644e+00
8.82246e+00	-2.51290e-01	6.53802e+00	3.96448e+00
9.56142e+00	-3.23826e+00	9.09727e+00	6.33754e-01
5.93967e+00	-3.40755e+00	5.53878e+00	-6.13004e-01
7.84413e+00	-5.50881e-01	7.82997e+00	-1.38292e+00
6.83782e+00	1.83426e+00	8.98644e+00	3.16024e+00
6.03279e+00	-1.48962e+00	3.88737e+00	-9.95845e-02
9.85335e+00	-2.41282e-01	7.81868e+00	1.35469e+00
5.79900e+00	-2.74586e+00	2.70705e+00	1.86330e+00
8.31127e+00	-1.49527e+00	9.88449e+00	2.58516e+00
8.69346e+00	5.77284e-01	8.23495e+00	1.94389e+00
8.32607e+00	-1.01749e+00	2.37845e+00	4.00887e+00
9.41867e+00	-1.25202e+00	6.39425e-01	-1.78172e+00
4.98873e+00	-2.18584e+00	6.90593e+00	-1.59222e+00
8.79965e+00	-3.40681e+00	7.60394e-01	4.97025e+00
9.88413e+00	8.14079e-01	9.65418e+00	-7.97046e-01
8.77166e+00	-3.44973e+00	6.20190e+00	2.93153e+00
8.29438e+00	4.20487e+00	5.57821e+00	-5.37424e-01
9.02585e+00	-2.34813e+00	9.45249e+00	-4.59424e+00
7.99078e+00	3.75640e+00	8.43954e+00	3.59279e+00
6.29445e+00	-5.66482e-01	3.98099e+00	-3.22944e+00
9.48525e+00	-2.62742e+00	3.81656e-01	2.56407e+00
7.60632e+00	-4.90550e+00	3.66704e+00	-8.71319e-01
9.85797e+00	-1.87082e+00	8.86067e+00	-4.24159e+00
6.66108e+00	8.51043e-02	9.44553e+00	-2.11710e+00
7.90443e+00	-5.15338e-01	9.98095e+00	3.45614e+00
9.05185e+00	3.65846e+00	2.93368e+00	4.20781e+00
9.28262e+00	9.09412e-01	7.34235e+00	3.03915e+00
8.83651e+00	4.55831e+00	5.48261e+00	-4.69600e+00
6.91995e+00	-3.70125e-01	6.71800e+00	1.16046e-01
8.90851e+00	-3.71010e+00	9.88609e+00	-7.31432e-01
9.72333e+00	1.48977e+00	9.09999e-01	-2.09491e+00
7.62463e+00	-1.03318e+00	7.52752e+00	-2.72770e+00
9.17543e+00	-7.75174e-01	6.66044e+00	1.78324e+00
7.94927e+00	-4.42899e+00	6.27413e+00	1.80052e+00
9.03906e+00	2.91081e+00	8.28599e+00	3.54059e+00
9.30785e+00	1.69582e+00	9.12084e+00	9.35043e-01
8.24240e+00	5.12323e-01	3.15887e+00	8.77320e-01
8.51157e+00	-4.06526e+00	7.32857e+00	2.30457e+00
7.01859e+00	-1.74585e+00	5.37826e+00	4.59302e+00
6.59887e+00	2.86892e+00	7.73559e+00	4.42887e+00
9.80570e+00	9.25009e-01	8.78481e+00	9.39264e-02
9.10659e+00	2.44061e+00	5.01580e+00	7.90720e-01
5.77730e+00	-3.58181e+00	2.74833e+00	-1.97475e+00
7.50646e+00	1.73649e+00	6.10348e-01	2.90401e+00
6.79672e+00	3.46784e+00	1.89229e+00	-2.54830e+00
8.68879e+00	-2.11575e+00	7.65923e+00	4.64956e+00
7.52834e+00	-4.77120e+00	7.64273e+00	1.74510e-01
6.99683e+00	-3.87479e+00	1.11114e+00	2.15306e+00
9.01121e+00	-3.65200e+00	7.75989e+00	-3.45312e+00
5.76076e+00	1.42233e+00	3.26683e+00	3.85857e+00
5.93147e+00	4.63529e+00	9.47475e+00	-1.96162e+00
7.82384e+00	5.16076e-01	6.83487e+00	9.01710e-03
9.14159e+00	-3.43217e+00	2.14704e+00	2.03741e+00
9.87084e+00	6.41008e-01	2.30496e-01	2.69355e-01
7.94922e+00	6.82491e-01	9.18870e+00	-2.68649e+00
9.69384e+00	2.48028e+00	7.78891e+00	-1.33994e+00
9.85477e+00	-4.15027e+00	9.78694e+00	-3.92880e+00
8.72578e+00	1.00370e+00	9.61654e+00	-6.02021e-01
9.03890e+00	-3.50135e+00	7.38971e+00	2.87829e+00
9.46961e+00	-2.31363e+00	2.36865e+00	-4.27018e+00
8.23302e+00	-1.66360e+00	5.16482e+00	-3.62142e+00
8.05635e+00	1.88635e+00	5.73017e+00	-1.27852e-01
9.65552e+00	-2.07333e+00	9.96043e+00	-3.13112e-01
4.06700e+00	-2.94476e+00	8.73069e+00	-2.15697e+00
8.70429e+00	3.46223e+00	7.94835e-01	4.15589e+00
6.61422e+00	3.28490e+00	8.19820e+00	9.03787e-01
9.88153e+00	-3.14529e+00	6.23967e+00	4.67652e+00
6.46080e+00	4.62165e+00	1.61276e+00	-2.28931e+00
9.84192e+00	-6.85840e-01	7.69265e+00	-4.22431e+00
9.25604e+00	2.85857e+00	9.61062e+00	-2.60543e-01
9.45020e+00	-3.11511e+00	7.04903e+00	-3.92595e+00
5.51431e+00	-2.55813e-01	9.17006e+00	3.43637e+00
9.90100e+00	2.98763e+00	7.17933e+00	-3.99603e+00
9.06782e+00	2.23269e-01	7.67333e+00	-4.90256e+00
9.31556e+00	2.12702e+00	7.97595e-01	-4.07668e+00
9.62688e+00	-3.90611e+00	2.94043e+00	2.50877e-01
5.59989e+00	1.40385e+00	6.54604e+00	-3.78362e+00
8.85989e+00	-1.69735e+00	4.48947e+00	4.02251e+00
9.03250e+00	-2.12515e+00	7.33235e+00	1.59982e+00
7.16936e+00	-2.18575e+00	6.47296e+00	4.26999e+00
6.36081e+00	2.55948e+00	2.90950e+00	1.28792e+00
8.84495e+00	-8.59767e-01	9.42404e+00	-1.84192e+00
9.78371e+00	-3.06460e+00	6.70312e+00	4.62555e-01
