# No. of particles = 100 
# Proton - Solar wind	Electron - Solar wind	
4.73331e-01	9.33500e-01	1.78823e+00	-4.54017e-01
6.86127e-01	-3.88728e-01	7.35702e-01	-3.26367e-01
1.56012e+00	2.58615e-01	1.79678e+00	2.76639e-01
1.17225e+00	6.48155e-01	3.45625e-01	-5.96129e-01
4.12918e-02	-9.74738e-01	7.85307e-01	-3.09614e-01
1.50818e+00	8.61115e-01	2.04072e-01	5.76751e-01
1.10219e+00	4.20016e-01	1.57335e+00	-1.35080e-01
1.13041e+00	3.70211e-02	6.64606e-01	-5.39678e-01
5.99092e-02	-9.76897e-01	6.42745e-01	-9.23104e-01
5.55067e-02	-8.34766e-01	1.85151e+00	-4.92430e-01
1.07832e+00	7.02371e-01	7.76173e-01	-7.23347e-01
1.01629e+00	2.94158e-01	1.44707e+00	-6.87001e-02
1.53413e+00	-2.54684e-02	4.36324e-01	7.36663e-01
6.06618e-01	5.06650e-01	5.20428e-01	2.05642e-01
1.02971e+00	-8.28014e-01	1.72936e+00	-8.93005e-01
9.87612e-01	1.54543e-01	7.22884e-02	-2.28938e-01
1.37063e-01	-1.66556e-01	4.94033e-01	-7.61930e-01
1.37300e-01	-3.71725e-01	7.51679e-01	-1.07122e-01
1.08786e+00	5.94472e-01	9.08787e-01	6.30502e-01
8.02619e-01	-9.57548e-02	1.27302e+00	-3.97245e-01
1.14737e+00	9.32130e-01	3.13336e-02	2.30862e-01
8.68669e-01	5.04806e-02	1.02809e+00	-2.16961e-01
6.66822e-01	-1.91022e-01	4.39416e-01	2.17944e-01
3.60086e-01	8.16627e-01	6.81056e-03	1.00163e-01
1.22068e+00	2.37433e-01	5.75793e-01	-7.25082e-01
1.90628e+00	-7.96768e-01	7.05759e-01	5.61680e-01
3.31995e-01	2.30029e-01	2.94666e-01	-8.89444e-01
6.31805e-01	8.73154e-01	3.45349e-01	8.89497e-01
1.61095e-01	-4.43671e-01	3.04572e-01	-6.98803e-01
1.76963e+00	8.75851e-01	9.40623e-01	9.24567e-01
1.73534e+00	-6.57212e-01	9.33381e-02	-9.31645e-01
4.29289e-01	-3.35725e-01	4.45625e-02	-8.81286e-01
4.41815e-01	8.65118e-01	1.38350e+00	-9.84097e-02
1.33058e-01	-4.87519e-01	6.63361e-01	3.05802e-01
1.55502e+00	3.07054e-01	1.39303e+00	-1.37942e-01
5.96601e-01	-8.63754e-01	1.26338e+00	9.32851e-01
3.43895e-01	-1.86301e-01	1.84132e+00	-1.23923e-01
9.96643e-01	-7.77001e-01	8.01611e-01	6.73173e-01
1.88026e-01	-9.47540e-01	2.18107e-01	-9.39767e-01
9.54250e-01	-3.16592e-01	4.23122e-02	-8.06465e-01
2.89365e-01	8.63441e-01	1.67174e+00	-6.16792e-01
4.56755e-01	3.25420e-01	2.91595e-01	-7.03879e-01
4.10222e-01	-4.82716e-01	1.67182e+00	-1.49699e-01
4.63712e-01	-4.96495e-01	4.09225e-01	-6.75375e-01
5.92646e-01	9.12953e-01	2.45873e-01	8.62637e-01
1.60074e+00	-4.40788e-02	1.21860e+00	-3.20314e-01
3.23917e-01	-8.69883e-01	2.65754e-01	-8.81844e-01
1.66359e+00	-6.15853e-01	1.12272e+00	-4.49283e-01
1.86097e-01	-2.09285e-01	3.64211e-01	1.80746e-01
5.15739e-02	-9.23096e-01	1.48049e+00	5.69972e-01
1.04079e+00	-3.51216e-01	1.49284e+00	1.25415e-01
1.37814e+00	-6.16629e-01	1.00525e+00	1.38733e-02
1.06600e+00	8.14364e-02	1.69681e+00	2.66074e-01
3.21607e-02	-9.88366e-01	5.12091e-02	-9.75847e-01
1.14028e+00	3.24196e-01	4.97409e-01	-1.16144e-01
6.17902e-01	-9.62665e-01	1.11010e+00	-8.74066e-01
1.49356e-01	7.95521e-02	1.65401e+00	-8.74516e-01
1.10746e+00	8.13236e-01	5.21827e-01	-4.64084e-01
4.73258e-01	-1.13046e-01	1.42080e+00	6.40225e-01
4.10104e-01	-5.45523e-01	2.27241e-01	1.37417e-01
3.62938e-01	5.64469e-01	7.61701e-02	-8.97670e-01
4.20938e-01	-7.27365e-01	1.25114e+00	5.76817e-01
6.21120e-01	1.34738e-01	1.57508e+00	-5.29938e-01
1.65072e-01	-8.53424e-01	5.64296e-01	-6.65511e-01
1.16621e+00	-6.93263e-01	2.34510e-01	4.28738e-01
7.36927e-01	-5.62010e-01	1.86134e+00	-3.55829e-01
1.20412e-01	1.16772e-01	8.91840e-01	-2.17449e-01
3.54775e-01	-4.46046e-01	1.55674e+00	4.45186e-01
1.12533e+00	9.84695e-01	1.13994e+00	9.54649e-01
1.31267e-01	-9.02842e-01	1.76762e+00	-3.05178e-01
3.98099e-01	9.45336e-01	4.30997e-01	-3.70333e-01
1.23174e+00	8.30236e-01	1.76913e+00	4.34558e-01
4.01501e-01	-2.87853e-01	1.59032e+00	6.88778e-01
7.15669e-01	4.15605e-01	3.24536e-01	-9.05744e-01
6.54399e-01	-4.24612e-01	1.35692e+00	-2.89079e-02
8.94340e-02	2.12715e-01	1.07359e+00	-8.10493e-01
1.15701e-01	-7.79583e-01	1.52204e-01	4.35134e-01
1.13037e+00	4.27545e-01	1.61803e+00	-1.81786e-01
7.51635e-01	7.05015e-02	6.56016e-01	-2.31785e-01
1.16300e-01	-8.73424e-01	1.04511e+00	-2.29402e-01
1.74561e-01	-2.85549e-01	7.94739e-01	-1.49615e-01
9.92291e-01	6.82101e-01	1.15274e+00	2.25530e-01
1.35281e+00	4.95767e-01	1.15451e+00	2.06469e-01
8.14625e-02	-9.68529e-01	7.75929e-02	-8.57381e-01
1.34851e+00	3.35778e-01	3.56687e-01	5.20389e-01
3.21145e-01	2.78144e-01	1.93001e+00	-3.77093e-01
4.52004e-01	-3.32993e-01	7.14810e-01	-1.37732e-01
4.66533e-01	-9.20948e-01	1.91251e+00	8.60174e-01
9.33475e-01	-4.24572e-01	1.01118e+00	6.07939e-01
2.89568e-01	-9.60819e-01	1.20881e+00	7.79332e-01
1.57816e-01	-5.82507e-01	1.32083e+00	1.19538e-01
6.45021e-01	-2.50226e-01	1.03932e-01	-1.27529e-01
7.07881e-01	3.89047e-01	5.87950e-02	-7.74757e-01
4.79237e-01	-3.35237e-01	2.94416e-01	7.98955e-01
1.36483e+00	9.72927e-01	4.36849e-01	-2.86331e-01
9.53025e-01	1.63558e-01	9.26631e-01	-8.54346e-01
1.16879e+00	-7.03964e-01	6.29016e-01	-1.96257e-01
1.91917e-01	2.83416e-01	1.42046e+00	6.23063e-02
7.03941e-02	-8.70143e-01	3.44066e-01	5.64369e-01
1.18103e+00	-7.18446e-01	1.52590e-01	-6.17747e-01
