# No. of particles = 100 
# Proton - Solar wind	Electron - Solar wind	
3.40864e-01	2.93831e-01	1.70215e-01	-8.10679e-01
6.99304e-01	3.68363e-01	1.29897e+00	3.59420e-01
1.21362e+00	-1.58171e-02	8.70193e-01	8.18863e-01
2.03635e-01	-7.13105e-01	5.09260e-01	5.87369e-01
2.40592e-01	-3.22447e-01	6.41108e-01	-1.26339e-01
5.85718e-01	-2.78745e-01	1.77082e+00	9.77161e-01
5.88717e-01	-2.37416e-01	9.55353e-02	-4.45849e-01
1.57218e-02	-9.82795e-01	4.98440e-02	-9.14508e-01
2.83063e-01	-4.03991e-01	1.33145e+00	-8.78022e-02
1.41932e-01	-7.32773e-01	5.58143e-01	-3.03487e-01
3.54089e-01	-5.99601e-01	5.36620e-01	-8.13190e-01
7.97216e-01	1.12511e-02	5.73308e-02	-9.48607e-01
1.30924e+00	-1.72800e-01	4.66334e-01	3.78730e-01
3.28623e-01	-2.71944e-01	6.82591e-01	-5.88418e-01
6.76912e-01	-8.85019e-01	2.87565e-01	-6.78289e-01
8.56261e-02	-8.83971e-01	1.99813e+00	-3.62549e-01
1.57642e+00	-2.79280e-01	3.39998e-01	-8.48232e-01
8.43847e-02	-6.44683e-01	2.04527e-01	-9.38715e-01
5.55034e-01	-1.89578e-01	1.54324e+00	-7.13680e-01
6.07572e-02	-9.57717e-01	7.18871e-01	2.86861e-01
8.88200e-01	4.77059e-01	1.07117e+00	-7.54088e-01
5.81498e-01	8.58749e-01	8.90986e-01	2.30145e-01
1.29692e+00	-1.41599e-01	4.23350e-01	1.59867e-01
3.07720e-01	5.74136e-01	1.43628e+00	-7.57512e-02
1.91922e+00	-1.41951e-01	4.28287e-01	1.49669e-01
2.24152e-01	7.50788e-01	5.20714e-01	-4.74864e-01
1.58902e-02	-2.91013e-02	2.60201e-01	-6.60043e-01
3.11168e-01	-1.18681e-01	1.46894e-01	1.80355e-01
1.63221e+00	2.12189e-01	1.88416e+00	-4.70808e-01
1.24211e+00	3.18409e-01	1.21264e-01	-4.77934e-01
1.08721e+00	5.14616e-01	1.17278e+00	-1.02331e-01
1.22798e+00	-8.93112e-01	6.83384e-01	9.42470e-01
1.89085e-01	-2.27741e-01	1.32448e+00	5.71075e-01
1.46948e+00	-5.74234e-01	1.34444e-01	-7.95846e-01
2.48962e-01	-7.81664e-01	1.59589e+00	-5.16873e-01
3.53479e-01	-9.16361e-01	1.42017e-01	-8.14606e-01
9.46298e-02	-8.40897e-01	2.05808e-01	-6.96621e-01
5.93662e-01	-8.65447e-01	1.58258e+00	1.13671e-01
3.98404e-01	5.18612e-01	1.19979e+00	-5.36121e-01
3.19053e-01	-8.63637e-01	1.88036e-01	4.65910e-01
3.97685e-02	-7.44423e-01	3.09826e-01	2.90808e-01
7.55759e-03	8.98171e-03	5.96353e-02	-9.05256e-01
1.41619e-01	-8.85095e-01	1.89064e+00	-8.56691e-01
3.14164e-01	-7.01963e-01	1.17238e+00	3.40561e-01
4.30614e-01	3.73645e-01	1.46227e+00	5.94995e-01
7.97790e-01	-5.31671e-01	8.60878e-02	4.84210e-01
1.76284e+00	2.88515e-01	4.96623e-01	-7.09859e-01
9.22767e-01	-2.03644e-01	6.40520e-01	-1.61388e-02
6.92930e-02	-6.98293e-01	1.84256e+00	7.90270e-01
1.79683e-01	-5.25683e-01	6.41700e-01	6.54771e-01
6.28996e-01	-6.49513e-01	1.02862e+00	-6.54776e-01
1.98786e+00	3.32845e-01	4.50285e-01	3.27542e-01
2.48498e-01	-8.74458e-01	1.28405e-01	-1.97822e-01
9.59570e-02	-8.59230e-01	1.82364e+00	-3.39971e-01
2.83346e-01	-7.23940e-01	2.67876e-01	-5.82755e-01
1.81712e+00	-7.77835e-01	7.24623e-01	5.59257e-01
9.39793e-02	-5.04792e-01	7.80824e-01	-3.32613e-02
1.92903e+00	-3.68315e-01	1.38769e+00	-8.27889e-01
8.24167e-01	7.82071e-01	2.54196e-01	-1.73568e-01
7.43799e-02	-9.05216e-01	1.74310e+00	-4.24157e-02
6.50070e-02	-7.83843e-01	1.95297e+00	8.20332e-01
6.20291e-02	-3.48309e-01	1.34571e+00	-2.91043e-01
3.78746e-01	-3.55152e-01	1.24899e-02	-9.70310e-01
9.30577e-01	3.37344e-01	1.48027e+00	-9.24095e-01
6.51015e-01	8.25339e-01	1.45275e+00	-1.45194e-01
5.29535e-01	-6.86008e-01	1.62985e+00	5.58468e-01
6.02524e-02	-8.75230e-01	7.28924e-01	1.72873e-01
9.38674e-01	7.43615e-01	3.14038e-01	-6.21420e-01
9.46290e-01	6.70901e-01	1.43584e+00	-4.74363e-01
1.02354e+00	5.55627e-01	1.62611e+00	-4.52811e-01
1.86975e+00	-1.95859e-01	8.02365e-01	4.15180e-02
1.50231e+00	5.23282e-01	2.18420e-02	-8.13161e-01
1.92009e-01	-6.68845e-01	3.96676e-02	-8.84508e-01
3.61951e-01	-2.94405e-01	6.57734e-01	-8.80808e-01
5.76642e-01	-5.05301e-01	8.69725e-01	-3.91708e-01
1.72364e-02	1.38790e-01	7.01457e-02	-8.25741e-01
5.37862e-01	7.85530e-01	1.12251e+00	2.60944e-01
3.44505e-01	-5.68232e-01	3.22438e-01	4.92670e-02
3.45513e-01	-5.06958e-01	3.10257e-01	-8.04973e-01
1.18362e+00	3.97050e-01	1.93199e+00	-7.65099e-02
1.25715e+00	-1.13207e-01	2.52172e-02	-9.77875e-01
1.22693e+00	4.86970e-01	4.77830e-01	-2.29171e-01
1.12714e+00	2.34675e-01	8.38628e-01	-2.75211e-01
5.05821e-02	9.13369e-02	7.83036e-01	-3.90425e-01
1.11726e-01	3.51910e-01	1.87079e-01	-2.90697e-01
2.70225e-01	1.07237e-01	2.26846e-01	-1.48471e-01
3.76618e-01	-4.32342e-01	1.98628e-01	1.51286e-01
1.53868e+00	-4.61750e-01	1.69890e+00	1.49732e-01
7.48188e-01	-6.37113e-01	1.58092e-01	-9.30607e-01
2.26878e-01	7.67757e-01	9.80881e-02	-9.22538e-01
1.33433e-01	-6.64138e-01	1.59120e+00	-6.21417e-01
1.94815e-02	-9.86828e-01	1.30548e+00	-6.51201e-01
6.13888e-01	1.95812e-01	1.08749e+00	3.17990e-01
2.93393e-01	-6.42541e-01	9.51137e-01	-5.38134e-01
8.15436e-01	4.84085e-02	3.94374e-01	-1.48642e-01
1.54417e+00	5.42161e-01	1.20083e+00	5.84874e-01
1.45461e+00	8.78886e-01	1.45105e-01	7.49572e-01
5.01266e-01	1.56771e-01	3.90593e-01	-2.72614e-01
1.77213e+00	6.92191e-01	1.99549e+00	-8.20648e-02
5.22624e-01	-8.73571e-01	9.67220e-01	-7.98219e-01
