# No. of particles = 100 
# Proton - Solar wind	Electron - Solar wind	
1.24968e+00	7.44909e-01	5.94139e-01	-3.56639e-01
3.67471e-01	-6.06099e-01	8.18331e-02	-9.44483e-01
8.24049e-02	-9.25448e-01	6.27186e-01	8.01610e-01
1.00302e+00	-3.68651e-01	1.76178e-01	-8.18010e-01
7.15096e-01	-6.02172e-01	1.57793e+00	1.25165e-01
1.45389e-01	-6.30323e-01	1.54395e+00	6.76676e-01
2.00884e-01	-9.50025e-01	3.36671e-01	-6.46045e-01
7.66883e-02	-8.61572e-01	4.51396e-01	5.50054e-01
3.71575e-01	-9.56891e-01	2.25266e-01	-8.85047e-01
2.01902e-01	-9.12836e-01	1.05347e+00	6.38391e-01
5.79160e-01	9.58319e-01	4.61121e-01	5.48095e-02
1.32863e+00	7.38272e-01	4.00320e-01	-5.02065e-01
1.87109e+00	1.79053e-01	1.24275e+00	1.31066e-01
4.79071e-01	-4.28476e-01	7.39674e-01	1.92590e-01
1.50963e+00	-7.83231e-01	7.39999e-01	-7.77213e-02
3.38570e-01	-6.94984e-01	1.01619e-01	-8.39499e-01
1.75785e+00	-3.27738e-01	1.49600e+00	7.42575e-02
1.80587e-01	-1.16436e-02	6.39593e-01	-5.73711e-01
8.97119e-01	-7.07484e-01	6.00123e-01	-4.77673e-01
2.17005e-02	-8.09812e-01	1.62934e+00	6.79362e-01
1.25405e+00	-4.10760e-01	1.34839e+00	-6.79054e-01
1.63075e-01	-6.22856e-01	1.27728e+00	-8.71980e-03
4.24024e-01	-8.78155e-01	8.91071e-01	7.17167e-01
3.15420e-01	-6.73636e-01	1.27760e-02	-6.98927e-01
1.00126e+00	-6.30868e-01	1.80471e+00	-8.67745e-01
7.18511e-01	-2.71155e-01	5.96531e-01	-1.33266e-01
7.28726e-01	6.10758e-01	9.81370e-01	-7.13961e-01
6.79324e-01	2.69071e-01	2.63904e-01	-7.49068e-01
4.95810e-01	-9.11956e-01	1.78674e-01	3.86941e-01
2.78938e-01	-4.70872e-01	1.84217e+00	1.05978e-02
3.19043e-01	-6.22923e-01	7.45814e-01	1.55604e-01
5.02136e-02	-9.73213e-01	1.24004e+00	6.86897e-02
2.06537e-01	-3.61446e-01	6.95570e-01	3.94022e-01
2.77306e-01	7.72944e-01	1.49398e+00	-7.20532e-01
3.93098e-01	-1.55223e-01	8.85710e-02	-4.83982e-01
9.15863e-01	-8.23058e-01	4.14225e-01	1.93472e-01
6.29553e-01	7.16416e-01	1.62476e+00	-9.22756e-01
1.54558e+00	-6.92926e-01	7.71240e-01	-4.05120e-01
1.46426e+00	-7.77653e-01	4.59347e-01	1.10552e-01
1.90416e+00	4.22046e-01	1.83112e-01	-8.57801e-01
2.25120e-01	-8.94840e-01	5.89821e-01	-5.14155e-01
1.04255e+00	7.91065e-01	8.29232e-01	-1.41836e-02
6.80630e-01	2.39672e-02	1.64934e+00	-5.01687e-01
6.14087e-01	-2.54876e-01	6.32194e-01	3.67480e-01
1.55797e+00	8.94730e-01	1.09061e+00	-6.84296e-01
3.15393e-01	-9.04365e-01	4.57083e-01	9.77463e-01
2.12036e-01	-6.68878e-01	3.04427e-01	-7.36028e-01
1.15535e-01	-8.89320e-01	1.90312e+00	-1.48120e-01
3.13959e-01	4.50045e-01	3.73349e-01	2.92288e-01
1.37374e-02	-2.12386e-01	9.27457e-01	-3.39527e-01
1.68910e+00	6.76907e-03	5.18327e-01	-6.54766e-01
4.12515e-01	-1.10146e-01	1.96473e-01	4.55649e-01
9.10958e-02	-8.01064e-01	1.33359e+00	1.61571e-02
2.79565e-01	-5.78350e-01	3.07183e-01	-3.48246e-01
3.29836e-01	-3.63492e-01	1.96945e+00	-1.47451e-01
1.83521e+00	-9.36570e-01	8.44478e-01	1.28490e-02
2.08687e-01	8.64636e-01	2.96197e-01	-2.91797e-01
5.42176e-01	-8.40278e-01	3.76638e-01	-3.87509e-02
1.58462e-01	-8.72010e-01	6.32028e-01	-8.41447e-01
7.82232e-01	-1.19336e-01	1.30692e+00	8.80414e-02
6.16446e-01	-3.53054e-01	3.41154e-02	-6.93656e-01
1.92504e+00	2.76466e-01	1.34167e+00	1.74593e-01
9.17621e-01	8.50272e-01	3.36853e-01	-5.65751e-01
3.73399e-02	-7.63747e-01	2.77030e-01	-1.52058e-01
7.84838e-02	-5.39359e-01	1.70734e+00	-5.51516e-01
9.97823e-01	-4.69591e-01	1.38597e+00	-3.07384e-01
1.64142e+00	8.58991e-01	1.46271e+00	-9.19154e-01
8.85626e-01	6.40411e-01	5.67726e-02	-5.45557e-02
7.34046e-01	2.51722e-01	9.04277e-02	-8.10242e-01
1.79819e+00	2.80766e-01	1.32876e+00	2.17131e-01
8.65748e-01	5.09177e-01	1.16719e+00	3.25364e-01
1.58604e+00	-1.34851e-01	1.19563e-01	-7.56998e-01
5.96174e-01	2.26851e-01	8.65498e-01	6.01471e-01
7.42210e-02	2.58208e-01	4.51569e-01	2.92751e-02
7.09796e-01	-3.74866e-01	2.53977e-01	1.97387e-01
1.64410e-01	3.12679e-01	2.37993e-02	-9.48897e-01
3.91703e-01	-2.29961e-01	6.48184e-01	7.36187e-01
1.01671e-01	-4.15366e-01	2.89637e-03	-9.77898e-01
1.29763e+00	9.22717e-01	1.81144e+00	-4.71841e-01
1.35235e-01	-5.15554e-01	1.11496e-01	-5.50306e-01
6.02165e-02	-9.17230e-01	1.51212e+00	-8.35393e-01
6.75993e-01	9.66756e-01	1.05181e-01	-2.96700e-01
1.66607e+00	8.64854e-01	1.65450e+00	5.03629e-01
4.93507e-01	-8.89536e-01	1.53730e+00	1.25394e-01
2.70960e-01	-2.72455e-01	1.90836e+00	3.39224e-01
3.69788e-01	5.18758e-01	4.86926e-01	-8.93394e-01
4.99201e-01	-2.19603e-01	2.42203e-01	-4.42190e-01
1.77099e+00	-7.72633e-01	1.66605e+00	-1.44522e-01
9.81622e-01	-5.45471e-01	1.08799e+00	-3.65415e-01
7.69434e-01	-9.42641e-01	1.93108e-01	-6.37327e-01
1.76778e-01	-4.83618e-01	1.94408e+00	7.49043e-01
2.00179e-01	-8.94414e-01	9.32783e-01	-2.74209e-01
8.12192e-01	6.91631e-01	9.78567e-01	3.43871e-01
6.26935e-01	5.91494e-02	4.96538e-01	7.32292e-01
9.66879e-03	-8.92635e-01	4.56573e-01	1.45026e-01
1.22068e+00	6.44361e-01	1.44829e+00	9.89500e-04
1.53366e-01	2.04663e-01	1.90547e+00	9.97327e-02
3.22127e-02	-8.65598e-01	4.95102e-01	8.92554e-01
1.33042e-01	-3.99205e-01	1.38679e+00	-1.41600e-02
1.75752e-01	7.47841e-02	4.00782e-01	-8.23832e-01
