# No. of particles = 100 
# Proton - Solar wind	Electron - Solar wind	
4.98848e-02	-7.76462e-01	5.23181e-01	-5.40559e-01
7.76437e-01	2.84092e-01	5.39598e-01	-4.46066e-01
8.26406e-02	-9.42927e-01	1.53351e+00	5.76710e-01
1.07901e-01	-7.59830e-01	1.09948e+00	-7.43145e-01
3.28233e-01	2.32819e-01	9.36139e-02	-4.89949e-01
4.36747e-01	-2.40461e-01	1.22028e+00	1.72353e-01
8.22144e-01	-2.65781e-01	3.22241e-01	-1.97325e-01
1.41733e+00	7.47131e-01	3.37652e-01	-7.02257e-01
1.32306e+00	9.40410e-01	9.09690e-01	-5.24394e-01
7.78370e-02	-8.69819e-01	1.24915e+00	1.34642e-01
9.41808e-01	3.02068e-01	1.46496e+00	5.97088e-02
7.13630e-02	-9.17301e-01	1.54389e+00	3.23970e-01
5.52586e-01	-6.64968e-01	1.18340e+00	1.05034e-01
6.44270e-01	-3.67437e-02	7.67645e-01	-4.16161e-01
2.36447e-01	-3.18054e-01	1.83612e+00	-6.89651e-01
1.26838e+00	9.33625e-01	6.16345e-02	-7.45612e-01
1.86128e+00	2.84592e-01	1.30643e-01	3.69625e-01
2.44725e-02	-8.28750e-02	1.53545e+00	-2.68208e-01
7.56401e-01	1.53179e-01	3.86849e-02	-5.78015e-01
2.32837e-01	-5.39442e-01	1.12410e-01	-8.97392e-02
9.34812e-01	8.92519e-01	6.29424e-01	-3.99762e-01
1.77339e-01	-8.42460e-01	2.42356e-01	-6.45455e-01
1.42606e+00	-1.09583e-01	1.19229e+00	3.48637e-01
1.51649e-01	-2.29779e-01	1.04727e+00	7.43695e-01
9.17368e-01	-8.15798e-01	1.54734e+00	-7.79421e-01
1.77553e-01	-5.04667e-01	3.55801e-01	9.02870e-01
2.28289e-02	-9.01528e-01	8.47402e-01	-1.78222e-01
1.42316e+00	2.86508e-01	1.59671e-01	-9.08058e-01
6.93135e-01	-7.79239e-01	6.83982e-01	9.19842e-01
1.12964e+00	-5.36156e-01	1.91659e+00	-9.71377e-02
7.14451e-01	2.39502e-01	2.37059e-01	-8.85573e-01
7.55235e-01	-7.35342e-01	1.18466e+00	4.62068e-01
3.88949e-01	-1.63198e-02	1.09983e+00	-5.84666e-01
1.73652e-01	-6.41287e-01	1.41767e-01	-6.91684e-01
1.65580e+00	4.13564e-01	1.12425e-01	-5.55463e-01
8.91026e-01	-3.70090e-01	2.18134e-01	-6.90297e-01
3.97613e-01	-8.90347e-01	4.91629e-01	-4.16947e-01
2.11894e-01	4.84560e-01	1.58236e+00	-8.61601e-01
2.87147e-01	4.01583e-01	1.14764e+00	2.42827e-01
4.16784e-01	-4.33774e-01	1.45184e+00	-4.96087e-01
1.29684e+00	-5.45932e-01	8.72386e-02	-9.49975e-01
7.46412e-01	-7.96642e-01	1.05495e+00	2.23624e-01
7.40119e-01	7.83013e-01	1.32575e-01	-1.37868e-01
4.86528e-01	5.65395e-01	8.49861e-01	6.76031e-01
1.68783e-01	-4.58621e-01	1.97621e+00	-1.71388e-02
4.43025e-01	-7.21927e-01	6.70156e-01	-5.07355e-01
8.07286e-01	-4.12680e-01	5.32804e-01	-6.94494e-01
1.20983e+00	-4.05090e-01	1.68999e+00	-7.04291e-01
1.27787e+00	6.65648e-01	1.98438e-01	3.27155e-02
1.36385e+00	-2.03680e-01	7.67885e-01	1.44493e-02
3.82818e-01	1.12635e-01	1.83766e+00	3.97701e-01
5.82975e-01	-6.02631e-01	9.62482e-01	-6.23722e-01
7.72904e-01	4.87753e-01	9.44467e-01	-9.34426e-01
6.73884e-01	1.32356e-02	1.13057e+00	5.54293e-01
7.65721e-01	-9.55320e-02	1.20485e+00	-8.11698e-01
1.39452e+00	-4.72490e-01	1.10094e+00	1.39688e-01
9.22244e-01	-4.12467e-01	1.65326e+00	-7.27924e-01
1.24715e+00	-2.05682e-01	4.96569e-02	-9.58303e-01
1.00260e-01	3.12082e-02	6.78365e-01	4.78338e-02
4.25623e-03	-9.61068e-01	1.51946e+00	2.62249e-02
7.63182e-02	-9.69594e-01	4.09636e-02	-9.59265e-01
6.06005e-01	7.94779e-01	6.53358e-01	-8.98785e-01
9.34277e-01	-3.38409e-01	9.01118e-01	-9.29403e-01
6.27789e-01	-4.06640e-01	4.76320e-01	-2.92402e-02
7.51814e-01	-8.19122e-01	5.19398e-01	4.51726e-02
1.28284e-01	-7.24048e-01	7.72358e-02	-1.80422e-01
1.65170e-01	3.10058e-01	1.64545e-01	3.82020e-01
2.90661e-02	-9.02403e-01	2.72717e-01	-4.19761e-01
3.56303e-01	-3.60410e-01	4.19506e-01	7.95198e-01
1.06036e+00	3.30445e-01	1.22271e+00	9.62432e-01
3.08110e-01	-1.43711e-01	1.28095e+00	7.65631e-01
1.46420e+00	2.41241e-01	1.73855e+00	3.36102e-01
1.08058e+00	1.62824e-01	1.53424e-01	-8.71228e-01
9.22627e-02	-9.36027e-01	1.37553e-02	-9.74465e-01
3.29984e-01	-7.62248e-01	8.74597e-01	-2.48140e-01
3.29489e-02	-4.51489e-01	1.89187e-01	2.34321e-01
4.76788e-02	-5.30675e-01	1.80071e+00	2.91096e-01
1.89848e+00	-5.11936e-02	8.50034e-02	-6.79977e-01
1.36210e+00	5.89869e-01	8.73010e-01	-7.27632e-04
2.65901e-01	-4.03408e-01	3.53679e-01	5.03635e-02
1.65173e+00	-7.78139e-01	6.83634e-01	8.58846e-01
1.99670e+00	-1.76746e-01	6.65176e-01	-3.56362e-01
3.53584e-01	-6.21293e-01	3.84919e-01	7.37566e-01
2.10426e-01	-6.41822e-01	3.09090e-01	-8.28920e-01
5.51141e-03	3.89495e-01	1.61788e+00	3.41261e-01
1.17192e-01	-4.54927e-01	1.21411e+00	-9.10739e-01
1.45901e-01	-7.50123e-01	4.67152e-01	7.24345e-01
1.24550e-01	4.27491e-01	2.57683e-01	6.86500e-01
1.98584e+00	-2.10929e-01	1.10156e+00	2.53839e-01
7.67017e-01	-8.56490e-01	1.77286e-01	-9.54768e-01
7.35331e-02	-9.20877e-01	1.85187e+00	2.72061e-01
6.84939e-01	4.18977e-01	1.78592e-01	-7.87868e-01
3.03591e-01	-4.52675e-01	1.98767e+00	-1.23810e-02
7.48821e-01	-8.14894e-02	3.96454e-01	3.56531e-01
1.28030e-01	6.21578e-01	8.75955e-01	-5.71797e-01
1.07490e+00	5.57164e-01	1.21635e+00	2.75878e-02
7.72771e-01	4.16311e-01	6.68202e-03	-9.97735e-01
6.58479e-01	-6.87411e-01	5.79997e-01	-7.33341e-01
5.71071e-01	1.61626e-01	4.45258e-01	-5.70174e-01
3.25823e-02	-9.87622e-01	8.48870e-02	4.14947e-01
