# No. of particles = 100 
# Proton - Solar wind	Electron - Solar wind	
1.86952e+00	3.04465e-01	1.51030e+00	-1.93891e-01
3.46328e-01	-4.48729e-01	2.85254e-01	-6.49987e-01
1.64274e+00	-5.23084e-01	8.25396e-01	-3.88888e-01
1.72291e+00	-1.60425e-01	7.04467e-01	-9.93468e-01
2.30920e-01	-1.40772e-01	1.13842e-01	-8.82747e-01
1.15371e-01	-9.17895e-01	5.69830e-01	-6.56197e-01
3.53722e-01	-7.23852e-01	7.67743e-01	4.95433e-01
1.26323e+00	5.57773e-01	1.81855e+00	1.84690e-01
9.15989e-01	2.83515e-01	5.59889e-01	-8.86630e-01
1.83686e+00	3.72683e-01	4.07991e-01	4.69945e-01
8.72663e-01	2.01768e-01	3.08325e-01	4.11637e-01
1.98300e+00	-6.95396e-01	1.40008e+00	6.57278e-02
4.65888e-01	-7.20375e-01	1.44482e+00	-1.98534e-01
3.83987e-01	-4.28419e-01	7.36758e-01	-1.13255e-01
1.68572e-01	-6.78247e-01	5.38924e-01	-7.50703e-03
1.02333e+00	5.58197e-01	1.35870e+00	8.01273e-01
1.67352e+00	1.55276e-01	1.28946e+00	-5.49011e-01
1.51466e-02	-7.11127e-01	7.09453e-02	-2.46370e-02
6.16675e-01	-6.18066e-02	1.13883e+00	-7.71048e-02
1.06962e-01	-7.78935e-01	7.00856e-02	3.06008e-01
6.85380e-01	3.83425e-01	1.82049e-01	-2.43489e-01
1.88092e+00	-6.53400e-01	9.05274e-01	8.08615e-01
1.08064e+00	-3.20518e-01	5.54745e-01	-2.98338e-01
1.37652e-01	-3.21448e-01	1.25861e+00	-7.15267e-01
4.45342e-01	-9.14247e-01	6.83311e-01	9.50307e-03
1.02706e-01	-7.34346e-01	2.26949e-01	6.45536e-01
1.04384e+00	7.99180e-01	4.22613e-01	5.36944e-01
1.33089e+00	2.07289e-01	1.85410e+00	-4.79517e-01
1.14955e+00	9.30922e-01	5.07425e-01	-2.93567e-01
7.89833e-01	-6.75195e-01	7.91494e-01	2.93498e-01
4.15445e-01	-2.68318e-01	9.98636e-01	-1.73463e-01
1.49698e-01	-9.37573e-01	1.83164e+00	-1.84386e-01
1.97082e-01	-5.04759e-01	1.50209e+00	4.13732e-01
1.60810e+00	-4.44992e-01	7.55097e-01	-9.67525e-01
1.31448e+00	1.26503e-01	2.90553e-01	-4.25111e-01
6.64000e-01	-5.42263e-01	6.15977e-03	-9.36722e-01
9.17406e-02	-9.67651e-01	7.96723e-02	-3.59767e-01
1.22213e-01	3.75922e-01	1.09208e+00	2.66457e-01
2.47866e-01	1.83289e-01	1.46043e-01	-9.17265e-01
1.94378e-01	-7.22404e-01	1.36105e+00	9.23666e-01
1.85896e+00	-3.04849e-01	1.41947e+00	2.76926e-01
2.46573e-01	-9.19897e-01	5.45416e-01	-7.97626e-01
6.94012e-01	6.72383e-01	1.05489e-01	-6.55394e-01
3.93822e-01	1.72410e-01	1.38862e+00	5.55854e-01
1.46764e+00	9.30400e-01	1.49835e+00	-7.32364e-01
2.51463e-02	-9.96066e-01	6.09008e-01	5.19921e-01
6.98833e-01	-4.93121e-01	6.89135e-02	7.47212e-01
9.16753e-01	-2.60418e-01	1.17439e+00	-1.77793e-01
1.10624e+00	4.28039e-01	1.02023e-01	-8.07332e-01
1.01861e+00	-4.07454e-01	8.88472e-01	-5.73101e-01
7.43724e-02	-8.30560e-01	1.61585e+00	9.48799e-01
4.22461e-01	-7.10069e-01	7.51517e-01	-8.03455e-01
5.62064e-01	4.06694e-01	2.78102e-01	4.22657e-01
5.58830e-01	-1.57432e-01	1.93650e+00	1.36268e-01
6.50095e-01	-2.30470e-01	9.31971e-02	-9.44413e-01
1.12971e+00	-5.76221e-01	1.27132e+00	-8.55330e-01
1.56726e-01	-9.45587e-01	3.71106e-01	2.88760e-01
7.41827e-01	-5.35687e-01	9.21296e-02	-8.23940e-01
7.34360e-02	-2.95266e-01	3.54051e-01	7.07663e-01
1.32089e+00	8.30004e-01	1.49946e+00	-5.80339e-02
1.41572e-01	-9.50576e-01	1.90848e-01	-9.05217e-01
4.60010e-01	3.71570e-01	5.99194e-01	-7.22405e-01
6.63354e-01	-5.31603e-01	1.39431e+00	2.35826e-01
2.74208e-01	-7.40359e-01	2.04801e-01	-9.02217e-01
5.31532e-01	-8.73024e-01	9.90912e-01	6.49079e-01
4.03146e-01	7.69537e-01	5.06559e-02	-9.55420e-01
1.79118e+00	-7.95489e-01	2.13894e-01	2.91179e-01
4.05609e-02	-8.95341e-01	1.61681e+00	4.94522e-01
2.90826e-01	-4.78538e-01	7.39405e-01	8.19202e-01
8.85068e-01	9.41389e-02	1.81368e+00	1.89687e-01
2.46087e-01	-3.31931e-01	1.65752e-01	-4.35097e-01
7.58148e-01	-3.86004e-01	8.37508e-01	5.72981e-01
8.72264e-01	-5.72837e-02	1.37725e+00	-9.77258e-01
1.98319e+00	-2.06157e-01	1.01224e+00	-6.69380e-01
3.03431e-01	-7.89478e-01	7.54809e-01	-6.97188e-01
1.90567e+00	-1.00703e-01	9.99228e-01	1.31255e-01
2.22163e-03	2.23144e-01	1.90839e+00	8.26935e-01
1.34233e+00	8.19464e-01	4.88265e-01	-1.33946e-01
1.25858e+00	5.50853e-01	5.39734e-02	-7.77189e-01
1.30187e-01	9.25225e-01	1.06653e+00	-1.26268e-01
1.91419e+00	5.87516e-03	1.08895e+00	-6.57089e-02
9.44908e-01	2.72728e-01	2.41742e-02	-3.75641e-01
2.64929e-01	-7.18933e-01	1.28661e+00	-4.84743e-01
1.47954e-02	9.28145e-01	1.67527e+00	5.37963e-01
3.08114e-03	-6.04105e-02	1.53077e-02	-9.83855e-01
1.03640e-01	-5.19485e-01	1.44151e+00	5.26470e-01
1.22860e-01	-7.86106e-01	1.52126e+00	-2.97175e-01
1.24281e-01	1.69588e-01	1.24517e-01	-7.80878e-01
1.06077e+00	-5.78968e-01	1.19678e-01	-8.54557e-01
4.87387e-01	-9.11702e-01	1.02296e+00	-3.27832e-01
6.98973e-02	-9.47918e-01	2.90246e-01	-3.33722e-01
6.30589e-01	3.13264e-01	4.54364e-01	7.34955e-01
2.70145e-01	-5.26346e-01	5.78689e-02	-1.37075e-01
5.88913e-01	-2.72536e-01	5.27005e-01	-1.17976e-01
1.10751e-01	4.46930e-01	3.15347e-01	3.50549e-01
9.98011e-01	4.43889e-01	3.43769e-02	-9.05387e-01
1.88582e+00	-4.40858e-01	9.45455e-01	-8.31659e-01
2.97925e-01	-8.64473e-01	3.20476e-02	4.84109e-01
4.32890e-01	1.02147e-01	8.43906e-01	7.87994e-01
7.79614e-01	3.22234e-01	1.72640e+00	5.79255e-01
