# No. of particles = 100 
# Proton - Solar wind	Electron - Solar wind	
2.20075e-01	1.55592e-02	8.18986e-01	6.87020e-01
1.08131e-01	-7.74648e-01	4.40909e-02	-9.77551e-01
2.77618e-01	-7.81784e-01	2.81608e-01	-8.35916e-01
2.01554e-01	1.80269e-01	4.82561e-01	9.33257e-01
4.78783e-01	7.99924e-01	2.20704e-01	-8.47013e-01
9.26614e-01	7.89830e-01	1.92321e+00	-5.98516e-01
1.53476e+00	4.29779e-01	4.42123e-01	-7.61623e-01
1.21950e-01	-8.96735e-01	1.42334e+00	1.22154e-02
8.58733e-01	-6.65254e-01	2.25776e-01	-8.68282e-01
1.85313e-01	-5.30145e-01	1.00219e+00	2.18181e-01
1.04531e+00	4.55843e-01	5.72334e-01	9.11820e-01
1.94994e-01	-7.55296e-01	1.33931e-02	-9.91204e-01
6.84927e-01	-5.80237e-01	1.75052e+00	3.22020e-01
1.03946e+00	5.58825e-01	5.17569e-01	-7.78609e-01
3.41027e-01	2.29345e-01	3.15799e-01	-7.90715e-01
1.01449e+00	-4.11479e-01	5.35303e-01	-8.91346e-01
6.00519e-02	-7.54862e-01	9.37321e-02	-4.95632e-01
4.31910e-02	8.72241e-01	3.64670e-01	-9.57751e-01
9.67073e-01	4.80889e-01	1.53090e+00	4.66987e-01
4.26042e-01	-1.75036e-01	1.70398e-01	-5.04915e-01
1.86031e-01	-7.72439e-01	6.44783e-02	-9.20576e-01
4.53343e-01	-4.26778e-01	8.96939e-01	-7.16384e-01
1.95123e+00	2.10731e-01	1.12874e+00	-4.29340e-01
1.74742e-01	-9.04295e-02	5.81196e-01	-7.40398e-01
1.63471e+00	-6.63911e-01	3.58573e-01	-7.31149e-01
2.93357e-01	-1.55236e-01	1.08166e+00	-7.04772e-01
7.11499e-02	-3.72693e-01	1.43752e+00	6.68485e-01
1.56236e+00	4.06231e-01	8.23324e-01	-7.01587e-01
1.71674e+00	-3.63004e-01	1.48453e+00	8.55903e-01
1.64547e+00	-3.23260e-01	4.65995e-01	9.01332e-02
1.02595e-01	-9.84400e-01	1.61459e+00	-5.35306e-01
1.67594e+00	-4.26465e-01	1.14152e+00	7.29650e-01
6.82298e-01	7.26732e-01	1.90691e-01	7.13190e-01
5.00576e-01	2.49705e-01	6.74306e-01	3.48340e-01
3.25726e-01	-7.91661e-01	1.66197e+00	2.58071e-01
1.23639e+00	-1.08616e-01	1.01840e-02	-9.44402e-01
8.62722e-01	-7.69804e-01	1.12687e+00	-8.61379e-01
3.50034e-01	6.49883e-01	1.09280e+00	2.48712e-01
3.48772e-01	7.33684e-01	9.88701e-01	-3.27642e-01
7.55544e-01	5.78984e-03	1.26275e+00	-2.80811e-01
4.41551e-01	-9.12815e-01	1.08774e+00	-2.69379e-01
1.50631e+00	-6.07348e-01	4.66658e-01	-4.57158e-01
8.10093e-01	9.49116e-01	7.02411e-02	-9.90128e-01
6.18203e-02	-8.10824e-01	9.00628e-01	6.46579e-01
3.41320e-01	6.49714e-01	1.34680e+00	7.77498e-01
1.07689e+00	-2.62146e-01	7.51608e-01	5.93717e-01
9.71970e-01	-2.90316e-01	5.95089e-01	6.08831e-01
1.65532e+00	-6.24494e-01	1.66330e+00	6.25202e-01
4.86640e-02	-9.77644e-01	1.46343e-02	1.09783e-01
1.88862e+00	1.05675e-01	3.72615e-01	7.66028e-02
2.70930e-01	-4.21373e-01	4.85533e-01	8.54323e-01
8.27239e-01	-4.38922e-01	5.20614e-01	-1.21356e-01
1.09329e+00	6.09907e-01	1.25100e+00	-8.77008e-02
8.47625e-01	2.72893e-01	1.05568e+00	1.62942e-01
9.38248e-01	1.09294e-01	6.45906e-01	3.69612e-01
1.79699e+00	-3.14179e-01	7.78744e-01	-5.81142e-01
1.89966e-02	-9.89510e-01	1.91200e-01	-8.09177e-01
9.19762e-03	6.04299e-02	1.28919e+00	-4.54391e-01
1.44220e-01	5.27759e-01	1.99752e+00	4.79611e-02
3.99838e-01	-6.06344e-01	1.50035e+00	2.74304e-01
3.02811e-02	-1.99143e-01	1.00580e+00	1.18855e-01
3.24597e-01	-6.44775e-01	1.82477e-01	-1.67470e-01
1.34632e+00	-4.47484e-02	1.97716e+00	-7.07080e-02
1.16546e+00	1.00424e-01	1.10403e+00	-6.70542e-02
1.08621e+00	-7.34877e-01	2.17972e-01	5.36627e-01
4.26533e-01	6.35962e-01	1.96523e+00	6.33644e-01
4.75256e-01	9.40908e-01	1.12162e-01	-6.66048e-02
2.04344e-01	-1.21282e-01	8.93182e-01	2.79861e-01
4.57249e-01	-1.81422e-01	6.55192e-02	3.48945e-01
1.32498e+00	6.90324e-01	5.24705e-01	-8.96604e-01
4.03953e-01	1.43232e-01	1.49813e+00	5.37963e-01
1.87246e-01	-5.14602e-01	4.55988e-01	8.56549e-01
1.39586e+00	4.98732e-01	1.89253e+00	-6.70014e-01
2.40188e-01	-2.19485e-01	2.37969e-01	-5.10193e-01
3.71807e-01	-7.19994e-01	7.89547e-01	2.44135e-01
6.43165e-02	4.84815e-01	5.10942e-01	3.49476e-02
2.59868e-02	-9.44462e-01	1.51797e+00	-6.63879e-01
1.50580e+00	-1.51258e-01	1.94627e-02	-1.05408e-01
1.51867e+00	6.49970e-01	1.84606e+00	-6.59778e-01
7.07206e-01	7.37398e-01	4.28999e-01	2.28725e-01
7.35785e-01	-5.77932e-01	6.07615e-01	5.62971e-01
1.86671e+00	-6.04908e-02	2.41786e-01	4.32756e-01
4.89967e-01	-4.72264e-01	1.95909e+00	3.24024e-01
5.75188e-01	-3.04406e-02	1.34726e+00	8.40034e-01
3.37543e-02	-9.73948e-01	1.13387e+00	-1.71060e-01
1.40489e-01	-3.56904e-01	9.93103e-01	3.89858e-01
1.82555e-01	-6.95566e-01	1.39522e+00	5.66954e-02
1.27269e-01	8.19707e-01	1.83654e+00	5.97557e-01
4.31004e-01	-1.87844e-01	1.97580e+00	9.39183e-01
1.19182e+00	-7.70234e-01	1.85503e+00	5.72908e-01
8.03339e-02	-8.78296e-01	1.19667e+00	-7.20550e-01
7.68145e-01	5.78896e-01	9.59044e-01	-6.81528e-02
3.55904e-01	-3.40583e-01	1.03935e+00	7.96886e-01
9.88883e-01	2.09270e-01	1.87999e+00	1.68998e-01
1.57149e-01	8.87024e-01	9.11023e-03	6.07975e-01
1.18968e+00	7.29874e-01	8.91086e-01	-8.17809e-02
4.81428e-02	-9.69202e-01	1.41097e-01	-1.14447e-01
1.20639e+00	-4.17037e-01	1.97120e+00	9.05399e-02
7.80625e-01	2.52982e-01	1.31029e+00	9.30538e-03
1.03021e+00	-9.01038e-01	1.24474e+00	3.65912e-01
