# No. of particles = 100 
# Proton - Solar wind	Electron - Solar wind	
8.91153e+00	2.23970e-01	8.18140e+00	3.52888e+00
1.09839e+00	2.48773e+00	9.41618e+00	9.57639e-01
3.27550e+00	-4.73137e+00	3.06635e+00	2.62175e+00
5.58083e-01	-2.93774e+00	6.38146e+00	-3.55134e+00
2.41621e-01	3.50562e+00	7.10818e+00	-2.43665e+00
8.03337e+00	-1.91529e+00	6.74521e+00	-8.32846e-01
9.05900e+00	1.87375e+00	1.42981e+00	1.52822e+00
7.61784e+00	2.81038e+00	5.17359e-02	2.04858e+00
9.44936e+00	2.91973e+00	5.66229e-01	1.78028e+00
9.96227e+00	4.25692e+00	9.71156e+00	1.08498e+00
7.86198e+00	-2.88150e+00	2.50775e+00	-4.86831e+00
4.71801e+00	-2.87085e+00	7.28267e+00	4.98360e+00
5.29681e+00	-2.18637e+00	6.72166e+00	4.97743e+00
9.43049e+00	-2.75186e+00	7.35674e+00	4.97855e+00
7.38652e+00	2.94696e+00	5.65209e+00	-8.40358e-02
8.06466e+00	-4.06997e+00	2.62786e+00	1.07975e-01
8.76988e+00	1.37883e+00	4.16022e+00	-4.19600e+00
6.99498e+00	1.99321e+00	7.87853e+00	4.97684e+00
8.88778e+00	-2.24789e+00	9.75686e+00	-3.13308e+00
8.49053e+00	-3.73233e+00	4.19806e+00	-4.19888e+00
9.14606e+00	-3.07813e+00	2.85794e-01	1.06300e+00
9.73292e+00	-2.73430e+00	6.11473e+00	-3.54081e+00
7.73795e+00	-2.23225e+00	7.08720e+00	2.64169e+00
8.82819e+00	4.95449e+00	3.74867e+00	-2.88865e+00
8.42143e+00	3.84309e+00	9.28070e+00	-3.23336e+00
8.41787e+00	-2.49233e+00	5.44071e+00	3.51208e+00
6.93595e+00	-1.52110e+00	6.11250e-01	-5.66760e-01
6.39055e+00	1.39314e+00	9.29818e+00	-4.24951e-01
8.55228e+00	-1.02407e-01	7.37473e+00	-1.41646e+00
5.21201e+00	3.32241e+00	1.61982e+00	2.87453e+00
9.47471e+00	1.98488e+00	8.86352e+00	6.11499e-01
9.97965e+00	2.12537e+00	2.58846e+00	2.82640e+00
9.95305e+00	2.83761e+00	5.33549e-01	-1.52560e-01
8.76884e+00	-3.93687e+00	3.57946e+00	-2.39414e+00
9.25651e+00	7.48137e-01	7.14634e+00	-2.00374e+00
4.13339e+00	-1.02900e+00	8.55533e+00	3.52923e+00
9.70961e+00	-3.39569e+00	1.36728e+00	2.67089e+00
8.56746e+00	-8.07642e-01	6.07334e+00	-2.60658e+00
9.80962e+00	2.39148e+00	9.33471e+00	9.57621e-01
9.66652e+00	4.16468e+00	8.16463e+00	2.24533e+00
9.37839e+00	4.84107e+00	3.77203e+00	1.99091e+00
9.30661e+00	8.22282e-01	7.08419e+00	3.75111e+00
9.72129e+00	-1.71352e+00	3.48128e+00	-2.38466e+00
4.67838e+00	-2.85382e+00	8.15553e+00	1.18086e+00
7.50614e+00	-3.41064e-03	6.09254e+00	-4.43069e+00
8.51292e+00	3.83853e-01	6.95681e+00	4.36910e+00
8.92687e+00	-3.46752e+00	8.91844e+00	4.79205e+00
8.07326e+00	4.03422e-02	1.56545e+00	-4.56832e+00
7.84062e+00	-2.11377e+00	6.28809e+00	-2.95200e+00
9.77034e+00	-2.44256e+00	8.82480e+00	4.52965e+00
9.85689e+00	1.56431e+00	3.56275e+00	-3.87535e+00
8.10719e+00	2.31185e+00	9.06607e+00	1.61120e+00
8.71016e+00	-4.12057e+00	7.91649e+00	-1.61467e+00
9.61196e+00	2.21314e+00	1.91254e+00	1.91122e-01
9.18492e+00	-2.73624e+00	1.61804e+00	1.59329e+00
9.62490e+00	-2.75438e+00	2.46353e+00	4.40432e+00
6.44942e+00	3.64284e+00	6.31991e+00	-2.80021e+00
8.79507e+00	2.73031e+00	4.70992e+00	-4.52166e+00
9.93344e+00	-1.01363e+00	3.43762e+00	9.17260e-01
9.44424e+00	-2.36320e+00	7.59986e+00	-3.64722e+00
9.72751e+00	7.40004e-01	5.48766e+00	-8.73088e-01
7.14855e+00	1.16292e+00	5.19285e+00	-8.73101e-02
7.26232e+00	3.40497e+00	2.88245e+00	-2.41905e+00
5.71291e+00	-2.46465e+00	7.20543e+00	-4.26708e+00
9.62915e+00	-1.42526e+00	7.60451e+00	3.53131e+00
8.06866e+00	-8.33184e-01	9.54606e+00	3.21435e+00
8.83760e+00	1.12559e-01	7.01292e+00	-2.87176e+00
6.56883e+00	-1.67106e+00	8.66675e+00	3.80853e+00
9.23469e+00	2.02548e-01	8.01848e-01	2.71546e+00
9.35013e+00	-4.34160e+00	7.35152e+00	-7.77992e-01
8.56882e+00	3.82764e+00	9.63742e+00	4.43908e+00
9.22368e+00	3.80621e+00	8.62053e+00	9.08627e-01
9.27964e+00	-3.99028e+00	8.48263e+00	-4.53643e+00
8.93168e+00	-5.95554e-01	9.91332e+00	-2.05627e+00
8.29286e+00	1.90522e+00	9.52055e+00	-3.42255e+00
7.64583e+00	2.48673e+00	1.71577e+00	-3.46821e+00
9.86043e+00	8.26855e-01	6.11917e+00	1.78057e+00
9.56334e+00	2.36983e+00	8.21431e+00	-1.30783e+00
3.36858e+00	-2.74611e-01	9.95661e+00	-2.62478e+00
9.09761e+00	2.21078e+00	8.21501e+00	1.66005e+00
8.50580e+00	-2.03897e+00	9.52065e+00	4.88828e+00
8.47057e+00	-4.89083e+00	9.52363e+00	-7.88724e-01
9.97579e+00	3.07909e+00	3.52217e+00	-2.71094e+00
6.07799e+00	2.03698e+00	7.92740e+00	1.08265e+00
8.57481e+00	3.45971e+00	8.57503e+00	-4.42189e+00
6.82895e+00	-4.40856e+00	3.06212e+00	8.12926e-01
8.20942e+00	2.35803e+00	7.87468e+00	-2.38303e+00
9.96114e+00	7.16742e-01	4.02392e+00	2.73670e+00
9.04376e+00	-3.02585e+00	9.86110e+00	3.50259e+00
8.61528e+00	-4.52256e-01	9.40677e+00	2.68930e+00
7.39460e+00	2.03931e+00	8.39273e+00	-3.80879e+00
9.21526e+00	-1.66296e+00	2.29152e-01	-8.54334e-01
7.41562e+00	3.13843e+00	6.97002e+00	3.54833e+00
7.37519e+00	1.09207e+00	5.09366e+00	-3.77219e-01
9.86834e+00	-3.22277e+00	9.18478e+00	-1.69996e+00
9.91016e+00	-3.30143e+00	5.47856e-01	2.68811e+00
9.30387e+00	-1.23221e+00	6.17926e-01	2.41615e+00
9.24775e+00	-4.56955e+00	6.57253e+00	1.07536e+00
9.05599e+00	2.70031e+00	8.16256e+00	1.57604e+00
8.39291e+00	-3.29285e+00	8.63851e+00	4.70467e+00
