# No. of particles = 100 
# Proton - Solar wind	Electron - Solar wind	
5.36969e-01	-1.15904e-01	4.44903e-02	9.72698e-01
8.45395e-01	-7.56013e-01	1.03891e+00	-6.41039e-01
9.55294e-01	-7.64578e-01	5.07727e-01	-9.49059e-01
3.89744e-01	1.74934e-01	4.61562e-01	-4.68549e-01
8.52592e-01	-2.74833e-01	2.28838e-02	-9.17827e-01
2.08337e-02	-6.02479e-01	1.54374e+00	1.12670e-01
5.66922e-03	-9.84093e-01	9.21641e-01	-3.20270e-01
8.65658e-01	-9.88394e-02	9.01493e-02	-6.07211e-01
1.13370e-01	1.85594e-01	1.48349e-01	9.04677e-01
1.20952e+00	2.69652e-01	1.68822e+00	7.00777e-01
1.00239e+00	-1.66999e-02	1.72098e+00	-8.98490e-01
1.40773e+00	9.09031e-01	4.88472e-01	-5.52130e-01
1.73179e+00	-7.48376e-01	1.89087e+00	3.83080e-01
1.72332e+00	-7.70968e-02	1.87836e+00	7.65741e-01
8.17746e-01	7.19718e-01	1.32306e-01	-7.34102e-01
1.03402e+00	-1.57480e-01	5.47804e-01	-6.44052e-01
1.40359e-02	-9.96275e-01	3.81944e-01	5.43486e-01
1.27616e+00	-1.60165e-01	1.17739e+00	9.74542e-01
1.45294e+00	-5.97417e-01	6.92086e-01	-9.20367e-01
5.61075e-01	-2.04143e-01	1.83630e+00	5.93158e-02
1.01091e+00	-8.78740e-01	5.49752e-02	-9.32245e-01
1.68679e+00	2.26549e-01	1.31950e+00	-5.97928e-01
1.28821e+00	2.18875e-01	4.11834e-01	-9.07525e-01
3.66786e-01	-4.04880e-02	1.02173e+00	-7.15404e-01
7.43884e-02	-3.63566e-01	5.61837e-01	-1.87383e-01
1.55069e+00	-1.97790e-01	1.08588e+00	2.95239e-01
8.92351e-01	7.10079e-01	1.93981e-01	6.32668e-01
1.50923e+00	-2.32945e-01	1.95952e+00	-7.22457e-02
8.25272e-01	3.64401e-01	1.98440e+00	-9.02186e-01
1.78924e+00	-2.00645e-01	1.78873e+00	3.82282e-01
7.80829e-01	5.69029e-02	1.58130e-01	3.38635e-02
1.42849e+00	8.20073e-02	9.98341e-01	4.75517e-01
3.12709e-01	-7.36220e-01	3.93370e-01	-3.31007e-01
1.03732e-01	-9.03223e-01	6.07333e-01	-8.27556e-01
1.14832e+00	-1.64807e-02	4.15969e-01	-6.20615e-01
1.41913e+00	-8.53338e-01	3.85184e-01	-3.43123e-01
2.01953e-01	-2.05723e-01	5.51863e-01	8.85011e-01
1.18460e-01	-8.11185e-01	5.98306e-02	-1.68239e-01
3.76710e-01	-7.39141e-01	1.67170e+00	5.06849e-01
1.85087e+00	-6.06401e-01	9.95378e-01	1.02976e-01
1.68890e+00	-7.52252e-01	1.91896e+00	-1.05051e-01
1.08634e-01	-8.03748e-01	1.35223e+00	2.76605e-01
8.45912e-01	-7.66405e-01	2.52390e-01	3.50290e-01
1.72555e+00	-3.48601e-02	1.43347e+00	9.69417e-01
8.46778e-01	1.92380e-01	2.07415e-01	-3.79739e-01
1.00605e+00	-4.54021e-01	2.99728e-01	-8.96341e-01
1.08283e+00	9.31158e-01	7.26907e-01	-5.37675e-01
1.98922e-01	-6.10083e-01	1.08352e-01	-9.86955e-01
1.12879e+00	-5.74856e-03	3.43443e-01	-6.38686e-01
1.57420e-01	-9.40461e-01	1.41981e-01	-9.18324e-01
1.08761e+00	-4.61214e-01	1.43791e+00	-1.99213e-01
6.82945e-01	4.87989e-01	1.35218e+00	-4.38395e-01
9.39021e-01	8.41731e-01	6.51539e-02	-9.12112e-01
3.18889e-01	-9.67856e-01	1.97146e-02	-9.95396e-01
1.24305e+00	-6.84125e-01	4.05929e-02	-5.02836e-02
4.17832e-01	-3.85578e-01	8.78007e-01	-3.14499e-01
3.45651e-01	-2.51171e-01	8.86812e-01	-1.60879e-01
5.47172e-01	-2.77478e-01	7.94548e-01	-4.26585e-01
1.68141e-01	-9.25926e-01	2.59678e-01	-5.12194e-01
1.74784e+00	7.54520e-02	2.96948e-02	-9.74116e-01
1.76310e+00	-1.34871e-01	1.01124e+00	-4.78724e-01
1.51698e-01	-9.60104e-01	1.94842e+00	-6.36420e-02
1.14087e+00	-8.15969e-01	3.10227e-01	-2.89312e-01
1.38613e+00	1.07621e-01	6.55179e-01	-5.93969e-01
8.71256e-01	-2.73222e-01	1.90636e+00	-9.34757e-01
1.51130e+00	-3.64791e-01	1.21331e+00	7.96531e-02
1.99983e-01	-2.68715e-01	1.46050e-01	-9.21428e-01
1.04142e+00	5.25890e-02	2.55343e-01	-5.26934e-01
1.57323e-01	-1.04829e-01	9.71719e-01	4.47888e-01
9.01325e-01	-5.78004e-01	1.91061e+00	8.93428e-01
3.19037e-01	-7.57925e-01	1.53907e+00	-5.24068e-01
8.68552e-01	1.34740e-01	9.26189e-01	6.65432e-01
1.23118e+00	1.83810e-01	5.52844e-01	1.42886e-01
9.51863e-01	4.95788e-01	7.42572e-01	-4.39773e-01
8.07301e-01	-2.48082e-01	9.21425e-02	-3.49125e-03
7.18095e-01	-5.04238e-01	4.56320e-02	-1.51875e-01
1.64950e+00	1.47186e-01	1.99788e+00	-6.61285e-04
1.48843e+00	6.74535e-01	1.74796e+00	-9.14750e-01
1.53967e+00	1.94930e-01	5.77943e-01	-2.62329e-01
1.10268e+00	-7.00183e-01	1.99793e+00	2.72075e-02
1.26080e+00	7.79380e-02	1.86192e+00	-8.83485e-01
1.53579e+00	2.64970e-01	3.01381e-01	5.66524e-01
1.53092e+00	-2.66500e-01	9.06172e-02	-7.68241e-01
9.94730e-01	9.33192e-01	6.82587e-01	-8.86573e-01
1.21127e+00	5.85420e-01	1.07691e+00	-3.51676e-01
1.03263e+00	3.99258e-01	5.31894e-01	-3.18813e-02
5.62488e-01	1.61517e-01	2.42971e-01	-1.85324e-01
1.11484e+00	-3.17746e-01	1.76053e+00	5.00582e-01
1.30908e+00	-1.62032e-01	1.59582e-02	6.18088e-01
2.83803e-01	2.13802e-01	6.15465e-02	6.20248e-02
1.55583e+00	6.04166e-01	1.30772e+00	3.02692e-01
5.48971e-01	1.57716e-01	1.73329e+00	-7.88692e-02
2.61865e-01	-7.40433e-02	1.58061e+00	-6.78050e-01
5.74589e-01	9.99480e-01	1.70981e+00	-1.06364e-01
1.56267e+00	6.80384e-01	6.60693e-01	-2.85036e-01
4.92405e-01	6.89825e-01	1.05061e+00	9.62590e-01
1.36276e+00	9.42057e-01	1.50909e-01	9.29325e-01
1.28749e+00	-8.98904e-01	2.91119e-01	5.82156e-01
1.92804e+00	5.26004e-01	1.92619e+00	9.24655e-01
1.92586e-01	-9.30147e-01	1.20204e+00	3.16303e-01
