# No. of particles = 100 
# Proton - Solar wind	Electron - Solar wind	
1.38700e+00	9.74281e-01	9.85794e-01	4.47696e-01
4.74262e-01	-4.80709e-01	1.24571e+00	2.73339e-01
1.89726e-01	-8.24512e-01	7.64158e-01	-2.84621e-01
1.14945e+00	-2.83607e-01	1.29596e+00	6.38898e-01
7.90525e-01	-5.57507e-01	2.01197e-02	-9.99484e-01
2.54333e-01	-3.11559e-01	1.37866e+00	-7.25557e-01
2.91070e-01	-9.37733e-01	1.98223e+00	6.65456e-01
1.40282e-01	-7.66268e-01	1.46533e+00	-3.91964e-03
4.06490e-01	-9.57366e-01	3.67720e-02	-9.54876e-01
3.21603e-01	-8.50745e-01	3.28630e-01	3.94877e-02
1.60131e-01	-8.29578e-01	8.36714e-01	6.88330e-01
1.36714e+00	7.99786e-01	9.25728e-02	-6.27962e-01
1.91796e+00	2.03490e-01	2.25153e-01	-7.30114e-01
5.62136e-01	-2.98039e-01	4.42098e-03	-9.79674e-01
1.56559e+00	-7.84289e-01	1.01721e+00	3.42225e-02
4.16300e-01	-6.08755e-01	1.36331e+00	9.03988e-01
1.56501e+00	-3.85892e-01	2.08049e-01	-8.42045e-01
1.78401e-01	2.90682e-02	1.18860e+00	2.38188e-01
1.07544e+00	-6.53742e-01	1.08041e+00	-8.74224e-01
1.89192e-01	-8.04980e-01	4.64335e-01	-7.46737e-01
1.43091e+00	-3.35858e-01	1.98261e+00	-1.99811e-01
2.23947e-01	-4.77101e-01	9.80081e-01	-3.21824e-01
5.25125e-01	-8.53536e-01	2.04728e-01	2.46596e-01
3.89684e-01	-5.90348e-01	1.80148e-01	-7.58928e-01
1.42516e+00	-4.77895e-01	1.29938e+00	-9.43566e-01
9.39877e-01	-5.10685e-02	1.71066e-02	-9.76419e-01
7.67170e-01	6.62683e-01	1.03228e+00	6.88969e-01
5.17755e-01	3.33795e-01	1.26681e+00	5.17881e-01
7.22745e-01	-8.80021e-01	1.28345e-01	8.63860e-01
3.91241e-01	-2.52175e-01	1.29588e-01	-9.61096e-01
3.72307e-01	-5.38512e-01	3.04504e-01	-1.08111e-02
3.79917e-02	-9.55252e-01	7.65399e-01	9.92654e-01
1.07611e-01	-9.58314e-01	1.57340e-01	4.39250e-01
2.88978e-01	9.17377e-01	5.76505e-01	-8.07980e-02
4.83586e-01	7.77022e-02	3.44709e-01	-9.04031e-01
9.51013e-01	-8.25912e-01	1.24389e+00	2.14131e-01
6.54174e-01	8.25540e-01	1.24354e-01	-7.69631e-01
1.61023e+00	-6.89893e-01	1.82218e+00	-6.91797e-01
1.60935e+00	-7.65176e-01	1.08993e+00	9.71445e-01
5.37378e-02	-9.48969e-01	1.96290e+00	9.01532e-01
2.84904e-01	-7.71712e-01	1.00639e+00	-2.33130e-01
1.10675e+00	8.53875e-01	1.31274e+00	5.16273e-01
6.81500e-01	7.65451e-02	3.49197e-01	-4.28400e-01
6.16868e-01	-2.36728e-01	1.80996e+00	-4.91980e-01
4.20706e-03	-9.34213e-01	9.59923e-01	-8.85656e-01
9.59737e-03	-9.70076e-01	1.57478e+00	7.87147e-01
2.54544e-01	-5.93241e-01	6.77528e-01	-4.50780e-01
1.34934e-01	-8.73463e-01	8.07034e-01	-6.89172e-01
3.21911e-01	5.26768e-01	1.57924e+00	-3.79051e-02
4.31211e-03	-1.32013e-01	1.52956e+00	1.27412e-02
1.78076e+00	4.26893e-02	1.81687e+00	9.46073e-01
4.87826e-01	8.89110e-02	2.27253e-01	-2.80779e-01
1.15209e-01	-7.15700e-01	8.41584e-01	7.59311e-02
3.04811e-01	-5.33800e-01	7.50687e-01	-6.60814e-01
4.00197e-01	-1.93590e-01	2.92855e-01	-8.84750e-01
1.97375e+00	-9.38629e-01	7.06243e-01	-6.76147e-01
2.12708e-01	9.54752e-01	1.18382e+00	9.58999e-01
9.34587e-01	-7.25956e-01	9.26083e-01	-6.78170e-01
3.70709e-01	-6.32181e-01	1.15052e+00	1.75607e-01
7.93939e-01	-9.02665e-02	1.80010e+00	8.46246e-01
7.00595e-01	-4.17665e-01	1.47329e+00	-9.32749e-02
2.13979e-01	-8.83946e-01	1.00844e+00	2.08707e-01
9.48022e-01	9.41993e-01	8.78977e-02	-5.66211e-01
4.96575e-02	-6.20699e-01	4.45593e-01	-7.97919e-01
8.66146e-02	-4.59590e-01	1.99079e-01	7.18437e-01
1.02468e+00	-4.78762e-01	1.87987e+00	7.48057e-01
4.93927e-02	-9.40248e-01	5.79630e-01	-3.85699e-01
9.30928e-01	7.77676e-01	1.37560e+00	-5.33916e-01
8.01077e-01	4.02568e-01	1.94600e+00	-5.13447e-02
2.92488e-02	-9.98595e-01	1.89509e-01	-8.31970e-02
1.03780e+00	8.81907e-01	8.12163e-01	-3.29530e-01
1.94112e+00	4.61138e-02	1.08591e-01	-9.22164e-01
5.97059e-01	2.90162e-01	3.49652e-01	-9.41381e-01
7.17699e-02	6.24789e-01	9.80883e-03	-9.83275e-01
7.03758e-01	-3.84268e-01	1.60495e+00	3.48698e-01
1.67390e-01	3.25075e-01	1.21802e-01	-8.54590e-01
4.15755e-01	-1.70553e-01	7.43218e-01	8.11976e-02
1.01894e-01	-2.99605e-01	1.06309e-01	3.79973e-01
9.22564e-03	-9.95824e-01	1.27859e+00	4.31678e-02
1.34193e-01	-4.76135e-01	1.03859e+00	8.75781e-01
9.69130e-02	-8.49455e-01	1.78811e+00	2.11808e-01
3.46906e-02	-9.62519e-01	1.48259e+00	2.96788e-01
1.70358e+00	9.10959e-01	6.91579e-01	-7.71976e-01
5.39174e-01	-8.84021e-01	1.54670e+00	-7.55231e-01
3.87578e-01	3.54008e-02	1.29978e+00	2.34216e-01
3.69819e-01	5.49055e-01	1.24446e+00	7.86845e-01
4.91155e-01	-2.12352e-01	3.29454e-01	8.23703e-03
1.92019e+00	-7.61157e-01	4.97395e-01	-7.65799e-01
1.18702e+00	-4.60827e-01	1.91388e+00	-8.46948e-01
8.23631e-01	-9.46802e-01	5.24004e-01	2.81572e-01
1.74637e-01	-4.74213e-01	1.29563e+00	4.75521e-01
4.50898e-01	-7.72344e-01	2.74030e-01	-2.70786e-01
8.20396e-01	7.36710e-01	1.10798e+00	9.59237e-01
6.15497e-01	1.02010e-01	1.24122e+00	-1.51723e-01
1.36609e-01	-9.11656e-01	8.66938e-02	-4.92174e-01
1.43146e+00	9.61878e-01	1.17454e+00	4.52032e-01
2.53496e-01	2.91967e-01	1.18262e+00	9.76569e-01
4.42694e-02	-6.42463e-01	1.56941e+00	-6.25868e-03
1.36246e-01	-3.46692e-01	4.97994e-01	-6.83187e-01
3.90959e-01	-8.81641e-02	2.42852e-01	-7.88216e-01
