# No. of particles = 100 
# Proton - Solar wind	Electron - Solar wind	
8.90041e-01	1.10222e+00	8.05666e-01	-2.55422e+00
1.38195e-01	-1.50904e+00	7.21896e+00	2.47174e-01
9.66400e+00	-1.47096e+00	8.42811e+00	2.94800e+00
9.74715e+00	-1.09537e+00	5.85488e-01	3.51462e+00
7.57980e+00	-2.00085e+00	6.29938e+00	4.58972e+00
8.91208e+00	2.19285e+00	2.96520e+00	-4.39315e+00
7.33776e+00	5.81425e-01	9.93289e+00	-2.43012e+00
9.30473e+00	4.17717e+00	2.94877e-01	-4.25169e+00
7.65306e+00	5.65080e-01	6.97683e+00	-2.85859e+00
9.06228e+00	1.63104e+00	8.81343e+00	-6.23379e-01
6.97570e+00	2.81312e+00	5.63125e+00	-1.39975e+00
9.19555e+00	3.69747e+00	8.40208e+00	-2.66656e+00
8.19495e+00	-3.15820e+00	8.61872e-01	-4.02226e+00
9.71294e+00	-2.78545e-01	2.81241e+00	4.72313e+00
7.44789e+00	-3.06163e+00	9.83086e+00	1.31254e-01
8.91885e+00	-3.88327e-01	2.11734e+00	3.48342e+00
8.38437e+00	1.42436e+00	7.23576e+00	4.42740e+00
5.64213e+00	-1.94330e+00	7.30448e+00	3.65005e+00
9.86487e+00	-2.87398e-01	2.41121e+00	7.10802e-01
4.48394e+00	7.48371e-01	5.40172e+00	4.96123e+00
8.29651e+00	1.93734e-01	8.02834e+00	-4.58381e+00
9.58709e+00	8.29878e-02	3.58485e+00	3.64925e-01
6.05228e+00	3.66003e+00	7.89277e+00	-3.91874e-01
9.88292e+00	8.98291e-01	2.70195e+00	-6.03741e-01
8.88645e+00	1.79688e-01	6.84827e+00	3.12144e+00
4.94219e+00	-5.00221e-01	3.05556e+00	-1.71849e+00
7.84480e+00	-5.72390e-01	4.16982e+00	-1.99405e+00
9.95805e+00	4.48046e+00	2.90467e+00	5.07483e-01
6.55534e+00	-2.26629e+00	9.04881e+00	-4.14119e+00
7.50275e+00	-1.75353e+00	7.39068e+00	3.12029e+00
7.20136e+00	-1.57278e+00	8.82094e+00	-2.62076e+00
8.21612e+00	2.17935e+00	1.80702e+00	1.19555e+00
8.39614e+00	3.98396e+00	7.70412e+00	-4.99255e+00
8.99867e+00	4.68701e+00	7.22824e+00	1.42129e-01
9.97660e+00	-4.71653e+00	2.13487e+00	-2.15521e+00
9.72308e+00	-1.26077e+00	2.06793e-01	-4.03665e-01
7.38979e+00	-2.77723e+00	4.42291e+00	-4.98241e+00
9.20285e+00	4.77666e+00	7.90990e+00	-1.72465e+00
4.43882e+00	5.23076e-01	8.66074e+00	-3.52253e+00
9.90039e+00	-6.95292e-02	6.84767e+00	4.95643e+00
7.96684e+00	-3.90018e+00	9.99124e+00	-2.88392e+00
8.23429e+00	-7.57024e-01	8.66168e+00	-2.26708e+00
7.67244e+00	3.33366e+00	7.85172e+00	5.64278e-01
7.46663e+00	1.73289e+00	7.80805e+00	2.18754e+00
8.90185e+00	4.10250e+00	3.68745e+00	-2.97873e+00
9.02008e+00	3.10434e-02	1.41981e+00	-1.96052e+00
8.63831e+00	2.93258e-01	3.13166e-01	-5.15589e-01
9.17040e+00	-1.79163e+00	3.59771e+00	-1.30725e+00
6.12927e+00	7.46438e-01	4.88640e+00	3.49362e+00
8.03655e+00	2.26254e+00	9.82439e+00	3.94929e+00
9.47950e+00	2.89093e+00	7.69119e+00	-1.20054e+00
5.70523e+00	-1.09576e+00	6.55440e+00	1.98528e+00
8.91909e+00	-8.89226e-01	1.34201e+00	1.83323e+00
9.13143e+00	1.88355e+00	5.14295e+00	-7.23705e-01
9.81964e+00	2.53388e+00	8.86195e+00	8.40430e-01
9.47882e+00	-1.75845e+00	4.01028e+00	8.14319e-01
4.35155e+00	9.95133e-01	4.56542e+00	-1.16361e+00
8.68756e+00	-3.82661e+00	4.22971e+00	-7.04020e-01
8.62242e+00	3.57379e+00	3.13575e+00	-3.61247e+00
7.90347e+00	1.14431e+00	8.82320e+00	8.15428e-01
9.05687e+00	2.29403e+00	1.57927e+00	-1.85307e+00
9.81210e+00	-4.40325e+00	9.99708e+00	6.39741e-01
9.53899e+00	1.22806e+00	1.02093e+00	-2.07071e+00
9.98393e+00	-1.27767e+00	7.55402e+00	-2.96380e+00
8.60287e+00	-4.22675e+00	6.82032e-01	-4.56634e+00
9.54263e+00	-3.11010e+00	5.65173e-01	-4.39926e+00
8.63980e+00	-1.38662e+00	7.89895e+00	4.67963e+00
9.39587e+00	-2.59348e+00	5.52095e+00	2.56446e+00
6.67182e+00	-2.26537e+00	7.23056e+00	3.70215e+00
7.32253e+00	-4.57996e-01	4.05119e+00	-4.94626e-01
8.62918e+00	-2.60281e-01	7.99453e+00	4.02255e+00
9.58066e+00	-3.18914e+00	9.33057e+00	2.42838e+00
7.79365e+00	2.11504e-01	7.12953e+00	4.36437e+00
9.57174e+00	-1.26535e+00	3.05614e+00	-4.01898e+00
9.13005e+00	-1.59941e+00	9.85912e+00	-9.11496e-01
7.90959e+00	-6.25271e-01	5.36989e+00	-5.24545e-01
9.48622e+00	-7.71883e-01	9.67645e+00	1.33912e+00
9.69180e+00	4.74615e+00	9.83638e+00	-2.33958e+00
8.71210e+00	4.70675e+00	3.00389e-01	4.19678e+00
8.93160e+00	3.08090e+00	9.39837e+00	-2.67192e-01
8.60158e+00	3.22709e+00	7.34649e+00	-2.86016e+00
7.50741e+00	1.22403e-01	5.26825e+00	2.48941e+00
7.22071e+00	-2.50515e+00	7.99069e+00	2.08260e+00
8.42841e+00	3.09641e+00	8.56407e+00	-1.79866e+00
8.88399e+00	-2.40995e-01	8.53444e+00	-2.20725e+00
7.06295e+00	2.70357e+00	7.98353e+00	3.05342e+00
9.58800e+00	-2.03216e+00	6.48471e+00	1.78573e+00
9.55661e+00	-6.05529e-01	3.75003e+00	4.99763e+00
8.99376e+00	-3.44989e+00	9.01798e+00	5.62989e-01
8.20845e+00	6.90100e-01	9.14575e+00	-3.47724e-01
9.51414e+00	6.99221e-01	9.91319e+00	-7.94216e-01
9.20257e+00	-2.22205e+00	9.65415e+00	-2.60383e-01
9.68533e+00	-2.14613e+00	8.48017e+00	4.84183e+00
9.64232e+00	-1.57402e+00	9.32388e+00	5.02588e-01
6.90667e+00	1.69859e+00	7.94893e+00	3.93352e+00
7.23419e+00	-4.24550e-02	6.53917e+00	5.83733e-02
7.65244e+00	1.51612e+00	6.68695e+00	4.74401e+00
5.08727e+00	7.96371e-01	9.98340e+00	4.34523e+00
7.91989e+00	-1.83275e-01	6.10153e+00	-3.94916e+00
9.04328e+00	-2.34430e+00	9.19542e+00	-6.97285e-01
