# No. of particles = 100 
# Proton - Solar wind	Electron - Solar wind	
1.17587e+00	6.21955e-01	1.79635e+00	-7.31494e-01
3.09662e-01	-6.73916e-01	4.20290e-01	-5.60519e-01
2.45472e-02	-9.79908e-01	7.96481e-01	-4.38937e-01
9.24410e-01	-4.17278e-01	1.62148e-02	-9.82597e-01
6.74079e-01	-6.27054e-01	4.14453e-01	-9.88196e-01
8.64349e-02	-8.02076e-01	6.68919e-01	-3.01654e-01
1.52260e-01	-9.56842e-01	1.82832e+00	-9.15452e-02
4.23069e-02	-9.12975e-01	6.05194e-01	-7.03950e-01
3.52759e-01	-9.56968e-01	1.02939e+00	-2.64229e-01
1.37370e-01	-9.46438e-01	3.79150e-01	-7.01625e-01
5.39210e-01	8.13349e-01	3.56629e-01	-8.57981e-01
1.30803e+00	7.05660e-01	2.35289e-01	-7.74638e-01
1.84654e+00	1.66062e-01	8.75617e-02	-8.80897e-01
4.33640e-01	-4.99287e-01	4.39500e-01	4.88019e-01
1.47960e+00	-7.83028e-01	8.26842e-01	-1.25707e-01
2.96520e-01	-7.41641e-01	8.32506e-01	4.50758e-01
1.86230e+00	-2.96623e-01	1.17289e-01	-8.54629e-01
1.81180e-01	-3.35636e-02	9.66415e-02	-8.78266e-01
8.00991e-01	-7.37220e-01	1.02689e+00	-2.49190e-02
5.58954e-02	-9.39385e-01	1.40053e+00	9.80468e-01
1.15967e+00	-4.52404e-01	9.57754e-01	1.46235e-01
1.30042e-01	-7.01461e-01	7.49337e-01	-1.20137e-01
3.69520e-01	-8.91691e-01	1.06269e+00	-2.57495e-01
2.75225e-01	-7.18707e-01	1.59570e+00	1.80870e-01
7.73091e-01	-7.14258e-01	8.23507e-01	-4.36673e-01
5.96569e-01	-3.92126e-01	1.68914e+00	-6.64712e-01
7.07709e-01	5.83552e-01	7.15060e-01	-3.87871e-01
7.64752e-01	2.35508e-01	7.38153e-01	-9.97206e-01
3.73556e-01	-9.29517e-01	8.52885e-01	-5.85556e-01
2.18063e-01	-5.88873e-01	3.47012e-01	-5.37603e-01
2.90112e-01	-6.68622e-01	1.61860e+00	-5.69869e-01
5.67675e-02	-9.82927e-01	5.98345e-01	-9.44646e-01
3.27486e-01	-3.16754e-01	2.46156e-02	-6.41464e-01
2.70844e-01	6.95306e-01	2.73513e-01	-7.47477e-01
3.43368e-01	-2.80806e-01	5.04402e-01	-5.61403e-01
8.96878e-01	-8.22138e-01	4.46814e-02	-7.29154e-01
6.16046e-01	6.58172e-01	6.75440e-01	-1.24249e-01
1.51095e+00	-6.94924e-01	9.94165e-01	-9.82331e-01
1.38627e+00	-7.84764e-01	9.65983e-01	2.10273e-01
1.83908e+00	3.75881e-01	7.28266e-02	-5.03360e-01
1.92835e-01	-9.61316e-01	1.86809e+00	1.45284e-01
1.00801e+00	7.57859e-01	5.49315e-01	-2.79612e-01
6.76650e-01	-4.02914e-03	1.63940e+00	-3.29673e-01
6.11029e-01	-2.65543e-01	5.71656e-01	3.91140e-01
1.44737e+00	7.46316e-01	1.39838e-01	-9.75224e-01
2.85783e-01	-8.27195e-01	1.74315e+00	-9.39493e-01
1.88941e-01	-7.09727e-01	1.08749e+00	-7.91191e-01
1.04996e-01	-8.97996e-01	8.92161e-01	-3.84606e-01
3.09239e-01	4.08995e-01	1.52081e+00	4.23216e-01
1.81630e-02	-2.55668e-01	1.58455e+00	6.26119e-01
1.64062e+00	-1.25485e-02	1.51824e+00	1.49555e-02
3.70864e-01	-2.17434e-01	5.85581e-01	-2.04649e-01
7.79277e-02	-8.47077e-01	1.06056e+00	-3.52921e-01
2.65688e-01	-6.02585e-01	1.45480e+00	-8.54840e-01
2.91395e-01	-4.55190e-01	3.21453e-01	-1.31700e-01
1.76069e+00	-9.35624e-01	6.55909e-01	1.57433e-01
2.06464e-01	8.16234e-01	2.87539e-01	-2.43152e-01
3.30774e-01	-9.02222e-01	5.93239e-01	-4.19340e-01
7.66032e-04	-8.99008e-01	7.08194e-01	7.97619e-01
7.71277e-01	-1.37359e-01	4.59627e-01	7.49220e-02
5.70065e-01	-3.19254e-01	8.41549e-03	-9.53571e-01
1.82480e+00	2.20269e-01	1.28263e+00	5.01963e-01
9.01197e-01	8.01436e-01	1.65752e-01	-9.73588e-01
3.04602e-02	-8.40789e-01	7.77524e-01	3.66604e-01
7.37473e-02	-5.82382e-01	7.89807e-01	-8.04514e-01
9.83321e-01	-4.66481e-01	1.95038e+00	5.34595e-01
1.70606e+00	6.76254e-01	1.79967e+00	7.72982e-01
8.61136e-01	5.67393e-01	3.11501e-01	-5.92394e-01
6.96143e-01	1.72324e-01	6.97687e-01	-5.43765e-03
1.68764e+00	2.16680e-01	1.94819e+00	-1.78336e-01
7.72801e-01	3.09685e-01	7.10007e-01	2.06334e-01
1.39581e+00	-2.32505e-01	4.81365e-01	-9.95625e-01
5.94142e-01	1.93692e-01	1.66974e+00	-3.47366e-01
7.51287e-02	6.08858e-02	5.09128e-01	3.79362e-01
7.11945e-01	-3.71131e-01	5.78751e-01	-1.85648e-01
1.62387e-01	3.06139e-01	7.82864e-02	7.98352e-01
3.77921e-01	-2.62206e-01	2.40069e-01	9.45331e-01
1.01108e-01	-4.77751e-01	1.36295e+00	9.35946e-01
1.26390e+00	8.64764e-01	1.33850e+00	2.21404e-01
1.35424e-01	-5.36916e-01	3.05545e-01	-5.14245e-01
4.03619e-02	-9.53811e-01	9.57867e-01	-3.32739e-01
6.95561e-01	9.46581e-01	1.59972e+00	-8.43973e-01
1.64596e+00	8.40264e-01	1.73159e-01	-5.40849e-02
4.68883e-01	-8.92843e-01	6.48024e-01	-4.50450e-01
2.07543e-01	-4.38351e-01	3.74557e-01	-1.06714e-01
3.69358e-01	5.02724e-01	1.90874e+00	7.62400e-01
5.02349e-01	-2.23967e-01	1.13782e+00	-4.98056e-01
1.69081e+00	-7.78989e-01	2.21603e-02	-9.88004e-01
8.71073e-01	-5.92476e-01	1.27406e+00	-3.27352e-01
7.40259e-01	-9.40989e-01	1.56866e+00	-2.58534e-01
1.77541e-01	-4.88849e-01	1.24784e+00	-7.11425e-02
6.50899e-02	-9.60334e-01	1.26675e+00	1.46436e-01
8.07645e-01	6.68096e-01	5.69411e-01	-7.50094e-01
6.30475e-01	3.64515e-02	1.34283e+00	-2.03990e-02
1.98283e+00	2.80694e-01	7.62616e-01	5.84977e-02
1.10739e+00	4.74137e-01	7.77792e-01	6.36459e-01
9.89372e-02	1.57778e-01	2.58130e-01	-1.72505e-01
2.55319e-02	-9.85777e-01	1.59470e+00	8.65219e-01
1.30857e-01	-4.27545e-01	2.57895e-01	-4.62603e-01
5.92387e-02	1.62553e-01	1.99756e+00	1.36198e-01
