# No. of particles = 100 
# Proton - Solar wind	Electron - Solar wind	
1.04014e+00	-2.32893e+00	6.99845e+00	3.78861e-01
6.93818e-01	6.79294e-02	1.89232e+00	-1.83782e+00
1.77160e-01	-4.94774e+00	7.42458e+00	8.64636e-01
5.99058e+00	-4.93782e+00	2.53499e+00	3.74169e+00
1.22788e-01	-1.67095e-01	6.06851e+00	4.94126e+00
1.49359e-01	-1.03197e+00	9.38368e+00	1.22344e+00
1.26465e-01	-3.30008e-01	3.25692e+00	4.61837e+00
1.07521e-01	3.69106e+00	1.14235e+00	-2.63095e-01
9.84618e-02	4.72707e+00	1.66802e+00	4.42363e-01
9.53004e+00	-8.13276e-01	8.73807e+00	-4.62974e+00
9.52152e+00	2.03462e+00	4.56845e+00	1.57074e+00
8.36566e+00	-3.11357e+00	5.48105e+00	-3.33117e+00
9.85078e+00	4.05731e+00	5.22948e+00	-2.37892e+00
8.37248e+00	1.46881e+00	7.06021e+00	1.12150e-01
5.68680e+00	-1.99257e+00	9.11652e-01	3.98385e+00
9.68066e+00	3.03642e+00	5.91435e+00	2.34402e+00
8.07813e+00	-1.21193e+00	8.86497e+00	2.82539e+00
8.22357e+00	3.79481e+00	5.38264e+00	-1.46691e+00
9.20373e+00	1.41257e+00	1.99542e+00	3.94559e-01
8.91593e+00	4.45819e+00	8.12415e+00	-3.58510e+00
9.69528e+00	3.26764e-01	9.01751e+00	-1.59692e+00
9.01231e+00	9.29046e-01	7.11379e+00	4.48530e+00
5.91414e+00	-4.27066e+00	9.10431e+00	8.79587e-01
9.28977e+00	-3.74939e+00	9.18848e+00	-2.99709e+00
6.88628e+00	-3.33119e+00	1.52011e+00	-4.51313e+00
6.86247e+00	-5.14515e-01	8.26022e+00	3.11631e+00
8.97165e+00	-2.30449e+00	4.79582e+00	2.16167e+00
9.75915e+00	6.54510e-01	5.27231e+00	-1.89391e+00
7.65004e+00	-3.23062e+00	5.88831e+00	3.56014e+00
9.59979e+00	-4.09866e-01	9.63813e+00	-4.86360e+00
9.61215e+00	2.13400e+00	5.09414e+00	-4.51180e+00
9.17994e+00	2.09537e+00	2.92434e+00	3.52814e+00
8.52315e+00	-1.78650e+00	8.11005e+00	-4.49033e+00
6.32686e+00	6.89122e-02	8.47375e+00	-2.81604e+00
9.12364e+00	2.18051e+00	5.89764e+00	4.96107e+00
8.98817e+00	1.86048e+00	7.46776e+00	1.89745e-01
8.17029e+00	1.27432e+00	7.66561e+00	3.11019e+00
6.62863e+00	-2.11315e+00	9.81575e+00	1.44706e+00
8.44954e+00	2.24784e+00	1.00618e+00	-4.24588e-01
9.86205e+00	-3.04829e+00	2.60918e+00	1.88896e-01
9.14349e+00	3.58654e-01	7.01433e+00	2.80437e+00
7.50013e+00	-1.24620e-01	6.84290e+00	-9.78426e-01
7.86455e+00	-4.35348e+00	7.53357e+00	6.02026e-01
8.74930e+00	2.11388e+00	6.16720e+00	-4.53661e+00
7.76996e+00	-1.01044e+00	7.65231e+00	1.17877e+00
7.22617e+00	-4.61306e+00	8.50564e+00	9.44076e-01
9.01075e+00	6.97602e-01	9.12531e-01	-2.52367e+00
6.53743e+00	-7.93448e-01	6.07095e+00	-4.78398e+00
6.86414e+00	-1.73493e+00	5.17657e+00	-3.37630e+00
8.91612e+00	-5.42985e-01	5.75425e+00	-4.39917e+00
7.51835e+00	-3.68737e+00	8.24624e+00	-4.30497e+00
9.32826e+00	-1.75186e-01	2.84539e+00	7.79198e-01
5.72671e+00	1.35400e+00	7.24874e+00	-7.32022e-01
7.50137e+00	1.74472e+00	8.38683e+00	4.27841e+00
8.63846e+00	1.12148e+00	8.22407e+00	-4.52586e+00
7.50107e+00	3.21659e+00	4.68134e+00	1.76673e+00
9.44666e+00	-5.63576e-01	5.06183e+00	-1.82728e+00
7.24893e+00	-4.09599e+00	6.29286e+00	2.00985e+00
9.19727e+00	-3.30853e+00	8.78863e+00	-1.47177e+00
9.72011e+00	-2.40546e+00	7.71045e+00	-1.63989e+00
9.43489e+00	3.70374e+00	5.30492e+00	-8.81403e-01
9.12967e+00	-5.78587e-01	5.66777e+00	-4.34881e+00
6.57703e+00	-1.86751e+00	8.93005e+00	-3.57753e+00
8.27103e+00	-1.22534e+00	9.13497e+00	3.89842e+00
9.39425e+00	-3.38579e+00	3.44525e+00	-2.54931e+00
9.60933e+00	-4.47956e-01	6.85871e+00	3.02076e-01
8.67822e+00	4.67621e+00	2.62324e+00	4.29015e+00
7.25765e+00	5.22894e-01	2.09049e+00	2.91176e+00
8.88408e+00	-3.08089e+00	9.44288e+00	2.78783e-01
5.85441e+00	-2.35560e+00	3.25704e+00	1.82388e+00
9.45925e+00	1.95690e+00	5.54281e+00	3.61660e+00
7.85183e+00	1.77724e+00	9.00641e+00	-2.06231e+00
9.56369e+00	-3.92375e+00	5.79123e+00	-3.34822e+00
9.92728e+00	4.28424e-01	2.30958e+00	3.02607e+00
8.63993e+00	-1.79165e+00	6.83552e+00	-1.58474e+00
7.18645e+00	-3.14843e-01	9.54483e+00	6.95349e-01
9.50836e+00	-1.32854e+00	6.16059e+00	-4.80301e+00
8.83262e+00	2.89653e+00	8.04316e+00	4.75717e-01
9.78157e+00	2.62646e+00	4.62796e-01	-1.05232e+00
9.97622e+00	5.97211e-01	7.58854e+00	3.91365e+00
8.53338e+00	3.60488e+00	8.53456e+00	-2.34526e+00
9.95913e+00	1.52483e+00	7.01847e+00	-2.13102e+00
9.61676e+00	6.31623e-01	7.99587e+00	4.15979e+00
7.55912e+00	-8.47147e-01	4.58202e+00	4.03962e+00
7.50920e+00	3.80142e-01	3.37563e+00	-2.36264e+00
9.11877e+00	-3.82623e-01	6.79231e+00	-3.24371e+00
8.68899e+00	9.59465e-01	1.88599e+00	4.37497e+00
8.88915e+00	1.03661e+00	8.95776e+00	6.48472e-02
8.38788e+00	-4.16120e+00	8.67382e+00	-5.42411e-01
8.90649e+00	-1.79029e+00	5.54984e+00	-1.85774e+00
6.12266e+00	6.93240e-02	2.95625e+00	4.09443e+00
9.88381e+00	-1.41241e+00	4.65131e+00	-8.88266e-01
8.54865e+00	1.21196e+00	7.02651e+00	-4.50871e+00
8.54985e+00	-9.97107e-01	6.14097e+00	2.43186e-01
7.22730e+00	1.26447e+00	9.55293e+00	1.64364e+00
9.32665e+00	4.06804e+00	4.29021e+00	-1.16906e+00
8.82722e+00	2.96388e+00	3.86137e+00	1.39342e-01
8.67102e+00	-1.70250e+00	6.59350e+00	-3.77443e+00
8.58073e+00	-2.24734e+00	4.80911e+00	-6.68264e-02
9.52548e+00	8.00108e-01	8.40938e+00	-1.52427e+00
