# No. of particles = 100 
# Proton - Solar wind	Electron - Solar wind	
7.60328e-01	-2.27131e+00	1.15455e+00	-2.14433e+00
7.77799e-01	-2.32726e+00	5.24221e-02	-1.09304e-01
1.03333e+00	-2.31846e+00	2.43585e+00	1.92042e+00
1.45070e+00	-2.40172e+00	8.51660e-01	-2.43088e+00
7.82917e-01	-2.14114e+00	1.06533e+00	-2.08931e+00
1.95338e+00	-2.20140e+00	5.20254e-02	-2.33424e+00
2.23241e+00	-2.37678e+00	7.82797e-01	-2.43881e+00
6.83213e-01	-2.23691e+00	5.60549e-01	2.54961e-01
2.27387e+00	-2.43057e+00	7.65725e-01	-1.82359e+00
5.08781e-01	-2.13823e+00	2.93650e-01	2.13201e+00
1.39411e+00	-2.21705e+00	1.91484e+00	8.50692e-01
5.98246e-01	-2.23054e+00	3.47561e-02	1.34615e+00
1.42368e+00	-2.33318e+00	4.97807e-01	-1.35828e+00
2.71344e-01	-2.35119e+00	6.77461e-02	-2.04657e+00
8.09692e-01	-2.28101e+00	2.40491e+00	-2.32513e-01
7.26780e-01	-2.41313e+00	2.46869e+00	-1.73982e+00
4.17034e-01	-2.44696e+00	6.92719e-01	-2.39321e+00
1.81339e+00	-2.07124e+00	2.45472e+00	-1.37250e+00
6.35740e-01	2.15287e-01	1.67545e+00	-1.04737e+00
8.37857e-01	4.89576e-01	5.60256e-01	-2.27333e+00
8.30182e-01	-2.39331e+00	3.11558e-01	8.24634e-01
1.72784e-02	-2.31300e+00	1.25879e-01	-2.24523e+00
1.92833e+00	-1.98703e+00	1.01394e+00	-1.51950e+00
1.35171e+00	-6.93984e-02	1.97037e+00	-1.22924e+00
1.74143e+00	-2.39703e+00	1.18614e+00	-9.07878e-01
3.90768e-01	-2.43991e+00	1.17131e+00	-1.81943e+00
1.44786e+00	-1.61815e+00	6.61842e-01	-1.97190e+00
5.48858e-01	-2.43076e+00	1.79009e+00	-1.21336e+00
1.55444e+00	-2.12876e+00	1.57966e+00	-1.14779e+00
1.32947e+00	-2.30028e+00	1.20370e+00	-9.07799e-01
1.02270e-01	-2.25248e+00	2.03626e+00	-3.90427e-01
1.64658e+00	-1.58766e+00	7.53752e-02	1.70304e+00
1.93562e+00	-1.43392e+00	6.48779e-01	-2.12611e+00
2.46252e+00	-2.45021e+00	1.99030e+00	1.35133e+00
1.05291e+00	-2.06527e+00	1.47184e+00	6.78806e-01
1.13988e+00	-1.99774e+00	1.34351e+00	-7.35260e-01
3.69207e-01	-2.42591e+00	1.76154e+00	-1.77596e+00
2.68956e-01	-2.38150e+00	2.30403e-02	-2.49127e+00
2.10342e+00	-1.76018e+00	1.38013e+00	1.37941e-01
8.73256e-01	-2.36618e+00	3.14078e-02	-2.48918e+00
2.61903e-01	-2.30418e+00	5.73822e-01	-2.14663e+00
2.36270e+00	-2.48971e+00	1.18357e+00	-3.18460e-02
7.48424e-01	-2.37303e+00	1.66867e+00	-1.50211e+00
2.17718e-02	-6.15774e-01	9.15025e-01	-1.19395e-01
7.69043e-01	-2.23146e+00	2.36115e+00	-2.40551e+00
1.14229e+00	-1.63208e+00	1.67487e+00	-1.89606e+00
1.98263e-01	-2.25861e+00	1.57426e+00	-5.53541e-01
1.18545e+00	-2.40423e+00	3.37867e-01	-1.86577e+00
4.48873e-02	-2.43900e+00	1.03757e-01	8.52244e-01
2.21538e+00	-1.26575e+00	1.21472e+00	-1.54592e+00
2.82533e-01	8.29113e-02	8.01050e-01	-1.38471e+00
1.17394e+00	-2.33056e+00	1.61870e+00	-1.87292e+00
1.23788e+00	4.10285e-01	1.37043e+00	-2.12889e+00
3.94862e-01	-2.33749e+00	7.88550e-01	-2.31257e+00
2.39714e+00	-2.14337e+00	4.52618e-01	-2.42633e+00
2.76565e-01	-2.29577e+00	2.01639e+00	-9.96902e-01
1.00275e+00	-2.39502e+00	2.01711e+00	2.02223e+00
5.30314e-01	-3.75405e-01	1.30164e+00	-9.49749e-01
2.57119e-01	-5.17083e-01	1.05699e+00	1.68890e+00
2.32011e+00	-2.07426e+00	1.93862e-01	-2.15184e+00
1.31310e+00	2.22553e+00	3.52726e-01	-1.65443e+00
2.01033e+00	-1.53579e+00	5.99649e-01	-1.73060e+00
1.27313e-02	-2.47150e+00	2.29228e+00	-1.25271e+00
2.26047e+00	1.00582e+00	1.90505e+00	2.35752e-01
2.60779e-01	-1.25605e+00	1.05081e+00	-2.22120e+00
9.88128e-01	-2.81969e-01	9.39598e-01	-1.31594e+00
4.63723e-02	-2.28675e+00	3.19743e-01	1.77880e+00
1.22707e-01	-2.49316e+00	9.04363e-01	-1.36583e+00
4.98210e-01	-2.14866e+00	2.08359e+00	1.62925e-01
1.33375e+00	3.97410e-02	4.73085e-01	-2.44688e+00
1.27640e+00	-2.01440e+00	2.32795e+00	-2.00181e+00
1.94998e-02	7.73014e-01	9.55325e-01	2.87369e-01
1.09871e+00	-2.33779e+00	4.50940e-01	-2.40925e+00
2.40936e-01	-1.44822e-01	1.52113e+00	-2.20033e+00
1.99309e+00	-2.21289e+00	8.35596e-02	-2.44671e+00
8.90089e-01	-6.56356e-01	1.01528e+00	-1.60342e+00
7.70807e-02	-8.01161e-01	8.75290e-01	-1.75849e+00
1.37267e+00	-1.56477e-01	1.45571e+00	-2.45287e-01
9.96715e-01	7.08193e-01	1.05332e+00	1.66316e+00
1.19453e+00	1.43580e+00	7.11198e-01	8.09704e-01
1.92819e+00	-1.78509e+00	1.33733e+00	-1.44006e+00
4.58571e-01	6.52619e-01	2.05331e+00	-2.38092e+00
2.10594e+00	3.36754e-01	8.80059e-01	-4.63293e-01
1.40403e+00	6.04176e-01	4.61845e-01	5.97515e-01
9.16021e-01	-2.27885e+00	1.56228e+00	-6.53775e-01
1.80294e+00	-2.36559e+00	1.19342e+00	9.15002e-01
6.86698e-01	1.93274e-01	1.13744e+00	-1.42310e+00
2.16525e+00	5.06295e-01	1.68180e+00	7.80360e-02
1.57923e+00	-2.24385e+00	9.98239e-01	-5.38324e-01
4.87599e-02	6.94393e-01	1.50703e+00	-1.26176e-01
1.90246e+00	-2.15541e-01	1.61768e+00	-2.20911e+00
1.16865e+00	-2.27539e+00	1.44498e+00	-8.00790e-01
1.99193e+00	-2.19489e+00	4.06222e-01	-2.00671e+00
1.03896e+00	-5.53981e-01	9.43291e-01	-1.61644e+00
2.07958e+00	5.27158e-01	8.10995e-01	8.54389e-01
8.20882e-01	4.48204e-01	3.25762e-01	-1.94984e-01
2.47103e+00	1.93477e-01	1.70986e+00	2.52644e-01
1.38572e+00	-2.28125e+00	7.08382e-01	-1.54132e+00
2.16913e-01	4.05624e-01	4.31114e-01	-1.25525e+00
1.16187e+00	2.22872e-01	5.21920e-01	-6.05216e-01
