# No. of particles = 100 
# Proton - Solar wind	Electron - Solar wind	
1.39866e+00	-1.86298e+00	2.97871e+00	-2.99693e+00
6.55936e-01	-2.76689e+00	5.30563e-01	1.82218e+00
2.47655e-01	4.68594e+00	1.75486e+00	2.95239e+00
1.74294e-01	-4.94717e+00	7.96532e+00	3.34418e+00
9.98349e-02	-1.11469e+00	7.59297e-02	-2.10198e+00
1.14548e-01	-5.77460e-01	7.17785e-01	-4.81390e+00
9.27798e-02	-3.09428e-01	2.14706e-02	-6.79994e-01
4.48033e+00	-4.95954e+00	9.61077e-01	-2.73893e-01
4.98333e-02	-2.86116e+00	1.59941e+00	3.48528e-01
2.10296e-03	3.62710e+00	8.85906e+00	-4.83033e+00
1.76939e-02	4.08147e+00	4.50177e+00	1.70996e+00
9.88316e+00	3.02001e+00	5.60084e+00	-3.49362e+00
8.39684e+00	3.95271e+00	5.13118e+00	-2.54368e+00
9.39147e+00	1.33684e+00	7.08661e+00	1.79490e-03
9.10517e+00	4.47476e+00	7.63251e-01	4.18900e+00
9.90640e+00	2.70904e-01	5.82096e+00	2.34663e+00
9.20952e+00	9.71779e-01	8.87026e+00	3.00577e+00
6.04428e+00	-4.39308e+00	5.40686e+00	-1.61599e+00
9.49508e+00	-3.92649e+00	1.98540e+00	2.86069e-01
7.03869e+00	-3.38869e+00	8.31958e+00	-3.58270e+00
7.01463e+00	-4.80769e-01	9.23459e+00	-1.69393e+00
9.17076e+00	-2.39902e+00	7.17152e+00	4.47268e+00
9.93742e+00	7.81173e-01	9.28533e+00	1.02462e+00
7.82224e+00	-3.27890e+00	9.17978e+00	-3.19782e+00
9.81626e+00	-4.82061e-01	1.46931e+00	-4.75265e+00
9.83031e+00	2.14103e+00	8.36566e+00	3.32264e+00
9.38867e+00	2.08971e+00	4.91834e+00	2.28786e+00
8.72133e+00	-1.91634e+00	5.15040e+00	-1.99266e+00
6.47426e+00	3.45519e-02	5.85720e+00	3.78136e+00
9.33636e+00	2.16066e+00	9.88831e+00	-4.98760e+00
9.19788e+00	1.83972e+00	5.05385e+00	-4.76138e+00
8.36253e+00	1.33557e+00	2.79094e+00	3.75227e+00
6.78565e+00	-2.22626e+00	8.05862e+00	-4.68856e+00
8.63611e+00	2.42041e+00	8.61631e+00	-3.02898e+00
9.36426e+00	3.61210e-01	7.67273e+00	2.38107e-01
7.68178e+00	-2.11584e-02	7.86166e+00	3.33369e+00
8.05607e+00	-4.54040e+00	9.78817e-01	-2.96296e-01
8.96319e+00	2.16471e+00	2.63117e+00	3.34576e-01
7.92122e+00	-1.15745e+00	7.21346e+00	2.77633e+00
7.40399e+00	-4.65310e+00	6.75252e+00	-9.12511e-01
9.23262e+00	7.82442e-01	7.50889e+00	4.75280e-01
6.69979e+00	-8.90462e-01	6.21963e+00	-4.81230e+00
7.03206e+00	-1.65376e+00	7.82451e+00	1.35744e+00
9.13865e+00	-4.94867e-01	8.62311e+00	8.26268e-01
7.70677e+00	-3.78199e+00	9.39451e-01	-2.47585e+00
9.56239e+00	-1.28882e-01	5.09916e+00	-3.62464e+00
5.87077e+00	1.48881e+00	5.92122e+00	-4.68006e+00
7.64407e+00	1.66281e+00	8.19359e+00	-4.54658e+00
8.85596e+00	1.06693e+00	2.88484e+00	9.52856e-01
7.69084e+00	3.32374e+00	7.35214e+00	-6.03719e-01
9.68608e+00	-5.69077e-01	8.37514e+00	4.55827e+00
7.43295e+00	-4.13997e+00	8.36653e+00	-4.81360e+00
9.38660e+00	-3.52124e+00	4.51902e+00	1.75369e+00
9.96938e+00	-2.53739e+00	5.01017e+00	-2.03638e+00
9.67743e+00	3.68458e+00	6.48646e+00	2.15516e+00
9.36578e+00	-6.03745e-01	9.05937e+00	-1.50728e+00
6.74766e+00	-1.99322e+00	7.94876e+00	-1.55962e+00
8.47094e+00	-1.38678e+00	5.46943e+00	-9.99855e-01
9.63947e+00	-3.60175e+00	5.67368e+00	-4.63909e+00
9.86035e+00	-4.17749e-01	9.20781e+00	-3.58785e+00
8.90519e+00	4.86224e+00	9.41967e+00	3.99013e+00
7.44808e+00	5.80606e-01	3.41176e+00	-2.47251e+00
9.11841e+00	-3.16636e+00	7.07600e+00	3.38008e-01
6.00898e+00	-2.45719e+00	2.65371e+00	4.26766e+00
9.69667e+00	2.14077e+00	1.83940e+00	2.92022e+00
8.06049e+00	1.80691e+00	9.74576e+00	2.30947e-01
9.81886e+00	-4.00789e+00	3.04344e+00	2.04339e+00
8.87245e+00	-1.77639e+00	5.72169e+00	3.64672e+00
7.35643e+00	-4.58237e-01	9.29727e+00	-2.03886e+00
9.75513e+00	-1.50045e+00	5.65458e+00	-3.47642e+00
9.07271e+00	2.85451e+00	2.06591e+00	2.96178e+00
8.76710e+00	3.74758e+00	6.81701e+00	-1.47344e+00
9.88111e+00	7.81574e-01	9.66405e+00	8.81468e-01
7.76686e+00	-8.15850e-01	6.36231e+00	-4.97397e+00
7.68267e+00	2.53179e-01	8.30700e+00	4.38409e-01
9.36965e+00	-4.06094e-01	1.48751e-01	-1.21865e+00
8.92281e+00	8.48351e-01	7.75853e+00	4.20750e+00
8.99439e+00	9.27594e-01	8.53352e+00	-2.58764e+00
8.62005e+00	-4.28556e+00	3.88719e+00	1.84167e+00
9.15612e+00	-1.70159e+00	3.16342e+00	2.37826e+00
6.29467e+00	1.93948e-01	6.91950e+00	-2.30157e+00
8.78971e+00	1.28203e+00	6.37319e+00	-1.92855e+00
8.72811e+00	-1.16617e+00	5.87814e+00	5.48997e-01
7.43119e+00	1.18161e+00	3.98068e+00	1.33848e+00
9.59019e+00	4.04539e+00	7.28730e+00	-3.75750e+00
9.07703e+00	2.95970e+00	5.89867e+00	1.70543e+00
8.91688e+00	-1.81642e+00	8.67407e+00	-7.41989e-01
8.82440e+00	-2.31759e+00	9.34372e+00	3.26610e+00
9.79631e+00	7.89152e-01	9.25242e+00	-3.01069e+00
5.75072e+00	7.15547e-02	1.70447e+00	-2.73272e+00
7.10681e+00	1.98618e+00	6.84290e+00	3.96856e+00
7.77147e+00	-4.60283e+00	7.81021e+00	-2.08018e+00
9.22240e+00	-3.53581e+00	1.79150e+00	-3.61732e+00
6.47175e+00	-2.37619e+00	2.36224e+00	-4.81891e-01
9.23101e+00	1.63952e+00	6.77114e+00	4.38112e-01
8.73946e+00	3.82338e+00	8.71065e+00	-1.78043e+00
9.78149e+00	2.80466e+00	2.16945e+00	1.72183e+00
9.43297e+00	2.55364e+00	9.70071e+00	4.91144e-01
9.37226e+00	-1.07978e+00	6.85423e-01	-3.96031e-01
6.49153e+00	-2.76437e-01	9.73432e+00	6.74436e-01
