# No. of particles = 100 
# Proton - Solar wind	Electron - Solar wind	
1.20046e+00	6.62878e-01	1.86923e+00	-9.23960e-01
3.28951e-01	-6.51289e-01	8.44582e-01	-1.17871e-01
4.38351e-02	-9.61750e-01	1.04570e+00	1.08073e-01
9.50633e-01	-4.00883e-01	7.26112e-01	-9.35505e-01
6.87783e-01	-6.18702e-01	1.72955e+00	-9.57679e-01
1.06101e-01	-7.44822e-01	1.13795e+00	1.47413e-01
1.68472e-01	-9.54559e-01	9.54021e-01	8.09941e-01
5.37756e-02	-8.95835e-01	7.24513e-02	-6.48997e-01
3.59032e-01	-9.56919e-01	1.57651e+00	-7.25285e-01
1.58886e-01	-9.35227e-01	6.50761e-01	-4.64842e-01
5.52533e-01	8.61645e-01	1.68359e+00	-3.11050e-01
1.31488e+00	7.16489e-01	1.45100e+00	4.81960e-01
1.85467e+00	1.70377e-01	3.18235e-01	-5.35098e-01
4.48832e-01	-4.75647e-01	1.10482e+00	1.58601e-01
1.48960e+00	-7.83064e-01	1.09057e+00	4.99703e-02
3.10549e-01	-7.26072e-01	8.93737e-01	-7.54942e-01
1.82743e+00	-3.06990e-01	3.97684e-01	-4.82193e-01
1.81029e-01	-2.62548e-02	1.33086e+00	3.20603e-01
8.33044e-01	-7.27251e-01	1.69531e+00	2.19634e-01
4.45066e-02	-8.96190e-01	2.75885e-01	-7.44102e-01
1.19108e+00	-4.38404e-01	7.70592e-03	-9.90032e-01
1.41069e-01	-6.75252e-01	7.65925e-01	2.40942e-01
3.87696e-01	-8.87161e-01	1.26260e+00	2.21253e-01
2.88637e-01	-7.03667e-01	7.53384e-01	2.40651e-01
8.49157e-01	-6.86394e-01	1.82570e+00	4.80946e-01
6.37313e-01	-3.51719e-01	6.95636e-01	6.14785e-01
7.14749e-01	5.92559e-01	1.30000e+00	-4.97819e-01
7.36432e-01	2.46550e-01	2.33826e-02	-9.98233e-01
4.14312e-01	-9.23639e-01	8.47689e-03	-8.83314e-01
2.38381e-01	-5.49517e-01	1.53370e+00	6.88933e-01
2.99774e-01	-6.53370e-01	4.77887e-01	-6.34066e-01
5.45838e-02	-9.79687e-01	1.21257e+00	-8.14369e-01
2.87208e-01	-3.31640e-01	1.10490e+00	-6.37581e-01
2.73015e-01	7.21175e-01	1.20213e-01	1.58976e-01
3.60006e-01	-2.38928e-01	9.94496e-01	-9.27705e-02
9.03209e-01	-8.22392e-01	3.11625e-01	9.71052e-01
6.20580e-01	6.77544e-01	1.49891e+00	4.00663e-01
1.52248e+00	-6.94223e-01	1.98508e+00	-8.98950e-01
1.41225e+00	-7.82354e-01	8.18005e-02	-8.64739e-01
1.86074e+00	3.91265e-01	1.98774e-01	2.97462e-02
2.03604e-01	-9.39145e-01	1.09406e+00	4.45964e-01
1.01952e+00	7.68874e-01	1.52561e+00	6.69783e-01
6.78254e-01	5.30566e-03	1.20732e+00	3.63202e-01
6.12167e-01	-2.61918e-01	1.12088e+00	9.01668e-01
1.48422e+00	7.95758e-01	4.45922e-01	-9.38501e-01
2.95660e-01	-8.52908e-01	6.89854e-01	-7.00667e-01
1.96655e-01	-6.96102e-01	8.47812e-01	2.11939e-01
1.08515e-01	-8.95094e-01	1.85696e+00	-6.48186e-01
3.10852e-01	4.22657e-01	1.13813e+00	5.43359e-01
1.67366e-02	-2.41240e-01	1.42892e+00	5.15603e-01
1.65671e+00	-6.10915e-03	1.92682e+00	-4.39297e-02
3.84821e-01	-1.81655e-01	1.90818e+00	-6.96595e-03
8.23283e-02	-8.31736e-01	9.08938e-01	-1.91987e-02
2.70336e-01	-5.94489e-01	1.40878e+00	-4.49993e-01
3.04240e-01	-4.24605e-01	1.79688e+00	2.60651e-01
1.78553e+00	-9.35923e-01	1.90201e+00	-3.46369e-01
2.07210e-01	8.32359e-01	2.13950e-01	-2.73971e-01
4.01250e-01	-8.81555e-01	4.15337e-01	-3.35137e-01
8.21997e-02	-9.58197e-01	9.02699e-03	-9.92408e-01
7.75253e-01	-1.31166e-01	1.97877e+00	-9.50804e-01
5.85614e-01	-3.30457e-01	2.12315e-01	2.56192e-01
1.85817e+00	2.38983e-01	1.40131e+00	5.05930e-01
9.06674e-01	8.17665e-01	1.38254e+00	-7.88800e-01
3.27676e-02	-8.15108e-01	1.67586e+00	6.87757e-01
7.53495e-02	-5.68036e-01	1.85291e+00	-4.87244e-01
9.88162e-01	-4.67378e-01	1.07715e-01	5.04808e-01
1.68450e+00	7.37153e-01	7.45708e-01	-9.80887e-01
8.69312e-01	5.91648e-01	1.51241e+00	-3.32211e-01
7.08959e-01	1.98655e-01	1.48079e+00	6.01881e-01
1.72443e+00	2.38018e-01	4.67741e-01	3.22464e-01
8.03851e-01	3.76044e-01	7.30703e-01	2.00743e-03
1.45913e+00	-1.99917e-01	2.40306e-01	8.28776e-01
5.94955e-01	2.04675e-01	5.78802e-01	-3.11471e-01
7.48706e-02	1.26656e-01	1.61832e-02	-6.86450e-01
7.11314e-01	-3.72274e-01	3.33424e-01	-9.99414e-01
1.63095e-01	3.08306e-01	1.80682e-01	5.21494e-01
3.82577e-01	-2.51438e-01	5.57590e-01	-9.03289e-01
1.01329e-01	-4.56950e-01	9.40218e-01	2.83476e-01
1.27514e+00	8.84043e-01	1.17495e+00	3.06422e-02
1.35388e-01	-5.29783e-01	4.17296e-01	5.86020e-01
4.69837e-02	-9.41613e-01	1.14529e+00	3.20820e-01
6.89042e-01	9.53269e-01	8.21739e-01	1.74473e-01
1.65266e+00	8.48446e-01	6.83642e-01	-1.59584e-01
4.77096e-01	-8.91716e-01	1.08330e+00	1.54091e-01
2.28720e-01	-3.83041e-01	8.92501e-01	3.59438e-01
3.69537e-01	5.08048e-01	3.10716e-01	7.50852e-01
5.01394e-01	-2.22474e-01	1.31301e+00	5.54066e-01
1.71752e+00	-7.76852e-01	9.42817e-01	3.68139e-01
9.07933e-01	-5.76715e-01	1.41713e+00	-6.74129e-01
7.49983e-01	-9.41490e-01	4.80571e-01	-6.86874e-01
1.77317e-01	-4.87089e-01	4.17869e-01	2.73080e-01
1.10124e-01	-9.38351e-01	1.33515e+00	3.00388e-01
8.09173e-01	6.75875e-01	8.11215e-01	-5.82309e-01
6.29509e-01	4.40029e-02	6.66239e-01	2.81640e-01
9.76214e-02	-9.74542e-01	5.49291e-02	-8.78271e-01
1.14513e+00	5.30783e-01	6.09885e-01	-2.23722e-01
1.17125e-01	1.73399e-01	8.77657e-01	-5.98761e-01
2.77630e-02	-9.45714e-01	7.26847e-01	-8.38134e-02
1.31623e-01	-4.18091e-01	4.39475e-01	-1.91540e-01
9.81212e-02	1.33293e-01	1.63654e+00	-4.12762e-01
