# No. of particles = 100 
# Proton - Solar wind	Electron - Solar wind	
9.19476e+00	-4.42048e-01	3.47176e+00	-1.19792e+00
1.14474e+00	3.31379e+00	4.21661e+00	3.57176e+00
6.94154e-01	-4.83523e+00	5.01291e+00	4.26355e+00
4.11449e-01	1.55670e+00	2.79460e+00	2.80271e+00
2.00867e-01	2.01274e+00	5.28393e+00	-1.14400e+00
2.57085e+00	4.99538e+00	6.23613e+00	3.28548e+00
3.73536e-02	-2.43583e+00	5.67812e+00	3.98318e+00
6.45810e+00	-4.18895e-01	8.27792e+00	2.30523e+00
8.97936e+00	-4.14874e+00	1.90289e+00	-4.04247e+00
5.31011e+00	-1.71364e+00	7.22494e+00	4.93758e+00
9.58333e+00	3.25541e+00	9.82168e+00	2.84693e+00
9.62557e+00	-2.10497e+00	8.86499e+00	4.97902e+00
8.70383e+00	-3.17187e+00	9.94419e+00	1.02802e+00
9.02516e+00	-4.61575e+00	1.28210e-02	2.12924e+00
8.43855e+00	3.42418e+00	6.06642e-02	-2.13865e-01
6.15160e+00	-1.59852e+00	7.11107e+00	4.96789e+00
6.34376e+00	-6.05901e-01	8.93191e+00	4.84381e+00
8.75917e+00	4.73930e+00	9.67359e+00	-2.23059e+00
9.59816e+00	-4.23647e+00	7.71723e+00	2.16095e+00
9.65787e+00	3.07615e+00	4.66271e+00	-1.13052e+00
7.48850e+00	-1.98601e+00	8.59314e+00	-3.36224e+00
9.45570e+00	-1.35525e-01	5.23349e+00	-2.52936e-01
8.39265e+00	1.21920e+00	5.03640e+00	1.11347e+00
9.38446e+00	1.33680e+00	2.49551e+00	3.01038e+00
9.98188e+00	-6.93254e-01	7.11094e+00	4.35986e+00
9.76226e+00	-4.42864e+00	7.45047e+00	-2.78905e+00
7.86436e+00	-1.68091e+00	1.48607e+00	-9.84074e-01
7.75949e+00	-3.91841e+00	2.10683e+00	2.57801e+00
8.91006e+00	-4.92177e+00	9.35802e+00	-1.21620e+00
9.26281e+00	4.39404e-01	4.21347e-02	-1.97228e+00
9.09457e+00	-3.72373e+00	3.70361e-01	-7.67110e-01
7.55127e+00	-3.69256e+00	8.87033e+00	2.30863e+00
8.18170e+00	-3.74977e+00	3.95589e+00	2.56671e+00
6.92374e+00	-8.51603e-01	4.90414e+00	1.12013e+00
9.92580e+00	-4.76459e+00	8.85702e+00	3.86738e+00
4.86283e+00	4.58382e+00	8.54316e+00	1.85113e+00
9.52582e+00	-2.82769e+00	7.66178e+00	-3.73379e+00
9.67828e+00	-6.31970e-01	4.72947e+00	3.97088e+00
7.29939e+00	1.29185e+00	5.74430e+00	-5.37915e-01
8.59646e+00	1.69831e+00	7.92695e+00	2.53993e+00
8.68034e+00	1.33589e+00	9.37421e+00	3.45006e+00
6.38875e+00	-7.18791e-02	1.45889e+00	3.77951e+00
9.47959e+00	-1.73800e+00	4.08180e+00	-2.57589e+00
6.82263e+00	-2.66423e+00	4.02370e+00	9.26833e-02
9.06353e+00	4.63318e+00	9.77946e+00	3.84354e+00
9.67763e+00	-2.57515e+00	6.40781e+00	1.97353e+00
5.13177e+00	-3.14308e+00	7.09657e+00	-4.52418e+00
8.93903e+00	2.27672e+00	9.50119e+00	-3.20088e+00
7.20766e+00	7.70866e-01	1.44019e+00	-2.81621e+00
9.45868e+00	-8.12414e-01	4.78444e+00	-1.16201e+00
9.07709e+00	7.42244e-01	3.02566e-01	4.42531e+00
9.50718e+00	-3.20047e+00	1.91978e+00	-2.41265e+00
9.81842e+00	3.21712e+00	9.29638e+00	-3.07528e+00
9.70923e+00	-3.13369e+00	5.31030e+00	1.65283e-01
9.81927e+00	4.50205e-02	2.41414e+00	-3.44445e+00
9.44501e+00	1.56294e+00	3.12304e+00	2.77938e+00
7.98367e+00	-4.44763e+00	2.21663e+00	2.52633e-02
8.12960e+00	-1.84697e+00	9.82762e+00	-2.96412e+00
6.53230e+00	-2.04109e+00	3.20336e+00	-1.30719e+00
9.18396e+00	-3.04394e+00	2.70337e+00	5.39639e-01
9.68285e+00	7.72754e-01	3.75770e+00	-3.15587e+00
9.74182e+00	-2.31996e+00	5.71365e+00	4.79832e+00
9.97862e+00	4.86025e+00	5.87408e+00	-5.77454e-01
8.34279e+00	1.72191e+00	9.60487e+00	-2.17252e+00
9.36487e+00	1.17318e+00	5.90645e+00	1.31310e+00
9.67527e+00	2.00009e+00	1.02261e+00	-2.70552e+00
4.03392e+00	-3.32309e+00	1.57325e+00	-2.32158e-01
7.09360e+00	2.32903e+00	8.95760e+00	4.54198e+00
9.43441e+00	-4.65122e+00	5.74248e+00	-1.53894e+00
6.96985e+00	-1.96496e+00	7.80100e+00	3.19127e+00
9.24465e+00	-2.10333e+00	5.36645e+00	-5.25020e-01
6.92370e+00	-4.55929e+00	9.98812e+00	1.73356e+00
9.76335e+00	3.01426e+00	8.58919e+00	6.50009e-01
7.94353e+00	-8.14291e-01	8.31332e+00	-4.34816e+00
9.99592e+00	2.00482e+00	9.85457e+00	-3.10071e+00
9.58447e+00	7.42695e-01	6.76057e+00	4.80831e-01
8.82868e+00	4.36560e+00	9.85928e+00	-5.47527e-01
9.99955e+00	6.81448e-02	8.01315e+00	1.14238e+00
8.71592e+00	2.27120e+00	4.80801e+00	1.93134e+00
8.66010e+00	-3.64226e+00	4.94946e+00	5.43463e-01
7.62391e+00	9.36468e-01	8.51795e+00	-7.82024e-01
8.80356e+00	8.45132e-01	1.55330e+00	-4.73292e-01
9.16789e+00	-2.40477e+00	7.47318e+00	3.99472e+00
9.02004e+00	2.93295e-03	2.17432e+00	2.33334e+00
9.89750e+00	1.32259e+00	2.52843e+00	2.12987e+00
9.82273e+00	-2.52947e+00	9.33742e+00	-3.74024e+00
9.03678e+00	-4.45971e-01	3.10972e+00	2.80770e+00
9.37299e+00	3.83913e-01	1.30353e+00	4.81204e+00
9.30421e+00	-3.33841e+00	5.48951e+00	-4.13407e-01
5.10262e+00	3.55991e+00	9.89301e+00	-1.62273e+00
8.55990e+00	1.49449e+00	4.73541e+00	-8.66641e-01
8.12573e+00	6.57177e-01	8.65153e+00	2.81655e-01
7.79443e+00	2.21468e+00	9.34465e+00	-2.99422e+00
7.50826e+00	2.10834e+00	9.97295e+00	2.43648e+00
5.53793e+00	3.63808e+00	1.85031e+00	4.93071e+00
8.44748e+00	2.79848e+00	6.05161e+00	3.03287e-01
7.78201e+00	-3.85846e+00	7.59572e+00	-1.68602e+00
8.52141e+00	-2.36701e+00	9.84932e+00	2.64853e+00
8.06555e+00	9.56638e-01	5.26094e+00	4.50898e+00
9.29004e+00	-1.75273e+00	1.61070e+00	3.28995e+00
