# No. of particles = 100 
# Proton - Solar wind	Electron - Solar wind	
8.10338e-01	-2.13695e+00	6.70915e+00	-4.74821e-01
4.24401e-01	-7.42934e-02	7.48361e+00	1.08800e+00
3.74388e+00	4.96231e+00	3.15584e+00	4.65342e+00
9.78667e+00	1.99090e-01	3.10630e+00	3.68723e+00
8.92267e+00	4.47409e+00	5.08942e-01	2.11827e+00
9.52739e+00	-3.96251e+00	6.72027e+00	3.63708e+00
7.21815e+00	-2.28241e+00	2.97450e-01	9.00955e-01
5.73643e+00	2.14610e-03	9.84805e+00	1.61292e+00
7.74456e+00	4.01699e+00	2.83316e+00	1.92946e+00
6.32635e+00	5.61063e-01	3.05091e+00	6.80041e-01
8.39439e+00	-1.96631e+00	8.85043e+00	3.85264e+00
9.60707e+00	-1.35509e+00	1.01683e+00	-1.52197e+00
9.22168e+00	-1.68073e+00	5.39483e+00	-2.02700e+00
9.46539e+00	-3.79840e+00	8.07315e-01	1.40425e+00
5.68507e+00	-3.38130e-01	9.01391e+00	2.56297e+00
9.83049e+00	3.26990e+00	7.97350e+00	-1.32745e+00
9.56441e+00	1.18154e+00	2.78182e+00	-2.45527e+00
7.85410e+00	1.12422e+00	9.83111e+00	-3.77346e+00
7.31335e+00	-5.68081e-06	9.37962e+00	-1.43000e+00
5.57888e+00	1.02034e+00	8.88419e+00	4.39349e+00
8.55858e+00	-3.27071e+00	1.74748e+00	-4.28500e+00
9.39456e+00	-1.01128e+00	4.80651e-01	-4.10239e+00
9.58731e+00	1.57554e+00	3.89683e+00	-3.24844e+00
9.26805e+00	-2.35459e+00	8.52089e+00	4.14762e+00
9.06648e+00	2.13409e+00	9.13455e-01	3.95058e+00
8.86937e+00	1.60889e+00	6.74287e+00	-6.12943e-01
9.29134e+00	-6.78962e-01	2.15669e+00	2.62916e+00
9.82898e+00	7.02429e-01	2.86677e+00	-2.25987e+00
6.53290e+00	-3.87270e-01	3.75250e+00	-2.49081e+00
9.75127e+00	1.40222e+00	1.52567e+00	-4.01477e+00
7.80642e+00	4.50678e+00	9.94271e+00	-4.11980e+00
9.34056e+00	-1.76313e-03	6.58015e+00	1.79110e+00
7.65703e+00	4.27653e-01	6.35092e+00	4.70730e+00
9.32726e+00	-3.98593e+00	2.15889e+00	-6.29679e-01
8.38411e+00	2.68187e+00	2.69031e+00	-3.70527e+00
8.99071e+00	4.35065e+00	9.97318e+00	-2.80405e+00
9.88346e+00	-4.74079e+00	4.57475e+00	-2.29609e+00
9.48077e+00	-7.88906e-02	6.48864e+00	-2.55484e+00
7.64352e+00	-1.28489e+00	8.69226e-01	-1.09020e+00
7.27168e+00	9.79274e-01	5.98742e+00	4.91915e+00
8.81566e+00	1.04426e+00	8.06114e+00	-2.56284e+00
6.26450e+00	-1.53226e+00	6.12216e+00	1.84894e+00
8.97217e+00	2.79192e+00	9.40183e+00	-7.50765e-01
9.51623e+00	4.10611e+00	2.10868e+00	-4.58996e+00
9.17809e+00	2.61508e+00	9.23873e+00	-2.32903e+00
9.11740e+00	1.73972e+00	5.64848e+00	-4.30726e+00
9.63370e+00	-4.46220e+00	6.93722e+00	1.64740e+00
9.26680e+00	1.80374e+00	6.06533e+00	7.22230e-01
9.81489e+00	3.87756e+00	6.07167e+00	-2.24493e+00
6.98439e+00	-3.55376e+00	9.07512e+00	1.20756e+00
8.98067e+00	4.68021e+00	6.15532e+00	4.59336e+00
9.22617e+00	-4.59574e+00	8.55708e+00	2.60419e+00
9.16873e+00	3.22295e+00	5.36347e+00	-1.16588e-02
7.59198e+00	1.02276e+00	1.64566e+00	-2.60896e+00
6.99001e+00	-1.89115e+00	4.55914e+00	-4.04102e+00
9.66936e+00	-4.50482e+00	8.34715e+00	1.22663e+00
9.66542e+00	-4.93355e+00	4.76879e+00	-4.64052e+00
5.46582e+00	-1.99310e+00	5.89071e+00	3.25112e+00
8.67455e+00	5.09335e-01	3.26577e+00	2.62739e+00
8.56355e+00	-6.83344e-01	7.47041e+00	2.20139e+00
8.52629e+00	2.12715e+00	2.01786e+00	-4.84326e+00
7.90484e+00	-2.79192e-01	9.92031e+00	-4.41639e+00
9.70416e+00	-1.64776e+00	9.14255e+00	4.43511e+00
9.89023e+00	-3.17687e-01	7.78858e+00	-1.06823e-01
8.55824e+00	1.42534e-01	6.20204e+00	4.83486e-01
5.41219e+00	-8.29323e-01	4.26459e+00	2.05606e+00
6.85474e+00	-1.20383e+00	2.95678e+00	-5.18453e-01
9.23591e+00	-2.36654e+00	5.92072e+00	4.11656e-02
8.77378e+00	4.38196e+00	8.02449e+00	8.61220e-02
9.20751e+00	8.36058e-01	2.92255e+00	4.56480e+00
9.83746e+00	4.64767e+00	3.05781e+00	2.71890e+00
9.37844e+00	1.82513e+00	8.66946e+00	4.97446e+00
8.71391e+00	-2.24902e+00	7.23992e+00	-1.50127e+00
9.95475e+00	3.20210e+00	9.71878e+00	1.12278e+00
7.41822e+00	-2.02490e+00	3.15814e+00	3.35505e+00
9.38354e+00	-3.74039e+00	5.04779e+00	9.36592e-01
9.29944e+00	7.39802e-01	9.99572e+00	1.88501e+00
4.60691e+00	-1.56064e+00	9.63663e+00	2.85825e+00
6.08266e+00	-4.55713e-01	6.12119e+00	-1.67106e+00
9.74368e+00	-2.00368e+00	1.87340e+00	-7.40173e-01
9.70118e+00	1.19549e+00	9.26434e+00	1.57216e+00
5.30140e+00	2.24051e+00	9.69717e+00	-4.57810e+00
4.67585e+00	-1.66940e+00	8.84288e+00	2.18647e+00
7.63536e+00	-7.88910e-01	2.49145e+00	-4.61682e+00
9.65589e+00	4.70635e+00	7.76022e+00	-4.87712e+00
4.49273e+00	-2.79935e+00	2.38425e+00	5.73837e-01
8.95797e+00	-4.06477e+00	9.58962e+00	-1.29262e+00
6.43916e+00	-4.75696e-01	5.55078e-01	-2.81646e+00
9.96419e+00	-1.21915e+00	2.69158e+00	4.51432e-01
8.07713e+00	-8.71948e-01	9.61107e-01	6.20946e-01
8.78755e+00	-2.06649e+00	8.27926e+00	-1.76284e+00
8.82699e+00	-3.15751e+00	4.45401e+00	1.72215e+00
9.08866e+00	4.96302e+00	9.78884e+00	7.52274e-01
7.80511e+00	1.11287e+00	2.25859e+00	1.77938e+00
7.87605e+00	3.95916e-01	8.99382e+00	3.38307e+00
6.72595e+00	-2.33537e-01	4.22634e-01	4.96462e+00
9.80058e+00	-4.68947e+00	9.21129e+00	2.64295e+00
9.30910e+00	1.58030e+00	9.34498e+00	-3.53069e+00
8.73299e+00	3.53347e+00	2.87638e+00	-1.22070e-01
9.11120e+00	1.35951e+00	6.44548e+00	2.68185e+00
