# No. of particles = 100 
# Proton - Solar wind	Electron - Solar wind	
4.90094e-01	-4.98478e+00	2.20022e+00	4.74847e+00
5.27560e+00	-4.82463e+00	3.42862e+00	-1.27592e+00
8.42112e+00	-4.74923e+00	5.80243e+00	4.62406e+00
8.28261e+00	-4.83260e+00	6.05091e+00	-3.37485e+00
4.94119e-01	-4.73665e+00	9.78875e+00	-9.16017e-01
6.36002e-01	-4.52752e+00	6.49425e+00	2.72058e+00
3.36555e-01	-4.39390e+00	2.92598e+00	5.26690e-01
5.62251e-01	-4.02311e+00	5.56942e+00	-2.73504e+00
6.23086e-01	-3.09005e+00	6.60218e+00	-1.72897e-02
6.43325e-01	-3.06190e+00	9.98227e+00	-1.84200e-01
4.52009e-01	-2.96520e+00	2.04983e+00	2.04631e+00
4.72787e-01	-2.73656e+00	8.94393e+00	-3.23199e+00
4.62678e-01	-2.88407e+00	4.74622e+00	-4.53020e+00
5.29913e-01	-2.80643e+00	7.32660e+00	-4.40133e+00
4.93496e-01	-2.69489e+00	3.03150e+00	-2.97966e+00
6.76768e-01	-2.28648e+00	7.70040e+00	1.50821e+00
5.35606e-01	-2.05887e+00	6.00382e+00	-4.15972e+00
6.14950e-01	-2.23394e+00	7.69797e+00	-3.08316e+00
5.50083e-01	-1.36958e+00	4.05630e+00	3.76628e+00
2.21647e-01	-1.60008e+00	5.75557e+00	3.18809e+00
5.08733e-01	-1.70642e+00	5.87513e+00	4.62769e+00
6.73918e-01	-1.31182e+00	6.35488e+00	3.14621e+00
4.97673e-01	-1.23729e+00	4.66454e+00	-1.64278e+00
4.50604e-01	-1.01827e+00	4.62337e+00	-2.21054e-01
4.51583e-01	-1.26026e+00	4.19505e+00	2.68864e+00
4.66850e-01	-1.00391e+00	9.80451e+00	3.39916e+00
4.74156e-01	-6.74899e-01	8.24234e-01	1.61821e+00
6.62660e-01	-7.87836e-01	1.78932e+00	-2.01644e+00
4.26691e-01	-2.21196e-01	9.54282e+00	-1.60956e+00
6.78220e-01	1.07626e-01	5.16932e+00	3.17066e-01
5.03933e-01	5.15989e-01	6.58469e+00	-4.80759e-01
6.08816e-01	3.26254e-01	1.04563e+00	1.86650e+00
5.39280e-01	7.97002e-01	7.84392e+00	3.02936e-01
5.09781e-01	1.01111e+00	5.22552e+00	-3.03593e+00
4.75477e-01	9.74025e-01	3.54953e+00	-8.99671e-02
5.36620e-01	1.24389e+00	7.84862e+00	7.88737e-01
4.08594e-01	1.86876e+00	4.47276e-02	-3.90994e+00
5.13230e-01	1.85563e+00	3.51603e+00	-1.22279e+00
5.92175e-01	2.10259e+00	5.07321e+00	-3.30546e+00
8.13801e-01	2.40679e+00	2.66610e+00	-4.66880e+00
3.58863e-01	2.89040e+00	6.07444e+00	3.61508e+00
5.83620e-01	3.68275e+00	3.98886e+00	3.44493e+00
6.10749e-01	3.96856e+00	7.38325e+00	-3.40747e+00
5.02742e-01	3.88310e+00	9.15804e+00	-1.09165e+00
4.92675e-01	4.10864e+00	6.36581e+00	2.29965e+00
4.74586e-01	4.41225e+00	3.35184e-01	-1.33840e+00
8.84508e-01	4.35038e+00	7.18922e+00	-2.70869e-01
1.93600e+00	4.80991e+00	2.02981e+00	6.84350e-01
2.98367e+00	4.91087e+00	8.77862e+00	3.53272e+00
2.95610e+00	4.76739e+00	3.35879e+00	4.14289e+00
3.37452e+00	4.93468e+00	2.03363e+00	1.26400e+00
9.07179e+00	4.96612e+00	1.29200e+00	6.27023e-01
1.67380e+00	-4.89714e+00	9.03053e+00	-4.07936e+00
7.58539e+00	-4.88157e+00	3.96266e+00	-4.77543e+00
8.35826e+00	-4.91886e+00	1.46192e+00	-1.51614e+00
9.47026e+00	-4.81423e+00	9.96338e+00	3.84188e+00
6.23927e-01	-4.79578e+00	5.78639e+00	5.57024e-01
7.51030e-01	-4.56718e+00	2.06691e+00	-1.88743e+00
6.20666e-01	-4.56428e+00	8.50322e+00	-1.67665e+00
6.41105e-01	-4.34659e+00	2.08088e+00	-1.18431e+00
6.41081e-01	-4.48971e+00	1.38118e-01	-4.36758e+00
5.08131e-01	-4.34276e+00	6.10175e+00	1.07258e+00
4.65296e-01	-4.36566e+00	9.12445e+00	1.25219e-01
5.85240e-01	-4.17651e+00	4.65264e-01	3.34651e+00
6.73905e-01	-4.33954e+00	5.44516e+00	-8.18666e-01
5.31716e-01	-4.07580e+00	6.73755e+00	-5.99328e-01
5.44166e-01	-3.88412e+00	1.20673e+00	-6.07013e-01
6.35633e-01	-4.24636e+00	7.60165e+00	-2.81966e+00
6.12305e-01	-3.66883e+00	3.02655e+00	8.84485e-01
5.25104e-01	-3.23254e+00	3.06785e+00	-3.00699e+00
4.64332e-01	-3.53020e+00	2.83148e+00	-2.47825e+00
6.60347e-01	-2.74834e+00	3.58946e+00	-1.97639e-01
4.92604e-01	-2.68170e+00	1.09611e+00	2.53618e+00
4.58578e-01	-2.33943e+00	6.41274e+00	-2.05309e+00
5.69619e-01	-2.34142e+00	8.02198e+00	7.69333e-01
5.30699e-01	-2.33080e+00	7.67684e+00	1.75396e+00
3.11221e-01	-2.00907e+00	1.06456e+00	-4.59810e-01
6.10462e-01	-1.85204e+00	5.08377e+00	-1.43545e+00
6.03230e-01	-2.02990e+00	6.53941e+00	-3.26338e+00
6.00862e-01	-1.62857e+00	8.69411e+00	-4.90035e-01
1.98754e-01	-9.72142e-01	8.04867e+00	-2.30258e-01
4.46381e-01	-1.18700e+00	5.49086e+00	3.58395e+00
3.97626e-01	-4.03006e-01	5.00103e+00	1.66702e+00
4.58065e-01	-4.35172e-02	2.54125e+00	-6.49166e-01
4.89951e-01	1.16790e-01	7.91598e+00	4.22097e+00
6.84040e-01	3.03465e-01	1.52737e+00	4.68230e+00
6.05399e-01	3.73386e-01	1.58897e+00	2.34676e+00
4.41264e-01	4.92843e-01	7.58998e+00	-2.66696e+00
4.49335e-01	5.47067e-01	1.46645e+00	3.28387e+00
4.90929e-01	5.15651e-01	2.61585e+00	-2.69159e+00
4.66767e-01	1.16289e+00	2.33537e+00	6.62820e-02
4.25461e-01	1.29346e+00	1.29713e+00	3.22959e-01
4.99951e-01	1.54135e+00	1.78693e+00	-2.80798e+00
6.57230e-01	1.24481e+00	2.03175e+00	-4.10592e-01
3.51257e-01	1.46026e+00	2.43113e+00	2.25555e+00
4.14242e-01	1.50523e+00	6.84891e+00	-1.83791e+00
2.22501e-01	1.60611e+00	9.81610e+00	3.13420e+00
5.02677e-01	1.67303e+00	7.77805e+00	-1.79474e+00
4.78163e-01	1.95830e+00	5.20402e+00	2.28754e-01
4.08326e-01	2.11582e+00	5.82822e+00	1.53551e+00
