# No. of particles = 100 
# Proton - Solar wind	Electron - Solar wind	
2.93287e-01	6.47153e-02	1.04440e+00	-2.69057e-01
4.75540e-01	-8.06561e-02	1.36304e+00	-1.98296e-01
1.09005e+00	-1.13750e-01	1.30307e-02	-8.44633e-01
8.71005e-01	7.49735e-01	3.75660e-01	-7.14839e-01
1.09112e-01	-8.00921e-01	1.85271e+00	-8.74455e-03
2.55510e-01	-6.86727e-01	3.65652e-01	-7.14507e-01
4.04685e-01	-4.72931e-01	1.24116e+00	4.25428e-01
9.27470e-01	5.43882e-01	7.12963e-01	1.59275e-01
5.10556e-02	9.51218e-01	1.06454e+00	-1.54419e-01
6.39569e-01	8.68934e-01	2.96318e-01	-8.99684e-01
6.32527e-03	-9.61817e-01	6.65741e-01	-1.94963e-01
7.17747e-01	-8.86675e-02	1.02610e+00	-8.98927e-01
1.22860e+00	-2.25092e-01	9.84124e-01	-3.40110e-01
2.29246e-01	-5.50824e-01	3.38896e-01	9.91523e-01
5.51399e-01	-9.05213e-01	1.67767e+00	9.92777e-01
7.96799e-01	7.47613e-01	6.71694e-01	-6.50310e-01
7.28517e-01	-7.07152e-01	1.15223e+00	-5.03882e-01
6.59972e-02	-7.42027e-01	1.86255e-01	-3.82479e-01
3.63950e-01	-4.70424e-01	5.03301e-01	-7.84611e-01
5.49217e-01	2.46584e-01	1.30016e-01	-9.20982e-01
7.96075e-01	3.14713e-01	8.25892e-01	8.93809e-01
3.13736e-01	-5.03892e-03	1.20663e+00	2.08162e-01
8.63135e-01	-4.51871e-01	4.53314e-01	8.29277e-01
2.89242e-01	4.86903e-01	1.05899e+00	-1.26625e-01
1.63859e+00	-2.66897e-01	8.85187e-01	3.36454e-02
1.54878e-01	-1.15118e-02	9.76497e-01	5.17698e-01
4.47038e-01	7.57189e-01	1.85345e+00	-4.82674e-01
1.95725e-01	-4.72951e-01	2.92809e-01	8.44660e-02
8.92628e-01	-3.77222e-01	6.24747e-01	1.02842e-01
1.05354e+00	1.18850e-01	2.30322e-01	-9.79178e-01
8.86999e-01	2.17220e-01	3.57793e-01	2.45012e-01
5.77716e-01	-9.46562e-01	7.18395e-01	7.30195e-01
9.87502e-02	-6.18433e-01	9.52565e-02	-9.67846e-01
1.05099e+00	-6.91465e-01	1.80475e+00	-5.79939e-01
2.69061e-01	6.91235e-01	1.03501e+00	-3.46528e-01
2.66252e-01	-9.35627e-01	1.58454e+00	2.78073e-01
1.77886e+00	-4.52009e-01	7.33433e-02	-7.88846e-01
4.49832e-01	-8.96684e-01	1.66509e-01	-9.04126e-01
3.37488e-01	2.79440e-01	6.47836e-01	-1.19272e-01
2.04444e-01	8.17471e-01	3.13360e-01	5.84654e-01
6.21954e-01	7.09864e-01	2.97366e-01	-7.83188e-01
1.64191e+00	7.10484e-01	5.48216e-01	4.66129e-01
1.11874e+00	9.36594e-01	8.25426e-01	-6.13512e-01
2.60161e-01	-7.74708e-01	1.33610e-01	-6.76305e-01
3.71934e-01	1.80598e-01	2.33831e-01	-5.78123e-01
5.09942e-01	-7.06666e-01	8.41785e-01	-5.58782e-01
1.65943e+00	2.12751e-01	4.89002e-01	-2.80932e-01
6.58009e-01	-5.72416e-02	3.47091e-01	-9.98421e-01
2.77494e-02	-8.73106e-01	1.89887e+00	5.93482e-02
4.85482e-02	8.54381e-01	1.19656e+00	-9.10562e-01
4.81997e-01	-7.55560e-01	6.23698e-01	6.65859e-01
1.83654e+00	2.32726e-01	7.46933e-01	-9.34052e-01
8.54151e-01	5.29130e-01	1.70089e+00	-1.44344e-01
5.48840e-01	6.04798e-01	1.90131e+00	-1.19745e-01
1.63761e+00	9.66076e-01	3.19667e-01	-9.18557e-02
1.88372e+00	-5.29278e-01	1.15884e+00	-3.45788e-01
7.51871e-02	-7.14273e-01	4.73374e-01	-9.07790e-01
1.52410e+00	-4.98970e-01	3.28383e-01	4.00245e-01
6.90577e-01	4.91401e-01	7.09240e-01	1.96753e-02
6.49240e-02	-8.00319e-01	5.38669e-01	5.59897e-01
7.59959e-01	7.53484e-01	1.94340e+00	5.88877e-02
1.18827e-01	9.49422e-01	9.59317e-01	8.60687e-01
2.92044e-01	-5.30411e-01	1.27290e+00	7.09511e-02
7.53708e-01	7.73327e-02	9.57335e-01	2.40584e-03
4.49372e-01	2.60975e-01	1.57601e+00	6.10895e-01
4.55992e-01	-7.29258e-01	5.41189e-01	-9.03608e-01
1.10945e+00	6.94777e-01	9.78683e-01	-1.77679e-01
4.06898e-01	3.20602e-01	3.93955e-01	-9.13952e-01
8.82153e-01	5.58945e-01	8.48412e-01	-5.87855e-01
8.67677e-01	3.06410e-01	1.04140e+00	-6.90845e-01
6.74867e-01	-6.23544e-01	1.01268e+00	-1.82216e-01
1.59962e+00	4.13269e-01	1.87787e+00	-6.86823e-03
1.16820e-01	-8.04567e-01	7.16569e-01	8.66203e-01
2.35362e-01	-5.48572e-01	1.92330e+00	-9.06800e-01
5.49049e-01	-5.34374e-01	1.00514e+00	-9.39430e-01
7.47846e-01	-9.09196e-01	1.06336e+00	5.56398e-01
1.12779e+00	7.16277e-01	1.93876e+00	4.08761e-02
6.29846e-02	-9.24611e-01	1.33019e+00	6.54799e-01
2.00107e-01	-7.13633e-01	7.67815e-01	-4.40823e-01
8.46567e-01	-1.31878e-02	7.35877e-01	3.48430e-01
5.12829e-01	7.92145e-03	1.25446e+00	9.88499e-01
1.31045e+00	4.16505e-01	1.35902e+00	4.02932e-01
1.04692e+00	1.41245e-01	1.75670e+00	4.58586e-01
7.59919e-02	-1.28927e-01	1.53463e-01	-7.35575e-01
1.66552e-01	-3.61397e-01	3.20677e-01	1.10379e-01
2.52486e-01	4.60436e-02	2.32911e-02	-9.73016e-01
3.49614e-01	-4.68150e-01	1.16350e+00	1.94481e-01
1.10115e+00	-3.13239e-01	1.35653e+00	-8.20542e-01
3.42518e-01	-3.40483e-01	2.94740e-01	3.50803e-01
6.36697e-01	7.86498e-01	4.69161e-01	-2.23445e-01
1.24943e-01	-6.92812e-01	7.24616e-02	8.30873e-01
3.47724e-01	2.81576e-01	1.41734e-01	-9.08774e-01
5.79933e-01	1.25740e-01	6.21871e-02	-6.26257e-01
2.26963e-01	-7.51404e-01	1.46719e+00	6.67368e-01
6.18300e-01	-2.81921e-01	1.64545e+00	1.90852e-01
9.64390e-01	-8.21939e-02	5.98159e-01	-7.26367e-01
1.78070e+00	4.46418e-01	4.30467e-04	-9.98152e-01
2.66643e-01	-4.15024e-01	1.32532e-01	-8.76256e-01
1.64258e+00	6.34327e-01	8.97775e-01	-8.78674e-01
2.87256e-01	-9.28794e-01	1.20988e+00	4.64333e-01
