# No. of particles = 100 
# Proton - Solar wind	Electron - Solar wind	
1.43140e+00	8.42677e-01	2.84440e+00	-3.49220e+00
5.18697e-01	3.58850e+00	4.53822e+00	1.92748e+00
1.27899e-01	-6.13607e-01	5.12688e+00	-3.38828e+00
6.23761e-02	-3.32024e+00	9.25139e+00	-3.21882e+00
4.43775e-02	2.75874e+00	6.84078e+00	-4.62543e+00
1.92800e-02	-1.82275e-01	6.69779e+00	4.22087e+00
9.96643e+00	1.58689e+00	9.73101e+00	-2.71013e-01
7.08196e+00	1.05120e+00	6.89506e+00	-2.06734e+00
8.30331e+00	-1.83684e+00	3.57412e+00	-2.82273e+00
9.73710e+00	-7.22434e-01	8.70223e+00	-4.77295e-01
9.73269e+00	-3.27329e-01	7.86491e-01	-3.60242e+00
9.25957e+00	1.72546e+00	3.16809e+00	-4.67905e+00
7.97987e+00	-7.18063e-01	7.87732e+00	8.43987e-01
8.15119e+00	-3.15581e+00	2.24228e+00	-3.32108e+00
9.46732e+00	2.69003e+00	3.60096e+00	-4.46564e+00
8.92662e+00	-3.68645e+00	5.43806e+00	-2.18092e+00
6.98574e+00	-1.76600e+00	7.81948e+00	-4.83913e+00
6.92659e+00	-1.83962e+00	6.52781e+00	3.91252e+00
8.77413e+00	-2.74686e-01	9.04422e+00	6.58651e-01
9.50878e+00	-3.20846e+00	5.55172e+00	-5.80209e-01
5.90693e+00	-3.36218e+00	7.78678e+00	-1.40409e+00
7.80086e+00	-5.48544e-01	8.98862e+00	3.11228e+00
6.80008e+00	1.84423e+00	8.27492e+00	4.96068e+00
5.99946e+00	-1.49404e+00	3.92363e+00	-9.74249e-02
9.79887e+00	-2.54732e-01	5.20151e-01	-4.97622e+00
5.76691e+00	-2.74718e+00	7.83166e+00	1.35154e+00
8.26529e+00	-1.47023e+00	2.72077e+00	1.88207e+00
8.64513e+00	5.57369e-01	9.82520e+00	2.57573e+00
8.27965e+00	-1.01278e+00	8.18502e+00	1.90802e+00
9.36595e+00	-1.25408e+00	2.42478e+00	3.96090e+00
4.96076e+00	-2.17363e+00	6.96343e-01	-1.75070e+00
8.75028e+00	-3.40158e+00	6.88173e+00	-1.55210e+00
9.82863e+00	8.03816e-01	8.16821e-01	4.91495e+00
8.72230e+00	-3.45356e+00	9.59488e+00	-8.14343e-01
8.24830e+00	4.15284e+00	6.17355e+00	2.88254e+00
8.97483e+00	-2.34709e+00	5.59154e+00	-5.65267e-01
7.94553e+00	3.74493e+00	9.39309e+00	-4.58221e+00
6.25875e+00	-5.58768e-01	8.44944e+00	3.55825e+00
9.43143e+00	-2.62535e+00	3.98900e+00	-3.17642e+00
7.56314e+00	-4.85727e+00	4.30843e-01	2.51519e+00
9.80197e+00	-1.85634e+00	3.64308e+00	-8.38831e-01
6.62319e+00	9.69697e-02	8.84639e+00	-4.18071e+00
7.85935e+00	-5.14058e-01	9.38317e+00	-2.07970e+00
8.99994e+00	3.62684e+00	9.95663e+00	3.40012e+00
9.22937e+00	8.97580e-01	2.97103e+00	4.14675e+00
8.78571e+00	4.52568e+00	7.29344e+00	2.98657e+00
6.88013e+00	-3.74116e-01	5.51280e+00	-4.63597e+00
8.85712e+00	-3.68255e+00	4.06033e-02	-4.77183e+00
9.67402e+00	1.51001e+00	6.73766e+00	1.48998e-01
7.58062e+00	-1.01087e+00	9.81869e+00	-7.34795e-01
9.12228e+00	-7.69833e-01	9.58296e-01	-2.04645e+00
7.90320e+00	-4.42156e+00	7.47608e+00	-2.71547e+00
8.98658e+00	2.88956e+00	6.65516e+00	1.80531e+00
9.25373e+00	1.67723e+00	6.24786e+00	1.75374e+00
8.19442e+00	5.15034e-01	8.23751e+00	3.48129e+00
8.46179e+00	-4.06256e+00	9.06131e+00	8.93684e-01
6.97754e+00	-1.75035e+00	3.18855e+00	8.36290e-01
6.56027e+00	2.87994e+00	7.34725e+00	2.30405e+00
9.74801e+00	9.45575e-01	5.34605e+00	4.52526e+00
9.05293e+00	2.44865e+00	7.68090e+00	4.38071e+00
5.74311e+00	-3.58799e+00	8.78375e+00	5.78505e-02
7.46193e+00	1.72960e+00	5.01095e+00	8.20538e-01
6.75638e+00	3.46005e+00	2.79369e+00	-1.92534e+00
8.63717e+00	-2.10932e+00	6.76977e-01	2.90090e+00
7.48359e+00	-4.75400e+00	1.94996e+00	-2.56511e+00
6.95518e+00	-3.87943e+00	7.60471e+00	4.60341e+00
9.97791e+00	-2.04482e-01	7.58816e+00	2.00690e-01
8.96284e+00	-3.60028e+00	1.13688e+00	2.10186e+00
5.72626e+00	1.42172e+00	8.65149e+00	4.97220e+00
5.89594e+00	4.59585e+00	7.70391e+00	-3.42153e+00
7.77699e+00	5.06504e-01	3.31565e+00	3.79648e+00
9.08664e+00	-3.43046e+00	9.44243e+00	-1.98368e+00
9.81146e+00	6.18740e-01	6.78499e+00	-1.15302e-02
7.90120e+00	6.79967e-01	2.14905e+00	2.05911e+00
9.45623e+00	-4.99921e+00	3.02373e-01	2.43630e-01
7.06928e+00	4.98394e+00	9.12027e+00	-2.67915e+00
9.63505e+00	2.44391e+00	7.73067e+00	-1.36411e+00
9.79496e+00	-4.14219e+00	9.71577e+00	-3.86183e+00
8.67276e+00	1.00439e+00	9.54428e+00	-5.96433e-01
8.98393e+00	-3.49593e+00	7.33400e+00	2.87848e+00
9.41197e+00	-2.32070e+00	2.42628e+00	-4.23702e+00
8.18273e+00	-1.65707e+00	9.88490e+00	-2.94073e-01
8.00716e+00	1.90330e+00	6.44143e+00	-1.49648e+00
9.59654e+00	-2.06503e+00	6.75284e+00	-1.09850e+00
4.04560e+00	-2.95733e+00	1.75405e+00	3.80507e+00
8.65098e+00	3.44103e+00	1.93510e-01	-2.05037e+00
6.57372e+00	3.28818e+00	7.35230e+00	1.16889e+00
9.82098e+00	-3.11934e+00	7.06268e+00	-3.54801e+00
6.42121e+00	4.60788e+00	8.45905e+00	1.15652e+00
9.78155e+00	-6.86186e-01	4.84661e+00	-3.00964e+00
9.19927e+00	2.84402e+00	2.29943e+00	-8.38222e-01
9.39220e+00	-3.06812e+00	5.85195e+00	2.60736e+00
5.48045e+00	-2.43185e-01	9.79477e+00	1.34175e+00
9.84015e+00	2.97447e+00	7.87852e+00	1.97939e+00
9.01204e+00	2.20429e-01	6.64094e+00	-1.03196e+00
9.25823e+00	2.11788e+00	6.53638e+00	1.47247e+00
9.56753e+00	-3.87189e+00	7.14273e+00	-3.78807e-01
5.56524e+00	1.37227e+00	6.36558e+00	1.66080e-01
8.80505e+00	-1.70217e+00	1.16238e-01	4.57039e+00
8.97651e+00	-2.10218e+00	8.25692e-01	1.82194e+00
