# No. of particles = 100 
# Proton - Solar wind	Electron - Solar wind	
1.50591e+00	-2.41434e+00	1.34222e-01	-2.36752e+00
1.62497e+00	-1.88841e+00	5.07832e-01	-2.18560e+00
2.24016e+00	-2.18761e+00	1.10302e+00	8.97336e-01
3.12876e-02	-2.22514e+00	7.03886e-03	2.15852e+00
7.07420e-02	-2.41082e+00	1.13370e+00	-1.78245e+00
1.94786e+00	2.95696e-01	3.42914e-01	-2.27344e+00
2.62351e-01	-2.31293e+00	6.61139e-01	-1.27708e+00
3.02628e-01	-2.31007e+00	1.74928e+00	-4.86699e-01
1.66218e+00	-2.44042e+00	2.26954e+00	-2.42940e+00
8.91127e-01	-2.17667e+00	1.48361e+00	2.73790e-01
2.39688e+00	-1.87909e+00	1.18540e+00	-7.93572e-03
1.15397e+00	-2.05699e+00	9.98556e-01	-1.94637e+00
2.39078e+00	-2.06052e+00	3.13296e-01	-1.01788e+00
1.71844e+00	-2.33592e+00	1.16195e+00	-1.98868e+00
1.16881e-01	-2.43086e+00	1.68993e+00	-1.99884e+00
2.40277e+00	-1.72046e+00	2.43827e-01	-2.14485e+00
6.39469e-01	-2.15110e+00	5.48510e-01	-1.09664e-01
9.05345e-01	-2.08561e+00	7.50893e-01	6.29544e-01
7.91805e-01	-2.26891e+00	1.37711e+00	6.22259e-01
3.23674e-01	-2.40938e+00	9.35389e-01	-1.51951e+00
3.81976e-01	-2.33507e+00	6.19219e-01	-1.88357e-03
1.28994e+00	-2.48464e+00	1.37422e+00	-1.10376e+00
1.01634e+00	-2.46329e+00	1.03898e+00	-2.09137e+00
2.11306e+00	-2.23791e+00	2.99374e-01	-1.48930e+00
2.26889e+00	-1.15563e+00	1.49728e+00	-6.94410e-01
7.28157e-02	-2.26580e+00	4.53151e-01	-2.02947e+00
2.24038e+00	-2.54464e-02	1.82601e+00	-1.85212e+00
1.35858e-01	-2.38500e+00	1.30065e-01	-2.32740e+00
1.67944e-01	-2.41490e+00	1.67035e-01	6.66743e-01
1.06868e+00	-2.36744e+00	4.01925e-01	-5.90852e-01
3.94246e-01	5.80267e-01	1.88126e+00	-2.32837e+00
2.09842e+00	-2.39093e+00	1.39813e-01	-1.52632e+00
6.55195e-01	-2.08593e+00	1.14808e-01	-6.68148e-01
6.19983e-01	-3.41943e-01	3.76723e-02	-2.39456e+00
3.77243e-01	-5.95784e-01	4.02052e-01	-1.99725e+00
7.28242e-01	-2.35036e+00	9.51125e-01	-5.01040e-01
1.53604e+00	-6.96074e-01	3.33209e-02	-2.32285e+00
1.86744e+00	-2.19551e+00	2.14590e+00	1.33836e+00
1.58765e+00	-2.34000e+00	3.24112e-01	1.87311e+00
2.14137e-01	-5.02377e-01	1.73856e+00	-2.47955e+00
4.33901e-03	-2.36319e+00	2.19484e-01	-2.48782e+00
1.55493e+00	-2.36685e+00	1.63069e+00	-1.83534e+00
1.42807e-01	-2.31187e+00	7.84362e-01	-2.22145e+00
8.20721e-01	-2.13009e+00	3.41777e-01	-2.55584e-01
2.05297e+00	5.63083e-01	2.46631e-01	-1.35695e+00
1.76020e+00	-1.96638e+00	1.00366e+00	-1.56546e+00
5.66952e-01	-2.40321e+00	2.27013e+00	-2.41933e+00
1.57208e+00	-5.80743e-01	2.72206e-01	-1.60639e+00
2.14394e+00	-2.35186e+00	1.41309e+00	-2.35399e+00
2.28512e-01	-2.25466e+00	1.63284e+00	1.43065e+00
2.05732e+00	-2.37293e+00	2.45266e-01	-2.42301e+00
1.21932e+00	-5.89683e-02	1.04127e+00	2.34875e+00
2.00380e-01	-2.41904e+00	8.01811e-01	1.66159e+00
1.05245e+00	-2.92494e-01	1.28087e+00	-1.01228e+00
1.26264e+00	-2.11413e+00	1.25155e+00	-6.13026e-01
4.89909e-01	-2.23915e+00	1.04950e-01	-2.40165e+00
1.42479e+00	4.00878e-01	1.60992e+00	-8.41275e-01
8.25807e-02	8.78012e-02	3.95527e-02	-2.48670e+00
8.10749e-01	-2.41101e+00	1.88448e-01	6.25294e-01
6.07735e-02	-1.22987e+00	3.86589e-02	-1.96003e+00
6.00422e-01	-2.35412e+00	2.35196e-01	-1.37015e+00
2.15793e+00	-6.35797e-01	2.53315e-01	-5.15722e-01
2.02235e+00	-2.03005e+00	1.85661e+00	5.84999e-01
4.47183e-02	-5.28136e-02	1.96787e-01	-1.33440e+00
2.46403e+00	1.22289e+00	2.60660e-01	-1.76021e+00
1.96965e-01	-6.43840e-02	2.34891e+00	-1.79643e+00
9.54016e-01	-2.27228e+00	5.84723e-02	-2.31070e+00
2.77519e-01	-2.38635e+00	9.39340e-01	9.16381e-01
2.44197e+00	1.33263e-01	1.26705e+00	-1.08997e+00
1.29510e+00	5.09407e-01	1.19069e+00	-1.21664e+00
5.60505e-01	-1.65152e+00	9.15133e-02	3.33840e-01
1.09271e+00	-1.87114e-01	4.29876e-01	-2.27758e+00
1.81051e+00	-2.17627e+00	1.67468e+00	1.16680e-01
1.87242e+00	-5.57111e-02	1.10181e+00	-2.27074e+00
1.57288e+00	1.54882e+00	3.34736e-02	2.54328e-01
3.06581e-02	1.51220e+00	5.69619e-01	-1.50044e-01
9.44905e-01	-2.31732e+00	1.31617e+00	6.95879e-02
2.34341e+00	-2.46697e+00	1.29007e-01	-2.48429e+00
1.89625e+00	-1.20244e+00	1.59463e+00	9.60115e-02
9.26056e-01	-2.31533e+00	6.07500e-01	-1.74088e+00
4.79975e-01	-2.49712e+00	1.53542e+00	1.41392e+00
9.11267e-01	-2.44119e+00	2.37749e+00	2.07883e+00
1.65935e+00	-2.41698e+00	2.22284e+00	2.57101e-01
4.78676e-01	-2.18153e+00	6.55123e-01	-3.22357e-01
1.27924e+00	-2.42041e+00	2.27288e+00	-1.76147e-01
3.96094e-01	1.06204e+00	1.31478e+00	1.18895e+00
2.95288e-01	-2.32129e+00	2.58205e-01	2.48635e+00
2.38648e+00	-2.02172e+00	8.45366e-01	1.05517e+00
4.40654e-01	-2.20829e+00	7.08211e-01	-9.56840e-01
2.35216e+00	-9.10155e-01	2.29256e+00	-2.38516e+00
3.21727e-01	1.07700e+00	1.94221e-01	-1.94075e+00
2.45238e-01	-1.09306e-01	3.55534e-02	-2.47764e+00
1.08381e+00	-2.33019e+00	9.97085e-01	1.99903e+00
2.41418e+00	-9.34915e-01	2.32675e+00	-1.16616e+00
5.05792e-01	-5.66605e-01	2.27902e+00	2.03237e+00
1.26818e-01	-2.26345e+00	1.75021e+00	-1.13427e+00
1.11962e+00	7.26877e-01	2.09344e-01	1.62663e+00
1.39374e+00	-2.39727e+00	1.82068e+00	1.64808e-01
1.30982e+00	-2.10924e+00	2.60915e-01	9.79366e-01
7.58354e-01	2.56706e-01	5.11446e-01	-1.04843e+00
