# No. of particles = 100 
# Proton - Solar wind	Electron - Solar wind	
1.03513e+00	-2.09583e+00	9.34504e-01	-2.35861e+00
1.95691e+00	-2.33093e+00	5.85597e-01	-2.09583e+00
1.63382e+00	-2.40765e+00	6.07389e-01	1.82425e+00
2.46510e+00	-1.31493e+00	5.89323e-01	-2.22399e+00
1.45415e+00	-2.48946e+00	1.66102e+00	-2.16190e+00
2.71808e-01	-2.44733e+00	2.17800e+00	-2.13302e+00
4.91741e-02	-2.36983e+00	1.12940e+00	-1.64155e+00
4.75393e-01	-2.37260e+00	4.99791e-01	7.08692e-01
6.96797e-01	-2.19084e+00	4.90098e-01	-1.68021e+00
1.66705e+00	-2.44302e+00	1.37074e+00	-2.48175e+00
2.32232e+00	-2.26136e+00	6.05046e-02	-2.29152e+00
9.41213e-01	-2.22626e+00	7.44706e-01	5.36579e-01
2.14092e+00	-7.72299e-01	1.02514e+00	-3.61577e-01
1.59512e+00	-2.49519e+00	1.70182e+00	-2.34171e+00
1.82850e+00	-2.23504e+00	1.00665e+00	-1.61496e+00
1.16272e+00	-2.31138e+00	7.66287e-01	-1.44201e+00
6.09279e-01	-2.40621e+00	1.24774e+00	5.57509e-01
1.64718e-01	-1.52359e-01	1.47690e+00	-3.58144e-01
1.51929e+00	-2.22617e+00	1.80903e+00	-1.61981e+00
1.53534e+00	-6.71765e-01	7.56313e-01	1.14102e+00
1.70454e+00	-2.47177e+00	2.12139e+00	-1.37821e+00
2.22295e-01	-2.43064e+00	1.29478e+00	-2.20704e+00
2.02886e+00	-1.33752e+00	9.36598e-01	3.75341e-01
1.63215e+00	-1.85694e+00	2.51374e-02	-2.39774e+00
1.94800e+00	-2.27442e+00	1.39146e+00	-2.70034e-01
9.31673e-01	-2.36802e+00	3.29843e-01	-2.30969e+00
2.21102e+00	-1.15019e+00	2.33404e+00	-2.15161e+00
1.28350e+00	-2.18891e+00	6.00136e-01	-2.19041e+00
2.39411e+00	-2.45535e+00	4.38942e-01	-1.04057e+00
2.37279e+00	-2.38449e+00	9.57315e-01	2.71376e-01
7.40572e-01	-8.35153e-01	1.40255e+00	-1.40045e+00
1.43046e+00	9.20047e-01	7.56647e-01	-8.88963e-01
2.19962e+00	-4.09078e-01	1.90677e+00	8.39711e-01
8.59616e-01	-2.38888e+00	1.02883e+00	2.94348e-02
2.14318e+00	-2.10827e+00	5.81739e-02	-2.46543e+00
6.67520e-01	-2.24707e+00	1.23952e+00	-1.33986e+00
4.05145e-01	-2.13848e+00	1.40879e+00	-2.32822e+00
1.89409e+00	-2.08173e+00	2.25181e+00	-2.35385e+00
6.22247e-02	-2.45435e+00	2.28631e+00	5.40702e-01
1.70543e+00	-1.31543e+00	1.39975e+00	-9.97279e-01
2.16259e+00	-2.29194e+00	1.71723e+00	2.15857e+00
2.71081e-02	-2.48751e+00	8.65724e-02	-2.22160e+00
3.19657e-01	-2.38805e+00	2.06199e+00	9.98309e-01
7.91753e-01	-2.18436e+00	1.81150e+00	-1.53347e+00
1.12469e+00	4.28915e-01	6.46490e-01	-7.97437e-01
1.52371e-03	-2.26991e+00	3.51165e-01	-2.42613e+00
1.62008e+00	1.74485e+00	2.96485e-01	-2.36102e+00
1.65128e+00	1.01504e+00	7.55228e-01	-6.83348e-01
5.83664e-01	1.01633e+00	2.01461e-03	-2.22014e+00
1.51409e+00	-2.05414e+00	2.05100e+00	-2.32927e+00
2.20853e+00	1.25904e+00	2.41378e+00	-2.15181e+00
1.99492e+00	6.32243e-01	5.53234e-01	8.43100e-01
2.23759e+00	-2.46328e+00	6.32760e-01	-2.42145e+00
1.54422e+00	-2.46280e+00	8.54246e-01	-6.46816e-01
4.09053e-01	-2.29882e+00	6.79522e-02	-2.47992e+00
1.06278e+00	-1.36488e+00	1.09635e+00	6.47008e-02
1.36710e+00	-1.63684e+00	2.06235e-01	1.06851e-01
1.14667e+00	-8.48582e-01	4.61706e-01	-2.43712e+00
1.39945e+00	-2.37576e+00	1.08447e+00	-2.26559e+00
6.59067e-01	-2.48557e+00	5.09073e-01	2.49374e-02
2.24486e+00	-1.39122e+00	2.17934e+00	-1.47572e+00
1.28318e+00	3.87373e-01	1.92453e-02	-2.36579e+00
1.29005e+00	-2.06995e+00	2.29556e+00	-1.78693e+00
2.04938e+00	-9.72976e-01	6.59007e-01	1.46931e+00
1.67932e+00	-2.49150e+00	1.87660e+00	1.34985e+00
1.76119e+00	-1.19323e-01	1.28101e+00	-1.95361e+00
1.07113e+00	1.64729e-01	1.07159e+00	7.94477e-01
8.24923e-01	2.53755e-01	1.36637e+00	1.27719e+00
7.70781e-01	-2.09873e+00	2.05996e-01	-6.32705e-01
2.36814e+00	-1.68024e+00	1.91302e-01	2.15321e-01
1.75514e+00	-4.78518e-01	1.70185e-01	-2.21593e+00
3.88859e-01	-2.34039e+00	1.01136e+00	7.41092e-01
2.18673e+00	6.26355e-01	4.37956e-01	-2.34818e+00
3.83854e-01	-2.37344e+00	2.36471e+00	-3.03987e-01
7.42314e-02	-2.24464e+00	5.24059e-01	2.14916e+00
4.41464e-01	4.30387e-01	3.38115e-01	-2.22510e+00
9.76459e-01	-2.36818e+00	1.47807e+00	-5.45436e-01
2.14342e+00	8.50707e-01	5.36488e-01	-4.91672e-01
1.79417e+00	-2.25395e+00	1.26336e+00	-7.21544e-02
2.31363e+00	2.15762e+00	4.78592e-02	-2.27630e+00
4.69675e-02	-4.85113e-01	5.20572e-02	-2.43996e+00
3.22101e-01	-2.28357e+00	5.89987e-02	-2.24588e+00
2.15236e+00	-9.99470e-01	5.38872e-02	5.62492e-01
2.49838e+00	-2.01307e+00	2.88631e-01	-8.64389e-01
1.23497e+00	3.57180e-01	9.83903e-02	2.55621e-01
2.12319e+00	-3.76712e-01	2.60013e-01	-1.16579e+00
1.35061e+00	-2.39500e+00	5.96487e-02	-2.28566e+00
3.35220e-01	-2.45537e+00	8.12788e-01	-1.92910e-01
2.09586e+00	-1.42770e-01	4.44800e-01	6.44353e-02
5.72037e-02	-2.91569e-01	1.16718e+00	1.46314e+00
2.33764e+00	1.15092e+00	1.31673e+00	-2.16600e+00
1.90920e+00	-2.17364e+00	8.71321e-01	-2.21992e+00
4.11624e-01	5.57678e-03	8.54462e-01	8.89986e-01
1.89323e+00	4.49788e-01	1.36455e+00	-2.31242e+00
1.44877e+00	1.51248e+00	1.81420e-01	-2.13260e+00
1.71607e+00	-2.09900e+00	2.35882e+00	-1.18909e+00
5.24492e-01	-2.12389e+00	3.17936e-01	1.66811e+00
2.16285e+00	-2.43877e+00	1.17380e+00	-1.14057e+00
1.30843e+00	-2.25031e+00	7.33828e-01	-1.09532e+00
1.55067e+00	-3.28971e-01	1.00547e+00	-1.42881e+00
