# No. of particles = 100 
# Proton - Solar wind	Electron - Solar wind	
4.84586e-01	9.88197e-01	6.55943e-01	9.29483e-01
8.15369e-01	-2.60728e-01	8.12059e-02	2.93610e-01
1.58962e+00	2.82236e-01	3.33532e-02	-9.22651e-01
1.25515e+00	7.64573e-01	1.40296e+00	5.98883e-01
1.52555e-02	-7.27738e-01	1.30598e+00	-8.55549e-01
1.58712e+00	9.58672e-01	3.53936e-01	-8.70148e-01
1.14608e+00	4.76235e-01	5.19308e-02	-1.07477e-01
1.23028e+00	1.32642e-01	4.21454e-01	-6.64832e-01
7.99582e-02	-9.75015e-01	9.69957e-01	-3.80121e-01
9.14824e-02	-6.89182e-01	1.25071e-01	-7.59940e-01
1.14036e+00	8.13553e-01	1.07388e+00	-8.83501e-01
1.03507e+00	3.18601e-01	3.36361e-01	-8.95302e-01
1.55323e+00	-1.27117e-02	4.62889e-03	8.77418e-01
6.30415e-01	5.73065e-01	7.56389e-01	3.09797e-02
1.06000e+00	-8.23113e-01	1.79980e+00	5.64747e-01
1.06461e+00	2.43735e-01	8.45831e-01	7.35612e-01
1.49030e-01	-7.99486e-02	8.44244e-02	-8.69523e-01
1.41918e-01	-3.48532e-01	1.65351e+00	9.01053e-01
1.13346e+00	6.61493e-01	3.48653e-01	-9.86620e-01
8.66015e-01	-2.18560e-02	1.26564e-01	-6.16915e-01
1.16974e+00	9.70926e-01	1.15438e+00	-2.32754e-01
9.51092e-01	1.51751e-01	2.81077e-01	-5.07747e-01
8.00178e-01	-2.46677e-02	1.91116e+00	-5.02697e-01
3.64591e-01	8.37359e-01	1.95972e-01	-9.39039e-01
1.34328e+00	3.68390e-01	6.84821e-01	-7.90691e-01
2.68254e-02	-9.64623e-01	1.74378e+00	6.97967e-01
3.59421e-01	2.52181e-01	1.02668e+00	-6.72603e-01
6.59222e-01	9.58181e-01	1.53266e+00	3.90604e-01
3.20500e-02	-9.77918e-01	8.40726e-01	-3.88017e-03
1.81491e+00	9.23380e-01	3.91267e-02	-9.74940e-01
1.68140e+00	-7.00809e-01	1.04327e+00	-4.81481e-01
4.90253e-01	-2.36583e-01	1.55771e+00	-6.29180e-01
4.63368e-01	9.58715e-01	1.77614e+00	1.41686e-01
1.43940e-01	-4.07142e-01	2.81103e-01	5.76864e-01
1.66685e+00	4.00143e-01	3.36598e-01	-7.48084e-01
6.17443e-01	-8.59209e-01	1.07589e+00	-8.07483e-01
3.65257e-01	-1.30236e-01	6.45608e-01	1.19025e-01
1.03114e+00	-7.69432e-01	1.35672e+00	-6.35723e-01
2.69821e-01	-9.34850e-01	6.51102e-02	-6.91677e-01
1.00863e+00	-2.69770e-01	8.17462e-02	-1.98398e-01
1.09703e-03	-9.96599e-01	1.94250e+00	-5.60408e-01
4.95343e-01	3.52327e-01	6.94498e-01	-5.25247e-01
4.32953e-01	-4.48283e-01	1.49443e+00	3.84609e-01
4.76393e-01	-4.78870e-01	9.46490e-02	-9.30324e-01
6.06502e-01	9.59090e-01	3.75021e-01	-4.37252e-01
1.66936e+00	-2.30968e-03	1.43874e-01	-7.64493e-01
5.34537e-01	-7.72689e-01	1.36008e+00	-4.73345e-01
1.72710e+00	-6.51134e-01	5.40120e-01	-4.97400e-01
1.96202e-01	-1.67388e-01	8.21652e-01	4.84441e-01
5.01025e-02	-8.77617e-01	1.84328e+00	-9.03390e-01
1.07604e+00	-3.25607e-01	1.04037e+00	6.25520e-01
1.49986e+00	-5.83946e-01	1.73942e+00	8.69194e-01
1.13597e+00	1.63372e-01	4.25976e-01	-2.59139e-01
4.85945e-02	-9.61835e-01	1.60315e+00	3.98126e-01
1.21339e+00	4.14158e-01	9.58754e-01	-4.66458e-01
6.95659e-01	-9.59230e-01	1.24055e+00	8.79899e-01
1.54314e-01	1.29527e-01	8.79145e-01	6.08669e-01
1.20764e+00	9.79088e-01	1.38007e-01	-1.84841e-01
5.41139e-01	1.61799e-02	1.50026e+00	-7.27937e-01
4.38612e-01	-5.14812e-01	1.89878e+00	-6.96696e-01
3.88619e-01	6.79788e-01	1.47447e+00	8.69891e-01
5.12162e-01	-6.56580e-01	8.01315e-01	5.48158e-01
6.41733e-01	1.76773e-01	1.49598e-01	-4.49758e-01
2.35925e-01	-7.09364e-01	1.97459e+00	-9.35779e-01
1.31841e+00	-6.56272e-01	6.70010e-02	-9.34639e-01
7.54752e-01	-5.51472e-01	5.61266e-01	2.25961e-01
1.25735e-01	2.01653e-01	1.60813e+00	4.32420e-01
3.95221e-01	-3.79319e-01	6.44813e-01	-1.52242e-01
2.24217e-02	-9.58450e-01	7.60215e-02	-2.67138e-02
2.34862e-01	-8.19343e-01	4.08208e-01	3.62620e-01
8.04886e-02	4.70285e-03	1.02343e+00	5.02702e-01
1.20862e+00	8.56458e-01	2.97456e-01	3.34614e-01
4.19425e-01	-2.55151e-01	1.64824e+00	-9.76819e-01
7.45943e-01	4.76252e-01	1.46413e-02	-9.78384e-01
6.61090e-01	-4.17659e-01	1.38369e+00	-7.54724e-01
9.57636e-02	2.18994e-01	9.17885e-01	3.47356e-01
1.34769e-01	-7.43891e-01	1.17418e+00	2.31982e-01
1.19746e+00	5.12781e-01	1.76247e+00	-7.86360e-01
7.86395e-01	1.20070e-01	1.44099e+00	8.71155e-01
1.18174e-01	-8.50397e-01	3.34503e-01	-8.13012e-01
1.97660e-01	-1.90530e-01	1.02088e+00	-4.40848e-02
9.72194e-01	6.98601e-01	1.64231e+00	4.36142e-02
1.37222e+00	5.17982e-01	1.22037e+00	9.81192e-02
1.08045e-01	-9.62721e-01	4.61464e-01	-7.34539e-01
1.26586e+00	3.92338e-01	4.67364e-01	-7.98020e-01
3.25803e-01	2.92737e-01	1.83403e+00	-8.35616e-01
4.58424e-01	-3.24365e-01	1.89116e-01	9.94498e-01
5.49746e-01	-9.09553e-01	1.95745e+00	4.33326e-01
1.08128e+00	-4.79975e-01	1.92003e-01	3.87671e-01
3.20421e-01	-9.58284e-01	6.90571e-01	-2.97405e-01
1.60063e-01	-5.75618e-01	2.47759e-01	7.16872e-01
7.36854e-01	-1.37742e-01	3.40817e-01	-2.33227e-01
7.15890e-01	4.05322e-01	1.95406e+00	-1.47090e-01
4.95119e-01	-3.08752e-01	1.00034e+00	7.56276e-01
7.82480e-02	-9.39382e-01	9.58592e-01	-6.64716e-01
1.05464e+00	2.99140e-01	2.22220e-01	-7.57087e-01
1.28141e+00	-8.22099e-01	1.96476e+00	1.72661e-01
2.26906e-01	3.31659e-01	7.52944e-01	3.40621e-02
7.51953e-02	-8.39949e-01	1.81350e+00	6.19409e-01
1.23750e+00	-7.05239e-01	3.33935e-01	-5.41754e-01
