# No. of particles = 100 
# Proton - Solar wind	Electron - Solar wind	
9.26963e-02	-9.05426e-01	5.61168e-01	-5.11306e-01
5.57627e-01	1.75911e-01	1.21895e-01	-9.44294e-01
5.70868e-01	-5.37131e-01	9.01440e-01	-3.79649e-02
3.22217e-01	-1.40728e-01	5.25528e-02	-8.80017e-01
8.71857e-01	-4.28050e-01	1.05798e+00	3.42765e-01
1.34847e-01	-2.45651e-01	1.27692e-01	-7.46390e-01
8.13127e-01	-4.00221e-01	7.01819e-02	-1.91626e-01
8.24612e-01	9.25563e-02	1.37987e-01	-8.57707e-01
1.44939e-02	-8.49936e-01	1.73852e+00	5.28210e-03
3.50089e-01	-1.98570e-02	1.23850e+00	8.60688e-03
1.19996e+00	6.85247e-01	1.41055e+00	-6.93086e-01
3.83180e-01	-5.11268e-01	7.22869e-03	-9.76789e-01
8.84105e-01	-4.50096e-01	1.34682e+00	-1.06161e-01
6.45112e-01	-3.11284e-01	1.00684e+00	-9.25097e-02
1.89688e-02	-9.85711e-01	2.95343e-01	6.26396e-02
1.82756e-01	-3.80415e-01	1.12738e+00	-9.16833e-01
7.55725e-02	-4.05295e-02	1.03534e+00	-9.67136e-01
1.18434e+00	-1.16554e-01	1.74611e+00	-9.98418e-01
1.28326e+00	9.72046e-01	6.73550e-02	3.28930e-01
7.17256e-01	3.70930e-01	2.68168e-01	6.30450e-01
4.06108e-01	-3.73538e-01	3.43203e-01	-5.93264e-01
8.67274e-01	2.00865e-01	4.73349e-01	6.06171e-02
9.95873e-02	-7.92498e-01	1.10437e+00	8.97064e-01
2.13352e-01	1.19288e-01	1.83936e+00	-9.62053e-01
4.50713e-01	-7.99385e-01	4.67847e-01	8.12694e-02
4.72122e-01	3.68275e-01	4.63957e-01	-9.56618e-01
1.49173e-01	4.23314e-01	6.41808e-01	6.94395e-01
1.76938e+00	5.84954e-01	7.99909e-01	-2.76597e-01
7.92772e-01	-6.65506e-01	9.94539e-01	-7.23547e-01
2.49435e-01	-7.18424e-01	1.88220e-01	5.37956e-01
1.90654e+00	3.77377e-01	6.37915e-01	1.19958e-01
3.12744e-01	-3.80795e-01	3.00472e-01	-2.82065e-01
4.33583e-01	-2.78662e-01	1.98837e+00	-1.22361e-01
7.24336e-01	-7.74677e-01	1.36590e+00	9.60779e-01
1.85178e+00	2.41532e-01	1.55831e+00	5.98075e-01
1.75683e+00	2.82053e-01	5.77627e-01	1.99887e-01
1.56027e+00	-5.85862e-01	7.67432e-01	6.04098e-01
5.60440e-01	8.97270e-01	3.51688e-01	-6.09417e-01
8.03915e-02	-7.30243e-01	3.01626e-01	2.41060e-01
1.26281e+00	6.68490e-01	6.48514e-01	-7.00308e-01
9.64437e-01	5.36119e-01	2.81584e-01	-1.14601e-02
3.87726e-01	-5.86319e-01	1.95882e+00	4.74674e-03
3.64085e-01	-3.92881e-01	5.44830e-01	3.64988e-01
3.75231e-01	4.27808e-01	4.29214e-01	-7.00214e-01
1.25153e-01	-6.34649e-01	1.78947e+00	3.73286e-01
5.05052e-02	-9.61849e-01	3.74688e-01	-2.08064e-01
1.22042e+00	-1.05987e-01	1.88380e+00	8.22791e-01
7.11379e-01	-1.31758e-01	1.60885e+00	1.80982e-01
7.43864e-01	-1.75955e-01	1.38365e-01	8.50318e-01
1.36435e+00	5.58141e-01	2.03553e-02	-6.40536e-01
7.06916e-01	-9.95104e-01	1.22374e+00	1.41059e-01
1.19343e+00	-1.92872e-01	2.86567e-01	5.95845e-01
1.57453e+00	7.91598e-01	1.16930e+00	-2.26155e-02
1.10658e+00	6.62809e-01	2.90463e-01	-4.80610e-01
1.19374e+00	4.20147e-01	3.56768e-01	-1.48474e-01
7.91987e-01	2.83357e-01	1.31000e+00	-1.61086e-01
8.51751e-01	2.06066e-01	1.15945e+00	-6.04026e-01
8.54732e-01	-8.26647e-01	1.00033e+00	-3.64279e-01
1.29079e-01	-7.38753e-01	7.84195e-01	-5.98463e-01
9.23025e-01	8.07787e-04	2.77495e-01	-3.27571e-01
1.23191e-02	-6.77477e-01	4.81964e-01	7.78032e-01
1.03054e+00	1.39364e-01	1.21767e+00	4.27113e-01
1.96830e+00	3.94543e-01	8.80807e-01	-1.47510e-01
1.97446e+00	8.62188e-01	3.68843e-01	5.07227e-01
1.58854e+00	-6.06970e-01	7.99267e-01	3.67230e-01
1.44145e-01	-9.08632e-01	1.56506e+00	-4.05300e-01
4.64641e-01	-5.19089e-01	3.95515e-01	7.65766e-01
2.98053e-01	-6.79625e-01	1.86553e-01	-6.64199e-01
6.11252e-01	8.77244e-02	1.03862e+00	-3.45798e-01
2.07903e-01	-7.44515e-01	4.69826e-01	-2.91762e-01
5.50614e-01	5.75452e-01	6.74758e-01	-7.12727e-02
4.14061e-01	9.49005e-01	6.24121e-01	-5.50992e-01
1.27612e-03	-9.79648e-01	1.21251e+00	5.95425e-01
3.69468e-01	-7.95370e-01	8.59530e-01	-5.24815e-01
4.34405e-01	-6.54477e-01	2.06556e-01	6.37970e-01
1.22915e+00	5.10461e-02	1.72548e+00	-9.62184e-01
7.36801e-01	-2.98339e-02	1.34397e+00	7.36921e-01
9.16093e-01	-3.01660e-01	4.17297e-01	2.98741e-01
1.75126e+00	7.37066e-01	1.98651e+00	-4.57446e-02
8.66216e-01	8.53362e-02	1.00460e+00	6.89535e-01
1.88835e+00	2.11562e-01	7.21861e-01	8.67176e-01
1.66519e+00	1.15064e-01	1.55368e+00	-1.81503e-01
6.95059e-01	-2.47166e-01	1.02827e+00	-8.61166e-01
1.12543e+00	8.89686e-01	1.93302e+00	5.86377e-02
4.30270e-01	-1.42730e-01	1.11502e+00	4.80553e-01
1.79236e-01	-2.10683e-01	3.85246e-01	-4.79923e-01
2.40649e-01	-6.14289e-01	1.50552e+00	2.70099e-01
9.94463e-01	-8.94381e-01	4.93383e-02	7.72184e-02
1.08483e+00	-1.87489e-03	1.14993e+00	6.60968e-02
1.83070e+00	-6.39130e-01	6.07676e-01	-6.03948e-02
9.40351e-02	-8.11687e-01	1.62044e+00	6.64508e-01
8.90884e-01	8.15589e-01	1.76373e-01	-3.96658e-02
4.36350e-01	-1.71010e-01	1.34960e-01	7.90226e-02
1.34561e+00	6.48376e-01	1.78762e+00	5.15904e-01
2.66379e-01	-8.52853e-02	1.55101e+00	3.03625e-01
1.36087e+00	9.86440e-01	1.43427e-02	9.84693e-01
8.39895e-01	-4.00713e-01	2.42392e-01	-2.28142e-01
9.81693e-02	-9.88544e-01	3.52227e-01	-9.74525e-01
1.09459e+00	3.90784e-01	3.72573e-01	-8.41361e-01
3.66526e-01	-5.52616e-01	9.27758e-01	-1.55454e-01
