# No. of particles = 100 
# Proton - Solar wind	Electron - Solar wind	
1.53838e-01	-2.63198e+00	8.91247e+00	2.93634e+00
8.80711e+00	-4.33185e+00	4.93723e+00	1.47027e+00
4.95474e+00	1.31919e+00	6.03356e-01	-4.52084e+00
9.24414e+00	-1.71611e+00	2.19082e+00	-3.43254e+00
9.54611e+00	-2.36422e+00	9.18301e+00	1.65277e+00
7.21061e+00	-1.78507e+00	1.19608e+00	-3.85481e+00
9.51487e+00	-2.65513e+00	9.89396e+00	3.80761e+00
8.01949e+00	-3.24212e+00	4.37642e+00	1.05719e+00
8.89770e+00	-1.11044e+00	3.69296e-02	-3.64446e+00
6.34535e+00	4.28677e+00	9.51935e+00	-3.73276e+00
8.22038e+00	-5.70441e-01	8.24677e+00	1.13046e+00
7.21087e+00	7.47992e-02	8.76619e+00	1.94091e+00
9.19591e+00	5.60902e-01	9.91163e+00	-4.83323e+00
7.27159e+00	-7.07170e-01	1.26035e+00	-1.19402e+00
8.79047e+00	1.17492e+00	9.74389e+00	-1.43063e+00
9.96601e+00	1.47078e+00	6.19936e+00	-1.79159e+00
8.52376e+00	2.82092e+00	6.25480e+00	2.39538e+00
8.55262e+00	1.13262e+00	1.51936e-01	-2.46616e+00
8.95231e+00	3.37763e+00	8.91661e+00	-2.58450e+00
8.15879e+00	2.36565e+00	2.78852e+00	-2.63230e+00
7.54684e+00	3.61974e+00	7.95559e+00	1.18562e+00
8.71086e+00	1.34851e+00	7.95878e+00	-1.28341e+00
9.93025e+00	4.14412e+00	8.67050e+00	-1.40039e+00
8.80328e+00	4.92071e+00	9.05174e+00	-3.81942e+00
8.60256e+00	4.51822e+00	9.81912e+00	-3.92566e+00
8.87304e+00	-4.74936e+00	5.34790e+00	-4.02423e+00
8.81101e+00	-4.74073e+00	8.14439e+00	-6.52556e-02
7.91009e+00	-1.42964e+00	9.59977e+00	4.16879e+00
8.05397e+00	-8.60830e-01	7.95624e+00	1.99940e-01
9.28695e+00	-3.23334e+00	7.76235e+00	-1.67292e+00
5.65339e+00	-2.11080e+00	8.25468e+00	-1.76142e+00
6.64737e+00	1.25586e+00	8.77298e+00	4.46874e+00
8.80837e+00	-2.96433e-02	7.01268e+00	3.84617e+00
5.47309e+00	3.56110e-01	6.76866e+00	-1.04375e+00
8.56973e+00	-6.40258e-01	6.20877e+00	-2.88870e+00
9.32803e+00	-3.67176e+00	8.11675e+00	-3.93505e+00
8.13546e+00	-4.55123e-01	9.71033e+00	1.37877e+00
9.95916e+00	-7.42561e-01	8.15449e+00	-2.18013e+00
9.15219e+00	5.84769e-01	8.47622e+00	-2.15544e+00
8.87200e+00	5.13783e-01	8.85693e+00	-3.60318e+00
9.61230e+00	3.10342e+00	5.78928e+00	3.96327e+00
9.88788e+00	1.62261e+00	3.25890e+00	-2.56065e+00
9.11689e+00	1.20709e+00	7.45490e+00	4.80159e+00
9.19997e+00	7.16092e-01	8.67310e+00	1.43195e-01
6.94000e+00	3.55322e+00	4.19426e+00	2.17037e+00
5.70744e+00	8.98825e-01	9.34963e+00	7.65988e-01
9.08778e+00	2.47810e+00	4.50007e+00	4.82763e+00
9.60342e+00	1.95267e+00	9.81518e+00	-1.21987e+00
9.68768e+00	3.65842e+00	7.91854e+00	3.04276e+00
8.00981e+00	2.53715e+00	8.48666e+00	-4.55066e+00
8.12455e+00	3.71610e+00	8.68009e+00	-3.82901e+00
9.42841e+00	2.44946e+00	2.01511e+00	1.24772e+00
6.75893e+00	1.95417e+00	8.48754e+00	2.94251e+00
9.05312e+00	3.20883e+00	8.90840e+00	4.91955e+00
9.24056e+00	3.40826e+00	7.70092e+00	-3.20716e+00
9.20392e+00	3.02622e+00	7.96498e+00	2.03089e+00
9.47423e+00	3.93731e+00	6.93679e+00	1.36587e+00
8.70020e+00	3.32949e+00	7.49922e+00	-3.23427e+00
8.97920e+00	3.95158e+00	1.19068e+00	-1.55462e+00
9.82029e+00	2.36925e+00	8.81877e+00	1.67469e-01
9.16404e+00	4.65584e+00	6.78377e+00	3.73920e+00
7.99681e+00	1.05361e+00	8.65953e+00	-4.48217e+00
9.51868e+00	3.98939e+00	3.40349e+00	-7.99915e-01
9.92319e+00	-2.37744e+00	9.45190e+00	-3.18436e+00
8.76253e+00	-4.49775e+00	6.61960e+00	3.09166e+00
8.86047e+00	-3.70943e+00	6.43033e+00	-2.03880e+00
5.20027e+00	1.29850e+00	5.50258e+00	-3.03222e+00
6.85546e+00	1.93135e+00	4.27031e+00	-1.06176e+00
6.10929e+00	-3.15004e+00	5.79332e+00	6.37908e-01
9.92918e+00	5.84182e-01	2.38373e+00	-1.77441e+00
7.60997e+00	-2.63232e+00	8.27336e+00	1.31182e+00
7.24048e+00	-8.33183e-01	5.02251e+00	2.45465e+00
7.64138e+00	1.48261e+00	3.08020e+00	-4.40259e+00
9.30708e+00	-2.08761e+00	7.09320e+00	2.91906e+00
9.35762e+00	-1.46487e+00	2.67075e+00	2.56617e+00
8.54782e+00	-2.29677e-02	4.91467e+00	-1.89770e+00
5.55160e+00	-2.24013e+00	3.05274e+00	-1.96401e+00
7.36074e+00	4.04951e+00	8.01446e+00	3.39681e+00
6.64886e+00	7.32893e-03	8.92975e+00	4.10611e+00
8.12538e+00	4.40707e-02	8.36323e+00	3.05240e+00
8.67012e+00	1.60135e+00	8.38929e+00	2.27495e+00
6.25198e+00	1.50100e+00	8.43873e+00	3.21912e+00
8.72427e+00	1.92952e+00	9.65925e+00	1.29988e+00
8.28156e+00	-3.25416e-01	7.52967e+00	1.97718e-01
8.52826e+00	6.95968e-01	5.91046e+00	3.62851e+00
9.22043e+00	4.20229e-01	8.55341e+00	2.52378e+00
9.14197e+00	3.40047e+00	6.30754e+00	3.94409e+00
8.81758e+00	3.52965e+00	9.38890e+00	1.08131e+00
8.67988e+00	4.76730e+00	8.45768e+00	3.13575e+00
9.92558e+00	3.80946e+00	6.41888e+00	-3.22966e+00
9.45380e+00	-4.32199e+00	6.88469e-01	8.22209e-01
9.23479e+00	-4.42979e+00	8.26848e+00	-1.86205e+00
9.01784e+00	-4.08894e+00	8.46578e+00	2.88898e+00
9.09513e+00	-3.60536e+00	8.19960e+00	-1.36822e+00
8.90673e+00	-2.81749e+00	9.17590e+00	-7.51901e-01
8.82039e+00	-2.50930e+00	8.23479e+00	-2.61973e+00
6.25744e+00	-4.46591e+00	2.91682e+00	6.65433e-01
9.68084e+00	-3.58947e+00	1.31247e+00	-2.23763e+00
9.09422e+00	-1.84431e+00	9.18482e+00	6.74283e-01
8.12345e+00	-6.97268e-02	4.94298e+00	3.29835e+00
