# No. of particles = 100 
# Proton - Solar wind	Electron - Solar wind	
3.25466e-01	4.99268e-01	1.24481e+00	1.20422e-01
2.90702e-01	-3.88438e-01	6.94918e-01	-9.81166e-01
3.96617e-01	-6.82448e-01	1.22081e-01	-9.04086e-01
2.59568e-01	7.54477e-01	9.79400e-01	-5.38326e-01
1.93984e-01	-8.73106e-01	1.72535e-01	7.27009e-02
1.09781e-01	-7.64390e-01	6.82728e-01	-7.29977e-01
1.96974e+00	8.54374e-01	8.30068e-01	-2.60252e-01
1.94735e-01	-7.78917e-01	4.91772e-01	9.28809e-01
1.40113e+00	-4.48138e-01	3.67381e-01	9.69978e-02
2.52057e-01	-3.22838e-01	8.46418e-01	1.94902e-01
1.10807e+00	5.49166e-01	5.72861e-01	-4.31448e-01
2.71292e-01	-6.55869e-01	1.14327e+00	-4.73789e-01
7.65764e-01	-5.27542e-01	9.04066e-01	-2.31111e-02
1.28040e+00	9.22316e-01	2.19727e-01	-9.56976e-01
4.05696e-01	5.63701e-01	3.08882e-01	-6.49281e-01
1.71626e+00	-1.93833e-02	1.17906e+00	-4.69720e-01
6.58166e-02	-4.64717e-01	6.30857e-01	-5.65263e-01
4.41909e-01	-7.25321e-01	7.23790e-01	-2.48161e-01
1.09519e+00	6.80697e-01	1.72450e+00	3.02688e-01
5.44607e-01	4.69403e-02	1.58557e+00	1.75626e-01
2.75226e-01	-6.10382e-01	4.14068e-01	-7.48851e-01
6.21904e-01	-1.72366e-01	1.61503e+00	-4.53364e-02
1.03953e-01	-1.58833e-01	7.49325e-01	-3.28651e-01
1.89925e-01	-5.63054e-03	3.95794e-01	-7.90929e-01
4.75582e-02	-9.78517e-01	4.18731e-02	-9.35466e-01
3.65432e-01	5.73585e-02	2.25051e-02	-9.52364e-01
1.02343e-01	-4.95599e-02	8.96783e-01	4.66612e-02
1.64689e+00	4.79024e-01	9.33903e-01	-7.84891e-01
2.42808e-01	-9.08905e-01	1.07701e+00	3.45306e-01
1.95992e+00	-1.92058e-01	4.46206e-01	4.27072e-02
8.35507e-01	-4.31221e-01	5.84633e-01	-6.70225e-01
1.61896e+00	-2.75934e-01	6.23093e-01	4.86903e-01
1.21154e-01	-8.44929e-01	1.94776e+00	-9.54564e-01
7.01081e-01	7.94054e-01	1.77267e+00	7.25895e-01
9.45608e-01	-3.71989e-01	6.36914e-01	-6.96040e-01
1.44743e+00	5.07143e-02	1.14855e+00	3.33910e-01
1.14622e+00	-6.95251e-01	1.08838e-01	1.42599e-01
4.35262e-01	7.50761e-01	1.25774e+00	-9.09646e-01
3.86876e-01	9.36333e-01	1.42527e-02	-9.85770e-01
9.61424e-01	2.74890e-01	1.45199e+00	-3.74358e-01
3.37397e-01	-5.48049e-01	2.21218e-01	-8.63428e-01
1.97015e+00	-4.91373e-01	2.00024e-02	4.25204e-01
1.07356e-01	-8.47086e-01	7.24655e-01	5.29467e-01
1.88700e-01	-3.07554e-01	1.58143e+00	7.02247e-01
4.33437e-02	-9.10909e-01	1.58867e+00	-6.83296e-01
1.46359e+00	1.89794e-02	7.17968e-01	-8.13202e-01
1.07246e+00	-2.15405e-01	1.33120e+00	-6.38680e-02
1.92728e+00	-7.57930e-01	2.12819e-01	-6.09353e-01
3.31210e-01	-6.52057e-01	6.85674e-02	-9.15821e-01
4.23929e-01	1.05670e-01	5.01470e-01	-7.92649e-01
6.86235e-01	5.04047e-01	2.63555e-02	-4.91678e-01
9.75623e-01	-3.39024e-01	1.44624e+00	-7.25456e-01
1.28883e+00	6.83833e-01	1.24193e+00	-6.44678e-02
9.52822e-01	4.31310e-01	5.33390e-01	-1.77131e-01
1.04182e+00	2.35488e-01	1.76529e+00	-4.08450e-01
8.39671e-02	-6.23999e-02	1.30824e+00	5.82425e-01
1.70762e-01	-9.99528e-01	1.41138e+00	6.46492e-02
3.52583e-01	-2.99932e-01	7.01778e-02	-9.11901e-01
1.72158e-01	8.31023e-01	9.60296e-01	4.66565e-02
6.12524e-01	-3.59808e-01	1.02771e+00	-1.17633e-01
8.59542e-02	-6.05897e-01	1.04002e+00	3.93236e-01
6.11680e-01	-3.26317e-01	1.25489e+00	-3.39366e-01
1.59891e+00	1.34274e-01	1.08037e+00	5.17403e-01
1.49403e+00	4.10025e-01	3.46443e-01	2.79504e-02
1.29042e+00	-6.83242e-01	7.13280e-01	-6.36212e-01
3.81428e-02	-9.67936e-01	1.50561e+00	5.89330e-01
1.43521e+00	-2.75479e-01	5.92952e-01	8.02665e-01
3.48540e-01	5.05576e-01	5.14206e-01	3.20631e-01
5.19728e-01	-7.27243e-02	1.97902e+00	-9.93212e-01
1.48606e+00	9.09388e-01	1.85488e-01	-7.72807e-01
4.63592e-01	3.18812e-01	1.86849e+00	-2.69846e-01
2.78798e-01	7.99973e-02	1.53169e+00	4.72876e-01
1.58798e+00	7.03375e-01	1.90181e+00	2.93889e-02
3.77579e-01	3.91184e-01	1.36363e-01	2.22376e-01
3.97045e-01	-6.93483e-01	1.84387e+00	-1.85656e-01
3.23754e-01	-9.30574e-01	6.29712e-01	-7.45616e-01
3.14734e-01	-5.73049e-01	1.28039e+00	-4.21586e-01
1.26589e+00	-2.12573e-01	1.85757e+00	8.91607e-01
1.61385e+00	6.85900e-01	1.21483e+00	-7.85869e-01
3.04776e-01	-6.77728e-01	3.28665e-01	-2.67900e-01
1.20396e+00	-2.57225e-01	7.38165e-01	5.23089e-01
1.78573e+00	1.08763e-02	1.88054e-01	-9.47520e-02
5.73350e-01	-3.80877e-01	1.53195e+00	3.76073e-01
7.98785e-01	3.43034e-01	2.54436e-01	-8.13538e-02
1.94688e-01	-6.36495e-01	1.98580e+00	-2.32297e-01
1.55951e-01	-2.97320e-01	2.19890e-01	3.37752e-01
2.05952e-01	-6.62440e-01	1.12383e+00	9.27335e-01
4.12148e-02	-9.91507e-01	1.46212e+00	2.20958e-02
6.97128e-01	-1.12450e-01	9.66927e-01	-7.97563e-01
1.45131e+00	-7.17384e-01	2.10969e-01	-5.65852e-01
8.55067e-02	-8.51330e-01	1.89725e+00	5.51889e-01
8.18474e-01	6.75341e-01	6.73446e-01	-7.33532e-02
3.88442e-01	-2.71856e-01	1.21268e+00	-1.11751e-02
1.13405e+00	3.87773e-01	4.85259e-01	4.32344e-01
6.02961e-02	-8.42067e-01	1.32766e+00	6.32302e-01
1.25934e+00	8.34610e-01	4.60338e-01	8.25796e-01
3.69779e-01	-7.38113e-01	2.68550e-01	8.85889e-01
1.54051e+00	-2.51634e-01	2.87486e-02	9.60571e-01
9.08041e-01	3.08957e-01	5.43213e-01	9.22006e-01
1.63931e+00	-8.47243e-01	8.29173e-01	-3.38174e-03
