# No. of particles = 100 
# Proton - Solar wind	Electron - Solar wind	
9.13856e-01	-1.90974e+00	1.93762e+00	-2.05162e+00
1.04796e+00	-2.48237e+00	2.26671e+00	-2.23927e+00
9.58264e-01	-2.36812e+00	9.78849e-01	-2.21286e+00
2.16277e+00	-2.36523e+00	1.79922e-01	1.01339e+00
4.10422e-01	-2.48078e+00	1.48981e+00	1.73981e+00
1.32881e+00	-2.26735e+00	1.21320e+00	1.36472e+00
2.07255e+00	-2.33269e+00	3.11222e-02	-2.46812e+00
2.05604e+00	-2.37807e+00	4.06163e-01	1.48359e+00
3.37382e-01	-2.23203e+00	8.33294e-02	-1.03532e+00
7.90441e-01	-2.24246e+00	9.31281e-01	-2.14112e+00
1.79406e+00	-2.26617e+00	7.33764e-01	-9.28811e-01
2.31761e-01	-2.36492e+00	2.14529e+00	-1.22895e+00
1.74037e+00	-2.26870e+00	2.23824e-01	-9.56681e-01
9.27771e-01	-2.40524e+00	1.62311e+00	-2.31902e+00
6.14310e-01	-2.26901e+00	9.05555e-01	3.31742e-01
2.13041e+00	-2.35308e+00	1.67290e+00	-1.41210e+00
1.85791e-02	-2.38498e+00	1.83660e+00	-1.09984e+00
2.42150e+00	-1.42524e+00	1.34184e+00	-8.02577e-01
2.38489e+00	-1.87084e+00	1.39435e+00	-1.77738e+00
2.29524e+00	-2.35988e+00	1.66370e-01	-2.02553e+00
2.32731e+00	-2.43150e+00	6.26381e-01	-1.40849e+00
6.78470e-01	-2.29498e+00	3.82468e-01	-2.17206e+00
1.57516e+00	-2.47369e+00	1.58834e+00	8.05147e-01
1.50362e+00	-2.48832e+00	1.67867e+00	-9.69909e-01
1.46866e+00	-2.46958e+00	2.36783e+00	-1.62382e-01
1.48048e+00	-2.01492e+00	1.46017e+00	-8.72112e-01
1.23119e+00	-1.61064e+00	1.91744e-01	-2.33010e+00
1.26610e+00	-1.52285e+00	1.07668e-01	-4.08878e-01
2.10008e+00	-2.44176e+00	2.23979e+00	-3.39003e-01
7.05496e-01	-2.45871e+00	1.03686e+00	-4.31117e-01
2.44442e+00	8.25344e-01	1.86516e+00	-1.82910e+00
1.45499e+00	-1.85081e+00	1.83391e+00	-8.38058e-01
2.02253e+00	-1.33235e+00	1.36155e+00	-2.00658e+00
2.03978e+00	3.03871e-01	1.14600e+00	-1.03195e+00
5.48714e-02	-2.29690e+00	7.57670e-01	-2.27492e-01
1.02552e-01	-2.38701e+00	3.78183e-01	1.91674e+00
8.83176e-01	-2.22896e+00	5.58447e-01	1.17993e+00
1.54258e+00	-2.16638e+00	4.82349e-01	2.58974e-01
1.04709e+00	-2.46223e+00	1.67313e+00	7.55588e-01
1.97787e+00	-5.90730e-01	5.88951e-01	-1.69334e+00
2.08640e+00	-1.11370e+00	3.20543e-01	-2.38108e+00
1.35119e+00	1.85347e-01	2.79043e-01	-2.45135e+00
2.95091e-02	-1.04815e+00	1.23220e+00	-1.07152e+00
2.30057e+00	-1.95328e+00	3.85966e-01	-3.82689e-01
1.09884e+00	6.21361e-02	8.13724e-02	-2.39506e+00
3.65667e-01	-2.17611e+00	9.81926e-01	-1.44439e+00
1.29701e+00	2.08153e-01	2.49929e+00	1.70137e+00
1.16726e+00	-1.99705e+00	2.33221e+00	-1.45046e+00
1.47201e+00	-2.25291e+00	2.16694e+00	-2.08348e+00
1.51559e+00	-2.08028e+00	8.83089e-01	-1.40246e+00
8.10223e-01	-2.48611e+00	1.36522e+00	-1.77383e+00
4.75424e-01	-2.32921e+00	7.05090e-01	-1.76922e+00
2.18739e+00	-2.49841e+00	9.71587e-02	-2.42337e+00
1.84363e-01	-2.20012e+00	9.43415e-01	-2.25526e+00
7.20759e-01	-4.23217e-01	1.02768e+00	-1.93908e+00
1.73969e+00	-1.71594e+00	1.92932e+00	-8.75655e-02
4.24595e-01	-3.64411e-01	1.88474e+00	3.76731e-01
1.47643e+00	6.02483e-01	1.51024e+00	-8.36273e-01
2.95963e-01	-2.45242e+00	1.51444e+00	-4.57406e-01
2.99404e-01	-2.23665e+00	9.88384e-01	-2.45255e-01
1.56688e-02	1.06456e+00	1.39764e-01	-7.43069e-03
1.06291e+00	-1.78657e+00	2.38815e-01	-1.25224e+00
1.40945e+00	5.70334e-01	2.28711e+00	-1.45560e+00
2.07888e+00	-4.74651e-02	1.16268e+00	-9.58415e-01
1.92558e+00	-2.35789e+00	7.92753e-01	7.74196e-02
2.24852e+00	-1.08866e-01	2.18132e+00	-1.95570e+00
5.92516e-01	-2.43982e+00	1.39791e+00	1.49840e+00
1.39596e+00	-2.34743e+00	3.93048e-01	-2.02339e-01
1.85593e+00	-2.26131e+00	1.60182e+00	-1.10385e-01
1.07147e+00	3.68131e-01	2.16077e-01	-2.44510e+00
4.49953e-01	2.26980e-02	1.33370e+00	-1.04902e-01
5.70511e-01	1.37069e+00	7.71357e-01	5.85739e-01
7.67385e-01	-2.45585e+00	1.73882e+00	-3.31875e-01
1.50398e+00	-2.08937e+00	2.36247e-02	-2.43469e+00
9.61454e-01	9.28255e-04	1.08998e+00	1.31226e+00
1.60712e+00	1.48986e+00	3.41991e-01	-1.74601e+00
7.51123e-01	3.01625e-01	1.09326e+00	1.21895e+00
2.12065e+00	-1.92789e+00	1.73227e-01	-1.56427e+00
1.32027e+00	-3.26579e-01	7.30033e-01	-2.41547e+00
4.00128e-01	-2.39293e+00	2.09456e+00	-3.09101e-01
1.99679e+00	-2.36951e+00	9.13086e-01	7.33613e-01
2.77079e-02	-2.23435e+00	2.40844e+00	4.19721e-01
1.08700e+00	6.82311e-01	8.31731e-01	-1.14640e+00
1.61854e+00	-1.60652e+00	1.16263e-01	1.05794e+00
1.39071e+00	-2.42544e+00	8.91542e-01	1.15431e+00
2.28798e+00	1.12244e+00	2.00302e+00	1.80048e+00
2.21179e+00	-2.45124e+00	1.25623e+00	-2.49763e+00
2.05503e+00	-3.45221e-01	8.00083e-01	-7.58578e-01
2.07578e+00	-2.00243e+00	1.90500e+00	1.35339e+00
2.10698e+00	5.60897e-01	2.29997e+00	6.10957e-01
2.21237e+00	1.09137e+00	1.61929e+00	1.85237e+00
2.44288e+00	6.29147e-01	1.21337e+00	-1.17288e+00
2.46219e+00	-2.23629e+00	8.14718e-01	-7.80413e-01
2.27547e-01	-2.41443e+00	3.93703e-01	-2.15481e+00
2.08774e+00	-7.64624e-01	2.26853e+00	7.70232e-01
1.99409e+00	-2.28455e+00	9.61113e-01	-2.42747e+00
8.70994e-01	5.25269e-01	2.17936e+00	1.02792e+00
7.61551e-01	8.34309e-02	1.29170e+00	2.32454e+00
8.41520e-01	-2.49738e+00	2.23373e+00	2.60037e-01
2.27095e+00	7.48415e-01	1.23756e+00	3.30328e-01
