# No. of particles = 100 
# Proton - Solar wind	Electron - Solar wind	
2.64889e-01	-7.23083e-02	1.23778e+00	8.45534e-01
3.41619e-01	-3.49076e-01	1.43446e+00	1.63942e-01
1.01652e+00	-1.72804e-01	1.41376e+00	-1.19400e-01
6.88955e-01	3.87273e-01	5.73609e-02	-4.69720e-01
2.87487e-03	-7.22319e-01	1.34373e+00	7.51675e-02
5.79911e-02	-9.30644e-01	1.59140e+00	-2.60054e-01
2.94705e-01	-6.13654e-01	4.89741e-01	-4.66536e-01
7.15956e-01	1.84018e-01	8.02398e-01	-6.97405e-01
4.50238e-02	6.97147e-01	1.86510e+00	-1.31966e-01
5.98566e-01	7.43890e-01	2.57662e-01	-7.93378e-01
2.49416e-02	-9.96819e-01	6.62035e-01	-5.86661e-01
6.70060e-01	-1.48342e-01	1.13386e+00	-1.61395e-01
1.18037e+00	-2.56421e-01	9.80753e-03	-8.13835e-01
1.69768e-01	-7.17346e-01	2.38086e-01	4.46342e-01
4.76208e-01	-9.17263e-01	1.45493e+00	9.86680e-02
5.35852e-01	5.30411e-01	1.35094e+00	8.69926e-01
2.21765e-01	-9.62809e-01	1.26666e+00	-1.77810e-01
5.51610e-02	-8.00187e-01	6.65707e-02	-9.03207e-01
2.49505e-01	-6.38084e-01	8.14268e-03	-9.97754e-01
3.30572e-01	-2.73886e-01	1.35041e-01	-7.84838e-01
7.40993e-01	2.17998e-01	2.04324e-01	-7.60607e-01
1.53537e-01	-5.21544e-01	3.10219e-01	-8.63497e-01
6.03802e-01	-6.37450e-01	1.39127e+00	6.37088e-01
2.78188e-01	4.34924e-01	2.38402e-01	2.32508e-01
1.47092e+00	-3.41836e-01	3.11798e-01	-6.17618e-01
1.13572e-01	-4.67302e-01	9.05710e-01	1.04663e-02
3.42394e-01	3.33675e-01	1.60768e+00	4.67114e-01
1.26787e-01	-6.84598e-01	1.13488e-01	-9.26484e-01
4.50458e-01	-7.29798e-01	7.04139e-02	-6.59630e-01
9.40718e-01	3.00636e-04	1.07720e-02	9.37028e-01
7.67398e-01	3.98148e-02	8.96056e-01	-7.96205e-01
1.88993e-01	-9.78476e-01	1.00505e+00	-5.04900e-01
4.48054e-02	-8.51996e-01	1.03230e+00	-7.13544e-01
8.00837e-01	-7.61488e-01	1.95270e+00	6.50613e-01
2.60082e-01	9.00170e-01	1.05556e-01	7.88423e-01
2.14031e-01	-9.47121e-01	1.70574e+00	-2.22605e-01
1.36589e+00	-3.72340e-01	4.22718e-01	6.84778e-02
3.63837e-01	-9.15216e-01	3.15448e-01	-4.79479e-01
3.01001e-01	1.36574e-01	8.40543e-01	-2.83499e-01
1.65108e-01	4.57843e-01	1.67095e+00	-8.74238e-02
5.12820e-01	4.02378e-01	1.55017e+00	-7.61667e-02
1.46522e+00	5.27639e-01	1.61322e+00	-4.44977e-02
1.01261e+00	7.49337e-01	1.37821e+00	1.22226e-01
2.27850e-01	-8.18207e-01	9.37608e-01	-5.88308e-01
3.36850e-01	6.50508e-02	4.14162e-02	-9.47142e-01
3.37855e-01	-8.11105e-01	3.80069e-02	-6.68782e-01
1.59753e+00	1.67611e-01	3.96351e-01	-6.02634e-01
4.99531e-01	3.03551e-02	1.71062e+00	3.38471e-01
3.03453e-03	-9.77542e-01	1.81562e+00	-6.84381e-01
4.66746e-02	5.15110e-01	9.96007e-01	9.26513e-01
3.94065e-01	-8.18913e-01	4.25001e-01	-2.95389e-01
1.74576e+00	1.72754e-01	5.54638e-02	-8.13612e-01
6.07332e-01	8.55740e-02	1.23903e+00	3.84245e-01
9.57574e-01	4.54468e-01	9.42436e-01	-7.57495e-01
1.57524e+00	8.89124e-01	1.53642e+00	3.23960e-01
1.92328e+00	-3.80660e-01	7.89264e-01	-3.31159e-01
6.41140e-02	-8.39598e-01	1.61992e+00	1.50072e-01
1.28201e+00	-5.77254e-01	3.20706e-01	-4.26794e-01
6.11280e-01	3.17722e-01	7.04668e-02	-4.58256e-01
1.69922e+00	9.12522e-01	7.69930e-01	6.00232e-01
6.43757e-01	4.86348e-01	4.90838e-01	-1.86902e-01
7.35271e-02	6.04003e-01	1.03739e+00	8.38748e-01
2.40129e-01	-6.34980e-01	1.51120e+00	-5.91824e-01
6.47768e-01	-7.77854e-02	8.53933e-01	-3.23373e-02
3.29030e-01	-7.65058e-02	1.03079e-01	3.77563e-01
4.12097e-01	-7.55192e-01	1.26723e-01	-9.69419e-01
9.22985e-01	4.10485e-01	1.81921e-01	5.93885e-01
8.91664e-02	6.76857e-02	6.49236e-02	9.23328e-02
8.44012e-01	4.92294e-01	1.06311e-01	1.56354e-01
7.74639e-01	1.57903e-01	1.63181e+00	-2.38745e-01
1.20809e+00	-6.09828e-01	1.40852e+00	6.32074e-02
1.65763e+00	3.47283e-01	1.13146e+00	-4.72073e-01
7.18586e-02	-8.85552e-01	4.88458e-01	-4.34726e-01
1.59588e-01	-7.00328e-01	1.55946e+00	-8.36383e-01
5.32748e-01	-5.51652e-01	1.07139e+00	-8.36501e-01
1.02567e+00	-7.37239e-01	9.91024e-01	2.50841e-01
1.48052e+00	6.74740e-01	1.13023e-01	-9.11335e-01
3.99480e-02	-5.29733e-01	5.04823e-01	5.19578e-01
1.13007e-01	-8.37305e-01	1.32838e+00	2.20635e-01
6.45093e-01	-2.58116e-01	1.80793e+00	1.77871e-01
6.75979e-02	8.03442e-02	8.74944e-01	5.10800e-01
1.36025e+00	3.74399e-01	1.68400e+00	1.01891e-01
9.98791e-01	8.59304e-02	2.75373e-01	6.88707e-01
9.17216e-02	-2.60685e-01	2.62485e-01	-1.31798e-01
1.99545e-01	-7.87659e-01	2.89022e-01	-3.28864e-01
2.41786e-01	9.43339e-03	1.65787e+00	8.32004e-01
3.33344e-01	-4.89278e-01	8.11923e-01	-2.46172e-01
8.39376e-01	-2.24716e-01	1.68874e+00	3.75194e-01
9.97829e-02	-1.62955e-01	9.54584e-01	-9.65348e-01
8.82027e-01	7.97694e-01	3.51685e-01	-4.10366e-01
1.19829e-01	-7.09895e-01	1.20923e+00	-6.37090e-01
7.73535e-01	2.20732e-01	1.27609e+00	-7.19625e-01
5.59549e-01	8.39687e-02	1.10804e+00	-5.56861e-01
1.87102e-01	-8.16467e-01	8.96092e-01	-1.31151e-01
5.00358e-01	-4.79656e-01	9.46793e-01	8.15113e-01
6.18005e-01	-4.55599e-01	1.86421e+00	7.62023e-01
1.97553e+00	1.87664e-01	1.43304e+00	5.23191e-01
1.26271e-01	-7.56619e-01	9.60497e-01	-9.01265e-01
1.56515e+00	5.99527e-01	1.93048e+00	5.95728e-01
1.46507e-01	-9.61703e-01	2.61894e-01	-6.70763e-01
