# No. of particles = 100 
# Proton - Solar wind	Electron - Solar wind	
8.77067e+00	-4.14553e+00	3.68398e+00	4.54899e+00
1.15038e+00	-4.55342e-01	2.21932e+00	7.45931e-01
7.09326e-01	-3.48430e+00	6.52834e+00	1.73311e+00
6.05727e-01	2.56907e+00	3.04578e+00	-4.70043e+00
2.18504e-01	-4.68229e+00	3.32630e+00	-2.38438e+00
6.50591e+00	4.44285e+00	1.21676e+00	1.22950e+00
7.81487e+00	2.89407e+00	2.26630e+00	-3.17063e+00
9.69367e+00	2.99581e+00	9.69245e-01	-4.84087e+00
8.06549e+00	-2.86817e+00	3.14838e-01	1.29421e+00
4.83091e+00	-2.81566e+00	7.03662e-01	4.65337e+00
5.43409e+00	-2.21391e+00	2.61552e-01	1.88389e+00
9.64942e+00	-2.95271e+00	9.98188e+00	-7.72147e-01
7.48865e+00	2.89373e+00	1.76438e+00	-4.97607e+00
8.27388e+00	-4.06404e+00	4.42174e+00	-4.89741e+00
8.99754e+00	1.50855e+00	5.53338e+00	-2.16323e-01
7.17641e+00	2.11877e+00	2.65725e+00	2.47586e-01
9.11837e+00	-2.29799e+00	4.01256e+00	-4.44855e+00
8.71117e+00	-3.74694e+00	4.03804e+00	-4.23723e+00
9.38365e+00	-3.08405e+00	1.76235e-02	1.15315e+00
9.98567e+00	-2.73594e+00	6.17053e+00	-3.77697e+00
7.93907e+00	-2.21554e+00	7.28389e+00	2.61055e+00
8.64116e+00	3.96129e+00	3.85320e+00	-3.10463e+00
8.63749e+00	-2.53766e+00	9.37049e+00	-3.46325e+00
7.11694e+00	-1.56403e+00	5.55912e+00	3.74977e+00
6.55729e+00	1.36333e+00	6.07786e-01	-7.22229e-01
8.77575e+00	-6.07860e-02	9.55014e+00	-2.97147e-01
5.34821e+00	3.29132e+00	7.47960e+00	-1.59605e+00
9.72260e+00	1.90805e+00	1.38484e+00	2.88132e+00
8.99881e+00	-3.99328e+00	8.99515e+00	7.69274e-01
9.49951e+00	7.65663e-01	2.46914e+00	3.04776e+00
4.24202e+00	-1.00049e+00	4.98952e-01	-2.98437e-01
9.96500e+00	-3.45109e+00	3.68089e+00	-2.34808e+00
8.79288e+00	-9.22708e-01	7.28067e+00	-2.20242e+00
9.92129e+00	4.21735e+00	8.61681e+00	3.77216e+00
9.62568e+00	4.87653e+00	1.40626e+00	2.73917e+00
9.46807e+00	9.75952e-01	6.24654e+00	-2.62229e+00
9.97792e+00	-1.72963e+00	9.52268e+00	8.42323e-01
4.80200e+00	-2.91818e+00	8.12037e+00	2.16671e+00
7.70435e+00	-7.56868e-02	3.87994e+00	1.94577e+00
8.73806e+00	3.14947e-01	7.28735e+00	3.79805e+00
9.14332e+00	-3.42696e+00	3.29428e+00	-2.59414e+00
8.20092e+00	1.73889e-01	8.39094e+00	1.19291e+00
8.04836e+00	-2.10994e+00	6.26848e+00	-4.48207e+00
8.32238e+00	2.26808e+00	7.15803e+00	4.48595e+00
8.94202e+00	-4.11900e+00	1.40161e+00	-4.84562e+00
9.86765e+00	2.16017e+00	6.23919e+00	-3.18297e+00
9.42948e+00	-2.69499e+00	9.08139e+00	4.69959e+00
9.88131e+00	-2.82769e+00	3.65959e+00	-4.13357e+00
6.62142e+00	3.73364e+00	9.33001e+00	1.58797e+00
9.02962e+00	2.68996e+00	8.14727e+00	-1.53930e+00
9.69674e+00	-2.29874e+00	1.69727e+00	5.07905e-02
9.98757e+00	8.53826e-01	1.59567e+00	1.78614e+00
7.33959e+00	1.21328e+00	2.24253e+00	4.51799e+00
7.45631e+00	3.50817e+00	6.50656e+00	-2.75780e+00
5.86555e+00	-2.54335e+00	4.84920e+00	-4.56212e+00
9.88684e+00	-1.36600e+00	3.24339e+00	1.07666e+00
8.28447e+00	-7.66450e-01	7.55427e+00	-3.90374e+00
9.07401e+00	1.06702e-01	5.48500e+00	-1.04748e+00
6.74449e+00	-1.78002e+00	5.04954e+00	-1.44531e-01
9.48169e+00	1.38246e-01	2.96845e+00	-2.54044e+00
9.60049e+00	-4.35486e+00	7.42057e+00	-4.28777e+00
8.79836e+00	3.90198e+00	7.83338e+00	3.74618e+00
9.47089e+00	3.79765e+00	9.71086e+00	3.46230e+00
9.52876e+00	-4.00735e+00	6.92209e+00	-2.83984e+00
9.17146e+00	-6.82578e-01	8.93082e+00	3.99454e+00
8.51571e+00	1.94655e+00	5.59922e-01	2.95135e+00
7.85151e+00	2.48976e+00	7.57726e+00	-8.65279e-01
9.82089e+00	2.40958e+00	6.68481e+00	1.12212e+00
3.45931e+00	-3.41855e-01	9.84991e+00	4.72902e+00
9.27618e+00	2.13567e+00	5.04301e+00	2.88820e+00
8.73509e+00	-1.98278e+00	8.72827e+00	-4.83123e+00
8.69886e+00	-4.92658e+00	2.00994e+00	3.94261e-01
6.24179e+00	2.09391e+00	1.45726e+00	-3.60038e+00
8.80587e+00	3.55032e+00	6.31133e+00	1.91530e+00
7.01328e+00	-4.45334e+00	5.95624e+00	-1.02725e+00
8.43101e+00	2.38239e+00	8.47678e+00	1.57956e+00
9.28817e+00	-3.01364e+00	9.82547e+00	4.89503e+00
8.84811e+00	-4.43825e-01	4.71509e+00	3.29049e-01
7.59428e+00	2.00085e+00	5.22287e+00	-1.70550e+00
9.44599e+00	-1.84287e+00	1.20126e+00	-6.37492e-01
7.61617e+00	3.12196e+00	5.68531e+00	4.11011e+00
7.57494e+00	1.14853e+00	1.55813e+00	3.30284e+00
9.52811e+00	-1.40095e+00	9.05821e+00	2.71158e+00
9.49847e+00	-4.65318e+00	9.13619e+00	-1.14244e+00
9.30136e+00	2.76412e+00	9.72347e+00	2.81967e+00
8.62072e+00	-3.25556e+00	8.49378e+00	-4.10743e+00
9.41272e+00	-1.65533e+00	7.63262e+00	-4.49659e+00
8.27167e+00	-5.42155e-01	4.97225e+00	-2.18920e-01
8.07709e+00	2.35049e+00	9.50053e+00	-1.72144e+00
8.29793e+00	-1.68368e+00	3.37205e-01	2.95260e+00
6.69892e+00	2.97223e+00	5.36123e-01	2.67181e+00
9.55549e+00	1.98127e-01	6.76637e+00	1.28504e+00
8.08906e+00	2.14218e+00	8.44859e+00	1.53010e+00
9.49420e+00	-3.94949e+00	8.94205e+00	4.74807e+00
9.96774e+00	4.82823e-01	2.84631e-02	-3.53596e+00
6.24474e+00	-1.93680e+00	8.71497e+00	-2.87206e-01
9.06919e+00	2.22326e+00	6.87846e+00	-3.86777e+00
9.18194e+00	4.07846e+00	1.58256e+00	1.47799e+00
9.23329e+00	-7.81657e-01	3.73813e+00	-1.16733e+00
9.17671e+00	-4.72935e-01	9.76706e+00	4.71950e+00
