# No. of particles = 100 
# Proton - Solar wind	Electron - Solar wind	
1.22507e+00	7.03867e-01	1.71800e+00	-3.76405e-01
3.48221e-01	-6.28683e-01	1.53081e+00	3.17153e-01
6.31216e-02	-9.43596e-01	8.12760e-01	5.57992e-01
9.76835e-01	-3.84669e-01	1.44053e+00	-8.14008e-01
7.01455e-01	-6.10406e-01	7.12308e-01	-5.72472e-01
1.25753e-01	-6.87570e-01	1.39611e+00	4.77585e-01
1.84682e-01	-9.52285e-01	1.13822e+00	1.30956e-01
6.52371e-02	-8.78700e-01	4.38910e-01	9.43410e-01
3.65304e-01	-9.56891e-01	1.81790e+00	1.87745e-01
1.80397e-01	-9.24024e-01	1.04206e+00	-9.06744e-03
5.65848e-01	9.09968e-01	9.54445e-01	1.74069e-01
1.32175e+00	7.27360e-01	1.41991e-01	-8.11845e-01
1.86285e+00	1.74706e-01	6.08710e-01	-1.45144e-01
4.63976e-01	-4.52042e-01	1.95277e-01	-6.42224e-01
1.49961e+00	-7.83132e-01	1.21352e+00	8.48870e-02
3.24567e-01	-7.10520e-01	1.16535e-01	-6.00808e-01
1.79262e+00	-3.17360e-01	7.75535e-01	-4.73943e-02
1.80830e-01	-1.89497e-02	9.27334e-01	-3.69669e-01
8.65087e-01	-7.17338e-01	6.80583e-01	3.90697e-01
3.31104e-02	-8.53000e-01	9.46657e-01	-6.02715e-02
1.22253e+00	-4.24523e-01	6.74074e-01	-8.69529e-01
1.52080e-01	-6.49051e-01	1.08869e+00	3.18132e-01
4.05864e-01	-8.82647e-01	1.10040e+00	5.60239e-01
3.02037e-01	-6.88643e-01	1.38706e+00	-6.28414e-01
9.25211e-01	-6.58593e-01	8.07694e-01	-9.67308e-01
6.77967e-01	-3.11390e-01	2.49155e-01	-6.20052e-01
7.21754e-01	6.01628e-01	1.83935e+00	-4.58431e-01
7.07952e-01	2.57745e-01	6.21836e-01	1.06899e-01
4.55062e-01	-9.17784e-01	6.10252e-02	-2.48927e-01
2.58674e-01	-5.10183e-01	7.76569e-01	-6.11327e-01
3.09418e-01	-6.38136e-01	1.77573e+00	-5.40922e-01
5.23992e-02	-9.76449e-01	1.81075e+00	-5.98297e-01
2.46892e-01	-3.46539e-01	2.22264e-02	-8.83092e-01
2.75168e-01	7.47055e-01	6.88967e-01	7.40072e-01
3.76585e-01	-1.97067e-01	1.16011e+00	6.75812e-01
9.09537e-01	-8.22698e-01	4.21656e-02	-8.59317e-01
6.25081e-01	6.96960e-01	5.74309e-01	-6.08409e-01
1.53402e+00	-6.93558e-01	1.78914e+00	-7.10821e-02
1.43825e+00	-7.79985e-01	1.24499e+00	6.07037e-01
1.88244e+00	4.06653e-01	4.07187e-01	5.55298e-01
2.14366e-01	-9.16985e-01	2.78886e-01	5.75369e-01
1.03104e+00	7.79945e-01	1.92431e-01	-3.70940e-02
6.79580e-01	1.46333e-02	6.35510e-01	8.96940e-01
6.13186e-01	-2.58364e-01	1.61515e-01	2.48994e-02
1.52109e+00	8.45231e-01	7.61520e-01	-8.52617e-01
3.05530e-01	-8.78630e-01	1.49992e+00	-2.87767e-01
2.04353e-01	-6.82486e-01	1.95583e+00	1.29885e-01
1.12029e-01	-8.92201e-01	1.07591e+00	1.83145e-01
3.12426e-01	4.36341e-01	7.15030e-01	4.88427e-01
1.52626e-02	-2.26813e-01	1.18246e+00	2.99657e-01
1.67287e+00	3.28938e-04	3.62998e-01	1.51911e-01
3.98707e-01	-1.45893e-01	1.07853e+00	3.36674e-01
8.67190e-02	-8.16398e-01	1.28948e+00	1.83012e-01
2.74963e-01	-5.86410e-01	3.00662e-01	5.77077e-01
3.17055e-01	-3.94041e-01	3.87970e-02	-9.86903e-01
1.81037e+00	-9.36239e-01	1.51996e+00	-1.37022e-01
2.07950e-01	8.48493e-01	2.16048e-01	-2.89974e-01
4.71716e-01	-8.60904e-01	3.40972e-01	-1.97252e-01
1.20334e-01	-9.15098e-01	1.35224e+00	-3.03062e-01
7.78910e-01	-1.25159e-01	5.37562e-01	-2.47906e-02
6.01074e-01	-3.41722e-01	7.65774e-03	-9.15272e-01
1.89158e+00	2.57717e-01	1.43197e+00	3.99083e-01
9.12150e-01	8.33947e-01	7.56504e-01	-8.93532e-01
3.50626e-02	-7.89427e-01	9.63307e-01	5.12923e-01
7.69296e-02	-5.53696e-01	8.07367e-01	-8.27017e-01
9.92995e-01	-4.68413e-01	4.02666e-01	3.18612e-01
1.66296e+00	7.98063e-01	1.87303e+00	-9.11899e-01
8.77474e-01	6.15990e-01	1.12214e+00	-8.38199e-01
7.21589e-01	2.25117e-01	1.85015e-01	-3.54713e-01
1.76129e+00	2.59380e-01	4.49003e-01	-4.82611e-01
8.34823e-01	4.42547e-01	1.20509e+00	1.05884e-01
1.52254e+00	-1.67371e-01	1.76818e-01	-2.72161e-01
5.95629e-01	2.15726e-01	9.61576e-02	-7.95364e-01
7.45656e-02	1.92429e-01	4.33065e-02	7.82213e-01
7.10598e-01	-3.73519e-01	1.13001e+00	6.31927e-01
1.63769e-01	3.10487e-01	1.95209e+00	-7.24867e-01
3.87171e-01	-2.40690e-01	5.61165e-02	-8.88037e-01
1.01517e-01	-4.36156e-01	2.70493e-01	-7.79598e-01
1.28639e+00	9.03361e-01	6.02793e-01	1.33562e-01
1.35326e-01	-5.22663e-01	1.02634e-02	-5.72078e-01
5.36025e-02	-9.29419e-01	9.84802e-01	7.97035e-01
6.82519e-01	9.59996e-01	4.01507e-02	-7.93568e-01
1.65936e+00	8.56642e-01	1.34101e+00	9.36947e-02
4.85303e-01	-8.90612e-01	1.15721e+00	8.18242e-01
2.49860e-01	-3.27743e-01	1.51803e+00	5.96264e-01
3.69680e-01	5.13392e-01	3.51023e-01	-7.43111e-02
5.00345e-01	-2.21020e-01	9.21878e-01	-3.55125e-01
1.74425e+00	-7.74733e-01	1.91747e+00	-9.21694e-02
9.44781e-01	-5.61045e-01	1.51242e+00	-9.35370e-01
7.59709e-01	-9.42039e-01	1.11469e+00	2.12791e-02
1.77063e-01	-4.85346e-01	2.17261e-01	-3.28661e-01
1.55154e-01	-9.16376e-01	1.18812e+00	2.60712e-01
8.10689e-01	6.83722e-01	1.08981e+00	-2.45027e-01
6.28327e-01	5.15664e-02	1.82867e+00	7.09183e-01
5.36475e-02	-9.33586e-01	2.19585e-01	-3.73491e-01
1.18289e+00	5.87532e-01	1.99376e+00	-6.13497e-02
1.35267e-01	1.89026e-01	2.41133e-01	-8.44971e-01
2.99919e-02	-9.05654e-01	5.37107e-01	-7.53581e-01
1.32352e-01	-4.08644e-01	7.98954e-01	1.12122e-01
1.36958e-01	1.04036e-01	1.20151e+00	-9.15035e-01
