# No. of particles = 100 
# Proton - Solar wind	Electron - Solar wind	
2.23008e-01	-2.73970e-01	3.91611e-01	-5.82903e-01
1.44769e-01	-7.44385e-01	1.76648e+00	6.69492e-01
9.08409e-01	-2.60484e-01	4.06722e-01	-6.64503e-01
4.21027e-01	-1.46273e-01	8.11488e-03	-9.94418e-01
5.79080e-02	-9.89946e-01	1.21821e+00	-9.76069e-01
1.85971e-01	7.44707e-01	2.18503e-01	4.58809e-01
1.33302e-01	-8.21044e-01	1.03754e+00	7.33121e-01
4.04711e-01	-3.45699e-01	8.02020e-01	-5.44719e-01
3.64992e-02	3.22992e-01	5.23491e-01	5.83611e-01
5.38509e-01	5.59554e-01	7.13774e-01	2.67134e-01
1.37591e+00	9.44032e-01	1.85513e+00	-6.43575e-01
6.00195e-01	-2.36437e-01	1.50578e-01	-1.42862e-01
1.10908e+00	-3.02659e-01	2.50583e-01	-4.60030e-01
8.21933e-02	-9.62711e-01	1.74750e+00	-7.68248e-01
3.65631e-01	-9.34524e-01	1.49049e+00	9.50413e-01
1.51789e-01	2.10582e-01	4.88770e-01	8.82659e-01
9.94540e-02	7.69878e-01	9.90654e-01	-2.82023e-01
3.94542e-02	-8.86006e-01	6.62209e-01	-5.35068e-01
8.12314e-02	-8.85040e-01	7.38345e-01	3.33169e-01
1.04803e+00	9.88790e-01	2.23426e-01	-7.40060e-01
6.59827e-01	7.55846e-02	8.11824e-01	-9.56857e-01
1.33119e+00	9.15300e-01	8.41397e-01	3.19654e-01
2.22074e-01	-9.10377e-01	5.14941e-01	-9.35163e-02
2.61938e-01	3.58506e-01	3.39039e-01	1.05592e-01
1.22430e+00	-4.52811e-01	1.34038e+00	4.96454e-01
6.74323e-01	9.61933e-01	4.51835e-01	-9.60243e-01
1.88271e-01	-2.90021e-01	6.14672e-01	-1.51487e-01
2.53083e-02	-9.96357e-01	7.10549e-02	1.74011e-01
1.84211e+00	-1.98376e-01	1.52663e-01	-8.45618e-01
7.73365e-01	-1.73787e-01	4.92322e-01	8.31807e-02
5.91369e-01	-2.21000e-01	5.76788e-01	-4.54069e-01
1.32289e-01	6.03129e-01	3.72831e-01	-2.31339e-01
1.03183e+00	8.02917e-01	1.04523e-01	9.35423e-01
4.32484e-01	-8.64222e-01	1.33255e+00	-5.34487e-01
2.08922e-01	4.02723e-01	1.61799e+00	-4.45761e-03
1.37019e-01	-9.63847e-01	5.84068e-01	-4.18144e-01
7.57712e-01	-2.55516e-01	2.10788e-01	3.94187e-01
2.37217e-01	-9.42193e-01	9.17675e-01	2.63858e-01
2.47197e-01	-7.32380e-02	2.77172e-01	7.94350e-01
1.07487e-01	-7.20159e-02	8.44730e-01	4.89887e-01
3.52214e-01	-5.04763e-02	9.95150e-01	7.10367e-01
1.20485e+00	2.58546e-01	4.76644e-01	6.95788e-01
8.55963e-01	4.73108e-01	8.82774e-01	-2.00062e-01
1.80317e-01	-8.82218e-01	1.53181e+00	-8.49116e-01
2.85152e-01	-1.04633e-01	7.00907e-01	-4.37343e-01
8.45778e-02	-9.64501e-01	9.96344e-01	5.41777e-01
1.50613e+00	1.01407e-01	1.54247e+00	4.65475e-01
2.66008e-01	1.59572e-01	1.53966e-01	-9.40282e-01
1.52898e+00	7.33937e-01	1.35657e-01	-6.08633e-01
4.44111e-02	1.53827e-02	1.13104e+00	3.66322e-02
2.64708e-01	-9.11699e-01	2.95997e-01	-8.91319e-03
1.61194e+00	8.44110e-02	2.02459e-01	4.05593e-01
2.44040e-01	-5.67524e-01	6.09469e-01	5.59961e-01
1.55950e+00	2.33296e-01	2.05066e-01	8.78945e-01
1.48322e+00	7.75428e-01	1.38607e+00	-5.00592e-01
1.98129e+00	-1.61949e-01	2.67551e-01	-6.10537e-01
4.97445e-01	-9.68201e-01	1.69955e+00	7.48740e-01
9.25814e-01	-6.92501e-01	6.42212e-01	1.38689e-01
4.94474e-01	6.20371e-02	5.45214e-01	-4.65272e-01
1.51117e+00	6.91754e-01	1.01688e-01	-6.24230e-01
4.72924e-01	9.31555e-02	1.61564e+00	-8.57685e-01
7.17810e-03	9.52323e-02	2.58482e-01	-5.72269e-01
1.63891e-01	-7.88961e-01	3.89060e-02	7.70381e-01
4.91919e-01	-3.05907e-01	1.28244e-01	-9.25518e-01
1.52058e-01	-5.73541e-01	4.28324e-01	-1.05679e-01
3.47467e-01	-7.92912e-01	3.19321e-02	-9.86336e-01
6.48251e-01	-7.95580e-03	8.61235e-01	-4.00986e-01
6.24211e-01	6.53933e-01	7.74287e-02	-8.44239e-01
7.87785e-01	3.94230e-01	1.22885e-01	-2.08349e-01
6.37625e-01	-6.07488e-02	2.87280e-01	-6.49124e-01
1.99343e+00	-5.89756e-01	1.86280e-01	6.19292e-01
1.74292e+00	2.49981e-01	4.33327e-04	-8.25826e-01
2.17449e-01	9.72173e-01	6.01448e-01	-5.88217e-01
4.80560e-02	-9.23950e-01	1.66438e+00	-1.09903e-01
5.08795e-01	-5.77216e-01	4.27446e-01	-3.03790e-01
1.43497e+00	-4.83719e-01	7.66264e-01	1.24796e-01
1.99996e+00	6.13763e-01	5.55211e-01	3.77052e-01
2.50761e-01	-4.74452e-01	1.45619e+00	-7.41249e-01
1.04895e-02	-9.90004e-01	1.26937e+00	-1.53920e-01
3.48485e-01	-6.19283e-01	1.47041e+00	5.13314e-01
1.52501e+00	-5.83414e-01	4.03347e-01	-9.52717e-01
1.43355e+00	3.12329e-01	1.48946e+00	1.26594e-01
9.27353e-01	5.70737e-03	1.95968e+00	-2.16741e-01
1.15044e-01	-4.54851e-01	1.41079e-02	5.39124e-01
8.81460e-01	8.01198e-01	9.39235e-01	7.39299e-01
2.25944e-01	-4.39683e-02	3.06613e-01	1.74796e-01
3.10117e-01	-5.20238e-01	3.83921e-01	-5.81518e-01
4.54083e-01	-9.45418e-02	1.93677e+00	-5.37949e-01
1.82788e+00	2.05920e-01	8.37840e-01	-8.85822e-01
1.24353e+00	8.14080e-01	2.95461e-01	6.08331e-01
1.12547e-01	-7.35092e-01	4.82686e-01	1.36849e-01
1.40065e+00	1.31279e-01	3.67967e-01	-4.49875e-01
5.29696e-01	2.28091e-02	3.93612e-01	-4.29817e-01
1.28351e-01	-9.12329e-01	3.65679e-01	-4.67594e-01
3.26914e-01	-7.70963e-01	1.83862e+00	4.62458e-01
1.99241e+00	2.29491e-01	6.22261e-02	-4.80591e-02
1.73782e+00	2.38413e-01	1.34251e+00	-1.55858e-01
1.73443e+00	-5.78090e-01	1.07177e+00	-7.94267e-01
1.45108e+00	5.48693e-01	5.88532e-01	8.56069e-01
1.20712e+00	8.69427e-01	1.53183e+00	-8.25514e-01
