# No. of particles = 100 
# Proton - Solar wind	Electron - Solar wind	
1.07476e+00	4.46259e+00	9.89392e+00	-9.83674e-01
8.30748e-02	-9.37906e-01	7.94695e+00	9.46961e-01
8.58546e+00	-1.60905e+00	2.75846e+00	2.38050e+00
9.78723e+00	-7.25734e-01	8.48910e+00	2.66005e+00
8.58654e+00	3.09960e-02	4.27699e+00	4.63951e+00
8.65886e+00	-9.24713e-01	7.99181e+00	4.02622e+00
9.71308e+00	2.21336e+00	8.96927e+00	4.93047e+00
8.98540e+00	3.59770e+00	1.18251e+00	-4.61247e-01
9.42125e+00	-9.95461e-01	7.46203e+00	3.79753e+00
9.59232e+00	-3.54829e-01	1.39112e+00	-3.53978e+00
6.73293e+00	-2.04919e+00	9.49823e+00	4.45432e-01
7.91648e+00	1.78094e+00	9.50340e+00	-1.53263e+00
6.51802e+00	4.82374e-01	6.39136e+00	-3.85959e+00
9.68818e+00	-5.32839e-01	9.73382e+00	2.38591e-01
8.26516e+00	3.90288e+00	9.52019e+00	-5.55202e-01
6.79774e+00	7.11799e-01	7.32216e+00	-2.33736e+00
9.54003e+00	2.49368e+00	8.56779e+00	-1.12368e+00
9.67589e+00	3.93496e+00	6.13127e+00	-1.24325e+00
8.04969e+00	1.77309e+00	7.43787e+00	-2.76422e+00
9.51098e+00	2.99663e-01	9.72438e+00	-3.93065e+00
6.19520e+00	2.14728e+00	9.77218e+00	-2.22498e+00
8.16682e+00	2.92106e+00	6.94278e+00	4.88136e+00
7.27806e+00	-3.15461e+00	1.91564e+00	-3.37972e+00
9.06435e+00	-2.66385e+00	3.41989e+00	3.60090e+00
8.62601e+00	-5.22371e-01	9.82397e+00	-4.62718e-01
9.10218e+00	2.19854e+00	8.82869e+00	4.65448e+00
6.61425e+00	-2.70049e+00	2.07240e+00	2.50057e+00
8.76965e+00	4.65289e+00	9.24682e+00	-4.59359e+00
7.92093e+00	-2.14391e-01	7.55634e+00	3.37386e+00
9.68061e+00	-1.68955e-01	7.14284e+00	2.64589e+00
7.44694e+00	1.45805e+00	9.00568e+00	-4.89021e+00
9.86510e+00	-7.53025e-01	8.15022e+00	4.80302e+00
7.45568e+00	-4.85978e+00	2.84743e+00	4.66706e-02
9.68011e+00	2.23086e-01	5.93712e+00	4.13934e+00
5.01034e+00	-1.80736e+00	7.32583e+00	-3.46499e+00
8.75993e+00	-3.27433e-01	5.96416e+00	-4.65989e+00
9.90664e+00	-3.38931e+00	3.88619e+00	-2.62267e-01
9.59661e+00	4.03958e+00	6.96982e+00	6.08321e-02
9.64299e+00	2.87638e+00	2.56206e+00	-1.11838e+00
9.49581e+00	3.38286e+00	9.54198e+00	2.59637e+00
3.98184e+00	1.04752e+00	6.04564e+00	2.82831e+00
9.64758e+00	3.93444e+00	6.79811e+00	4.53971e+00
9.06734e+00	-1.08783e-01	1.25272e+00	4.11614e+00
7.42428e+00	7.31869e-01	3.87285e+00	-1.79728e+00
9.44956e+00	-1.35661e-01	3.67874e+00	-1.98085e+00
8.51176e+00	-3.47665e-01	9.65927e+00	4.30463e+00
9.65780e+00	-2.25953e+00	9.41083e+00	-1.19168e+00
9.89732e+00	-1.31255e+00	3.74547e+00	1.47985e-01
9.65025e+00	2.26434e+00	9.08682e+00	-3.60899e-01
9.77064e+00	-3.67978e+00	7.97626e+00	-3.97907e+00
5.37387e+00	3.51694e+00	6.73995e+00	3.34371e+00
8.77489e+00	1.25224e+00	8.97513e+00	3.92114e+00
9.34163e+00	-1.17514e+00	4.56217e+00	4.48723e+00
7.88827e+00	-3.36056e-01	9.71703e+00	1.21717e+00
4.38731e+00	-9.25669e-01	9.55996e+00	-3.21362e+00
9.38161e+00	-3.54878e+00	7.76496e+00	-2.88844e+00
9.09162e+00	9.55987e-02	9.49718e+00	1.45676e+00
6.96387e+00	-5.33492e-01	9.72013e+00	-7.79798e-01
9.33649e+00	1.10092e+00	2.79045e+00	1.35607e+00
8.94987e+00	2.55467e+00	9.64948e+00	-1.92514e+00
9.58911e+00	-1.09153e-01	9.23653e+00	-4.54952e+00
9.54225e+00	9.47538e-01	9.94775e+00	-1.33560e+00
9.62767e+00	1.29224e+00	6.77004e+00	-4.89713e+00
8.84041e+00	4.47978e+00	6.92947e+00	7.31257e-01
9.92991e+00	-4.87888e+00	1.87552e+00	-2.03493e+00
9.90354e+00	-4.19623e+00	9.99823e+00	-3.60973e+00
5.81810e+00	-2.38654e+00	1.39816e+00	6.63248e-02
9.24744e+00	-3.64654e+00	4.25017e+00	-3.76803e+00
6.65917e+00	-1.91326e+00	9.42870e+00	2.86290e+00
9.20464e+00	-2.99654e+00	7.13972e+00	-9.03323e-01
9.51035e+00	-1.16499e+00	7.60183e+00	-3.54100e+00
9.81540e+00	3.59000e-01	6.01034e+00	4.22752e+00
6.39146e+00	-1.52951e+00	9.31147e+00	-2.41365e+00
7.29224e+00	2.10296e+00	2.59158e+00	-4.88897e+00
9.32715e+00	4.77856e+00	8.76488e+00	-2.58154e+00
9.94970e+00	3.42509e+00	8.37388e+00	-2.60265e+00
7.45285e+00	3.90440e+00	6.88673e+00	3.00152e-02
7.98723e+00	4.56286e+00	7.37664e+00	1.30321e+00
9.76397e+00	3.82152e-01	7.18767e-03	-7.51856e-01
9.54903e+00	4.07643e+00	4.46514e+00	-2.45508e+00
9.80157e+00	-8.85621e-01	1.79630e+00	-1.10189e+00
9.29356e+00	-2.48614e+00	4.28186e+00	2.80525e+00
8.85366e+00	-4.32032e+00	9.90970e+00	-1.63273e+00
9.98188e+00	-2.11379e-01	1.51381e+00	9.84420e-01
8.62862e+00	-1.14363e+00	7.75509e+00	7.29638e-01
6.55772e+00	-2.36786e+00	9.38281e+00	2.71193e+00
9.30217e+00	-1.10151e+00	7.71105e+00	1.30977e+00
9.91200e+00	6.07515e-01	4.36889e-01	-1.59840e+00
9.68491e+00	7.99755e-01	1.43937e+00	-1.17607e+00
8.16711e+00	4.54341e+00	1.86333e+00	-3.38976e+00
9.88061e+00	7.92865e-01	5.09634e+00	2.87449e+00
3.93923e+00	8.68317e-01	4.80978e+00	-4.40485e-01
9.73150e+00	1.03622e+00	9.48664e+00	-3.56603e-01
9.33615e+00	5.00912e-01	6.34765e+00	-3.97516e+00
9.99065e+00	-3.23014e+00	8.20881e+00	-3.79206e+00
9.15207e+00	-3.06245e+00	9.81339e+00	-1.52805e-01
9.54863e+00	-1.31365e-01	8.88067e+00	-2.42164e+00
7.06922e+00	-3.74881e+00	8.56705e+00	-1.98609e+00
7.30627e+00	-8.72043e-01	9.46341e+00	-3.62847e+00
9.00466e+00	-2.20469e+00	7.69038e+00	-2.98256e+00
