# No. of particles = 100 
# Proton - Solar wind	Electron - Solar wind	
1.12653e+00	-4.29793e-01	4.90791e-01	1.86566e+00
5.19551e-01	-4.46907e+00	1.37581e+00	-4.13671e+00
1.72088e-01	4.73607e+00	9.55401e+00	-1.02544e+00
1.18923e-01	2.17641e+00	7.54813e+00	-4.77002e+00
6.69920e-02	-1.38154e+00	7.52040e+00	4.79284e+00
9.96608e+00	-1.70994e+00	4.49079e+00	4.81646e+00
9.32817e+00	1.44709e+00	2.21573e-01	2.76867e-02
8.68770e+00	9.36453e-01	2.19075e+00	3.26655e+00
6.62779e+00	1.04188e+00	6.44175e+00	-2.05515e+00
7.76836e+00	-1.39884e+00	8.61042e+00	-2.58340e+00
9.10859e+00	-3.74925e-01	3.33472e+00	-2.71170e+00
9.97695e+00	2.75523e+00	9.99319e+00	-7.14607e-01
9.10143e+00	-6.16663e-01	4.15246e+00	-4.90743e+00
8.65891e+00	1.49999e+00	8.11019e+00	-5.18282e-01
7.46156e+00	-9.64078e-01	5.72562e-01	4.18018e+00
7.79863e+00	-3.27606e+00	1.41506e+00	-3.19676e+00
8.90067e+00	2.18625e+00	3.34467e+00	-4.01786e+00
8.34146e+00	-3.14399e+00	7.48537e+00	1.13016e+00
6.52648e+00	-1.83462e+00	5.41675e-01	-7.45099e-01
9.44386e+00	-2.13558e-01	2.37766e+00	-3.43717e+00
6.46900e+00	-1.53435e+00	3.89520e+00	-3.81009e+00
8.19417e+00	-5.55434e-01	5.75550e+00	-2.29390e+00
8.87710e+00	-2.85084e+00	7.89250e+00	-4.15133e+00
5.51412e+00	-2.81783e+00	6.40524e+00	3.28899e+00
7.28169e+00	-5.20494e-01	8.40757e+00	9.57411e-01
6.34724e+00	1.96397e+00	5.70691e+00	-1.86667e-01
5.59952e+00	-1.54703e+00	7.26855e+00	-1.65815e+00
9.14515e+00	-4.16139e-01	9.01476e+00	2.53675e+00
5.38191e+00	-2.76294e+00	8.36018e+00	4.24865e+00
7.71351e+00	-1.16972e+00	4.35869e+00	-7.15099e-02
9.67761e+00	-1.09599e+00	8.60232e-01	-4.26094e+00
9.35763e+00	1.57254e+00	7.98742e+00	1.31380e+00
9.44204e+00	4.88936e-01	2.88544e+00	2.10727e+00
8.06523e+00	3.18391e-01	9.11368e+00	2.46262e+00
9.48258e+00	4.92758e+00	9.49647e+00	-1.24223e+00
9.54704e+00	3.84643e+00	7.58585e+00	1.47759e+00
7.72270e+00	-9.56200e-01	2.98069e+00	3.38534e+00
9.47781e+00	-4.91396e+00	1.37935e+00	-1.37836e+00
8.73334e+00	-1.27883e+00	6.59136e+00	-1.07068e+00
4.62510e+00	-2.02714e+00	9.82823e+00	-1.01544e+00
8.15781e+00	-3.33892e+00	1.49395e+00	4.25140e+00
9.62582e+00	-4.68472e-01	8.88331e+00	-1.02191e+00
9.16257e+00	6.80652e-01	5.83339e+00	2.29455e+00
8.13001e+00	-3.49950e+00	5.75158e+00	-8.99391e-01
9.55996e+00	-3.23134e+00	8.68029e+00	-4.43786e+00
7.69539e+00	3.52844e+00	8.56832e+00	3.14376e+00
8.36266e+00	-2.33469e+00	4.08505e+00	-2.54014e+00
9.56711e+00	-8.17131e-01	1.02108e+00	1.92859e+00
9.87980e+00	3.86152e+00	3.35557e+00	-4.48967e-01
7.40253e+00	3.60731e+00	9.55160e+00	4.87366e+00
9.62729e+00	-2.99463e+00	8.67503e+00	-3.45013e+00
5.83034e+00	-4.66200e-01	8.63484e+00	-1.63094e+00
8.78555e+00	-2.60061e+00	9.66474e+00	2.72796e+00
9.81001e+00	3.89058e+00	3.41912e+00	3.41414e+00
7.04499e+00	-4.27854e+00	6.70650e+00	2.35563e+00
9.12990e+00	-1.68251e+00	5.87502e+00	-3.91563e+00
9.99337e+00	9.61660e-01	2.82833e-01	1.10921e+00
6.16848e+00	2.39354e-01	8.48549e-01	-4.68670e+00
7.31840e+00	-4.98702e-01	6.97357e+00	5.44427e-01
9.50268e+00	-3.06981e+00	9.00993e+00	-7.75154e-01
9.33107e+00	8.19093e-01	1.53786e+00	-1.46498e+00
9.35182e+00	3.82667e+00	6.85874e+00	-2.56868e+00
8.37710e+00	3.24736e+00	6.59180e+00	2.07017e+00
8.59041e+00	7.55602e-01	9.29034e+00	4.66978e+00
8.17609e+00	4.13420e+00	5.93267e+00	1.19238e+00
6.40233e+00	-4.22004e-01	7.65569e+00	2.76970e+00
8.24044e+00	-3.35187e+00	8.34697e+00	3.97372e-01
9.08228e+00	1.75292e+00	3.54471e+00	3.43935e-01
9.40495e+00	-4.95277e+00	7.57139e+00	2.29779e+00
7.05245e+00	-7.43209e-01	8.04551e+00	4.97396e+00
9.52668e+00	-6.95378e-01	4.95954e+00	3.71219e+00
9.93413e+00	-7.07497e-01	7.02462e+00	3.80275e+00
8.48454e+00	-7.05745e-01	8.77104e+00	-3.75061e-01
7.35033e+00	-4.33232e+00	4.95281e+00	1.17835e+00
8.35670e+00	2.63459e+00	3.33793e+00	-1.33240e+00
8.60426e+00	1.45416e+00	9.85129e+00	-7.44928e-01
9.71480e+00	-1.32654e+00	1.47653e+00	2.86360e+00
7.61860e+00	5.47567e-01	2.64206e+00	-2.76684e+00
7.86443e+00	-4.03012e+00	6.95051e+00	4.04969e+00
6.48489e+00	-1.80438e+00	9.46377e+00	9.01520e-01
6.09706e+00	3.01217e+00	6.93329e+00	5.14851e-01
9.33622e+00	-3.82026e-01	7.90086e+00	4.46832e+00
9.05577e+00	1.19237e+00	3.90140e+00	3.05135e+00
8.40907e+00	2.54518e+00	6.18642e+00	-2.58098e-01
8.37194e+00	4.91183e+00	1.16489e+00	-6.50719e-02
5.33288e+00	-3.66220e+00	8.29905e+00	-2.59099e+00
9.75108e+00	-3.63734e-01	8.86183e+00	-3.05823e+00
6.92750e+00	1.64696e+00	3.11789e+00	-3.83904e+00
6.27234e+00	3.36662e+00	8.97848e+00	-6.56086e-02
8.01782e+00	-2.03213e+00	9.77540e+00	-1.03135e+00
6.94662e+00	-4.54766e+00	1.33949e+00	3.24082e+00
6.45539e+00	-3.93515e+00	7.37628e+00	7.05948e-01
9.26008e+00	-2.72740e-01	9.93718e+00	-5.97687e-01
9.39069e+00	2.22159e+00	8.37637e+00	-1.67692e+00
8.38243e+00	-2.97966e+00	2.23631e+00	4.98848e+00
5.31233e+00	1.41435e+00	2.47091e+00	-1.89236e+00
5.46965e+00	4.12253e+00	6.64835e+00	1.13071e+00
7.21474e+00	3.91642e-01	6.38248e+00	-2.76349e+00
8.42720e+00	-3.40996e+00	8.05869e+00	1.52761e+00
9.09889e+00	3.51524e-01	6.31697e+00	-3.43634e+00
