# No. of particles = 100 
# Proton - Solar wind	Electron - Solar wind	
7.49415e-01	-5.06939e-01	8.08758e-02	-8.01336e-01
7.74479e-01	-6.88215e-01	5.77484e-01	2.68837e-01
1.47432e-01	-1.15794e-01	5.59363e-01	-7.73492e-01
8.70693e-01	5.18693e-01	1.36797e+00	2.40566e-01
1.75578e+00	5.09817e-01	3.70565e-01	-5.73995e-01
4.28144e-01	9.23290e-01	2.26772e-01	-7.91652e-01
1.99089e+00	3.72552e-01	6.02228e-01	3.91372e-01
5.01422e-01	6.58487e-01	1.84876e+00	-6.55786e-01
1.73814e+00	-1.80836e-01	1.35038e+00	-6.01146e-01
1.15307e+00	8.56820e-01	1.27481e+00	9.95158e-01
1.81983e+00	9.23365e-01	6.55130e-01	4.76380e-01
3.12279e-02	-9.58146e-01	1.39600e-01	6.42244e-01
1.74898e+00	-6.42751e-01	3.30351e-02	-9.40930e-01
5.96530e-01	-8.35924e-02	2.40933e-01	-9.43837e-01
1.11534e+00	2.18471e-01	8.90879e-01	-1.93151e-01
4.57546e-01	-5.97058e-01	1.34132e+00	-2.91174e-01
1.98437e-01	-7.02513e-01	3.39026e-01	4.52671e-01
7.79405e-01	-1.40659e-01	8.52453e-01	5.79818e-01
1.22067e-01	-6.12024e-01	1.04637e+00	-3.40767e-02
1.99929e+00	-9.52408e-01	1.38315e+00	7.39470e-03
8.62039e-01	-5.06775e-02	3.06345e-01	-9.60179e-01
5.99833e-01	-2.27500e-01	1.67914e+00	6.76340e-01
1.52284e+00	-5.49672e-01	1.27364e-01	-8.44908e-01
1.52104e+00	4.00902e-01	9.59793e-01	-7.24556e-01
1.28232e+00	-7.24561e-01	6.38615e-01	3.17568e-01
1.77072e-02	-5.99566e-01	1.41802e+00	-1.29868e-01
2.91455e-01	-3.39036e-01	1.86412e+00	4.38387e-01
2.21890e-01	-8.43646e-01	1.35117e+00	-2.96959e-01
5.73674e-01	7.52892e-01	3.85764e-01	3.09685e-01
6.27526e-01	4.45857e-01	1.94941e+00	9.18633e-02
1.63008e-01	-5.00153e-01	3.28832e-01	-6.65307e-01
5.89704e-02	8.90955e-01	8.73165e-01	4.84915e-02
6.21622e-01	-4.90918e-02	1.52912e-01	-3.96641e-01
6.43577e-01	4.35582e-01	1.68481e+00	5.87593e-01
5.78050e-01	-4.07390e-01	1.77920e+00	-7.27978e-01
1.70341e+00	3.12986e-01	8.89553e-01	-9.23815e-01
4.08198e-01	3.29853e-01	4.93604e-01	-7.30014e-01
6.73343e-01	-6.25605e-01	5.01373e-02	-8.42004e-01
1.58474e+00	-4.59131e-01	1.75874e-01	-2.51166e-01
1.11873e+00	-1.09591e-01	1.29674e+00	3.17339e-01
6.39605e-01	-5.23871e-01	1.96284e+00	4.14665e-01
1.12977e-01	5.23575e-01	9.83662e-01	-8.06856e-01
1.51466e-01	-7.31964e-01	4.29792e-01	3.93532e-01
1.75764e-01	-7.23702e-01	1.82357e+00	6.95122e-01
3.67290e-01	-9.35707e-01	1.34897e+00	6.76261e-01
1.63694e+00	-2.40711e-01	1.48089e+00	-2.27282e-01
6.31080e-01	-1.62765e-01	7.99580e-01	-4.03619e-01
1.05312e+00	-3.49490e-01	1.90484e-01	-6.33822e-01
1.08599e-02	-9.64233e-01	1.03509e+00	-3.68132e-01
1.93734e+00	-4.55435e-01	2.21319e-02	3.90985e-01
1.50219e-01	-7.25342e-01	1.94976e+00	4.34269e-01
1.45411e+00	-1.68593e-01	1.14130e-01	-3.97046e-01
1.64317e-02	-9.96333e-01	1.52623e+00	-8.71420e-01
5.04428e-02	5.92702e-02	6.28319e-01	-6.58690e-01
5.51901e-02	4.28691e-01	1.56287e+00	-2.04440e-01
1.81592e+00	6.46783e-02	1.63448e-01	-9.43099e-02
1.59268e+00	3.89240e-01	2.86938e-01	-8.96072e-01
5.83905e-01	-6.20657e-01	3.87092e-01	-2.96117e-01
1.39371e+00	-1.65451e-01	3.00613e-02	-6.75185e-01
5.70381e-01	4.81947e-02	3.74806e-01	-5.71269e-01
7.29695e-01	7.18900e-01	3.63071e-02	-3.22661e-01
4.07053e-01	-5.23909e-01	2.81698e-01	-2.98930e-01
2.17339e-02	-3.83751e-01	2.64446e-01	6.07565e-01
1.35250e+00	8.32466e-03	1.59930e+00	-1.76267e-01
8.23681e-01	1.06110e-01	1.04593e-02	-9.38876e-01
1.72256e-01	-9.45157e-01	4.97519e-01	6.85446e-02
1.15363e+00	-4.14663e-01	6.69356e-01	-8.00104e-01
3.93526e-01	-8.77131e-01	1.25618e+00	5.17166e-01
1.04365e+00	-3.42180e-02	1.32988e+00	-8.64175e-01
6.96788e-01	-4.24768e-02	8.25847e-03	-9.97911e-01
5.99354e-01	-3.28809e-01	1.01539e-01	-9.04470e-01
1.17461e+00	5.26431e-01	6.62551e-01	-8.39115e-01
3.10648e-01	2.35376e-01	1.26393e+00	-4.22426e-01
3.57684e-01	-3.28451e-01	9.08280e-01	-7.16956e-01
4.09196e-02	-9.88588e-01	1.81264e+00	-3.14684e-02
1.53090e-01	-7.46413e-01	5.83149e-01	4.42605e-01
3.62849e-01	4.49921e-01	1.29641e-02	-9.90805e-01
4.20433e-01	3.38231e-01	6.62753e-01	-9.34343e-02
7.21645e-03	3.45230e-01	1.20362e-01	-7.46975e-01
1.84561e+00	5.53426e-01	9.32446e-01	5.47957e-01
5.17635e-01	-2.92831e-01	1.79873e-01	-9.50659e-01
3.99632e-04	5.16982e-01	2.17925e-01	-6.59006e-01
4.09022e-01	-2.94811e-01	1.16669e+00	-5.51156e-01
1.64085e+00	3.57378e-01	8.60106e-01	-5.99962e-02
2.94018e-01	-6.40063e-01	1.09901e-01	-1.98262e-01
4.42055e-02	-9.99389e-01	1.99078e-01	7.28780e-01
9.84178e-02	-5.52265e-01	1.19253e+00	6.30550e-01
1.30816e+00	8.68905e-01	1.92332e+00	9.64424e-01
1.14832e+00	4.26332e-01	1.44750e+00	6.76113e-01
1.57297e-01	-3.45086e-02	1.07344e+00	-3.40514e-02
1.16968e-01	9.74910e-01	7.42622e-02	4.32124e-02
4.54365e-01	9.73633e-01	2.19910e-01	-2.70950e-01
1.68890e+00	-8.66729e-01	8.53845e-01	-5.75860e-01
8.21090e-01	-3.74537e-01	8.85820e-01	-7.88520e-01
1.62977e-01	8.63648e-01	4.11623e-01	8.85129e-01
2.31296e-02	-9.88225e-01	1.34523e+00	-1.15158e-01
7.24197e-01	-9.48090e-01	6.68278e-01	-4.98260e-01
4.08284e-02	-1.89276e-01	1.38919e+00	4.03981e-01
1.31416e+00	4.00479e-01	9.02070e-01	6.71305e-01
7.04020e-01	4.88733e-01	9.64866e-01	-9.63018e-01
