# No. of particles = 100 
# Proton - Solar wind	Electron - Solar wind	
4.18051e-01	-7.18463e-01	3.15532e-01	-8.30177e-01
4.37405e-01	-8.56608e-01	1.12189e+00	-9.10923e-01
1.00314e-01	-5.22328e-01	3.31584e-01	7.56684e-02
6.17570e-01	4.77767e-02	7.81929e-01	-8.47365e-02
1.10346e+00	-5.73930e-02	5.61157e-01	-1.59765e-01
2.98366e-01	5.53160e-01	1.80077e+00	-8.97312e-01
1.50628e+00	3.21481e-02	1.86511e-01	-9.34784e-01
2.87649e-01	-3.84600e-02	1.59184e-01	-9.69149e-01
1.17782e+00	-4.49319e-01	2.47267e-01	5.33108e-01
7.98432e-01	2.86061e-01	5.32507e-01	-8.52408e-01
1.10918e+00	1.67723e-01	4.96323e-01	-3.16422e-01
1.53889e+00	3.44297e-01	2.27923e-01	1.75498e-01
1.26911e+00	-7.63875e-01	6.25443e-01	3.22975e-01
3.79390e-01	-4.48925e-01	1.63923e-02	2.90801e-01
4.17564e-01	-6.36885e-01	9.32585e-01	1.81284e-01
2.40846e-01	-6.03842e-01	7.77486e-01	-4.20826e-01
1.73507e+00	-8.59776e-01	7.25024e-01	-4.33807e-01
1.34257e+00	1.54438e-01	1.88968e+00	9.24027e-01
7.81103e-01	3.40752e-01	1.22071e+00	-5.03904e-01
9.83338e-01	-9.77816e-01	1.26525e+00	-4.91225e-01
8.99840e-01	-2.67678e-01	1.89329e+00	-4.56918e-01
4.07004e-01	-4.75826e-01	1.28925e+00	-3.82359e-01
1.04063e+00	-7.00057e-01	5.99523e-01	-9.34716e-01
1.07176e+00	-1.19356e-02	9.95491e-01	-4.00543e-01
9.56027e-01	-8.22299e-01	4.37475e-03	-9.98100e-01
1.22654e+00	-1.54884e-01	3.88587e-03	1.02822e-01
1.75867e+00	3.59091e-01	1.17793e+00	6.83432e-02
1.26750e-01	-9.30356e-01	4.23500e-02	-8.34680e-01
9.98642e-01	4.33881e-01	5.51038e-01	-1.29380e-03
3.03034e-01	2.63496e-01	1.38711e+00	6.76977e-01
2.80020e-01	6.49500e-01	1.45002e+00	-4.03732e-01
2.24034e-02	2.13483e-01	9.88418e-01	4.66890e-01
7.36117e-02	-9.06984e-01	1.82579e-02	-9.84649e-01
4.94165e-01	1.04682e-01	7.85326e-01	6.93865e-01
3.93942e-01	-6.01075e-01	2.99671e-02	-7.97562e-01
1.39950e-01	-4.78675e-01	1.24023e+00	-8.13970e-01
2.22486e-01	-2.59997e-01	1.96397e+00	-5.87991e-01
5.27433e-01	-6.88480e-01	1.79128e+00	4.04212e-01
1.28804e+00	-5.45197e-01	1.75556e+00	-5.38141e-01
1.31000e+00	-2.36365e-01	9.44660e-01	-6.39895e-01
9.00925e-01	-5.97799e-01	1.07780e+00	-1.33197e-02
6.74877e-01	3.53333e-01	1.74013e+00	7.43212e-01
1.24842e-01	-8.59675e-01	1.06995e+00	-9.23924e-01
9.85112e-01	9.26013e-01	4.18174e-01	-5.67090e-01
8.31218e-01	-7.60055e-01	3.42453e-01	-8.36900e-01
1.05371e+00	-5.36573e-01	1.87325e-01	-7.58340e-01
1.99277e+00	-2.75538e-01	1.45085e+00	-4.58722e-01
8.35635e-01	-4.25299e-01	9.05727e-01	9.29500e-01
1.31698e+00	-1.11349e-01	1.18985e+00	-9.31791e-01
1.66150e+00	2.43187e-01	1.11047e+00	1.49211e-02
2.57974e-01	-9.67517e-01	1.54575e+00	-2.92608e-01
1.01698e+00	-4.25003e-01	1.18116e-01	6.70674e-02
2.45197e-01	5.44102e-01	3.64164e-02	-9.71931e-01
2.24414e-02	-4.93090e-01	1.51793e+00	8.80730e-02
2.61426e-02	-3.62117e-01	3.21203e-01	-8.74044e-01
1.47619e+00	-4.78652e-02	6.85051e-01	8.98638e-01
1.28699e+00	2.31709e-01	2.03396e-01	-3.84929e-01
1.85639e+00	1.20373e-01	1.95562e+00	-6.07166e-01
1.08981e+00	-3.67036e-01	1.11348e-01	9.60045e-01
5.60460e-02	-2.43002e-01	1.46138e+00	-5.12579e-01
9.91122e-01	5.14414e-01	1.60307e+00	-6.16111e-01
1.88168e+00	-5.21906e-01	1.78106e-01	2.16410e-01
1.12631e+00	-7.44753e-01	7.32272e-02	-6.40191e-01
1.92985e+00	3.63179e-02	2.54804e-01	8.80578e-01
1.34440e+00	1.83770e-02	2.40422e-01	5.76418e-01
3.09148e-01	-5.40611e-01	5.48771e-01	4.43405e-01
9.12137e-01	-3.86513e-01	1.24825e+00	-2.89469e-01
2.38946e-01	-9.34778e-01	9.20887e-01	-5.77009e-01
8.16309e-01	-5.06945e-02	1.34760e+00	1.93065e-03
1.46300e+00	-3.61376e-01	1.72874e+00	-2.75783e-01
1.01528e+00	-2.90045e-01	1.19613e-01	-9.41765e-01
6.51289e-01	-1.85617e-01	2.11679e-01	5.23867e-01
1.49532e-01	-4.20230e-01	1.13568e-01	9.66604e-03
1.24779e-01	-8.45950e-01	2.37607e-01	3.54419e-01
2.07340e-02	-9.87624e-01	2.82090e-02	7.61377e-01
2.70109e-01	-9.66202e-01	1.32023e+00	3.69486e-02
6.80599e-01	3.81174e-01	1.23373e-01	7.63725e-01
2.99300e-02	8.47343e-01	1.31639e+00	9.53040e-01
3.77040e-01	3.12577e-01	1.18216e+00	5.20280e-02
1.64380e+00	5.13689e-01	5.61752e-01	-1.85158e-01
2.87069e-01	-6.97356e-01	2.33662e-04	-8.47570e-01
3.71361e-01	4.62471e-01	1.40713e+00	3.87826e-01
4.51575e-02	-9.03506e-01	4.93385e-01	-4.54308e-01
1.78810e+00	2.90841e-01	1.09432e+00	-4.57751e-01
1.48333e-01	-8.23723e-01	8.74280e-01	1.56514e-01
1.18673e+00	-6.65202e-01	1.19435e-01	-6.96420e-01
1.90338e+00	-1.77486e-01	1.61955e+00	4.70650e-01
8.64958e-01	2.37108e-01	1.12848e+00	2.50838e-01
8.35906e-01	-8.44705e-03	2.03878e-01	-8.26024e-01
9.67031e-01	1.84350e-01	7.07290e-02	-8.62502e-01
4.69779e-01	9.16977e-01	2.52782e-01	-1.39448e-01
1.85744e+00	-4.62659e-01	9.46093e-01	5.26834e-01
1.33672e+00	-6.84682e-01	1.77496e+00	4.72745e-01
3.06827e-01	-7.71874e-01	1.45663e+00	2.07945e-02
5.05096e-01	8.49323e-01	1.49737e-01	4.20548e-01
1.65948e+00	8.02267e-01	6.11158e-01	8.31593e-01
1.07614e+00	-6.92585e-01	2.39679e-01	-2.59791e-01
1.88532e+00	-8.16312e-02	1.67469e+00	-3.61449e-02
1.48205e+00	4.38305e-01	1.76626e-01	-3.70518e-02
5.65460e-01	1.36982e-01	1.97789e-01	-8.88654e-01
