# No. of particles = 100 
# Proton - Solar wind	Electron - Solar wind	
3.71003e-01	4.38212e-01	1.19435e+00	5.80422e-01
8.40448e-01	6.51687e-01	2.09959e-01	-5.37706e-01
1.29195e+00	4.58023e-02	1.08567e-02	-1.76530e-01
4.22328e-01	-4.05746e-01	9.12328e-02	-8.89682e-01
3.23605e-01	-2.08841e-02	6.04146e-01	-1.03188e-01
7.93867e-01	-2.16633e-02	3.13526e-01	-8.49596e-01
7.04733e-01	-8.91269e-02	1.99612e+00	1.60831e-01
2.28263e-01	-8.27714e-01	7.71283e-01	-5.45065e-01
4.60125e-01	2.19469e-02	1.82516e+00	6.13747e-01
3.49631e-01	-2.83695e-01	7.50245e-01	-2.63183e-02
5.17599e-01	-3.05481e-01	7.25133e-02	2.22939e-02
8.46781e-01	7.44699e-02	1.38204e+00	1.66446e-01
1.36011e+00	-1.39766e-01	1.11491e+00	-4.16169e-02
3.91427e-01	-9.60938e-02	4.36919e-01	-3.35171e-01
7.56150e-01	-8.72211e-01	8.81079e-01	1.28277e-02
2.89439e-01	-6.49855e-01	5.84589e-01	-5.23116e-01
2.92454e-02	-9.49965e-01	1.53313e-01	-1.96817e-01
9.60642e-02	-5.83038e-01	8.22599e-02	-9.00501e-01
6.75451e-01	-1.27307e-02	1.64818e+00	6.86834e-02
2.28435e-01	-7.63299e-01	1.36358e+00	4.43917e-01
9.46526e-01	5.79963e-01	2.75392e-01	-1.33498e-01
1.22499e-01	-8.64703e-01	1.03309e+00	-4.16995e-02
1.57036e+00	5.41044e-02	1.83415e+00	9.21621e-01
3.19453e-01	6.29053e-01	1.07073e+00	-7.06269e-01
1.11163e-01	-9.46216e-01	1.98906e+00	6.63640e-01
2.18565e-01	-9.66775e-01	3.07137e-02	-8.16757e-01
8.67815e-02	2.93155e-02	1.44108e+00	-7.52835e-01
3.83871e-01	1.04724e-01	1.80100e+00	-6.65905e-01
1.89491e+00	3.00730e-02	2.69820e-02	-9.74930e-01
1.36107e+00	4.44432e-01	1.88213e-01	-5.10278e-01
1.21331e+00	7.02390e-01	1.78639e+00	5.55699e-01
1.63789e+00	-8.59180e-01	3.84573e-02	-9.63652e-01
2.46121e-01	1.86864e-02	6.62017e-01	-9.15622e-03
1.73341e+00	-5.00343e-01	1.19545e+00	6.63712e-01
5.43644e-01	-5.35794e-01	8.92376e-02	3.33051e-02
4.08426e-01	-9.04357e-01	1.91608e+00	8.39493e-01
1.50970e-01	-6.93084e-01	1.32522e+00	-3.45301e-01
6.84454e-01	-8.45630e-01	2.43386e-01	-4.45652e-01
4.36753e-01	6.69604e-01	2.78339e-02	-6.46938e-02
4.62287e-01	-7.40398e-01	1.01650e+00	7.26776e-01
9.57886e-02	-3.81486e-01	1.13598e+00	2.87855e-01
1.08520e-01	8.04140e-02	1.39493e+00	-8.48726e-01
2.02575e-01	-7.94392e-01	1.39382e-02	-9.97597e-01
3.48146e-01	-6.55845e-01	1.64116e+00	1.94310e-01
4.67543e-01	4.95343e-01	1.05297e+00	-2.67572e-01
9.79110e-01	-4.21416e-01	1.12926e-01	3.80030e-01
1.82779e+00	3.36194e-01	1.33779e+00	-2.01937e-01
1.08978e+00	-2.96312e-01	4.55449e-01	-8.39513e-01
9.54468e-02	-5.87926e-01	4.76593e-01	-5.94325e-01
3.31924e-01	-1.22966e-01	1.90666e+00	-7.02474e-01
7.21866e-01	-5.82279e-01	6.83443e-01	4.03046e-01
2.77043e-01	-9.13047e-01	2.04746e-01	-8.22628e-01
4.32923e-01	-6.58880e-01	5.38240e-01	6.81827e-01
4.46261e-01	-3.32118e-01	1.92703e+00	2.16313e-01
4.76842e-01	-4.87530e-01	1.91696e+00	-2.20375e-01
1.77472e+00	-9.34403e-01	9.64873e-02	-7.62300e-01
1.06101e-01	-3.72821e-01	2.27686e-01	-8.45823e-01
2.02095e-01	-6.88691e-01	2.72617e-01	-2.37938e-01
9.08498e-01	9.65201e-01	7.90606e-01	3.54270e-01
1.50384e-01	-8.23998e-01	1.50743e+00	2.67466e-01
1.31895e-01	-4.79660e-01	1.37802e+00	1.52152e-01
9.76512e-02	1.04527e-01	6.07027e-01	-8.34256e-01
4.33520e-01	-2.44629e-01	6.85227e-01	-3.52614e-01
1.04224e+00	5.01587e-01	1.61909e+00	-2.46183e-01
1.61097e-01	-9.30167e-01	1.64596e+00	1.87373e-01
5.76202e-01	-6.58384e-01	1.59028e+00	-4.59616e-01
7.35953e-02	-6.51357e-01	1.86343e-01	5.98200e-01
3.79360e-02	-9.97873e-01	1.15994e+00	-4.43225e-01
9.86752e-01	7.41644e-01	1.14493e+00	-5.79125e-01
1.12159e+00	7.13123e-01	1.67612e+00	5.12027e-02
1.53735e+00	6.15234e-02	2.52234e-01	-7.16733e-01
1.44110e+00	5.92477e-01	1.63086e+00	-7.55672e-01
2.39407e-01	-5.83024e-01	7.98996e-01	4.25460e-01
4.41875e-01	-1.34188e-01	6.96439e-01	-1.59794e-02
5.94041e-01	-4.86957e-01	6.75604e-01	2.13123e-01
3.31398e-02	1.55463e-01	1.98066e+00	-1.13436e-01
1.66251e-01	8.29085e-01	9.37563e-01	1.68485e-01
5.22068e-01	-3.43414e-01	1.90853e+00	-3.03246e-01
4.37179e-01	-3.76724e-01	1.46539e+00	-9.83319e-01
1.39613e+00	6.55969e-01	2.24479e-01	2.05464e-01
1.72650e+00	-1.89924e-01	3.43721e-01	2.82929e-01
1.17421e+00	5.31289e-01	4.68354e-01	-6.75850e-01
1.17793e+00	2.93772e-01	1.21283e+00	-3.74152e-01
3.47294e-02	2.30216e-01	9.16410e-01	-6.69501e-01
7.70862e-02	8.01538e-01	1.22172e+00	7.08072e-02
2.81459e-01	1.45721e-01	1.95923e+00	-5.47929e-02
3.93799e-01	-4.09751e-01	1.16233e+00	-5.88761e-02
1.81427e+00	-5.55642e-01	1.23842e+00	-3.06281e-01
1.00390e+00	-8.24010e-01	4.35183e-01	-7.59920e-03
1.02094e-02	-9.82121e-01	1.99297e+00	6.32081e-01
1.38778e-01	-6.45737e-01	1.62356e+00	-1.02490e-01
4.32056e-02	-9.93891e-01	1.75861e+00	-7.85935e-01
6.35234e-01	2.39817e-01	2.66331e-01	8.79002e-01
3.35282e-01	-5.73538e-01	4.71754e-01	9.43102e-01
9.39387e-01	2.56765e-01	1.52527e+00	-5.01009e-01
1.90967e+00	9.35776e-01	6.03420e-01	5.16740e-01
1.49919e-01	3.64569e-01	7.72767e-01	4.37772e-02
6.49291e-01	5.17318e-01	8.90628e-01	-4.59012e-01
1.85372e+00	7.28516e-01	3.26495e-01	8.59436e-01
6.70981e-01	-8.38712e-01	1.24479e+00	-3.19578e-01
