# No. of particles = 100 
# Proton - Solar wind	Electron - Solar wind	
9.48624e-01	-3.77786e-01	1.46859e+00	-2.31420e-01
9.76679e-01	-5.82913e-01	1.87062e+00	3.37061e-01
1.82246e-01	1.28400e-01	1.30770e+00	-4.69187e-01
1.02199e+00	7.99915e-01	5.96634e-02	7.24464e-01
2.28825e-01	-7.80200e-01	1.17734e+00	-5.39167e-01
1.70340e-01	-9.22536e-01	3.80295e-01	-8.50298e-01
5.07913e-03	-8.25718e-01	9.40696e-01	9.31478e-01
1.29863e-02	-9.30421e-01	9.33773e-01	-7.62940e-02
3.56708e-02	-8.99309e-01	1.10432e-01	-8.97010e-01
1.87954e-01	-8.50867e-01	3.15005e-01	-9.93993e-01
5.53020e-02	-9.47049e-01	3.43394e-01	-9.07593e-01
1.73376e-01	-9.16605e-01	1.67951e-01	6.23167e-01
1.29305e-02	-9.58261e-01	8.87759e-01	-6.21393e-01
7.27928e-01	1.35714e-01	1.16884e+00	3.57640e-01
1.53321e+00	7.32157e-01	1.45858e+00	-3.01970e-02
5.89574e-01	-5.90928e-01	1.18408e+00	1.61699e-01
2.58120e-01	-3.66225e-01	2.61993e-01	-1.34487e-01
4.41351e-01	-3.17953e-01	1.58739e-01	-8.54472e-01
3.34995e-01	4.28097e-02	1.31957e+00	-1.25133e-01
2.16033e-01	-8.70002e-01	4.97425e-01	7.47783e-01
8.38062e-01	7.94464e-02	2.14496e-01	-6.89460e-01
7.16638e-01	-7.82030e-02	1.84939e+00	-6.50024e-01
1.81073e+00	-4.58007e-01	5.28605e-01	-8.46511e-01
1.78907e+00	6.47830e-01	1.63691e+00	-1.83785e-01
1.47760e+00	-6.62099e-01	1.16024e+00	-3.66348e-01
4.34776e-02	1.03710e-01	5.37557e-01	-4.68403e-01
5.89887e-01	3.01697e-01	5.93462e-01	-4.76939e-01
2.81203e-01	-7.87979e-01	4.82462e-01	-9.24659e-01
3.19501e-01	9.40148e-01	7.66331e-02	-5.70976e-01
8.22984e-01	5.54175e-01	2.57822e-01	-9.23336e-02
1.72098e-01	1.02092e-01	1.25923e+00	-5.75114e-01
1.33742e-01	-5.26119e-01	4.20137e-01	9.50936e-01
9.51840e-01	4.65990e-01	5.94496e-01	9.14911e-01
7.33639e-01	6.33086e-01	4.32326e-01	8.29482e-01
6.90045e-01	-2.89907e-01	4.80655e-01	3.17770e-01
1.40235e+00	7.14840e-01	1.80184e+00	8.09579e-01
5.22609e-01	6.83699e-01	5.07456e-01	3.00024e-01
7.61631e-01	-5.84748e-01	2.32594e-01	-5.42597e-01
1.76120e+00	-4.06165e-01	1.31823e+00	4.44257e-01
1.00381e+00	-3.42830e-02	1.81170e-01	-8.93531e-01
4.83344e-01	-4.77480e-01	4.88678e-01	-5.49769e-01
1.85959e-02	-6.53702e-01	1.01727e+00	-3.44796e-01
1.71636e-01	-6.53633e-01	1.59278e-01	-8.44240e-01
2.97430e-01	-5.46448e-01	2.85054e-01	-6.49550e-01
9.09505e-01	-7.98084e-01	7.02449e-01	7.14501e-01
1.98474e+00	-6.20541e-02	1.29372e+00	7.20014e-02
9.77474e-01	3.45315e-01	1.08993e-02	2.46294e-01
1.18270e+00	-3.03471e-01	3.88281e-01	-5.82176e-01
1.81508e-01	-7.49049e-01	1.87455e+00	2.02027e-01
1.79800e+00	-4.06303e-01	1.79211e+00	6.72823e-01
8.94475e-02	-5.77790e-01	1.20308e+00	-2.24921e-01
1.71572e+00	-1.41166e-02	7.90972e-01	-5.75775e-01
1.21411e-01	-8.53746e-01	1.56725e+00	5.02908e-01
7.57310e-02	3.90946e-01	5.28618e-01	-8.43366e-01
8.14899e-02	9.02983e-01	2.88890e-01	-8.31929e-01
1.96923e+00	-1.26800e-01	3.16139e-01	-5.79522e-01
1.77373e+00	4.83033e-01	4.22464e-01	-6.91289e-01
1.12232e+00	-4.58971e-01	2.12590e-01	-9.86328e-01
1.57545e+00	-4.39023e-02	6.30767e-02	-9.83904e-01
8.81166e-01	2.23208e-01	1.48950e+00	2.08997e-01
5.72550e-01	8.37728e-01	1.26099e+00	9.93988e-01
7.19873e-01	-1.63084e-01	1.27783e+00	-3.73253e-01
2.18479e-01	-9.17913e-01	3.29111e-02	-9.48907e-01
1.00490e+00	-8.69321e-03	5.11877e-01	-8.99601e-01
5.10631e-01	1.59557e-01	4.05242e-02	5.54691e-01
7.10249e-01	-8.13053e-01	2.81370e-01	8.92366e-01
1.29761e+00	-4.30875e-01	8.52091e-02	-4.91587e-01
4.87080e-01	-8.36641e-01	1.65815e+00	6.94100e-02
1.17964e+00	-2.56444e-02	3.75451e-01	-2.82106e-01
1.48696e+00	1.72065e-02	8.81847e-05	-9.75059e-01
3.50715e-01	-3.51690e-01	4.56769e-01	4.21376e-01
1.48802e+00	9.52388e-01	1.14807e-01	-6.89546e-01
4.11653e-01	6.29091e-01	1.54731e-01	-9.61644e-01
5.01084e-01	-1.73487e-02	1.02652e+00	-5.27266e-02
5.33162e-02	-9.87801e-01	1.56449e+00	-6.15607e-01
2.46070e-01	-4.66354e-01	1.22942e-01	-4.96795e-01
1.74767e-01	4.90314e-01	7.40214e-01	-7.47659e-01
7.44573e-01	4.47759e-01	9.37744e-01	-7.41073e-01
5.57026e-02	6.69817e-02	1.11750e+00	-7.73994e-01
1.51158e+00	2.67607e-02	6.43581e-01	-2.11638e-01
6.57804e-01	-4.93798e-02	1.10296e+00	-2.34194e-01
2.60884e-01	-2.86889e-01	1.03985e+00	-3.63318e-01
6.30562e-01	7.09022e-02	1.48047e+00	5.12609e-01
1.54938e+00	3.96604e-01	1.20282e-01	-9.16542e-01
3.84278e-01	-5.27849e-01	8.02300e-01	9.14636e-01
2.04351e-01	-5.80943e-01	1.57515e+00	3.03669e-02
1.80405e-01	-1.36809e-01	1.68819e+00	8.63044e-01
1.88053e+00	-4.15335e-01	7.31589e-01	-2.45014e-01
1.33527e+00	6.86704e-01	1.84699e+00	8.67842e-01
4.86511e-01	1.88213e-01	1.38094e+00	2.75451e-01
6.43616e-02	-9.13689e-01	1.84105e+00	-8.55195e-01
4.05973e-02	-9.33247e-01	1.03675e+00	9.04219e-01
1.89924e+00	-9.71675e-01	1.58961e+00	3.57986e-01
1.12991e+00	-1.34985e-01	1.91486e+00	7.26528e-02
1.92556e+00	-6.82793e-02	9.92522e-01	3.98765e-01
7.22050e-02	-9.09748e-01	1.20735e+00	-2.05745e-02
1.62931e-02	9.62216e-01	3.37689e-01	-5.54803e-01
2.21745e-01	-2.38219e-01	1.59814e+00	-1.23367e-01
1.21250e+00	3.76808e-01	1.87741e+00	-5.15646e-02
7.87361e-01	6.98620e-01	5.22253e-01	2.86545e-01
