# No. of particles = 100 
# Proton - Solar wind	Electron - Solar wind	
2.42074e+00	-4.44959e+00	6.73527e+00	4.10527e+00
3.23166e+00	-4.51594e+00	3.27369e-01	-4.01710e+00
4.51170e+00	-4.29939e+00	3.96662e+00	-7.52892e-02
7.32319e+00	-4.62008e+00	6.34797e+00	-1.14603e+00
1.39304e+00	-4.74722e+00	6.38506e+00	-3.64414e+00
1.03467e+00	-4.65052e+00	4.66272e+00	2.38461e+00
9.82566e-01	-4.11595e+00	9.77806e+00	4.64129e-01
1.09710e+00	-4.32150e+00	9.68995e+00	-2.66355e+00
1.06423e+00	-4.23836e+00	1.52555e+00	1.78945e+00
1.09014e+00	-3.95757e+00	7.66445e+00	3.82094e+00
9.37737e-01	-3.86201e+00	7.98578e+00	4.51158e+00
1.09574e+00	-3.38370e+00	8.43375e+00	-1.10900e+00
1.25186e+00	-3.19273e+00	3.19790e+00	-4.20218e-01
8.14334e-01	-3.10210e+00	8.28754e+00	-6.78533e-01
1.15341e+00	-3.07445e+00	7.20294e+00	3.52328e-01
9.24944e-01	-2.94513e+00	2.30068e-01	-1.53195e+00
1.18901e+00	-3.06666e+00	4.84000e+00	1.75185e+00
1.02968e+00	-2.64314e+00	4.82537e-01	3.75848e+00
9.81900e-01	-2.48147e+00	6.65883e+00	-2.60844e+00
1.07964e+00	-2.33090e+00	2.26761e+00	-2.82863e+00
9.45572e-01	-1.08343e+00	2.11743e+00	-3.21532e+00
8.35000e-01	-2.06566e+00	9.91728e+00	3.00327e-01
1.00533e+00	-1.72923e+00	7.35845e+00	-4.93270e+00
1.35801e+00	-1.44616e+00	8.26243e-01	-2.94675e+00
1.50403e+00	-1.61924e+00	6.75606e+00	-3.48153e+00
1.15022e+00	-6.27980e-01	5.01271e+00	-1.35658e+00
8.98668e-01	-1.11301e+00	7.09831e-01	3.77916e+00
1.06848e+00	-3.88251e-01	9.13074e+00	-2.75788e+00
8.17688e-01	-4.77771e-01	6.36812e+00	-3.48233e+00
1.10199e+00	4.42988e-01	9.69550e+00	-3.54384e+00
1.12434e+00	-2.28696e-01	7.24784e-02	1.18410e-02
9.71822e-01	1.15346e+00	2.28801e-01	6.15776e-01
9.83193e-01	5.93822e-01	9.36608e+00	1.44368e-01
1.25766e+00	1.33526e+00	9.49762e+00	2.45026e+00
9.88552e-01	1.19164e+00	7.23309e+00	1.85617e+00
1.26873e+00	1.01576e+00	5.99417e+00	1.41423e+00
1.09057e+00	1.11187e+00	7.80300e+00	2.02414e+00
1.56852e+00	1.14968e+00	9.07384e+00	-1.00300e+00
1.11199e+00	1.12415e+00	8.34764e+00	3.87941e+00
9.91989e-01	1.74363e+00	9.88712e+00	3.84726e+00
1.18354e+00	2.03725e+00	3.66769e+00	-1.06329e+00
1.24790e+00	2.60510e+00	9.54541e+00	2.89627e+00
1.27495e+00	3.65938e+00	8.77653e+00	2.44829e+00
1.36539e+00	4.12175e+00	9.32092e+00	-8.05945e-01
1.00958e+00	4.22978e+00	2.92254e+00	-1.65855e+00
1.36802e+00	3.79474e+00	6.69829e+00	-3.19922e+00
1.04885e+00	4.17429e+00	3.82060e+00	-7.60393e-01
1.31364e+00	4.37218e+00	7.66980e+00	4.58868e+00
2.90855e+00	4.49012e+00	7.13224e+00	3.98151e+00
5.16791e+00	4.51137e+00	2.24333e+00	-3.65565e+00
9.65330e+00	4.60288e+00	2.62001e+00	-4.78903e+00
9.31224e-01	-4.91427e+00	1.71291e+00	4.76272e+00
2.32908e+00	-4.44816e+00	9.03416e+00	4.71349e+00
2.96059e+00	-4.89123e+00	6.73162e+00	4.88511e+00
3.60661e+00	-4.84692e+00	9.61276e+00	-4.51572e+00
3.45592e+00	-4.80448e+00	1.34505e+00	-3.34005e+00
3.38778e+00	-4.77699e+00	5.54249e+00	-2.80055e+00
4.88638e+00	-4.56055e+00	7.90558e+00	2.46480e+00
1.03515e+00	-4.86792e+00	7.61793e+00	-1.27748e+00
9.45472e-01	-4.50055e+00	7.30585e-01	4.36666e+00
1.48593e+00	-4.42729e+00	5.20415e+00	1.58436e+00
1.20715e+00	-4.46740e+00	9.82025e-01	1.22078e+00
1.04493e+00	-4.18995e+00	3.37624e+00	4.03675e+00
9.43040e-01	-3.65459e+00	1.44763e+00	-1.72964e+00
1.02200e+00	-4.03145e+00	1.10840e+00	6.83944e-01
1.18931e+00	-3.42519e+00	2.78817e+00	4.76295e+00
1.24370e+00	-3.89006e+00	4.83393e+00	-9.32880e-01
1.21813e+00	-3.84221e+00	3.85002e+00	2.94247e-01
1.15641e+00	-3.48603e+00	4.23610e+00	-1.88756e+00
1.32269e+00	-3.38192e+00	4.36813e+00	1.28109e+00
1.11668e+00	-3.32429e+00	5.52484e+00	-1.96981e+00
1.00382e+00	-2.98160e+00	2.70892e+00	3.93783e+00
1.26998e+00	-2.75741e+00	1.80947e+00	-1.53176e-01
6.43483e-01	-2.38162e+00	6.55276e+00	-1.36706e+00
1.17551e+00	-2.36591e+00	2.69797e+00	3.48572e+00
7.91702e-01	-1.64363e+00	8.08493e+00	-1.79778e+00
8.60918e-01	-1.56042e+00	1.87791e+00	-4.41445e+00
7.24383e-01	-1.36981e+00	1.32370e+00	-4.28212e+00
8.41207e-01	-9.83666e-01	1.75976e+00	4.54041e+00
1.12901e+00	-4.74077e-01	2.44490e+00	2.75284e+00
1.20084e+00	-5.80442e-01	8.00350e-01	1.34171e+00
1.02033e+00	-3.47290e-01	5.32368e+00	-4.18703e+00
1.01572e+00	-6.16495e-01	3.74273e+00	-4.81929e+00
1.02608e+00	-3.09175e-01	5.77515e+00	3.40894e+00
9.24585e-01	5.51260e-03	3.20300e+00	-1.36962e+00
1.03553e+00	-1.88561e-01	4.17995e+00	-2.84451e+00
1.19983e+00	2.68225e-01	2.63291e+00	4.36766e+00
1.06750e+00	7.49702e-02	1.06748e+00	-1.01995e+00
1.01698e+00	4.71018e-01	4.38746e+00	2.31349e+00
9.54662e-01	1.06316e+00	5.45028e-01	-2.48246e+00
1.38759e+00	1.00996e+00	3.49499e+00	-7.11749e-01
1.36078e+00	1.32346e+00	4.69508e+00	2.90139e+00
1.03176e+00	2.14656e+00	4.40646e+00	4.53530e-01
1.11244e+00	1.86811e+00	3.31955e+00	-1.35984e+00
1.02327e+00	1.81738e+00	4.21224e+00	-1.03738e-01
1.28218e+00	1.93873e+00	1.56580e+00	1.58813e+00
1.13016e+00	2.21155e+00	2.05307e+00	-9.81241e-02
1.13177e+00	2.79566e+00	4.28453e+00	2.73492e+00
9.18791e-01	2.52693e+00	8.25405e+00	-3.38277e+00
9.97591e-01	2.37293e+00	9.06989e+00	3.95995e+00
