# No. of particles = 100 
# Proton - Solar wind	Electron - Solar wind	
1.89691e+00	-4.36212e+00	2.52981e+00	-2.44961e+00
4.84136e-01	3.86106e+00	1.70262e+00	-6.65917e-01
9.61700e+00	4.98973e+00	5.53035e-01	4.90992e+00
9.57049e+00	2.36173e-01	6.90477e+00	-4.00869e+00
8.72540e+00	4.30580e+00	1.76745e-01	-4.48007e+00
9.31669e+00	-3.87124e+00	8.72552e+00	3.32438e+00
7.05846e+00	-2.24805e+00	9.87258e+00	3.92006e+00
5.60952e+00	7.77548e-02	9.84631e+00	1.46280e+00
7.57310e+00	3.98082e+00	2.90932e+00	1.77094e+00
6.18610e+00	4.53532e-01	9.96180e+00	-1.40673e+00
9.81963e+00	-6.59588e-01	3.01555e+00	5.49966e-01
8.20805e+00	-1.99670e+00	8.64756e+00	3.77855e+00
9.39386e+00	-1.39546e+00	1.22340e+00	-1.54188e+00
9.01698e+00	-1.66979e+00	5.27071e+00	-2.02366e+00
9.25509e+00	-3.69493e+00	1.01982e+00	1.31339e+00
5.55879e+00	-2.50871e-01	8.84944e+00	2.61944e+00
9.97907e+00	-4.23952e+00	7.89799e+00	-1.17855e+00
9.61183e+00	3.27636e+00	2.71627e+00	-2.42486e+00
9.35186e+00	1.23740e+00	9.63645e+00	-3.56587e+00
7.67933e+00	1.08595e+00	9.30688e+00	-1.51481e+00
7.15042e+00	-1.11029e-01	8.77516e+00	4.16998e+00
5.45453e+00	1.01778e+00	1.94404e+00	-4.15265e+00
9.90737e+00	7.91146e-01	5.75808e-01	-3.88538e+00
8.36741e+00	-3.16885e+00	3.86652e+00	-3.05175e+00
9.18462e+00	-9.55218e-01	9.82801e+00	-1.19045e+00
9.77703e+00	1.00751e-01	8.32165e+00	3.92853e+00
9.92322e+00	-1.31525e+00	9.56877e-01	3.73605e+00
9.37658e+00	1.42830e+00	6.58076e+00	-6.24165e-01
9.06061e+00	-2.36985e+00	2.34450e+00	2.44528e+00
8.86348e+00	2.19179e+00	3.03888e+00	-2.14879e+00
8.67051e+00	1.61798e+00	3.80086e+00	-2.30977e+00
9.08291e+00	-6.14470e-01	1.53110e+00	-3.79574e+00
9.60845e+00	7.84873e-01	8.28969e-02	-4.07630e+00
6.38642e+00	-2.67341e-01	9.70069e+00	-4.00267e+00
9.94492e+00	7.20742e-01	6.47283e+00	1.86946e+00
9.53243e+00	1.36614e+00	6.44005e+00	4.60546e+00
7.63093e+00	4.41752e+00	2.35062e+00	-6.15995e-01
9.13076e+00	7.70903e-02	2.72738e+00	-3.73706e+00
7.48494e+00	5.22804e-01	9.96162e+00	-2.61230e+00
9.11744e+00	-3.92147e+00	4.65532e+00	-2.11659e+00
8.19527e+00	2.67318e+00	6.57556e+00	-2.58578e+00
9.99386e+00	6.60859e-01	1.09547e+00	-1.07881e+00
8.78801e+00	4.22791e+00	5.91455e+00	4.67296e+00
9.66081e+00	-4.65807e+00	8.08114e+00	-2.37451e+00
9.26716e+00	-8.66255e-03	6.08860e+00	1.67821e+00
7.47068e+00	-1.36411e+00	9.31695e+00	-8.56939e-01
7.10721e+00	9.17539e-01	2.30609e+00	-4.44764e+00
8.61624e+00	1.05025e+00	9.00675e+00	-2.27171e+00
6.12259e+00	-1.59962e+00	5.60206e+00	-4.07356e+00
8.76887e+00	2.67791e+00	6.76290e+00	1.72921e+00
9.30066e+00	4.09677e+00	6.10782e+00	8.29985e-01
8.97005e+00	2.55008e+00	5.92978e+00	-2.31449e+00
8.91064e+00	1.71968e+00	9.08228e+00	1.04998e+00
9.78908e+00	1.16075e+00	9.82709e+00	-3.61088e+00
9.78988e+00	3.39385e+00	6.07994e+00	4.34799e+00
9.41488e+00	-4.33417e+00	8.58043e+00	2.40923e+00
9.05632e+00	1.81254e+00	5.48259e+00	-4.56302e-03
9.60552e+00	3.90309e+00	9.77136e+00	9.09181e-01
6.88786e+00	-3.58669e+00	1.73877e+00	-2.41311e+00
8.77634e+00	4.67509e+00	4.51357e+00	-3.80813e+00
9.01585e+00	-4.57325e+00	8.38980e+00	1.21629e+00
8.95906e+00	3.22612e+00	4.90383e+00	-4.57047e+00
9.91248e+00	-1.46579e+00	5.96064e+00	3.03689e+00
7.43683e+00	8.84818e-01	3.31086e+00	2.68905e+00
9.89242e+00	3.93755e+00	7.27559e+00	2.17042e+00
6.82979e+00	-1.74262e+00	2.04985e+00	-4.58644e+00
9.44707e+00	-4.49776e+00	9.65905e+00	-4.30847e+00
9.44310e+00	-4.89394e+00	9.12480e+00	4.18646e+00
5.34007e+00	-2.01189e+00	7.58610e+00	2.77873e-02
8.47491e+00	4.89945e-01	6.03798e+00	3.65629e-01
8.36610e+00	-7.05524e-01	4.41681e+00	1.89847e+00
8.32973e+00	2.09907e+00	3.14379e+00	-4.16505e-01
9.87430e+00	9.65406e-01	5.84121e+00	1.72982e-01
9.92751e+00	3.64666e-01	7.81064e+00	2.16720e-01
7.72238e+00	-2.86974e-01	3.11151e+00	4.31237e+00
9.48017e+00	-1.58062e+00	3.24321e+00	2.53721e+00
9.83100e+00	2.82293e+00	8.67851e+00	4.70798e+00
9.66142e+00	-3.00844e-01	2.59798e-01	-4.29274e+00
8.36027e+00	1.74829e-01	8.87756e+00	-4.88183e+00
5.28690e+00	-7.45737e-01	7.04509e+00	-1.55811e+00
6.69594e+00	-1.28070e+00	9.64904e+00	1.22719e+00
9.02171e+00	-2.34300e+00	9.72435e+00	1.79839e+00
8.56998e+00	4.29457e+00	6.16501e+00	-1.76255e+00
8.99340e+00	7.88475e-01	6.83890e+00	-4.06495e+00
9.60871e+00	4.54395e+00	9.92935e+00	-3.72490e+00
9.16047e+00	1.81469e+00	8.87543e+00	2.07298e+00
8.51125e+00	-2.30241e+00	8.23630e+00	-3.09772e+00
9.72316e+00	3.17548e+00	9.13150e+00	-1.30838e+00
9.85243e+00	-4.22061e+00	9.44941e+00	2.23056e+00
7.24526e+00	-1.92698e+00	4.50995e+00	-3.44207e+00
9.22430e+00	-3.76979e+00	7.51894e-01	3.96665e+00
9.08245e+00	7.75106e-01	3.49934e+00	3.57953e+00
4.49936e+00	-1.41159e+00	7.43093e+00	2.98980e+00
5.94050e+00	-4.48033e-01	9.05940e+00	4.60480e+00
9.51577e+00	-1.98087e+00	9.89989e+00	1.12029e+00
9.47439e+00	1.17479e+00	4.57671e+00	1.52156e+00
5.17741e+00	2.27330e+00	9.49472e+00	6.86069e-01
4.56634e+00	-1.68391e+00	2.49283e+00	1.85883e+00
7.45637e+00	-8.33104e-01	8.84889e+00	3.12830e+00
9.42953e+00	4.69166e+00	4.36281e-01	4.66066e+00
