# No. of particles = 100 
# Proton - Solar wind	Electron - Solar wind	
8.34189e+00	2.31840e+00	1.26926e+00	3.61392e+00
7.28540e-01	-2.46856e+00	8.28263e+00	-1.92616e+00
3.49741e-01	-2.50415e+00	6.88481e+00	2.30485e+00
6.45366e-02	-2.71860e+00	7.91756e+00	-2.87853e+00
7.12293e+00	-3.00625e+00	2.74905e+00	-1.62882e+00
8.96338e+00	-1.84851e+00	7.18273e+00	1.87967e+00
9.84065e+00	-1.22837e+00	9.19990e+00	4.11140e+00
7.65544e+00	-1.10230e-01	2.73511e+00	3.14809e+00
7.50167e+00	-2.43964e+00	2.36868e+00	-4.85146e+00
4.65705e+00	2.89462e+00	5.84497e+00	4.51363e+00
8.94396e+00	2.47180e+00	9.76619e+00	8.30874e-01
6.23425e+00	6.14726e-02	9.75645e+00	-4.65548e+00
8.90005e+00	-1.25957e+00	2.17724e+00	-3.56868e+00
9.79142e+00	-4.73102e+00	6.79878e+00	-2.24043e+00
9.74038e+00	-2.02209e-01	9.75299e+00	1.08969e+00
9.52896e+00	-2.66819e+00	9.93227e+00	2.01131e+00
9.19609e+00	-1.10362e+00	8.30004e+00	-1.78791e+00
9.91536e+00	-5.03747e-01	8.04178e+00	-3.91913e+00
9.00584e+00	-1.96928e+00	9.49491e+00	-3.80369e+00
9.97248e+00	3.66130e-01	9.96190e+00	1.54116e+00
9.86600e+00	-3.76088e+00	9.85396e+00	-2.67533e+00
8.46042e+00	-3.51087e+00	8.69668e+00	-2.25665e+00
8.65821e+00	-2.06005e+00	5.34116e+00	4.50171e-01
9.52537e+00	7.79758e-01	8.54679e+00	-2.77678e+00
8.42545e+00	4.11742e-01	8.11225e+00	-3.07233e+00
9.11564e+00	3.47939e-01	9.52762e+00	2.10877e-01
7.64196e+00	2.96496e+00	8.11846e+00	4.17920e+00
9.82702e+00	-5.91534e-01	8.27749e+00	1.17876e+00
7.79664e+00	-4.34047e+00	9.72133e+00	5.90268e-01
9.58594e+00	-2.36413e+00	5.92998e+00	-1.65230e+00
9.95020e+00	-2.14443e+00	6.03826e+00	2.81204e+00
8.20187e+00	4.52379e-01	8.02622e+00	1.41577e+00
9.90010e+00	-2.90299e-01	9.60942e+00	2.84983e+00
4.52532e+00	2.75112e+00	9.60202e+00	2.05062e+00
6.46415e+00	1.19433e+00	9.89350e+00	-4.84945e-01
9.90324e+00	8.34917e-01	2.30768e+00	4.00363e+00
9.24204e+00	6.58707e-01	6.82809e+00	3.47340e-01
9.79545e+00	1.99787e+00	9.85143e+00	-4.78604e+00
9.94089e+00	4.08983e+00	5.52987e+00	1.02175e+00
9.30122e+00	4.52895e+00	5.18657e+00	-2.78512e+00
7.71066e+00	6.15543e-01	7.36685e+00	-4.07788e+00
9.12281e+00	4.43335e-01	9.84167e+00	-1.83119e+00
7.95691e+00	-3.78164e+00	7.30108e+00	-1.29871e+00
8.41686e+00	-2.08390e+00	7.10751e+00	-2.25560e+00
8.29407e+00	-1.77935e+00	7.36397e+00	1.88721e-01
8.13948e+00	-2.16139e+00	6.53602e+00	-2.21830e+00
5.43470e+00	1.88305e+00	9.46936e+00	-4.58880e+00
9.66721e+00	-2.62737e+00	5.85109e-01	-2.48842e+00
6.74237e+00	2.07670e+00	8.84730e+00	1.63732e+00
7.10645e+00	3.05399e+00	9.27878e+00	1.24823e+00
9.81006e+00	2.70146e+00	7.85988e+00	-3.21033e+00
9.70837e+00	2.86410e+00	6.19061e+00	-1.15020e+00
7.43269e+00	2.37395e+00	6.09482e+00	4.90298e+00
8.48015e+00	-1.26239e-01	9.68929e+00	2.16888e-01
9.67271e+00	-4.68303e+00	8.91744e+00	-5.61925e-01
5.60716e+00	-3.02923e+00	1.07467e+00	1.40892e+00
9.70373e+00	9.90422e-01	4.51210e-01	-2.59617e+00
9.64815e+00	-1.79921e+00	9.84508e+00	-3.35810e+00
9.67358e+00	3.27709e+00	5.22117e+00	3.60490e+00
9.05061e+00	-3.52424e+00	9.12084e+00	-3.06170e+00
7.90726e+00	3.25198e+00	7.42573e+00	4.14615e-01
9.12117e+00	3.16584e+00	6.96746e+00	1.38171e+00
9.90751e+00	2.08376e+00	7.29943e+00	-3.80483e+00
9.69678e+00	-1.10256e-01	3.50476e+00	-3.08351e+00
9.02852e+00	4.98479e+00	3.88701e+00	-2.64258e-01
9.24857e+00	-4.45469e-01	2.30218e+00	-1.43891e+00
3.46716e+00	-3.48235e+00	7.04285e+00	-7.26007e-01
9.46316e+00	-2.58989e+00	8.50408e+00	2.46872e+00
9.79271e+00	-3.84362e+00	9.33776e+00	3.54433e+00
9.56823e+00	-1.27549e+00	8.25006e+00	-1.67954e+00
9.54093e+00	-2.99025e+00	9.13584e+00	-1.29722e+00
9.96841e+00	-2.58795e+00	8.86662e+00	-6.15858e-01
3.77573e+00	-1.88129e+00	9.55182e+00	-9.77928e-01
8.68048e+00	-1.45149e-01	5.47969e+00	3.82225e+00
8.90415e+00	2.16761e+00	9.92412e+00	-3.91143e+00
9.88676e+00	-4.29044e+00	9.14773e+00	1.25436e+00
9.84886e+00	-7.02243e-01	5.97113e+00	-3.77396e+00
7.69339e+00	2.30010e+00	3.25712e+00	6.41685e-02
9.73816e+00	1.62163e+00	8.96064e+00	3.42096e+00
8.03071e+00	-2.43568e+00	5.49638e+00	-9.24232e-01
8.47369e+00	4.23656e+00	3.73540e+00	3.82625e+00
8.12000e+00	4.45168e+00	9.65116e+00	4.00349e+00
7.00476e+00	-5.26346e-01	2.83117e+00	-3.67545e-01
6.25487e+00	3.53675e+00	8.29142e+00	3.38255e+00
5.74644e+00	-4.13570e+00	3.80873e-01	3.45497e-01
9.92519e+00	-4.35074e+00	9.63555e+00	6.18496e-01
6.24740e+00	-5.84979e-02	7.91699e+00	-2.81262e+00
9.29157e+00	-3.08996e+00	3.66276e+00	-3.21801e+00
4.98475e+00	6.01932e-01	8.28585e+00	-6.86168e-01
9.95052e+00	-2.08967e+00	6.49631e-01	1.15583e+00
8.97218e+00	1.35335e+00	6.50650e+00	-1.84101e+00
6.33286e+00	-1.69268e+00	6.21280e+00	5.73387e-01
9.40420e+00	-2.57061e-01	4.22336e+00	2.79938e+00
9.38342e+00	-2.61080e+00	7.40497e+00	-1.13664e+00
9.56910e+00	-1.35629e+00	6.01275e+00	3.95406e+00
9.85439e+00	6.22260e-01	7.72373e+00	2.52605e+00
9.14055e+00	-9.13846e-02	9.93342e+00	1.94930e+00
8.41470e+00	3.64269e+00	2.45563e+00	-2.90458e+00
9.93079e+00	1.69261e+00	5.23893e+00	-4.93351e+00
7.14819e+00	-2.29129e-01	5.65797e+00	1.97659e-01
