# No. of particles = 100 
# Proton - Solar wind	Electron - Solar wind	
7.58613e-02	-9.87254e-01	1.25950e+00	1.70136e-02
4.91383e-01	3.58428e-02	1.66583e+00	-3.46099e-01
5.27563e-01	-5.73120e-01	3.47524e-01	-8.10860e-01
2.09106e-01	-4.38267e-01	1.31185e+00	7.11411e-01
7.03670e-01	-5.38390e-01	3.70227e-01	8.96899e-01
1.28599e-01	-3.74363e-01	1.25956e+00	-3.39632e-01
6.03296e-01	-5.56472e-01	4.15046e-02	-9.72424e-01
6.68253e-01	-1.23695e-01	1.60691e-01	1.52872e-01
1.99685e+00	-2.09566e-01	1.43019e+00	9.48962e-01
3.25765e-01	-9.51351e-02	1.36019e-02	-9.58066e-01
1.17713e+00	6.51466e-01	9.57007e-01	-2.92156e-01
3.55278e-01	-5.46927e-01	1.06553e+00	-4.21606e-01
8.54669e-01	-4.69340e-01	3.46712e-01	-4.07042e-01
4.44048e-01	-5.30041e-01	1.62328e-01	-9.40596e-01
4.77265e-01	9.30399e-01	4.20572e-01	-1.28712e-01
1.20444e-01	-5.85972e-01	1.44394e-01	6.54690e-01
7.30417e-02	-1.45811e-01	7.94255e-01	4.35436e-01
1.00012e+00	-2.67511e-01	6.34054e-01	-3.86391e-01
1.23648e+00	8.99970e-01	5.93126e-01	-3.33384e-01
6.74584e-01	2.90638e-01	1.39787e+00	9.40781e-01
3.73456e-01	-4.32235e-01	1.53491e+00	-3.87303e-01
8.06616e-01	1.08248e-01	3.98456e-01	-9.21343e-02
1.33158e-01	9.28761e-01	5.80968e-01	5.71596e-01
2.07474e-01	8.81781e-02	1.98079e+00	-9.58642e-02
3.50565e-01	-8.43954e-01	1.87996e+00	-1.51687e-01
4.45634e-01	2.91080e-01	4.05348e-01	-8.01860e-01
1.37303e-01	3.05903e-01	2.94432e-01	-1.88919e-01
1.73906e+00	5.58778e-01	5.39867e-02	7.47328e-01
6.56406e-01	-7.25991e-01	1.89505e+00	-9.29073e-02
1.81717e-01	-7.88785e-01	1.88887e+00	-9.16334e-01
1.64083e+00	1.76743e-01	8.33677e-01	-9.51806e-01
6.36794e-01	-3.54694e-01	8.50461e-02	3.99660e-02
3.56005e-01	-4.19057e-01	3.04155e-01	7.26360e-01
4.58107e-01	-8.54148e-01	8.39434e-01	6.62841e-01
1.62697e+00	8.93075e-02	4.60784e-01	-5.64476e-01
1.68009e+00	2.24727e-01	2.01945e-01	3.53516e-01
1.45757e+00	-6.13065e-01	3.87376e-01	-2.08625e-01
5.29398e-01	8.61135e-01	5.02071e-02	-9.15328e-01
5.90306e-02	-8.15538e-01	8.59667e-02	-3.37685e-01
1.18799e+00	5.70856e-01	8.94521e-01	8.86520e-01
8.09003e-01	2.67059e-01	2.48980e-01	-8.26652e-01
2.81883e-01	-6.96361e-01	5.31870e-01	3.28377e-01
3.00311e-01	-5.05435e-01	1.12979e-01	3.61984e-01
3.28880e-01	2.45269e-01	1.62801e-02	-8.52574e-01
1.04774e-01	-7.03274e-01	8.34485e-02	-9.51565e-01
1.88889e+00	3.27163e-01	5.94436e-01	5.27330e-01
1.18357e+00	-1.33075e-01	8.66044e-02	-9.09257e-01
5.05178e-01	-3.97352e-01	8.60871e-01	-5.96339e-01
6.41494e-01	-2.94077e-01	1.07072e+00	-7.64818e-01
1.13096e+00	4.45871e-01	7.28618e-01	3.20425e-01
4.30931e-01	-9.96355e-01	1.25678e+00	1.85952e-01
1.13927e+00	-2.29126e-01	5.07803e-01	-2.80894e-01
1.50367e+00	7.64978e-01	9.33858e-01	3.69804e-02
1.06838e+00	6.05388e-01	3.85126e-01	3.99122e-01
1.15595e+00	3.74300e-01	4.46577e-01	4.54452e-01
6.16244e-01	1.97490e-01	1.26138e+00	-4.60382e-01
6.36921e-01	-1.03252e-01	1.52028e+00	-7.81903e-03
7.30228e-01	-6.95956e-01	1.50255e+00	-9.57738e-01
8.18411e-02	-8.42623e-01	1.58321e+00	-1.04050e-01
8.46117e-01	-8.87356e-02	1.68097e+00	4.59388e-01
8.04376e-02	-9.15440e-01	8.33976e-01	-1.80674e-01
9.26905e-01	2.38038e-02	2.87784e-01	8.07652e-01
1.87680e+00	3.30061e-01	1.29032e+00	1.03969e-01
1.85538e+00	7.50153e-01	4.05891e-01	-2.18280e-01
1.51463e+00	-6.26034e-01	7.77134e-02	2.24534e-01
1.17818e-01	-9.23449e-01	1.94414e+00	-2.40844e-01
7.05397e-01	-4.58547e-01	1.83315e-03	-9.93049e-01
2.55883e-01	-8.52852e-01	1.20140e+00	-9.24784e-01
5.88382e-01	4.77679e-02	5.05654e-01	9.29491e-01
1.52407e-01	-8.33064e-01	1.92807e+00	2.43091e-01
5.29009e-01	5.11730e-01	1.64003e-01	6.99181e-01
3.80408e-01	7.33436e-01	1.18575e+00	4.92878e-01
1.79845e+00	9.27729e-01	1.63200e-01	-5.21133e-01
1.32144e-01	-9.53741e-01	1.84830e+00	6.69572e-01
4.24996e-01	-6.64130e-01	8.78622e-01	4.42319e-02
1.00448e+00	-1.92436e-01	5.00363e-01	6.16910e-01
6.31987e-01	-1.64659e-01	2.22172e-01	9.59000e-01
1.00275e+00	-2.79550e-01	1.64131e+00	6.87811e-02
1.71735e+00	7.24501e-01	1.75010e+00	-9.18000e-01
7.26922e-01	-1.04043e-01	1.45260e+00	-7.13935e-01
1.71854e+00	9.52641e-02	2.18284e-01	-2.28864e-02
1.69530e+00	8.92518e-02	4.27005e-01	-8.26661e-01
6.64845e-01	-2.80317e-01	6.86084e-01	8.50705e-02
1.04436e+00	7.54051e-01	3.94240e-01	-6.79297e-01
3.71800e-01	-2.65305e-01	1.73359e+00	-1.29705e-01
1.73462e-01	-2.32194e-01	1.15051e+00	-5.50557e-01
2.31956e-01	-6.26236e-01	2.79030e-01	5.49320e-01
6.63028e-01	-9.25140e-01	5.66582e-01	1.81638e-01
9.88805e-01	-2.91324e-02	1.70891e+00	-2.55968e-01
1.73646e+00	-6.58613e-01	3.95156e-01	-2.92552e-01
9.18355e-02	-8.21509e-01	1.03950e-01	-8.53731e-03
8.73014e-01	7.80787e-01	4.90033e-01	-6.01371e-02
4.24490e-01	-1.96073e-01	3.98863e-01	-9.63252e-01
1.29320e+00	5.83731e-01	9.21921e-01	-6.09410e-01
2.15228e-01	-2.73094e-01	1.95533e+00	9.68269e-01
1.33576e+00	9.49065e-01	1.71791e-01	-2.84891e-01
7.23251e-01	-4.84318e-01	9.69864e-01	2.10526e-01
1.90759e+00	-6.89990e-02	1.72896e+00	-3.73780e-01
1.04823e+00	3.70457e-01	5.88791e-01	4.90772e-01
2.57553e-01	-7.37495e-01	1.70793e-01	9.33693e-01
