# No. of particles = 100 
# Proton - Solar wind	Electron - Solar wind	
1.84838e-01	-2.24606e+00	1.22502e+00	-1.18695e+00
9.57976e-02	-2.30635e+00	2.21219e+00	1.33513e+00
4.69556e-01	-2.32526e+00	2.34379e-01	-2.20280e+00
9.62278e-01	-2.43224e+00	7.31046e-01	-2.16798e+00
2.04706e-01	-2.31043e+00	1.54359e+00	-2.01555e+00
1.35110e+00	-2.27895e+00	2.26294e-01	-2.40321e+00
1.52857e+00	-2.36717e+00	8.75482e-02	-2.21833e+00
2.39401e+00	-2.20942e+00	5.92429e-01	-1.41017e+00
1.60012e+00	-2.40036e+00	2.53061e-03	-2.38863e+00
4.99670e-03	-2.30176e+00	1.54108e-01	-1.06113e+00
6.65629e-01	-2.30727e+00	2.41928e+00	5.02123e-01
9.53993e-02	-2.29670e+00	1.17755e-01	-2.08208e+00
7.59075e-01	-2.34756e+00	4.40336e-01	-1.32054e+00
2.21236e+00	-1.46751e+00	2.41895e+00	-1.26900e-02
6.70345e-02	-2.27680e+00	9.87724e-02	-1.69685e+00
2.34348e-01	-2.39281e+00	4.78564e-01	-2.24870e+00
6.07971e-01	-2.48841e+00	1.86755e+00	-2.11072e+00
1.29864e+00	-2.19153e+00	1.82904e-01	1.90619e+00
4.96270e-02	3.59715e-01	1.39511e+00	-2.23468e+00
2.76753e-01	4.65099e-01	3.52165e-01	-1.95245e+00
5.27801e-01	-2.34314e+00	2.65485e-01	2.63126e-01
2.11150e+00	-2.46027e+00	1.01689e+00	-1.91209e+00
1.10078e+00	-2.09021e+00	1.70469e+00	-1.30781e+00
7.68701e-01	3.67407e-02	1.54358e+00	-2.27037e+00
1.06324e+00	-2.35957e+00	2.32861e+00	-7.69651e-01
2.39212e+00	-2.47145e+00	1.41915e-01	-2.39270e+00
9.61867e-01	-1.82337e+00	1.59434e+00	7.96524e-01
2.49120e+00	3.06758e-01	1.91538e+00	-1.75826e+00
8.18851e-01	-2.29841e+00	1.75585e+00	-1.30995e+00
5.18976e-01	-2.37452e+00	9.71877e-01	-8.81691e-01
3.03304e-01	-2.47238e+00	1.06129e+00	6.22078e-01
1.33311e+00	-1.77150e+00	1.70691e+00	-2.35175e+00
1.64961e+00	-1.59597e+00	1.86852e+00	4.16618e-01
1.94449e+00	-2.45400e+00	5.32612e-01	-1.53869e+00
4.37278e-01	-2.15943e+00	2.24067e+00	-8.81394e-01
8.32519e-01	-2.06198e+00	7.43001e-01	-2.24513e+00
2.16495e+00	-2.34551e+00	2.27803e+00	-1.33964e+00
2.46243e+00	-5.62188e-02	2.00237e+00	-1.43659e+00
1.60201e+00	-1.87456e+00	2.69451e-01	-2.39172e+00
3.03257e-01	-2.36622e+00	8.37999e-01	-1.27067e+00
2.07043e+00	-2.39165e+00	6.21084e-01	-1.02481e+00
1.86907e+00	-2.45766e+00	7.73099e-01	-9.17789e-01
1.70566e-01	-2.34760e+00	1.12164e+00	-1.86211e+00
1.89716e+00	-1.57642e+00	1.13839e-01	-2.42393e+00
2.86617e-01	-2.24985e+00	1.15028e-01	-2.30528e+00
4.83567e-01	-1.63639e+00	6.55013e-01	-2.14262e+00
1.37044e-01	-2.36490e+00	3.04473e-01	1.84875e-01
6.12634e-01	-2.35941e+00	1.93652e+00	1.04625e+00
1.49231e+00	-2.44950e+00	8.03024e-02	-8.63378e-01
1.73798e+00	-1.47523e+00	8.90960e-01	-1.61337e+00
2.38953e+00	3.41152e-01	7.26318e-01	-1.75087e+00
6.93377e-01	-2.31002e+00	5.86012e-01	-2.03070e+00
4.89563e-01	4.18698e-01	4.64169e-01	3.17156e-01
1.13097e+00	-2.46494e+00	8.73402e-01	-5.66256e-01
1.81048e+00	-2.17892e+00	1.39903e+00	-2.12341e+00
1.97049e+00	-1.07672e+00	2.03457e+00	-2.57361e-01
4.34562e-01	-2.37708e+00	1.67536e+00	1.21741e+00
2.44689e+00	-1.81815e+00	1.54195e+00	-7.80214e-01
1.97922e+00	-2.39979e+00	1.79474e+00	9.24020e-01
1.79153e+00	-2.15954e+00	1.02561e-01	1.00579e+00
1.04922e+00	1.94767e+00	1.52132e+00	-1.00378e+00
1.82866e+00	-1.28699e+00	2.17179e+00	1.45185e+00
1.94273e+00	-1.78576e-01	1.68912e+00	2.01843e+00
2.00460e+00	9.28453e-01	1.35394e+00	-2.18606e+00
7.00577e-02	-9.24184e-01	1.84473e+00	1.79787e+00
4.17404e-01	-2.85783e-01	3.47326e-01	-5.64551e-01
2.00345e+00	-1.07395e+00	2.32846e+00	-8.22460e-01
1.98804e+00	-8.43265e-01	5.36965e-01	-2.19097e+00
2.19780e-02	-2.35490e+00	1.90531e+00	2.22291e-01
7.04923e-01	-1.11672e-01	1.91424e+00	-6.00651e-01
6.30408e-01	-2.15106e+00	4.73612e-01	-2.03832e+00
1.97135e+00	-2.05043e+00	4.53918e-01	-1.47501e-01
4.36062e-01	-2.37221e+00	2.37391e+00	-8.78976e-01
2.15528e+00	-2.48991e+00	2.25198e-01	4.42796e-01
1.52378e+00	-2.23546e+00	1.86967e+00	-2.39178e+00
5.26066e-01	-3.78962e-01	1.19301e+00	-1.71211e-01
2.12868e+00	-2.36739e+00	1.44475e+00	-1.17318e+00
8.28883e-01	-6.36317e-02	9.81833e-02	-2.10209e-01
2.49586e-01	5.51651e-01	6.37022e-03	6.14995e-01
4.99484e-01	1.42847e+00	6.70937e-01	-2.47610e+00
1.52681e+00	-1.89724e+00	5.09356e-01	-5.30828e-01
5.38845e-02	5.21833e-01	1.66864e+00	-2.36966e+00
1.55468e+00	3.54494e-01	2.83852e-01	-2.23897e+00
9.72721e-01	5.37966e-01	1.09463e+00	1.40701e+00
4.97372e-01	-2.37669e+00	2.97810e-01	-2.35482e+00
1.11545e+00	-2.36830e+00	3.79630e-01	1.32927e-01
1.17403e-01	2.25313e-01	1.70565e+00	-1.47464e+00
1.50926e+00	5.79293e-01	1.47993e-01	-1.07570e+00
1.00945e+00	-2.24200e+00	1.16441e+00	-1.90553e+00
4.75670e-01	-2.42041e+00	1.01118e+00	-1.42381e+00
1.26556e+00	-2.89419e-01	2.15956e+00	-5.89321e-01
6.07543e-01	-2.33483e+00	1.49373e+00	-1.17967e+00
1.28221e+00	-2.23543e+00	1.00268e+00	1.90404e+00
4.56955e-01	-5.23350e-01	1.58239e+00	1.41101e-01
1.52408e+00	4.74327e-01	2.14455e-01	-1.09852e+00
2.99041e-01	3.03844e-01	1.36641e-01	7.98149e-02
1.92923e+00	2.11463e-01	1.60070e-01	5.96354e-01
8.26408e-01	-2.26434e+00	8.36633e-01	1.44734e+00
2.12371e+00	6.21968e-01	2.31799e+00	-1.67119e+00
3.06127e-01	5.28619e-01	7.79765e-01	-1.82423e+00
