# No. of particles = 100 
# Proton - Solar wind	Electron - Solar wind	
5.32470e+00	-3.48609e+00	7.32925e+00	-4.06447e+00
4.57822e+00	-4.55540e+00	2.67219e+00	2.78534e+00
4.73197e+00	-4.12360e+00	9.23399e+00	-4.47853e+00
2.57847e+00	-7.20488e-01	6.48590e+00	3.62723e+00
6.77194e+00	-2.77856e+00	6.40840e-01	2.38946e+00
4.80774e+00	-2.20265e+00	9.10729e+00	-4.81470e+00
4.96564e+00	-2.58041e+00	8.56636e+00	-1.09477e+00
3.74978e+00	-2.22816e+00	6.17971e+00	-1.32391e+00
4.95045e+00	-2.56117e+00	9.41363e+00	-2.85999e+00
6.48051e+00	-1.31991e+00	4.85605e+00	-9.73918e-01
6.25149e+00	-5.68673e-01	4.62662e+00	2.86106e+00
4.16859e+00	-2.72065e+00	3.52229e+00	-1.69445e+00
5.35218e+00	-9.71103e-01	7.45608e+00	2.05774e+00
5.57634e+00	-3.48444e+00	5.09604e+00	-1.86270e+00
6.39195e+00	-9.15180e-01	8.89204e+00	-2.75515e+00
5.78337e+00	1.69741e-01	4.45892e+00	6.03594e-01
4.62579e+00	-1.19125e+00	5.93890e+00	-1.70631e+00
6.33110e+00	-5.78316e-01	3.73627e-03	-3.87110e-01
3.30061e+00	1.92967e+00	5.49028e+00	-4.87380e+00
6.71052e+00	1.03999e+00	6.35790e+00	-3.59298e+00
5.56717e+00	-1.88363e+00	3.01248e+00	-4.24743e+00
4.27624e+00	-1.79530e-01	1.38269e+00	-2.36331e+00
3.74796e+00	1.85062e-01	4.63380e+00	-2.80775e+00
4.78313e+00	4.93653e-01	9.40251e+00	-4.34418e+00
5.43785e+00	1.63443e+00	8.54042e+00	4.00136e+00
6.12368e+00	7.57438e-01	9.54330e+00	-1.44370e+00
3.77949e+00	-1.59560e-01	4.85457e+00	-1.75032e+00
5.49725e+00	1.88825e-01	4.91538e+00	-2.92266e+00
4.57148e+00	1.03235e+00	4.25758e+00	-2.50618e-01
5.31573e+00	7.14807e-01	8.73797e+00	2.24751e+00
5.84506e+00	6.74397e-01	6.61653e+00	9.79154e-01
5.98265e+00	1.21437e+00	3.01254e+00	-4.03554e+00
5.18145e+00	1.51987e+00	4.52017e+00	1.49458e+00
4.43635e+00	2.43145e+00	6.85731e+00	-6.95785e-02
4.44546e+00	1.64933e+00	5.48205e+00	-1.42200e+00
6.11015e+00	2.65004e+00	1.45629e+00	-3.03859e+00
6.27432e+00	2.96648e+00	7.78812e+00	3.16122e+00
4.65374e+00	3.13333e+00	7.00969e+00	1.20092e+00
5.22063e+00	2.97071e+00	5.88598e+00	-6.88836e-02
4.24629e+00	2.74898e+00	5.01651e+00	-1.83109e+00
7.01462e+00	2.27045e+00	8.54440e+00	-2.66471e+00
3.92563e+00	3.67522e+00	4.67224e+00	1.50380e+00
4.52895e+00	2.48116e+00	2.46414e+00	2.75360e+00
6.78863e+00	2.45578e+00	9.14838e+00	3.01731e+00
5.16296e+00	4.24321e+00	6.00175e+00	-4.10422e+00
4.57633e+00	4.74789e+00	6.38624e+00	-4.65563e-01
4.47218e+00	4.54118e+00	3.21589e+00	-1.13416e+00
5.51992e+00	4.87918e+00	4.93703e+00	7.56010e-01
6.74275e+00	1.54295e+00	6.66596e+00	4.63294e+00
7.02981e+00	4.39404e+00	9.61463e+00	-1.32878e+00
9.59693e+00	3.71551e+00	9.09027e+00	3.33063e+00
8.71689e+00	4.08263e+00	5.95458e+00	4.59642e+00
7.15745e+00	-3.57573e+00	7.69244e+00	4.83092e+00
8.33913e+00	-4.24696e+00	8.08670e+00	-7.77293e-01
8.62855e+00	-3.92914e+00	6.73846e+00	2.30414e+00
7.11339e+00	-3.54698e+00	8.25129e+00	-3.96711e+00
4.60576e+00	-4.68299e+00	5.86536e+00	-4.45884e+00
5.18282e+00	-4.78260e+00	1.68023e-01	4.69786e+00
7.29889e+00	-2.93795e+00	7.13822e+00	8.65987e-01
4.57316e+00	-4.53877e+00	4.57292e+00	-2.39439e+00
6.74609e+00	-4.60823e+00	5.71491e+00	3.40723e+00
4.26726e+00	-4.75844e+00	8.91891e+00	-2.92568e+00
4.10612e+00	-2.52256e+00	1.34924e+00	6.52008e-01
6.65848e+00	-3.28703e+00	5.29125e+00	-4.22076e+00
4.18157e+00	-2.13456e+00	4.20341e+00	4.25782e+00
5.50785e+00	-3.24002e+00	5.96492e+00	-4.79768e+00
4.82387e+00	-3.22679e+00	6.30613e+00	-3.47957e-01
6.74795e+00	-3.95108e-01	1.56728e+00	-1.65237e-01
2.93594e+00	-2.26590e+00	1.02419e+00	-2.14422e+00
6.34966e+00	-3.61738e+00	1.39167e+00	-1.71068e+00
5.20279e+00	-3.78247e+00	3.05658e+00	-4.93465e+00
6.59633e+00	-2.38140e+00	9.84119e+00	1.21702e+00
3.45271e+00	-6.58770e-02	5.92764e+00	-4.72548e+00
5.23907e+00	-2.18814e+00	1.81309e-01	2.80406e+00
4.57598e+00	-3.16856e-01	9.42115e+00	-4.64769e+00
6.16490e+00	-7.60948e-01	9.89487e+00	4.10133e+00
2.84274e+00	3.82746e-02	7.34076e-01	4.87281e+00
4.44961e+00	-5.42458e-01	4.07241e+00	3.04885e+00
4.84300e+00	-2.07953e+00	4.55462e+00	3.36533e+00
4.22688e+00	-2.59491e-01	9.33339e+00	-6.00251e-01
5.17313e+00	-4.61314e-01	4.07060e+00	-6.56061e-01
4.75358e+00	6.10504e-01	5.62029e+00	4.41672e+00
4.61088e+00	6.85532e-01	9.92510e+00	-1.38795e-01
4.99381e+00	2.15982e+00	7.14680e+00	1.47088e+00
5.13780e+00	1.38065e+00	5.30191e+00	2.36779e+00
4.73326e+00	1.26881e+00	4.61036e+00	-3.94799e+00
4.78040e+00	1.04455e+00	2.97884e-01	-4.16378e+00
3.60426e+00	2.67307e+00	2.72125e+00	-4.43868e+00
6.07936e+00	6.92023e-01	4.14340e+00	-8.30111e-01
2.96288e+00	1.36961e+00	1.20147e+00	3.38155e+00
4.72034e+00	2.26769e+00	6.58354e+00	-2.53895e+00
4.99052e+00	1.94180e+00	6.53525e+00	-1.70618e+00
6.49597e+00	5.13841e-01	7.58117e+00	-3.68566e+00
5.95603e+00	1.07109e+00	6.34565e+00	-5.54408e-01
5.03298e+00	2.97296e+00	9.04124e+00	-3.91499e+00
4.15789e+00	2.64659e+00	1.78980e+00	-2.89144e-01
4.21946e+00	3.16518e+00	5.08105e+00	2.05518e+00
4.89446e+00	2.69271e+00	3.35465e+00	-2.09936e+00
3.50976e+00	2.40999e+00	8.13897e+00	1.02382e+00
4.70217e+00	3.21802e+00	7.28999e+00	-3.47179e+00
