# No. of particles = 100 
# Proton - Solar wind	Electron - Solar wind	
6.85354e-01	-2.45245e+00	1.80099e-01	-2.41210e+00
1.81651e+00	-1.95250e+00	1.44810e+00	-1.82127e+00
9.13004e-01	-2.39579e+00	5.22867e-01	-2.36025e+00
1.16521e+00	-2.37142e+00	1.56435e-01	-1.66145e-01
9.89141e-01	-2.29458e+00	1.05802e+00	-1.25386e+00
9.55692e-01	-2.40853e+00	2.27567e+00	-1.00457e+00
1.90685e+00	-2.47907e+00	2.18070e+00	-5.54676e-01
8.19509e-01	-2.46625e+00	3.13371e-01	-2.27865e+00
2.82436e-01	-2.45269e+00	1.81390e-01	-2.27051e+00
2.05265e+00	-2.44761e+00	2.19575e+00	2.08451e+00
1.46764e+00	-2.16367e+00	1.95661e+00	-2.47661e+00
2.40470e+00	-2.33727e+00	3.43656e-01	-2.05860e+00
1.91578e+00	-1.05101e-01	1.01487e+00	7.45525e-02
4.99321e-01	-2.26090e+00	2.51805e-01	-2.29203e+00
1.06933e+00	-2.39665e+00	2.08622e-01	-2.02033e+00
1.33021e+00	-2.07772e+00	5.29708e-01	-2.29756e+00
5.75565e-01	-2.49463e+00	6.06607e-01	-1.46782e+00
1.38890e+00	-9.31097e-01	8.12078e-01	-1.64314e+00
2.26384e+00	-2.28258e+00	2.22900e+00	5.50664e-01
1.79966e+00	-2.24061e+00	2.38985e+00	-2.23792e+00
1.97366e+00	-1.52096e+00	1.83133e+00	1.83054e+00
4.70367e-01	-2.34946e+00	2.33230e+00	1.70522e-01
1.31490e-01	-2.33685e+00	1.29826e+00	-6.67372e-01
1.34590e+00	-2.26754e+00	1.13306e+00	-5.29912e-01
1.68108e+00	9.56640e-02	5.24179e-02	-2.39799e+00
4.26815e-01	1.56889e-01	1.44220e+00	-2.30533e+00
2.16673e-01	-2.06675e+00	2.07644e+00	-6.40157e-01
3.44165e-01	-2.12639e+00	1.55009e+00	-7.87794e-01
1.67033e+00	-2.18365e+00	1.66638e+00	-1.52322e+00
4.81501e-01	3.61326e-01	1.41267e+00	-2.11438e+00
6.69803e-02	-2.48078e+00	2.00132e+00	-1.40547e+00
1.04157e+00	-1.88588e+00	2.41317e+00	1.59501e-01
2.33823e+00	-6.10129e-01	5.97137e-01	-2.75838e-01
1.61480e+00	-2.46927e+00	1.16242e+00	-5.71214e-01
1.90938e+00	-1.62296e-01	4.67150e-01	-7.63559e-01
1.89178e+00	1.37742e-01	5.06619e-01	-2.43950e+00
1.04404e+00	-2.43378e+00	1.30035e+00	-3.48171e-01
1.53653e+00	-2.08300e+00	2.15456e-02	-2.29241e+00
7.14146e-01	-2.13231e+00	1.62213e+00	-2.37877e+00
1.49339e+00	4.98545e-01	2.14314e+00	3.54472e-02
2.35157e+00	-1.98046e+00	1.61849e+00	-2.17682e+00
3.27494e-02	-2.37845e+00	1.80247e+00	-1.74545e+00
1.55292e+00	-1.65139e-01	7.04315e-01	6.57997e-01
1.95574e+00	2.38683e-02	5.18891e-01	-1.39752e+00
1.44240e+00	-2.39923e+00	5.81507e-01	-1.33645e+00
1.16025e+00	-9.50764e-01	9.06006e-01	3.70231e-01
1.64352e+00	-2.33473e+00	9.40284e-01	-1.55816e+00
7.29436e-01	-2.19971e+00	2.59338e-01	-6.19658e-01
1.86545e+00	-2.46377e+00	1.97553e-01	-2.49532e+00
1.18075e+00	4.28263e-01	1.28822e+00	-1.44960e+00
1.12198e+00	3.63830e-01	7.10004e-01	-1.14908e+00
3.12047e-01	-2.47702e+00	2.30402e+00	-1.83208e+00
2.14846e+00	-2.39045e+00	1.50156e+00	-5.70891e-01
1.01205e-01	2.77987e-02	1.04500e+00	-1.32999e+00
8.65666e-01	-2.47282e+00	1.55857e+00	-9.59058e-01
2.26851e+00	9.70164e-01	3.32290e-01	-1.24995e+00
2.00844e-02	4.09781e-01	8.04300e-01	-2.43092e+00
1.76150e+00	7.30316e-01	2.19955e+00	2.61254e-01
2.03650e+00	9.56949e-01	1.27130e-01	2.02056e+00
1.11207e+00	4.99124e-01	2.11293e+00	5.96352e-01
2.30053e-01	-2.40218e+00	7.65746e-01	-1.36942e+00
7.83752e-01	-2.12935e+00	5.60781e-01	1.16094e+00
1.29220e+00	-2.41249e+00	2.34018e+00	-1.70622e+00
1.39145e+00	8.35283e-01	1.26891e+00	-1.90538e+00
6.36431e-01	7.14568e-01	2.78580e-01	-7.43580e-01
2.09980e+00	6.61620e-01	6.91626e-01	-8.33078e-01
2.43501e+00	4.60467e-01	5.86250e-01	1.81938e+00
1.92857e+00	3.61892e-01	2.03079e+00	8.09677e-01
1.51254e+00	3.01743e-01	2.30556e+00	3.28344e-01
2.44321e+00	-1.56690e+00	2.04290e+00	2.15837e+00
1.90937e+00	8.10262e-01	2.24880e+00	-1.42461e+00
4.45383e-01	5.49307e-01	6.97223e-02	-1.38041e+00
1.50897e+00	8.11062e-01	1.61632e+00	1.54126e+00
1.22743e+00	1.30659e+00	1.76906e-01	-1.45838e+00
1.31839e+00	-1.67955e+00	1.52797e+00	-1.31558e+00
1.63704e+00	-2.47776e+00	6.18770e-01	-4.14130e-01
1.80855e+00	-1.19225e+00	1.07697e+00	-1.33739e+00
2.34486e+00	-2.35050e+00	5.73592e-02	-2.48540e+00
1.89422e+00	-2.49606e+00	8.73005e-01	-1.43697e+00
2.30745e+00	3.48835e-01	1.92511e+00	-5.67403e-01
4.24047e-01	-2.48939e+00	3.99895e-01	-2.31417e+00
1.93894e+00	-1.66289e+00	1.35518e+00	1.44922e+00
3.42731e-01	-2.31900e+00	1.52734e+00	-7.72587e-01
2.30811e+00	-1.93916e-01	1.50336e+00	1.82066e+00
6.19966e-01	-2.32702e+00	2.09521e-01	-2.26784e+00
1.05315e+00	-2.12209e+00	1.46580e+00	-1.34418e+00
1.87836e+00	-5.56281e-01	1.53855e+00	-9.57058e-01
1.67346e+00	3.60474e-02	2.26507e+00	1.67709e-01
1.30710e+00	-1.58783e+00	4.25821e-01	-2.03085e+00
4.70346e-01	-2.33155e+00	1.14013e+00	-1.81965e+00
1.55286e+00	-2.04110e+00	1.57222e+00	-1.37518e-01
3.25848e-01	-2.38700e+00	1.87510e+00	-2.38065e-02
6.89526e-01	-2.26223e+00	4.35169e-01	-2.38894e+00
1.88171e+00	3.08899e-01	2.26969e+00	-1.70826e+00
1.67805e+00	-2.10324e+00	1.83812e-01	-1.67230e+00
1.80874e+00	1.81476e+00	2.42309e+00	-7.02159e-01
1.85773e+00	-2.32084e+00	4.73207e-01	-2.03581e+00
4.67835e-01	2.04164e-01	1.30514e+00	-1.42784e-02
2.10629e-01	-2.41588e+00	1.97537e-01	2.16710e-01
1.68860e+00	-1.83344e-02	1.64182e-01	-2.27091e+00
