# No. of particles = 100 
# Proton - Solar wind	Electron - Solar wind	
2.35093e-01	-7.10730e-01	8.09649e-01	-1.11726e-01
1.15617e+00	7.67477e-02	9.19653e-01	9.48266e-01
1.66755e+00	3.44354e-01	1.90597e+00	6.22936e-01
5.70110e-02	-9.64668e-01	4.58706e-03	-2.74892e-01
1.86367e-01	-9.40051e-01	1.82347e+00	7.89645e-01
4.13865e-01	-8.55086e-01	4.79408e-01	-5.34263e-01
1.26175e+00	6.24289e-01	9.04484e-01	2.17368e-01
1.49365e+00	3.84717e-01	1.30977e+00	2.75335e-02
1.32874e-01	-9.69788e-01	2.96990e-01	-1.65972e-01
1.86640e-01	-3.05415e-01	1.31050e+00	-8.48805e-01
4.76788e-02	-8.52831e-01	1.08881e-01	-2.64852e-01
1.08470e+00	3.83144e-01	4.53520e-01	1.14750e-01
1.60355e+00	2.09981e-02	1.76564e-01	-5.40493e-01
6.93176e-01	7.48115e-01	4.33104e-01	-4.39882e-01
1.13992e+00	-8.10355e-01	3.34341e-01	-6.27149e-01
1.26759e+00	4.79055e-01	1.60693e-01	-7.73174e-01
1.80554e-01	1.48553e-01	1.72434e+00	3.97805e-01
1.54139e-01	-2.87533e-01	4.02464e-01	3.17598e-01
1.25388e+00	8.38142e-01	7.85302e-01	1.79866e-01
1.03288e+00	1.73207e-01	7.04782e-01	-9.23409e-01
6.75476e-02	-9.90308e-01	1.05125e+00	8.52504e-01
1.16835e+00	4.18956e-01	2.27097e-02	-9.86666e-01
1.15182e+00	4.14062e-01	7.10335e-01	-6.20839e-01
3.76607e-01	8.91927e-01	5.83463e-01	-9.99313e-01
1.66646e+00	7.13529e-01	1.19002e+00	-8.98007e-01
1.19855e-02	-7.64770e-01	7.83296e-02	-9.06698e-01
4.31891e-01	3.10647e-01	8.13826e-01	8.73652e-01
1.78309e+00	6.88996e-02	4.99382e-02	-9.14816e-01
5.20974e-01	-9.01733e-01	1.67477e+00	4.51884e-01
1.08562e-01	-9.96735e-01	1.18125e+00	-4.23251e-01
1.53931e+00	-8.15591e-01	7.80495e-01	-3.12568e-01
6.50941e-01	2.47882e-02	3.97575e-01	-4.41243e-01
1.70686e+00	3.12994e-02	1.93422e+00	9.88770e-03
1.72693e-01	-1.95397e-01	3.42776e-01	-2.85034e-01
1.96172e+00	6.45502e-01	9.23866e-01	5.11949e-01
6.72318e-01	-8.47090e-01	1.31614e+00	6.14347e-01
4.21523e-01	1.76188e-02	4.49259e-01	-6.73662e-01
1.12214e+00	-7.49614e-01	1.03212e+00	6.76640e-01
4.85403e-01	-9.01031e-01	1.02057e+00	1.89166e-01
1.15200e+00	-1.46344e-01	6.80585e-01	-7.91270e-01
4.12526e-01	-8.70823e-01	1.63025e+00	5.10140e-01
5.97170e-01	4.23094e-01	1.54957e+00	-6.45443e-01
4.92827e-01	-3.57617e-01	1.56864e+00	1.34777e-01
5.09692e-01	-4.32481e-01	5.51563e-01	-1.67313e-01
9.17784e-02	-8.75619e-01	1.53954e+00	-2.19078e-01
1.85036e+00	1.07958e-01	1.93734e+00	4.57547e-01
1.08960e+00	-5.16402e-01	6.22899e-01	-6.77391e-02
1.89440e+00	-7.44075e-01	1.02870e-01	-9.12019e-01
2.22955e-01	-5.70194e-02	1.43736e-02	-9.82666e-01
4.63481e-02	-7.57633e-01	1.81808e+00	-2.04816e-01
1.16899e+00	-2.58092e-01	1.02230e-02	-8.25060e-01
1.82074e+00	-4.97941e-01	6.13768e-01	2.55664e-01
1.32055e+00	3.79485e-01	1.99104e+00	9.13547e-01
9.20492e-02	-8.91820e-01	5.63449e-01	-4.89175e-01
1.40593e+00	6.51221e-01	8.41283e-01	-7.84628e-01
9.00679e-01	-9.50061e-01	3.48241e-01	3.22817e-01
1.67281e-01	2.61213e-01	4.15536e-01	-6.53587e-01
6.59068e-01	-8.75886e-01	3.65402e-02	6.16068e-02
7.20125e-01	3.56933e-01	8.73150e-01	4.50332e-01
5.13601e-01	-4.33938e-01	3.98581e-01	8.53202e-01
4.56318e-01	9.83930e-01	1.12885e+00	7.50976e-01
7.52561e-01	-4.70150e-01	8.25369e-01	5.17988e-01
6.95980e-01	2.87827e-01	1.01913e-01	-7.55994e-01
4.22614e-01	-3.29608e-01	1.15973e+00	-1.88990e-01
1.71981e+00	-5.58721e-01	1.11040e+00	-3.92384e-01
8.01555e-01	-5.23681e-01	5.41541e-02	1.41764e-01
1.39773e-01	4.25359e-01	6.30681e-01	-9.97602e-01
5.01740e-01	-2.03348e-01	7.25997e-01	1.65943e-01
1.59413e-01	-7.38525e-01	4.49739e-01	-9.19346e-01
5.08087e-01	-5.99181e-01	4.26245e-02	-9.09184e-01
5.75667e-01	3.58594e-01	1.11588e+00	-8.67298e-01
1.14794e+00	9.25488e-01	9.59742e-01	-5.34914e-01
4.66674e-01	-1.68940e-01	8.92553e-01	7.12271e-01
8.25893e-01	6.35963e-01	1.67795e+00	6.21963e-02
6.78621e-01	-3.99489e-01	1.11093e+00	7.57156e-01
1.12465e-01	2.35396e-01	9.13413e-01	-8.19861e-01
1.85296e-01	-6.49570e-01	1.93365e+00	-9.00478e-02
1.37427e+00	7.37470e-01	5.93544e-01	3.41088e-01
8.78152e-01	2.50738e-01	1.75550e+00	-4.33969e-01
1.23360e-01	-7.89576e-01	1.31794e+00	-3.45502e-01
2.58667e-01	5.98763e-02	6.62413e-01	-7.48635e-01
9.19259e-01	7.41972e-01	1.24543e+00	3.57051e-01
1.42331e+00	5.76508e-01	1.06178e+00	-3.67460e-01
1.78183e-01	-9.47161e-01	7.20313e-01	-6.52073e-01
1.04792e+00	5.41286e-01	4.57899e-01	7.66866e-01
3.38233e-01	3.31221e-01	3.51496e-01	-8.14553e-01
4.75223e-01	-3.01564e-01	7.30917e-01	8.44557e-02
7.69112e-01	-8.79279e-01	3.06869e-02	-1.18942e-01
1.47105e+00	-6.26024e-01	1.80956e+00	-2.58455e-01
4.01652e-01	-9.51290e-01	1.40909e+00	-5.93255e-01
1.66206e-01	-5.57707e-01	1.73215e-01	-8.48742e-01
9.78920e-01	1.58894e-01	9.11831e-01	-4.80321e-01
7.36991e-01	4.47932e-01	1.08265e-01	-9.03738e-01
5.36902e-01	-2.38755e-01	1.21571e+00	1.55973e-01
4.39788e-01	-6.91060e-01	8.08390e-02	-4.00876e-01
1.32242e+00	6.56627e-01	1.58802e+00	-2.77882e-01
5.50264e-02	-7.85745e-01	6.29049e-01	-1.22349e-01
3.19226e-01	4.58853e-01	1.08625e+00	3.35040e-01
8.80440e-02	-7.60200e-01	3.91232e-02	-2.27180e-02
1.38648e+00	-6.70473e-01	3.83074e-01	4.81261e-01
