# No. of particles = 100 
# Proton - Solar wind	Electron - Solar wind	
8.34139e-01	7.37891e-02	1.67667e+00	8.71336e-01
4.10403e-02	-9.88809e-01	1.70951e+00	-7.29491e-02
1.86901e+00	5.01959e-01	1.67947e-01	-8.68921e-01
5.57251e-01	-6.56305e-01	5.36164e-01	-6.73936e-01
4.81696e-01	-7.47435e-01	3.45951e-01	-9.50036e-01
1.48566e+00	-4.15381e-01	7.81880e-01	7.99783e-02
2.28112e-03	-9.86041e-01	1.62615e+00	-4.79478e-01
1.88783e-02	-8.35515e-01	2.93661e-01	-6.79297e-01
2.65514e-01	-9.59490e-01	3.59131e-01	-4.44131e-01
4.18738e-01	6.62561e-01	1.98597e+00	-2.99556e-04
3.51544e-01	1.47114e-01	3.28257e-01	-6.02880e-01
1.21471e+00	5.62385e-01	6.64011e-01	6.86058e-01
1.73955e+00	1.07088e-01	2.82824e-01	4.44511e-03
2.20090e-01	-8.29236e-01	2.63425e-01	-9.62495e-01
1.34226e+00	-7.86341e-01	8.36151e-01	-1.50387e-01
1.01045e-01	-9.58662e-01	1.35705e+00	5.69885e-01
2.55116e-01	7.25091e-01	1.01785e-02	-6.72050e-01
1.78101e-01	-1.34767e-01	1.65552e-03	-9.89562e-01
3.55673e-01	-8.79775e-01	8.48194e-01	7.09434e-01
1.46108e+00	6.81350e-01	1.17400e+00	2.75219e-01
7.25808e-01	-6.58322e-01	4.32474e-03	-1.69852e-01
5.26467e-03	-9.21844e-01	9.22522e-01	-2.96225e-01
1.16922e-01	-9.55713e-01	3.30263e-01	-3.62226e-01
8.82035e-02	-9.28360e-01	4.11157e-01	-7.08169e-01
2.07125e-02	-8.66192e-01	1.40368e+00	-2.33278e-01
2.77997e-02	-9.55452e-01	1.20729e-01	-5.82927e-01
6.05989e-01	4.65270e-01	1.24313e-01	-4.75355e-01
1.14255e+00	1.24917e-01	1.88244e+00	2.75054e-01
1.75266e+00	-7.17500e-01	1.33883e-01	-3.42837e-01
8.17380e-01	-9.97925e-01	4.31679e-01	-6.21002e-01
1.54654e-01	-8.81396e-01	4.60907e-01	-6.52134e-01
1.04427e+00	7.04034e-01	2.44865e-01	-6.55466e-01
8.74475e-01	-1.16172e-01	1.39274e+00	9.67232e-01
2.38013e-01	3.38248e-01	5.17706e-01	-6.11361e-01
1.09415e-01	-8.62726e-01	1.23032e+00	1.81987e-01
8.08716e-01	-8.24029e-01	7.04282e-01	8.32496e-02
5.49537e-01	3.94815e-01	1.85246e+00	-1.75073e-01
1.35296e+00	-7.08758e-01	3.44948e-01	5.17878e-01
1.02708e+00	-8.22881e-01	5.04689e-01	1.95934e-01
1.54434e+00	1.64383e-01	5.11821e-01	-2.49582e-01
1.44787e+00	-5.62586e-01	1.32874e+00	4.72642e-01
8.47964e-01	6.12300e-01	6.02108e-01	-2.63134e-02
6.28594e-01	-1.36738e-01	1.57939e+00	3.98964e-01
5.83880e-01	-3.22721e-01	9.94588e-01	9.24834e-01
9.40580e-01	7.43477e-02	5.35505e-01	5.15053e-02
1.47145e-01	-4.72516e-01	1.64169e-01	-3.92438e-01
8.09257e-02	-8.99428e-01	1.75561e-01	7.46884e-01
5.60725e-02	-9.38679e-01	1.24334e-01	-8.78945e-01
2.82707e-01	2.21460e-01	1.57292e+00	5.38383e-01
3.36474e-02	-4.55675e-01	2.32552e-02	-7.62631e-01
1.42803e+00	-1.02549e-01	1.74794e+00	-1.32852e-01
1.72924e-01	-7.15019e-01	3.18575e-01	-5.88198e-01
1.78733e+00	9.28183e-01	8.27075e-01	-1.19776e-01
1.99058e-01	-7.16551e-01	2.37406e-01	-5.09072e-01
1.11094e-01	-8.80681e-01	1.42199e+00	-1.47514e-01
1.41698e+00	-9.34652e-01	1.32241e+00	3.26413e-01
1.94847e-01	5.93452e-01	8.47927e-01	-5.57169e-01
1.37937e-01	-3.60773e-01	1.29958e+00	-2.79662e-01
1.93680e+00	-2.62014e-01	1.59075e-01	9.93787e-01
6.90106e-01	-2.39744e-01	6.06497e-02	6.87329e-01
3.45516e-01	-1.68336e-01	1.99134e+00	-5.66672e-01
1.37069e+00	-3.75130e-02	7.59997e-01	3.72510e-01
8.24534e-01	5.82855e-01	6.59920e-01	1.85634e-01
8.72297e-01	6.35434e-01	3.03506e-04	-9.90542e-01
4.97395e-02	-7.81808e-01	1.85257e+00	-7.50664e-01
9.14965e-01	-4.69241e-01	1.46606e+00	8.13819e-01
1.72744e-01	9.89658e-01	4.33270e-01	-4.46304e-01
7.42303e-01	2.43696e-01	6.74357e-01	-6.97071e-01
4.97576e-01	-1.88029e-01	4.76841e-01	5.75654e-01
1.19086e+00	-7.68463e-02	1.06263e+00	9.40212e-01
3.25996e-01	-6.04636e-01	8.64069e-01	-3.68378e-01
5.24600e-01	-6.97219e-01	1.13667e+00	-6.63698e-01
5.66760e-01	4.70020e-02	4.87098e-02	-9.47818e-01
7.48159e-02	-8.50695e-01	1.80045e+00	-4.19803e-01
7.11642e-01	-3.66419e-01	1.73146e+00	2.35165e-01
1.48693e-01	2.76999e-01	6.69296e-01	-7.94301e-01
3.07674e-01	-4.13824e-01	1.72525e-02	-7.00552e-01
9.59147e-02	-7.66761e-01	4.96915e-01	-7.26032e-01
1.10894e+00	6.02849e-01	1.59863e+00	-8.82840e-01
1.33637e-01	-6.36867e-01	8.65149e-01	-4.85816e-01
4.05416e-01	6.92649e-01	1.67306e-01	-1.92712e-02
7.85602e-01	8.57955e-01	9.11273e-01	1.70782e-01
1.55422e+00	7.29474e-01	1.23416e+00	-3.12746e-01
3.54043e-01	-9.11029e-01	8.93431e-03	-9.78236e-01
4.98649e-01	9.23637e-01	1.64811e+00	5.99807e-01
3.63024e-01	4.30910e-01	4.90113e-01	9.89322e-01
5.05540e-01	-2.48717e-01	1.57362e+00	-1.43925e-01
1.32170e+00	-8.11405e-01	3.49897e-01	-7.93691e-01
3.58502e-01	-8.17008e-01	1.81417e-02	7.39536e-01
6.05429e-01	-9.38890e-01	7.67834e-03	-9.52399e-01
1.77684e-01	-5.14486e-01	5.97137e-01	8.99983e-01
1.59261e+00	9.18214e-01	8.35611e-01	-6.60484e-01
7.84565e-01	5.67654e-01	9.11314e-01	5.18733e-01
6.21330e-01	-6.83099e-02	9.83423e-01	9.81489e-01
1.35015e+00	-8.94671e-02	2.11088e-01	-5.10536e-01
5.68418e-01	-2.88590e-01	1.87583e-01	6.52873e-01
3.67874e-02	4.81318e-01	7.48213e-01	5.50637e-01
5.48286e-01	7.83177e-01	1.15378e+00	-9.29355e-01
1.17302e-01	-5.59545e-01	6.80157e-01	3.98315e-01
1.76661e+00	-5.87015e-01	1.55547e+00	4.05722e-01
