# No. of particles = 100 
# Proton - Solar wind	Electron - Solar wind	
7.56533e-01	4.53066e+00	2.20365e+00	-5.99671e-02
9.86433e+00	-4.27597e+00	5.95461e+00	8.26263e-01
8.07582e+00	-1.67430e+00	9.83823e-01	-3.00963e-01
8.98222e+00	-3.37249e+00	7.79655e-02	-1.92109e+00
9.96568e+00	-1.09024e+00	9.15241e+00	5.96266e-01
7.10653e+00	4.87605e+00	9.72056e+00	4.55311e+00
9.20641e+00	-6.68168e-01	9.99600e+00	-1.20510e+00
8.07659e+00	4.72334e-02	1.37655e+00	-4.51181e+00
8.14461e+00	-8.44072e-01	9.82770e+00	2.05250e+00
9.84522e+00	1.21056e+00	1.21137e+00	-7.32878e-01
9.54561e+00	2.91829e+00	6.58115e+00	-2.61543e+00
9.57941e+00	1.00344e+00	7.01452e+00	3.27777e+00
9.13692e+00	2.26981e+00	1.90912e+00	-3.20339e+00
8.45214e+00	3.60587e+00	8.92639e+00	7.19812e-01
9.75633e+00	1.06535e+00	8.93082e+00	-1.44025e+00
9.86002e+00	4.96392e+00	9.72967e+00	-1.41000e+00
9.63516e+00	4.51249e+00	6.00456e+00	-3.92062e+00
9.93986e+00	-4.76595e+00	9.14463e+00	1.25958e-01
9.87047e+00	-4.79122e+00	8.94045e+00	-2.75279e-01
8.86108e+00	-1.15641e+00	7.48533e+00	-2.09106e+00
9.02207e+00	-5.42399e-01	8.45173e+00	-1.36008e+00
6.33275e+00	-2.07203e+00	9.86067e+00	4.73832e+00
7.44603e+00	1.58630e+00	6.80217e+00	4.94425e+00
9.86646e+00	4.21599e-02	6.36754e+00	-1.16929e+00
6.13068e+00	4.35569e-01	6.98226e+00	-2.81036e+00
9.59976e+00	-6.64708e-01	9.12845e+00	-3.93228e+00
9.11261e+00	-5.04031e-01	9.17252e+00	-2.20835e+00
9.93727e+00	4.70845e-01	9.53531e+00	-2.33521e+00
7.77394e+00	3.77326e+00	9.96474e+00	-4.19260e+00
6.39357e+00	7.81127e-01	6.51519e+00	4.54104e+00
8.97280e+00	2.50979e+00	2.41357e+00	-3.07610e+00
9.10083e+00	3.85383e+00	8.39038e+00	4.93909e+00
7.57122e+00	1.84021e+00	9.58578e+00	-4.66390e-01
9.74620e+00	3.30958e+00	3.70694e+00	3.07062e+00
8.94969e+00	5.79145e-01	9.82071e+00	-7.43386e-01
9.81750e+00	-4.50910e+00	8.49130e+00	4.05703e+00
9.92719e+00	-3.63547e+00	9.55731e+00	-4.51463e+00
5.82639e+00	1.83264e+00	9.77534e+00	-3.75773e+00
7.68071e+00	2.55418e+00	2.05117e+00	2.03615e+00
6.84481e+00	-3.15292e+00	9.55904e+00	2.87490e+00
8.52523e+00	-2.65216e+00	8.67377e+00	-4.07965e+00
8.11241e+00	-6.37586e-01	7.70782e+00	2.87604e+00
8.56067e+00	1.93315e+00	7.06646e+00	2.17140e+00
9.57599e+00	4.46546e-03	8.44725e+00	-4.27637e+00
6.22034e+00	-2.52984e+00	3.04808e-01	-1.11798e+00
8.24738e+00	4.42923e+00	9.93645e+00	2.19757e-01
7.44938e+00	-1.32202e-01	7.64370e+00	4.40867e+00
9.10410e+00	-8.99884e-02	9.75788e+00	-4.44562e+00
9.71432e+00	1.63892e+00	3.05355e+00	-2.67150e-01
7.00398e+00	1.47397e+00	6.19011e+00	3.75098e+00
9.77374e+00	1.92271e+00	6.99388e+00	-2.93632e+00
9.27810e+00	-5.94514e-01	5.79306e+00	-4.05653e+00
9.55426e+00	5.20384e-01	4.02858e+00	-5.58632e-01
9.87882e+00	3.53861e+00	6.53370e+00	2.74748e-01
9.72531e+00	4.84621e+00	2.49595e+00	-1.36157e+00
9.97993e+00	-2.76868e+00	9.07172e+00	2.12020e+00
9.88410e+00	-2.49324e+00	5.66637e+00	2.68980e+00
7.01150e+00	-4.71378e+00	6.90750e+00	3.93895e+00
9.10307e+00	1.14543e-01	1.77837e+00	3.54158e+00
9.59205e+00	-9.22088e-01	4.25904e+00	-1.83450e+00
9.85218e+00	-1.09036e+00	3.44669e+00	-1.97461e+00
4.71180e+00	-1.74313e+00	9.04955e+00	3.96811e+00
8.23782e+00	-3.46351e-01	9.44689e+00	3.16795e+00
9.63667e+00	-1.39310e+00	9.47661e+00	2.27132e+00
9.31631e+00	-3.18130e+00	6.02820e-01	-2.72844e+00
9.02454e+00	3.80909e+00	9.53374e+00	3.21963e+00
9.06846e+00	2.73928e+00	6.54013e+00	-4.92577e+00
8.92949e+00	3.33122e+00	8.81333e+00	-1.11354e+00
3.74459e+00	1.18887e+00	4.14276e+00	-2.18877e-02
9.07230e+00	3.91210e+00	8.50960e+00	-1.53826e-01
8.52688e+00	1.49656e-01	7.46946e+00	-3.90246e+00
9.41004e+00	2.42196e+00	1.92149e+00	-4.71021e+00
7.01213e+00	9.86153e-01	6.43247e+00	3.44929e+00
9.17598e+00	1.70429e-01	9.67424e+00	2.38329e+00
8.00364e+00	-5.51161e-01	8.40116e+00	3.96292e+00
9.08147e+00	-2.31481e+00	4.27023e+00	3.98577e+00
9.30692e+00	-1.39508e+00	9.09526e+00	1.21206e+00
9.93195e+00	-4.02266e+00	9.57273e+00	3.53115e+00
9.07433e+00	2.01478e+00	9.67754e+00	2.52053e+00
9.18786e+00	-3.47240e+00	8.94582e+00	-2.72213e+00
8.51120e+00	4.79637e+00	7.26599e+00	-3.01493e+00
9.82025e+00	2.46430e+00	9.09361e+00	-7.53979e-01
5.05331e+00	3.44932e+00	7.45561e+00	-4.60089e+00
8.25132e+00	1.41949e+00	8.63564e+00	-4.56123e+00
9.83669e+00	4.80339e+00	6.78830e+00	1.00964e+00
8.91197e+00	-1.40368e+00	9.22927e+00	-4.56752e+00
7.41660e+00	-5.79759e-01	4.16854e+00	-3.19420e+00
9.98533e+00	-4.39570e+00	6.77578e+00	-5.15222e-01
4.12511e+00	-1.12670e+00	8.73677e+00	-2.58399e+00
9.78681e+00	-4.32109e+00	3.07996e+00	-4.80625e+00
8.82105e+00	-3.49270e+00	8.23788e+00	-2.76121e+00
8.54852e+00	7.95234e-02	6.70573e-01	-7.45729e-01
6.54761e+00	-5.15112e-01	1.97420e+00	-6.96157e-01
9.61855e+00	8.68031e-01	9.33854e+00	-7.25250e-02
8.77830e+00	1.09472e+00	6.28760e+00	-1.20716e+00
8.41506e+00	2.47227e+00	7.56101e+00	3.70521e+00
9.01605e+00	-3.05597e-03	4.19851e+00	-7.89089e-01
9.57028e+00	-1.87204e+00	5.10447e+00	-2.56999e-01
8.97201e+00	9.85928e-01	4.51140e+00	3.50741e-01
9.05249e+00	1.37433e+00	9.61321e+00	3.14363e+00
