# No. of particles = 100 
# Proton - Solar wind	Electron - Solar wind	
3.14005e-01	-4.83077e-01	3.66285e-01	-1.61308e-01
5.28805e-01	-8.71444e-01	1.04122e-01	-8.59514e-01
5.84711e-01	-8.77587e-01	2.82558e-01	-6.53802e-01
1.91405e-01	-4.05093e-01	1.43246e+00	9.13752e-01
3.75929e-01	-6.75046e-01	5.24719e-01	1.88841e-02
1.62790e-02	-8.20668e-01	3.25940e-01	-3.81032e-01
1.39934e-01	-8.29228e-01	8.04427e-02	-8.99850e-01
6.51774e-01	-4.77701e-01	8.58270e-01	4.79638e-01
1.93151e-01	-3.03754e-01	3.16079e-01	-5.80304e-01
9.07411e-01	-2.55393e-01	1.50555e+00	-7.93888e-01
7.98939e-01	-4.28876e-01	4.55072e-01	-4.78183e-01
1.08249e+00	1.27753e-01	7.24945e-02	3.83275e-01
1.30603e+00	-8.72350e-01	4.05486e-01	-8.85776e-01
1.31519e+00	-4.65825e-01	1.05113e+00	-2.41094e-01
7.79525e-01	1.49333e-02	8.19348e-01	9.93554e-01
9.25296e-01	-5.14270e-01	1.12868e+00	2.18101e-01
1.55262e+00	-8.59877e-01	2.98420e-02	-9.04895e-01
1.10833e+00	-5.16019e-01	1.18348e+00	3.60714e-01
1.25194e+00	-7.81075e-01	6.36709e-01	-9.07385e-01
7.33545e-01	-5.41336e-01	7.16204e-01	5.81951e-01
1.03191e+00	-9.53408e-01	1.18605e+00	-5.76562e-01
1.46241e+00	-2.81947e-01	3.44234e-01	1.04122e-01
1.21818e+00	-2.87425e-01	5.05712e-01	-2.32917e-01
7.02100e-01	-4.42208e-01	7.07151e-02	-9.89844e-01
5.49920e-01	-6.36805e-01	1.43741e+00	-3.83311e-02
1.45629e+00	-5.37435e-01	1.73340e+00	8.28092e-01
1.08736e+00	8.18340e-03	5.23672e-01	-1.53700e-01
1.44273e+00	-5.57688e-01	1.08469e+00	-4.86290e-01
1.07397e+00	-1.98512e-01	3.69429e-01	-4.79680e-01
1.72429e+00	-5.32820e-01	8.28607e-01	1.71924e-02
3.05819e-01	-6.39407e-01	3.94052e-01	-3.98190e-01
1.61016e+00	-3.64098e-01	1.30447e+00	8.16014e-01
9.43419e-01	-8.63572e-01	2.61333e-01	3.22983e-01
3.20088e-02	-7.49200e-01	1.57887e-02	5.24627e-01
5.58405e-01	-5.34518e-01	1.60447e+00	-7.28036e-02
1.65956e+00	-8.86075e-01	8.84561e-01	-5.18487e-01
1.04700e-01	-5.94732e-01	1.09517e-01	-8.52431e-01
6.02760e-02	-8.18409e-01	3.26608e-01	-6.20083e-01
2.13919e-01	-7.49288e-01	7.68353e-02	-9.54070e-01
1.92500e+00	-6.67831e-01	1.90648e+00	-3.37353e-01
1.82509e+00	-7.56966e-01	4.45613e-02	-7.91713e-01
1.37058e-02	-9.93491e-01	1.74518e+00	3.48428e-01
4.94835e-01	-7.54912e-01	1.10184e+00	-4.55385e-01
1.01926e+00	-3.02172e-01	3.54864e-01	-8.13719e-01
4.89340e-01	-1.73777e-01	6.52862e-01	-8.97183e-01
1.41927e+00	-5.60364e-01	1.55827e+00	-2.12293e-01
1.46891e+00	2.65639e-01	8.06657e-03	-9.31720e-01
1.02461e-01	-6.31279e-01	3.19743e-01	-5.58720e-01
1.49490e+00	-2.62601e-01	1.94281e+00	-1.45104e-02
1.66996e+00	-8.98802e-01	9.49881e-02	-3.69533e-01
6.35502e-01	-5.04571e-01	7.82651e-01	2.72398e-01
3.88962e-01	6.56064e-02	9.03615e-01	-3.08268e-01
5.44265e-01	2.77224e-01	1.10769e+00	-2.32738e-01
1.03912e+00	-9.62615e-01	1.60324e+00	-9.57876e-01
1.56153e+00	-6.28770e-01	1.03103e+00	9.23212e-01
2.31704e-01	-4.40291e-01	1.51681e-01	5.54760e-01
1.86547e-01	-3.38381e-01	1.98932e-01	-7.14872e-01
3.08216e-01	-3.46832e-01	3.28507e-01	-4.76935e-01
2.35817e-01	-9.69531e-01	8.07267e-01	2.84389e-01
1.87025e+00	-1.28952e-01	1.28037e+00	-9.14169e-01
1.87862e+00	-2.57775e-01	1.56166e+00	-9.71090e-01
5.02688e-01	-8.57179e-01	2.48539e-01	4.78857e-02
6.68509e-01	-6.28667e-01	7.45416e-02	-3.86755e-01
1.65212e+00	-7.74611e-02	7.10304e-01	-3.04909e-01
5.04889e-01	-2.85241e-01	1.86009e+00	-3.12311e-01
1.72633e+00	-3.17909e-01	1.52762e-01	1.87881e-01
9.60082e-02	-2.39985e-01	1.94417e-02	-9.77435e-01
1.44341e+00	-4.31622e-02	4.30680e-03	-7.30162e-02
6.92548e-02	-1.14066e-01	8.41864e-01	4.95874e-01
5.21869e-01	-4.16662e-01	1.62206e-01	-9.89656e-01
1.72030e-01	-5.19650e-01	8.11965e-01	2.35651e-02
5.00770e-01	6.82410e-02	2.17476e-02	3.58888e-01
1.55802e+00	8.19202e-02	2.63584e-01	4.93679e-01
5.51112e-01	3.02479e-01	1.78283e+00	6.60243e-02
4.64313e-01	-1.36355e-01	2.08997e-01	9.86401e-01
4.11495e-01	-2.77322e-01	1.61563e+00	7.27789e-01
1.81098e+00	9.86979e-02	1.66879e-02	4.27003e-01
1.71202e+00	4.31083e-01	2.72964e-01	9.52046e-01
1.74491e+00	1.67272e-01	3.35629e-01	3.88028e-01
1.47984e+00	-3.70748e-01	1.59357e-01	4.11176e-01
1.57681e+00	9.17309e-02	4.14849e-01	9.77359e-01
1.74213e+00	2.18542e-01	4.50008e-01	-2.02225e-01
1.73992e+00	-1.01848e-01	1.78884e+00	-2.41533e-01
1.41408e+00	6.13901e-01	1.97104e+00	-2.25319e-03
1.54466e+00	4.38737e-01	4.87455e-01	8.21567e-01
6.00532e-01	3.71302e-01	4.32926e-01	8.88251e-01
3.16319e-01	2.22662e-01	7.12638e-01	5.37474e-01
6.50013e-01	-5.12865e-02	8.75806e-01	-3.76594e-01
7.67212e-01	7.75145e-02	1.72860e+00	-5.20385e-01
9.86959e-01	2.88774e-01	4.71104e-01	3.57628e-01
1.75048e+00	5.16505e-01	3.05456e-01	-7.36568e-01
3.09448e-01	2.72242e-01	6.94390e-01	5.14097e-01
8.28906e-02	4.71497e-02	1.00432e+00	8.63627e-01
3.31608e-01	7.97434e-01	1.90200e+00	-2.75000e-01
1.75334e+00	6.17550e-01	7.33329e-02	-6.59560e-01
2.79058e-01	6.37181e-01	1.82732e+00	-9.04837e-01
1.62986e+00	7.95818e-01	1.95531e+00	-3.00403e-02
1.59125e+00	-3.20677e-01	1.03456e+00	9.29500e-02
1.97460e+00	5.37014e-01	8.39345e-01	-4.13707e-01
3.00446e-01	8.94013e-01	1.76647e+00	6.05394e-01
