# No. of particles = 100 
# Proton - Solar wind	Electron - Solar wind	
2.09585e-01	-3.38685e-01	1.29468e+00	2.07766e-01
8.16979e-02	-8.71202e-01	1.33213e+00	-6.10200e-01
8.73694e-01	-2.88790e-01	1.00113e+00	2.57405e-01
3.35056e-01	-3.17531e-01	2.76147e-02	-2.39246e-02
1.60365e-02	-9.87529e-01	1.46436e+00	3.52467e-01
1.80451e-01	6.43445e-01	4.02439e-01	1.20656e-01
8.15836e-02	-8.87484e-01	5.11418e-01	-7.17204e-01
3.04859e-01	-5.15772e-01	5.80160e-02	-9.60711e-01
3.39442e-02	2.02893e-01	1.78690e+00	2.80253e-01
5.19222e-01	5.00365e-01	1.61963e+00	-4.24525e-01
1.35795e+00	9.17777e-01	5.24435e-01	5.38294e-01
5.77830e-01	-2.64782e-01	8.67056e-01	-6.43734e-01
1.08624e+00	-3.17623e-01	1.16063e-01	-7.64066e-01
4.21775e-02	-6.16708e-01	1.84074e+00	9.21001e-01
3.30170e-01	-9.39937e-01	2.29610e-01	9.00502e-01
2.85634e-02	1.07970e-01	1.01039e-01	-6.42546e-01
9.66778e-02	6.86889e-01	3.34021e-01	-3.97011e-01
3.45200e-02	-9.13545e-01	5.20900e-01	1.71957e-01
2.72933e-02	-9.64259e-01	1.18640e+00	9.42324e-01
1.01409e+00	9.25624e-01	5.55547e-01	-7.63003e-01
6.33743e-01	2.98811e-02	1.49378e+00	-1.69495e-01
1.28365e+00	8.41997e-01	1.67943e+00	6.55330e-01
9.95467e-02	-9.97828e-01	1.81639e+00	-6.14309e-01
2.56774e-01	3.34090e-01	3.57825e-01	8.98071e-01
1.14513e+00	-4.88469e-01	3.50655e-01	3.88239e-02
6.53694e-01	9.01295e-01	4.43362e-03	-9.26992e-01
1.38842e-01	-4.90191e-01	4.82426e-01	-3.75122e-01
1.97682e+00	7.64840e-01	2.17350e-01	-7.37087e-01
1.73466e+00	-2.46269e-01	6.31012e-02	2.49741e-01
7.19547e-01	-2.29728e-01	1.93801e+00	2.19463e-01
5.34871e-01	-3.04702e-01	7.42835e-02	-3.45784e-01
1.22086e-01	4.15377e-01	1.09658e+00	2.70178e-01
9.70686e-01	6.92240e-01	1.02743e+00	5.21282e-01
3.14253e-01	-8.97137e-01	2.28712e-01	-9.55597e-01
1.92549e-01	2.43091e-01	1.86893e+00	-7.01007e-01
1.12261e-01	-9.69143e-01	1.85067e+00	8.21826e-01
5.62467e-01	-2.18159e-01	9.18284e-01	7.06193e-01
1.96597e-01	-9.50768e-01	9.15465e-01	8.45629e-01
2.29922e-01	-1.40565e-01	1.23046e+00	-7.43705e-01
8.91540e-02	-2.42131e-01	1.09893e+00	9.96614e-01
3.00679e-01	-1.95846e-01	6.14968e-01	-7.88255e-01
1.12126e+00	1.72169e-01	1.75903e-01	-4.14312e-01
8.05642e-01	3.84439e-01	1.43460e+00	4.83290e-01
1.65065e-01	-9.02642e-01	1.50354e+00	6.11820e-01
2.68535e-01	-1.59037e-01	1.33327e+00	1.92056e-01
1.93436e+00	2.47146e-01	7.12095e-01	-3.35601e-01
1.47676e+00	8.02302e-02	1.79661e+00	1.40049e-01
1.91030e-01	2.01029e-01	1.74518e+00	1.75300e-01
1.44858e+00	6.40687e-01	1.55563e+00	-1.43075e-01
4.38628e-02	-1.45018e-01	4.82871e-01	1.61463e-04
2.23241e-01	-9.41325e-01	1.27812e+00	-2.03167e-01
1.56900e+00	5.60295e-02	1.93190e+00	-7.70790e-01
1.27496e-01	-7.77232e-01	2.13476e-01	-9.03029e-01
1.75268e+00	1.62204e-01	5.09651e-02	-6.53116e-01
1.45368e+00	7.38942e-01	1.93103e+00	-5.54621e-02
1.99975e+00	-9.17445e-02	4.17209e-01	-3.41891e-01
4.21266e-01	-8.91444e-01	2.11251e-01	-3.06324e-01
8.11442e-01	-7.29330e-01	5.69176e-01	-3.47378e-01
4.56934e-01	-2.00477e-02	4.51608e-01	-9.55963e-01
1.45087e+00	6.20907e-01	1.07952e+00	6.08730e-01
4.18042e-01	-3.30054e-02	7.23495e-01	-3.62819e-01
1.74512e+00	9.38308e-01	2.70911e-01	-1.60783e-01
1.39510e-01	-8.38220e-01	9.75700e-03	6.46283e-01
4.41931e-01	-3.79212e-01	1.14263e-01	-9.58019e-01
9.53906e-02	-7.33188e-01	6.37911e-01	-2.61798e-01
3.26690e-01	-8.04918e-01	4.99599e-01	4.91868e-01
5.59960e-01	-1.42253e-01	1.09090e-01	-6.75376e-01
5.90771e-01	5.17424e-01	1.05329e+00	1.83210e-01
7.69709e-01	3.62830e-01	1.80369e+00	2.16993e-01
5.93556e-01	-1.30937e-01	1.43893e+00	-7.88256e-02
1.16170e-01	-9.49534e-01	7.12539e-01	1.64333e-01
1.77030e+00	2.18700e-01	9.51914e-01	-2.80097e-01
1.99489e-01	7.66694e-01	1.11646e+00	4.73407e-01
1.23260e-02	-9.95705e-01	7.52097e-01	5.00841e-01
5.01061e-01	-5.85406e-01	1.12983e+00	-8.43337e-01
1.56641e+00	-4.02355e-01	7.46962e-01	9.59970e-01
1.45918e+00	9.02714e-01	4.60339e-02	-7.43950e-01
3.18662e-01	-4.56726e-01	3.21945e-01	9.29042e-01
1.98357e+00	8.22737e-01	1.86856e+00	-1.12453e-01
2.53283e-01	-7.35208e-01	1.03601e+00	-6.77426e-01
1.35427e+00	-5.14391e-01	1.38164e+00	3.00794e-02
1.45711e+00	2.92340e-01	1.52255e+00	9.67944e-01
9.03965e-01	-1.99136e-02	1.75429e+00	-8.22382e-01
1.22622e-01	-5.17153e-01	9.96661e-01	7.00160e-02
8.35262e-01	7.04622e-01	1.08938e+00	-1.17045e-01
2.20857e-01	-6.10875e-02	1.39037e+00	-2.19982e-01
3.02794e-01	-5.30103e-01	1.93647e+00	5.13024e-01
3.30454e-01	-5.27158e-02	4.14145e-01	-6.30900e-01
1.75171e+00	1.84739e-01	1.11270e+00	5.22000e-01
1.35956e+00	8.19281e-01	8.86385e-01	4.01158e-01
1.10388e-01	-7.43112e-01	5.38893e-01	9.41502e-01
1.60198e+00	1.02579e-01	1.81823e+00	-6.55889e-01
5.20109e-01	3.11994e-03	1.35407e+00	1.29009e-02
1.09491e-01	-9.43020e-01	1.22283e+00	5.39007e-01
2.71238e-01	-8.64365e-01	1.78493e+00	2.53228e-01
1.77867e+00	3.11986e-01	8.48480e-01	9.65769e-01
1.64582e+00	1.73170e-01	1.45386e+00	1.97619e-01
1.56698e+00	-6.20281e-01	7.63412e-01	-6.90934e-01
1.41447e+00	5.32412e-01	1.29555e+00	5.65158e-01
1.12117e+00	7.23923e-01	1.38429e+00	9.14104e-01
