# No. of particles = 100 
# Proton - Solar wind	Electron - Solar wind	
3.63444e-01	-7.30047e-01	7.45061e-01	2.22605e-01
4.65771e-01	-9.29213e-01	1.14492e+00	-5.03096e-01
7.51056e-01	4.56820e-02	1.84556e+00	8.18258e-01
3.12836e-01	-9.26138e-01	5.58377e-01	-3.63696e-01
5.80753e-01	-5.31636e-01	2.67515e-01	-8.54628e-01
1.34312e-01	8.06507e-01	1.11316e+00	-6.85457e-01
9.71511e-01	-8.16260e-01	1.36702e+00	-2.55042e-01
2.60691e-01	-6.63269e-01	1.97948e-01	-8.29306e-01
1.06583e-01	-9.76577e-01	9.96424e-01	3.44718e-01
9.30468e-02	-2.17142e-01	4.10768e-01	-9.42032e-01
4.11443e-01	-4.34949e-01	6.23211e-01	8.68628e-02
1.43494e+00	1.99385e-02	1.75953e+00	6.24698e-01
4.90850e-01	4.52474e-01	8.25376e-01	-6.00847e-01
6.73621e-01	-5.35696e-01	4.73756e-01	-6.59765e-01
6.04159e-01	-5.97249e-01	3.44924e-01	-5.75064e-01
1.58183e+00	-5.11690e-01	1.62757e+00	-4.77046e-01
4.42332e-01	-6.89953e-01	3.13402e-01	-8.86817e-01
1.03728e+00	1.41510e-02	2.27254e-01	-3.73052e-02
3.18466e-01	-1.98659e-01	1.14851e+00	-9.82430e-01
1.45565e+00	2.04470e-01	1.85531e+00	5.12124e-01
1.31294e-01	-9.14301e-01	3.11750e-01	4.89177e-01
3.74615e-02	-9.93257e-01	1.16303e+00	7.08759e-01
5.64210e-01	8.15208e-01	2.91806e-01	-7.41549e-01
8.12869e-02	-9.02787e-01	1.93414e+00	-1.31969e-01
1.62602e-02	-9.54320e-01	2.53583e-01	1.49969e-01
1.91047e+00	-2.09286e-01	6.56865e-02	-8.23194e-01
1.31575e+00	-5.90169e-01	1.03580e+00	-5.99048e-01
7.48927e-01	-3.26886e-01	3.48300e-01	2.02506e-01
6.75980e-01	3.62987e-01	1.20706e-01	-9.16582e-01
1.21756e+00	-7.08848e-01	1.81561e+00	4.80802e-02
1.55617e+00	6.01252e-01	4.49626e-02	4.62191e-01
7.82133e-02	-7.38860e-01	1.84201e+00	6.68306e-01
9.23079e-01	5.32567e-01	1.39549e+00	-9.56502e-01
8.29668e-01	-9.89972e-02	4.25799e-01	-2.17160e-01
1.51808e+00	5.92117e-01	5.78984e-01	-5.74578e-01
3.16971e-01	-4.82096e-01	1.67898e+00	-1.28188e-01
4.70129e-01	-1.58689e-01	1.34191e+00	-6.58740e-01
1.41563e+00	-2.60302e-01	2.59995e-01	-7.08270e-01
6.92433e-01	-8.85057e-01	8.20949e-01	-8.67857e-01
1.29221e-01	5.04977e-01	1.97125e+00	4.08744e-01
6.85041e-01	-1.77373e-01	6.53326e-01	-8.58496e-01
1.78557e+00	1.08576e-01	3.91292e-02	3.04058e-01
3.91861e-01	-5.20550e-02	4.29797e-02	-9.40240e-01
1.23397e+00	7.89045e-01	1.16101e-01	-9.05549e-01
1.42271e-01	-8.11139e-01	3.72359e-01	9.67729e-01
3.29309e-01	-8.64619e-02	9.76076e-01	5.92216e-01
1.97484e+00	-7.38460e-01	1.43303e-02	-7.84903e-01
1.89939e-01	-7.87491e-01	8.75503e-01	-8.64869e-01
1.48844e+00	8.76067e-01	1.59859e+00	8.09823e-01
7.11115e-01	-3.80512e-02	2.09078e-01	-7.70347e-02
1.99235e-01	-6.94230e-01	1.06720e-01	-2.13461e-01
1.94327e-01	-7.73523e-01	1.49765e+00	7.45415e-02
9.44069e-01	2.40472e-01	1.50059e+00	-7.98570e-01
1.92578e+00	-2.55684e-01	6.76502e-01	9.15135e-02
9.83785e-01	7.56194e-01	1.99127e+00	9.19998e-01
8.49910e-01	-5.06767e-01	1.13358e+00	-7.29689e-01
1.29015e+00	-2.32486e-01	1.04459e+00	-1.09087e-01
1.95810e-02	-8.55821e-01	9.22771e-01	-3.12312e-01
3.29679e-02	-7.24790e-01	1.72220e-01	-9.87001e-01
4.09587e-01	-4.46189e-01	6.12867e-01	2.75451e-02
4.21473e-01	6.61364e-01	1.06269e+00	-1.06239e-01
3.26220e-01	6.03538e-01	1.49773e+00	-7.81086e-01
1.65964e-01	6.99606e-01	4.85246e-01	-7.23034e-01
5.30589e-03	2.29912e-01	6.34490e-01	7.23080e-01
3.48503e-01	2.47866e-02	8.52501e-01	5.00551e-02
4.10508e-01	4.97900e-01	1.69592e+00	-8.49979e-02
5.48654e-01	1.35513e-01	5.60742e-02	-5.95999e-01
1.19691e+00	-4.61152e-01	1.77258e+00	5.47936e-02
6.55592e-01	-7.58683e-01	1.75907e+00	7.89119e-02
1.94171e+00	-4.02491e-01	1.73528e+00	-6.98251e-01
8.37099e-01	-9.61260e-01	1.78000e+00	-6.05479e-01
4.38828e-01	-3.10709e-01	1.08072e+00	3.97914e-02
3.43392e-02	-4.58578e-01	5.05198e-02	-5.06126e-01
5.06870e-01	4.33193e-01	4.13721e-01	6.59808e-01
1.54932e-01	-9.35714e-01	2.15350e-01	-3.62322e-01
4.82335e-01	-6.25877e-02	4.31591e-01	-7.25270e-01
3.97265e-01	9.67467e-01	1.26858e-01	-9.66683e-01
9.06676e-01	8.48213e-01	1.54271e+00	1.73718e-01
5.86497e-01	2.93834e-01	2.19127e-01	-8.40736e-01
1.37386e+00	3.41036e-01	1.14946e+00	9.06657e-01
6.70093e-01	3.28921e-01	3.54679e-01	1.32593e-01
4.05046e-01	-7.25966e-01	4.02656e-01	-6.96347e-01
9.73952e-01	-8.17729e-01	4.37112e-01	-9.75732e-01
8.48100e-01	6.70112e-01	2.78620e-02	-9.65935e-01
1.07958e+00	3.20714e-01	1.02101e+00	-3.68393e-01
5.09239e-02	-9.38817e-01	1.79928e+00	-6.12626e-01
1.85290e+00	-6.54156e-01	6.44651e-02	-1.74997e-01
1.66954e-01	-1.37721e-01	1.85149e-01	-7.87738e-01
2.53265e-01	-8.20570e-01	4.19346e-01	9.14695e-01
1.42855e-01	-2.60367e-01	5.33313e-03	-9.97728e-01
9.73998e-01	5.27970e-01	8.42121e-01	1.27260e-01
2.83072e-01	-3.70627e-01	1.69506e+00	9.86166e-02
1.96555e+00	3.15515e-01	1.02990e+00	8.55195e-01
5.27381e-03	-9.77979e-01	8.73780e-01	-1.95406e-01
6.16820e-02	-6.87965e-01	6.68305e-01	-9.26127e-01
4.84121e-01	-2.92529e-01	7.50314e-01	-3.33805e-01
2.24652e-01	-8.20738e-02	3.97136e-01	6.33918e-01
1.61200e+00	-5.96131e-01	1.31730e+00	3.66260e-01
4.47240e-01	1.97305e-01	6.53324e-01	-4.31182e-01
4.20388e-02	-8.80924e-01	9.97233e-02	4.75666e-01
