# No. of particles = 100 
# Proton - Solar wind	Electron - Solar wind	
1.07427e+00	4.53416e-01	5.45385e-01	-8.66867e-02
2.29544e-01	-7.67840e-01	1.72152e+00	-6.47291e-01
1.96814e+00	5.76733e-01	1.25542e-01	-9.43405e-01
8.15414e-01	-4.86827e-01	6.31316e-01	-7.04193e-01
6.17006e-01	-6.62187e-01	1.73520e+00	-7.78080e-01
1.99040e+00	-2.20517e-01	1.36769e-01	-7.67261e-01
8.50934e-02	-9.66372e-01	6.10975e-01	9.42639e-01
1.07674e-03	-5.07355e-01	3.49456e-01	-4.28820e-01
3.26735e-01	-9.57415e-01	1.51172e+00	-8.79140e-01
4.82340e-02	-9.92963e-01	5.50984e-01	-7.78592e-02
4.83844e-01	6.13581e-01	4.13313e-01	-4.80385e-02
1.27977e+00	6.61392e-01	5.25065e-01	-2.37286e-01
1.81343e+00	1.48306e-01	1.22557e+00	-9.14824e-01
3.70300e-01	-5.97525e-01	6.68238e-01	-7.55177e-01
1.43830e+00	-7.83237e-01	1.11196e+00	2.29859e-01
2.38253e-01	-8.06312e-01	6.61395e-01	7.11326e-02
2.86385e-01	9.95540e-01	1.63062e+00	-1.92825e-03
1.81285e-01	-6.38503e-02	7.86938e-02	-8.59786e-01
6.68101e-01	-7.79069e-01	1.26258e+00	-4.31909e-01
1.66606e+00	9.28453e-01	1.35366e+00	6.19495e-01
1.02993e+00	-5.11764e-01	1.37186e+00	-7.95116e-01
8.41918e-02	-8.10092e-01	7.63901e-01	-1.25597e-02
2.94115e-01	-9.10616e-01	1.90588e-01	1.07131e-01
2.19490e-01	-7.81178e-01	1.40006e-02	-9.59600e-01
4.57827e-01	-8.30203e-01	1.81809e+00	-5.96174e-01
4.27098e-01	-5.60096e-01	9.99263e-01	-2.22521e-01
6.78160e-01	5.46872e-01	1.86001e-01	-7.07742e-01
8.80015e-01	1.92060e-01	1.34867e+00	7.30579e-02
2.04639e-01	-9.54069e-01	1.20687e+00	9.10685e-01
1.33667e-01	-7.52077e-01	9.02078e-01	5.36266e-01
2.49869e-01	-7.31986e-01	8.28776e-02	5.01310e-01
6.58077e-02	-9.96422e-01	1.29824e+00	-4.77743e-01
4.93760e-01	-2.55331e-01	1.71099e+00	3.57412e-01
2.61595e-01	5.88265e-01	1.83456e-02	-9.08144e-01
2.73957e-01	-4.54502e-01	3.04873e-01	-7.05855e-01
8.70633e-01	-8.21660e-01	2.57435e-01	-4.02613e-01
5.96941e-01	5.78394e-01	1.88093e+00	-5.22672e-01
1.46338e+00	-6.98227e-01	9.63197e-01	-3.43736e-01
1.27878e+00	-7.95206e-01	1.66419e+00	-2.25821e-01
1.74975e+00	3.12279e-01	4.87211e-01	-9.97450e-01
1.93333e+00	-4.27426e-01	1.86049e+00	4.90806e-01
9.60335e-01	7.12884e-01	1.54371e-01	7.12102e-01
6.67140e-01	-4.28569e-02	4.85567e-01	5.15224e-01
6.05100e-01	-2.81300e-01	1.18670e+00	3.15673e-01
1.29488e+00	5.41973e-01	1.94945e+00	-9.63831e-02
2.44728e-01	-7.20849e-01	2.31142e-01	-3.87576e-01
1.56798e-01	-7.66281e-01	8.38682e-01	5.11722e-02
9.04034e-02	-9.10081e-01	6.34418e-01	-1.54678e-01
3.02147e-01	3.52606e-01	1.26219e+00	-7.36445e-01
2.35440e-02	-3.15445e-01	1.79349e+00	6.46295e-01
1.57486e+00	-3.92746e-02	1.79029e-01	-6.40920e-01
3.12424e-01	-3.65864e-01	3.03378e-01	8.05665e-01
5.96245e-02	-9.10656e-01	1.03666e+00	-8.45507e-02
2.46182e-01	-6.36320e-01	2.90704e-01	-7.13534e-01
2.37889e-01	-5.82116e-01	1.38312e+00	5.04025e-01
1.65786e+00	-9.34648e-01	4.46973e-01	-5.78380e-01
2.03262e-01	7.49508e-01	1.44110e+00	2.59939e-01
3.87280e-02	-9.87982e-01	6.22318e-01	4.40663e-01
1.82596e+00	-8.60498e-01	7.93108e-01	1.87479e-01
7.51712e-01	-1.64903e-01	1.42083e+00	8.38081e-02
5.04672e-01	-2.73424e-01	1.34427e+00	-3.28591e-01
1.68716e+00	1.42927e-01	1.50811e+00	-4.49779e-01
8.78459e-01	7.34791e-01	3.47566e-03	-9.91204e-01
2.07753e-02	-9.47184e-01	1.94006e+00	-7.91024e-02
6.68758e-02	-6.41909e-01	2.37517e-01	2.46577e-01
9.63162e-01	-4.64290e-01	1.51876e+00	8.80528e-02
1.79563e+00	4.24101e-01	1.32477e+00	-3.10701e-01
8.26937e-01	4.67942e-01	4.69943e-01	8.79107e-01
6.40797e-01	6.42527e-02	1.25376e+00	3.19605e-01
1.53593e+00	1.28543e-01	3.92683e-01	-4.69540e-03
6.42441e-01	3.62565e-02	1.03238e+00	9.03045e-02
1.13475e+00	-3.68576e-01	7.53516e-01	1.12600e-01
5.89228e-01	1.48849e-01	1.03916e+00	6.12676e-01
7.57255e-02	-2.11577e-01	3.34615e-01	8.30800e-02
7.13651e-01	-3.67520e-01	5.70626e-01	-7.75476e-01
1.59065e-01	2.97266e-01	1.33297e+00	2.14592e-01
3.58012e-01	-3.07060e-01	8.00453e-01	2.75595e-01
9.99000e-02	-5.64025e-01	1.39265e+00	-9.23806e-01
1.21740e+00	7.85322e-01	9.01615e-01	4.77552e-01
1.35308e-01	-5.66593e-01	1.70501e+00	-8.69838e-01
4.69449e-01	9.90684e-01	4.72822e-02	-9.68860e-01
7.22530e-01	9.19315e-01	1.65328e-01	-9.93541e-01
1.61829e+00	8.06563e-01	1.09406e+00	-7.61062e-02
4.34776e-01	-8.97784e-01	4.43426e-01	5.02270e-01
1.19502e-01	-6.67650e-01	1.35573e+00	1.31023e-01
3.68218e-01	4.80853e-01	3.70207e-02	-9.83059e-01
5.05262e-01	-2.30565e-01	1.99572e+00	-4.14215e-01
1.58027e+00	-7.88059e-01	3.72951e-01	-9.11579e-01
7.18191e-01	-6.58592e-01	1.64766e+00	3.17419e-01
6.99967e-01	-9.39428e-01	1.39476e-01	2.21915e-01
1.78155e-01	-4.96292e-01	1.30471e+00	9.10650e-02
1.51659e-02	-8.99361e-01	1.82142e-01	1.88861e-01
8.01141e-01	6.36569e-01	4.97482e-01	7.82998e-01
6.32180e-01	5.28553e-03	5.82685e-01	6.34375e-01
1.79211e+00	1.69855e-01	3.33458e-01	8.48264e-01
9.51281e-01	2.41317e-01	6.97550e-01	2.14249e-01
2.31268e-02	9.30950e-02	8.69027e-01	-4.12265e-02
6.52400e-01	9.39277e-01	3.83988e-01	-8.71206e-01
1.27339e-01	-4.66841e-01	1.22819e+00	4.88336e-02
1.94882e+00	-5.51363e-01	7.96115e-01	6.37090e-01
