# No. of particles = 100 
# Proton - Solar wind	Electron - Solar wind	
9.79644e-01	5.83308e-01	3.63155e-01	-3.52949e-01
1.44806e+00	-4.96115e-01	1.13953e+00	-7.02080e-01
1.65777e+00	-5.08102e-01	7.00045e-01	-9.43366e-01
1.35528e-01	-8.74084e-01	3.35935e-01	-4.40280e-01
1.76073e+00	4.93886e-01	3.04635e-03	-9.50919e-01
8.11478e-02	-1.86281e-01	7.23466e-01	-7.17167e-01
5.40190e-01	-6.31943e-01	5.05426e-01	-3.20446e-01
1.27588e+00	6.22732e-01	5.21707e-01	-7.90847e-01
7.48442e-02	-9.54366e-01	1.39456e+00	-6.94236e-01
1.11448e-01	-8.38251e-01	5.28920e-03	-6.58408e-01
1.38990e+00	7.64634e-01	5.35737e-01	-2.26711e-01
5.25310e-01	-5.38433e-01	1.51016e+00	2.21222e-02
3.23547e-01	-9.53603e-01	9.38008e-01	-5.96003e-01
3.54259e-02	-8.74212e-01	3.51045e-03	-9.81446e-01
3.45766e-01	-5.35577e-01	1.76698e-01	-9.26156e-01
1.24140e+00	5.24598e-01	2.64166e-01	3.85513e-01
6.21752e-01	-9.82791e-01	3.43212e-01	-3.64834e-01
1.58215e+00	5.21023e-01	1.00849e+00	-1.96922e-02
1.81562e+00	-2.24501e-01	1.67764e-01	-5.04411e-01
2.55885e-01	4.43458e-01	1.32241e+00	-1.96730e-01
9.71293e-01	-6.81440e-01	3.75174e-01	1.54946e-01
5.20680e-02	-9.47420e-01	4.11945e-01	-8.41907e-02
9.29143e-02	-9.55636e-01	3.89913e-01	-7.12015e-01
1.92609e-01	-8.20033e-01	1.07776e+00	8.58716e-01
3.14770e-01	-9.59577e-01	7.30217e-01	4.33255e-01
1.70038e+00	4.53087e-01	3.74802e-02	-8.81581e-01
5.77100e-01	-5.94878e-01	3.05875e-01	-7.16784e-01
1.60943e+00	3.90970e-01	1.48937e+00	-4.26364e-01
1.82599e+00	-2.01043e-01	1.44708e+00	-8.43335e-01
1.86517e+00	4.33852e-01	7.49158e-03	-8.76329e-02
4.07085e-02	-7.75592e-01	9.06153e-01	-7.39165e-01
1.06428e+00	9.22125e-01	1.32877e+00	-1.62296e-01
4.82804e-02	-3.83996e-01	1.52683e-02	1.19438e-01
2.23493e-01	-5.46442e-01	6.99104e-01	4.56145e-01
5.32489e-02	-9.62018e-01	1.00025e+00	5.14573e-01
9.56427e-01	-7.43935e-01	1.57625e+00	8.39226e-01
4.30157e-01	5.34959e-01	2.67930e-02	-9.31704e-01
2.52913e-01	-7.83119e-01	6.49434e-01	4.03246e-01
7.00890e-01	-6.90586e-01	1.53169e+00	-4.12990e-01
1.67310e+00	-4.80108e-01	7.71717e-01	2.71973e-01
1.41168e+00	-7.17059e-01	2.75850e-01	-7.16920e-01
1.78016e+00	1.09547e-02	8.18617e-02	-9.21323e-01
1.51497e+00	-7.44843e-01	5.64145e-01	-8.63846e-01
2.81050e-01	-5.31261e-01	6.76703e-02	-7.39714e-01
1.53094e+00	8.76622e-01	1.16050e+00	3.92176e-01
2.24974e-01	-2.31761e-01	1.87004e+00	2.79865e-03
6.91242e-01	-7.69471e-01	1.21771e+00	-3.22104e-01
4.14373e-01	-5.56212e-01	1.10867e+00	-6.57540e-01
4.31181e-01	4.81589e-01	1.65444e+00	-2.09788e-01
6.95407e-01	-5.26617e-01	1.11010e+00	-6.22519e-01
1.93944e+00	-3.59159e-01	6.53822e-01	-5.03052e-01
1.59693e-01	-9.09163e-01	2.84414e-01	-4.29520e-01
9.06577e-02	-5.02597e-01	1.27147e+00	2.06879e-01
1.18608e+00	-8.86702e-01	1.47490e-01	9.78460e-02
6.33000e-01	-7.51993e-01	1.56366e+00	1.20440e-01
7.95837e-01	-2.68617e-01	1.15273e+00	-9.53687e-01
6.79600e-01	-7.88340e-02	1.63082e+00	-1.73124e-01
1.02024e+00	-1.35263e-01	1.58126e-01	-7.96433e-01
4.93268e-01	-7.45140e-01	2.95459e-01	-5.02437e-01
1.47385e+00	4.61440e-01	5.93521e-01	4.10888e-01
1.49970e+00	1.00866e-01	1.85988e+00	-7.07838e-01
7.75558e-01	-8.31005e-01	1.45332e-01	9.46126e-01
1.90000e+00	-1.77747e-01	9.39940e-02	8.91801e-01
8.64484e-01	4.54026e-01	4.56338e-02	-2.81686e-01
1.56980e+00	-2.39736e-01	1.21777e+00	9.41518e-02
1.08031e+00	-4.40145e-01	1.79390e+00	3.60695e-02
4.41153e-01	-3.18219e-01	4.44729e-02	-7.87545e-01
2.79865e-01	2.32992e-01	1.80981e+00	6.49725e-01
3.74847e-01	-8.57908e-02	9.21431e-01	7.65975e-01
1.62492e+00	-8.53354e-01	2.20925e-01	-9.67316e-01
1.82150e+00	-2.06998e-01	8.43872e-01	-9.22837e-01
1.57082e+00	2.56504e-01	5.63975e-01	4.90469e-01
6.02234e-01	3.70048e-01	2.49602e-01	5.02242e-01
1.71469e+00	8.37629e-01	9.56401e-02	-8.24423e-01
1.46458e+00	-4.49518e-01	7.87708e-01	-3.07863e-01
1.30964e+00	-9.08146e-01	9.61678e-01	-3.10782e-01
1.30853e+00	2.35473e-01	6.22735e-01	-6.30982e-01
7.79346e-03	-7.71843e-01	1.85482e+00	5.36511e-03
1.12377e+00	2.41189e-01	2.91374e-01	1.18155e-01
3.58637e-01	-6.61328e-01	3.18400e-01	-1.86507e-01
6.51090e-01	4.95971e-02	1.77428e+00	6.92184e-01
1.11887e+00	3.43770e-01	1.80128e-01	-8.63391e-01
1.10889e+00	-5.68448e-01	8.85318e-02	6.54304e-01
1.85579e+00	-8.16186e-01	8.11948e-01	-8.33890e-01
5.72363e-01	8.32016e-01	1.71802e+00	6.53661e-01
1.84989e+00	4.35441e-01	1.44791e+00	2.27286e-01
1.04812e+00	3.96331e-02	3.20150e-01	-1.69342e-01
1.99151e+00	-8.09905e-01	1.90365e+00	4.18167e-02
2.27913e-01	-8.55121e-01	1.82338e+00	-4.14684e-02
1.78364e+00	-2.94661e-01	1.88901e+00	5.24174e-01
1.16738e+00	7.45394e-01	1.49204e-01	5.33929e-01
1.02266e+00	-6.55617e-02	1.18060e+00	-4.64368e-01
6.41071e-01	-3.01515e-01	1.47723e-01	-8.19652e-01
1.76059e+00	5.20905e-01	1.30878e+00	3.68738e-01
1.18419e+00	7.70526e-01	6.25102e-01	-7.49876e-01
9.12453e-01	7.58184e-01	7.72835e-01	-7.24024e-01
1.75856e+00	-1.63023e-01	1.84096e+00	-2.11510e-01
6.44317e-01	-2.80390e-01	9.69317e-01	-8.04221e-02
1.79156e+00	5.00612e-01	9.02782e-02	-6.55854e-02
3.10303e-01	-5.54979e-01	1.99641e+00	-3.04005e-02
