# No. of particles = 100 
# Proton - Solar wind	Electron - Solar wind	
1.91309e-01	-1.17306e-01	4.16934e-01	-2.25087e-01
5.80765e-02	-8.80754e-01	5.31526e-01	8.55916e-01
2.44857e-01	-8.09029e-01	1.57331e+00	3.34424e-01
1.85686e-01	2.25568e-02	2.54404e-01	-4.18510e-01
4.53368e-01	7.04874e-01	7.70092e-02	-5.28321e-02
8.44373e-01	6.17015e-01	6.79075e-01	-8.26198e-01
1.41517e+00	3.13100e-01	1.15320e-01	-6.13217e-01
1.61182e+00	9.85989e-01	6.58134e-01	-8.62928e-01
7.09694e-01	-7.24811e-01	8.71411e-03	-8.94959e-01
1.67005e-01	-5.87107e-01	2.71091e-02	-9.47335e-01
1.02800e+00	4.30061e-01	1.51811e+00	-5.96703e-01
1.74087e-01	-7.82622e-01	1.52717e-01	-4.41167e-01
6.62784e-01	-5.94529e-01	1.33978e+00	5.55612e-02
9.73208e-01	4.58889e-01	1.67462e+00	8.99791e-01
3.23387e-01	1.37523e-01	1.87113e+00	-1.09925e-01
8.21683e-01	-5.19154e-01	4.61118e-01	-8.58351e-01
5.86614e-02	-8.34593e-01	7.98381e-01	-4.18505e-01
3.96869e-02	7.11989e-01	4.13049e-01	-7.89292e-01
9.31735e-01	4.25897e-01	1.07398e-01	8.47008e-01
3.93530e-01	-2.36132e-01	1.22197e+00	9.59135e-01
1.61594e-01	-8.16959e-01	6.71986e-01	-8.36242e-01
4.06988e-01	-4.96547e-01	4.31442e-01	-8.77921e-01
1.86325e+00	1.57003e-01	2.05576e-02	-5.13303e-01
1.70708e-01	-1.13801e-01	1.49039e-01	-7.40758e-01
1.51442e+00	-6.89385e-01	1.83922e+00	3.17143e-02
2.73727e-01	-2.13812e-01	1.81913e+00	-6.87096e-01
6.27403e-02	-4.61435e-01	1.76887e+00	-3.25967e-01
1.53905e+00	3.86232e-01	1.05135e+00	-7.85903e-01
1.54504e+00	-4.33013e-01	1.11847e-01	-8.08879e-01
1.55894e+00	-3.59141e-01	7.19244e-02	-8.88493e-01
1.09242e+00	8.82030e-01	8.23334e-01	-2.61342e-01
1.52150e+00	-4.78424e-01	1.73649e+00	-6.56083e-01
6.33045e-01	6.02095e-01	1.70718e+00	-7.31140e-01
4.45615e-01	1.00197e-01	6.13519e-01	2.23874e-01
1.55342e-01	-9.06903e-01	8.26086e-02	-7.50304e-01
1.17838e+00	-1.52481e-01	1.14355e+00	6.65361e-01
7.84807e-01	-7.90196e-01	4.36701e-01	-5.87336e-01
3.26732e-01	6.22139e-01	4.21944e-01	5.39436e-01
3.38352e-01	6.77987e-01	1.72165e+00	-3.36319e-01
6.98859e-01	-6.80037e-02	1.78242e+00	-3.91600e-01
5.85197e-01	-8.51309e-01	1.96103e+00	2.31606e-01
1.37881e+00	-6.39147e-01	3.60090e-01	-8.26709e-01
7.98427e-01	9.21366e-01	1.84832e+00	-3.35492e-02
2.71008e-02	-9.49093e-01	1.70194e-01	1.51483e-01
3.12262e-01	4.63771e-01	1.31261e+00	5.40566e-01
9.70647e-01	-3.39356e-01	3.98202e-02	-9.78879e-01
9.44391e-01	-3.10872e-01	4.21999e-02	-8.97017e-01
1.58055e+00	-5.87832e-01	2.83167e-01	-1.92904e-01
1.49440e+00	9.66018e-01	1.27148e+00	2.33516e-01
1.80067e+00	5.37401e-02	1.53605e+00	2.09044e-01
1.56915e-01	-6.75553e-01	1.17618e+00	-7.29039e-01
7.86393e-01	-4.66441e-01	5.19038e-01	-9.72801e-01
1.03955e+00	5.89518e-01	4.79564e-01	3.75290e-01
8.18621e-01	2.29348e-01	1.53470e+00	8.37909e-02
9.09670e-01	7.48376e-02	1.52113e+00	5.74127e-01
1.72953e+00	-3.40818e-01	1.04527e-01	-9.31004e-01
1.89089e+00	2.61957e-01	1.23554e+00	5.91246e-01
1.88622e+00	2.11443e-01	1.21198e-01	-9.37615e-01
1.36636e-01	4.44448e-01	5.78499e-01	-5.69433e-01
3.41357e-01	-6.73951e-01	7.10587e-01	2.96066e-01
1.51959e-02	-8.74585e-02	6.40690e-01	7.68536e-03
2.45684e-01	-7.32184e-01	1.19369e+00	5.09769e-01
1.27709e+00	-9.39935e-02	2.54910e-01	-3.76025e-02
1.07517e+00	1.54883e-02	6.66356e-01	-4.98376e-02
1.03011e+00	-7.48993e-01	1.61995e+00	6.38068e-01
3.76358e-01	4.07744e-01	1.99640e+00	-9.53320e-01
4.23191e-01	8.35122e-01	1.45724e+00	-1.01712e-01
1.64920e-01	-2.93563e-01	1.48796e+00	-6.78834e-01
4.40166e-01	-2.11374e-01	1.56330e-01	-1.87353e-01
1.28075e+00	6.30051e-01	5.45896e-01	-6.22501e-01
3.87720e-01	9.50810e-02	4.73855e-01	-9.46451e-01
1.62207e-01	-6.77944e-01	1.61585e-01	-5.10981e-01
1.34309e+00	4.42417e-01	1.08598e-01	5.09566e-01
2.02664e-01	-3.87332e-01	9.15406e-02	-8.54478e-01
3.64746e-01	-7.27205e-01	1.31566e+00	-4.98004e-02
5.87449e-02	3.27707e-01	1.83957e+00	-6.76915e-03
5.19113e-03	1.30389e-01	1.27343e-02	-9.87807e-01
1.57183e+00	-1.34395e-01	1.38185e+00	-2.48218e-01
1.49247e+00	6.39911e-01	1.48629e+00	-4.81804e-01
6.33145e-01	5.46042e-01	1.79533e+00	-2.04041e-01
6.07188e-01	-6.65962e-01	1.38113e+00	-3.25767e-01
1.88873e+00	-8.00059e-02	8.43605e-01	3.17738e-01
4.67022e-01	-4.97259e-01	1.87113e+00	-9.77636e-01
5.13805e-01	-1.32976e-01	6.66023e-01	3.53116e-01
1.18122e-02	9.58733e-01	1.77866e-01	-3.33697e-01
1.36358e-01	-3.73271e-01	1.59835e-01	-9.35366e-01
1.76214e-01	-7.04694e-01	4.84944e-01	-6.15267e-01
1.26631e-01	7.53896e-01	9.27406e-02	-8.23140e-01
3.57942e-01	-2.08654e-01	5.55508e-01	-8.99335e-01
1.12052e+00	-7.84681e-01	5.00030e-01	4.67226e-02
7.90072e-02	-8.85602e-01	1.69948e+00	-5.09009e-01
7.54190e-01	5.52247e-01	9.60028e-01	-2.96677e-01
3.47050e-01	-3.59360e-01	6.34318e-01	-7.84512e-01
9.48895e-01	1.60289e-01	1.68249e+00	5.25199e-01
1.52150e-01	8.42562e-01	1.66943e-01	1.14259e-01
1.17051e+00	7.01053e-01	6.96521e-01	-6.38121e-01
1.93892e+00	8.45642e-01	9.41927e-02	2.29736e-01
1.11458e+00	-4.62475e-01	7.00596e-01	3.10010e-01
7.45555e-01	2.37663e-01	4.03583e-01	-1.94043e-01
8.62808e-01	-9.15789e-01	1.47369e+00	8.32432e-01
