# No. of particles = 100 
# Proton - Solar wind	Electron - Solar wind	
1.89681e+00	-2.41304e+00	3.12805e-01	-2.45708e+00
1.99858e+00	-1.75285e+00	1.94694e+00	-2.06993e+00
4.73668e-02	-2.26632e+00	1.52555e-01	-8.13448e-01
4.84438e-01	-2.25493e+00	2.03888e-01	-2.28742e+00
7.55314e-01	-2.36295e+00	4.19681e-01	-1.88272e+00
2.34958e+00	2.91342e-01	1.56096e-01	-2.47740e+00
6.47197e-01	-2.31713e+00	1.43012e+00	5.96013e-02
6.75400e-01	-2.32453e+00	4.71069e-01	-2.13920e+00
1.89000e+00	-2.43357e+00	2.75206e-01	-2.29326e+00
1.44286e+00	-2.13781e+00	2.46100e+00	1.51618e+00
2.87677e-01	-2.27677e+00	3.51652e-01	-2.47537e+00
1.49420e+00	-2.00746e+00	1.24235e+00	-1.79385e+00
2.66039e-01	-2.36341e+00	8.95455e-01	1.26962e+00
2.25009e+00	-2.34652e+00	2.00903e+00	1.83414e+00
6.80465e-01	-2.45549e+00	1.82142e+00	-8.73815e-01
3.61201e-01	-2.25787e+00	1.00526e+00	-1.79980e+00
1.03919e+00	-1.92124e+00	1.82071e+00	8.81350e-01
1.22768e+00	-1.94522e+00	3.66815e-01	-2.28331e+00
1.13049e+00	-2.18428e+00	1.49314e+00	-6.37040e-01
7.42827e-01	-2.39885e+00	7.45160e-01	-1.04769e+00
7.95551e-01	-2.35557e+00	2.76601e-01	-2.41483e+00
1.68219e+00	-2.48249e+00	2.41659e+00	-9.31511e-02
1.66945e-01	-2.35327e+00	1.78764e+00	-1.98592e+00
2.82325e-02	-2.49470e+00	3.16211e-02	-1.13175e+00
1.27974e-01	-2.39860e+00	5.08923e-01	-2.41762e+00
3.72082e-01	-2.21247e+00	1.60729e+00	2.18352e+00
2.48431e+00	2.20604e-01	1.34058e+00	2.89720e-01
3.76146e-01	-2.20171e+00	1.63215e+00	-1.43183e+00
5.78713e-01	-2.42061e+00	6.12542e-01	-2.30159e+00
1.43028e+00	-2.40696e+00	6.22050e-01	6.88026e-01
8.30109e-01	6.32370e-01	2.18614e+00	-2.33712e+00
9.87955e-03	-2.29860e+00	2.46724e-01	1.16464e+00
9.45887e-01	-1.92572e+00	6.45258e-01	6.46331e-02
9.21829e-01	-2.04644e-01	2.62118e-01	-1.01388e+00
8.41351e-01	-5.80154e-01	2.11846e+00	-1.53877e+00
1.13229e+00	-2.36129e+00	1.16411e+00	-9.42657e-01
1.96830e+00	-8.38350e-01	1.66182e+00	1.15522e+00
2.18062e+00	-2.17132e+00	1.92906e-01	-2.21620e+00
2.02354e+00	-2.32420e+00	1.28163e+00	-1.96712e+00
5.89104e-01	-5.21161e-01	2.08360e+00	-2.47830e+00
4.46981e-01	-2.09755e+00	1.02015e+00	-5.58425e-01
1.98908e+00	-2.33537e+00	2.06720e+00	-1.78181e+00
6.50213e-01	-2.26873e+00	1.42303e+00	-2.04486e+00
1.13533e+00	-2.09250e+00	1.86480e+00	2.42462e-01
2.41108e+00	5.66361e-01	6.75670e-01	9.12470e-01
2.11835e+00	-1.88444e+00	8.20457e-01	-2.91758e-01
1.13046e+00	-2.44914e+00	1.63444e-01	1.00562e+00
1.97412e+00	-5.78351e-01	6.12480e-01	-7.16515e-02
2.46652e+00	-2.33209e+00	1.89020e+00	-2.32899e+00
5.02142e-01	-2.21758e+00	8.45062e-01	-1.04658e+00
1.02286e-01	-2.30025e+00	1.45204e+00	-1.81411e+00
1.70042e+00	-8.17591e-02	2.36319e-01	-2.01854e+00
6.22814e-01	-2.43591e+00	2.20934e+00	6.36780e-01
1.41083e+00	-2.91037e-01	2.15395e+00	-2.18789e-02
1.68633e+00	-2.04052e+00	1.78477e+00	1.22444e-01
7.55610e-01	-2.12792e+00	1.69328e+00	-5.79937e-01
1.82501e+00	4.11203e-01	1.86690e+00	-8.66921e-01
3.78910e-01	1.97222e-01	4.75412e-02	-2.36470e+00
1.22957e+00	-2.40630e+00	2.55344e-01	1.95560e+00
6.82137e-01	-1.24677e+00	1.20510e+00	-1.30827e+00
1.00751e+00	-2.37834e+00	6.87097e-01	-4.07328e-01
2.32357e+00	-4.55770e-01	2.24451e+00	3.71071e-01
2.41020e+00	-1.99160e+00	3.81168e-01	1.36254e+00
4.77178e-01	-5.16765e-02	8.16413e-01	2.04862e+00
3.48238e-01	-2.44587e+00	6.37680e-02	-2.26631e+00
6.33122e-01	-7.38408e-02	1.25276e+00	9.34612e-01
1.42894e+00	-2.26227e+00	1.78599e+00	6.15926e-01
7.77405e-01	-2.47023e+00	1.62572e+00	1.19460e+00
3.54704e-01	-2.31649e+00	1.08917e+00	-6.52824e-01
1.87785e+00	4.89751e-01	2.18391e+00	-6.05852e-01
1.13753e+00	-1.72127e+00	1.94007e+00	-1.81053e+00
1.51183e+00	-1.94770e-01	9.13708e-01	-2.11717e+00
2.19954e+00	-2.15209e+00	4.18696e-01	8.76733e-01
2.28933e+00	-4.45319e-02	1.86638e+00	6.55831e-01
1.97445e+00	1.54789e+00	2.58086e-01	4.79242e-01
3.65811e-01	1.50745e+00	1.16780e+00	1.31508e-01
1.49531e+00	-2.36310e+00	1.78749e+00	-1.90303e+00
2.79557e-01	-2.30828e+00	4.99891e-01	1.91333e+00
2.29540e+00	-9.87609e-01	1.50895e-01	-1.60808e+00
1.34412e+00	-2.34237e+00	9.23648e-01	-1.43649e+00
4.20539e-01	-2.33202e+00	4.69080e-01	-2.36647e+00
1.79283e-01	4.31520e-01	1.53017e+00	-1.41773e+00
2.06562e+00	-2.41548e+00	2.30667e+00	3.81215e-01
7.21009e-01	-2.05928e+00	8.59559e-01	5.38740e-01
1.74575e+00	-2.48903e+00	2.96786e-01	8.95019e-01
7.98306e-01	1.07488e+00	1.70818e+00	-1.59171e+00
7.02734e-01	-2.34892e+00	1.55750e+00	1.54896e+00
3.20199e-01	-9.20997e-01	1.07663e+00	-1.21856e+00
7.88279e-01	-2.16452e+00	1.75554e+00	1.32010e+00
3.23203e-01	6.89949e-01	5.32627e-01	-1.41864e+00
7.23675e-01	1.08006e+00	4.97187e-01	-1.13434e+00
7.12453e-01	4.76880e-02	1.23514e-01	-2.44347e+00
1.37686e+00	-2.31022e+00	7.03270e-01	-1.08039e+00
4.85434e-01	5.51149e-01	4.65095e-01	-1.70471e+00
8.42111e-01	-6.08703e-01	7.78779e-01	-2.22687e+00
5.23796e-01	-2.26794e+00	5.86366e-01	1.38717e-02
1.66054e+00	7.29362e-01	6.45094e-01	-1.31989e+00
1.80977e+00	-2.39498e+00	2.03794e+00	1.69237e+00
1.72294e+00	-2.01564e+00	1.04646e+00	8.89729e-01
1.07993e+00	3.61243e-01	1.49276e+00	1.69717e+00
