# No. of particles = 100 
# Proton - Solar wind	Electron - Solar wind	
2.09918e+00	-7.81702e-01	2.83473e-01	-1.47201e+00
2.45039e+00	-2.46798e+00	4.58722e-01	-1.76980e+00
1.22237e-01	-2.48202e+00	1.18421e+00	-1.79659e+00
1.81336e+00	-2.41920e+00	2.44664e+00	-1.37276e+00
6.41447e-01	-2.47374e+00	1.19329e+00	-2.12674e+00
2.47185e+00	-2.20561e+00	1.01762e+00	-2.39555e+00
1.15189e-01	-2.47504e+00	7.11135e-01	-1.00490e+00
6.19095e-01	-2.11798e+00	2.45409e+00	-9.98347e-01
8.95621e-01	-2.38380e+00	1.77140e+00	2.17045e+00
8.68055e-01	-2.49694e+00	2.33273e+00	-2.12279e+00
2.06763e+00	-2.09807e+00	7.38398e-01	-1.62364e+00
1.66535e+00	-1.71877e+00	5.52756e-01	-1.56084e+00
2.31283e+00	-2.11416e+00	6.20323e-01	-1.48531e+00
1.88106e+00	-2.02390e+00	1.39657e+00	-1.84321e+00
3.21880e-01	-2.44650e+00	1.86159e+00	-2.14847e+00
4.64364e-01	-2.45806e+00	2.38898e+00	-2.03296e+00
2.64810e-01	-1.97297e+00	6.93334e-02	-2.23893e+00
2.36600e+00	-1.89718e+00	2.20837e-01	-2.08447e+00
1.59500e+00	-1.58340e+00	6.63084e-01	7.61482e-02
4.33358e-01	-2.26038e+00	8.11271e-01	-9.57820e-01
3.04332e-02	-2.49838e+00	7.17374e-01	-1.01413e+00
2.41183e+00	-1.62909e+00	5.61733e-01	-1.83876e+00
1.43689e+00	-3.89392e-01	3.69060e-01	1.06619e-01
2.44456e+00	-1.54405e+00	2.36580e+00	1.16103e+00
1.81798e+00	-2.44117e+00	5.51749e-01	-2.21566e+00
3.69489e-01	-2.17410e+00	7.72063e-01	-1.65908e+00
5.96358e-01	-2.49439e+00	1.44984e+00	1.69019e+00
1.02924e-01	-1.22782e+00	4.94428e-01	-2.02639e+00
4.60573e-01	-2.11495e+00	1.05573e-01	-2.35250e+00
3.81624e-02	5.28233e-01	2.47826e+00	-1.47562e-01
2.05725e+00	-1.39886e+00	2.05983e+00	7.34575e-01
1.13163e-01	-1.01442e+00	2.52778e-04	-2.35573e+00
1.91651e-01	-2.21360e+00	9.94616e-01	-7.09179e-01
2.27017e+00	-8.31167e-01	1.55020e+00	-1.67244e-01
4.37174e-01	-2.48037e+00	1.53288e-01	1.57478e+00
2.45487e+00	-1.60621e+00	1.18825e+00	-1.24122e+00
2.00112e-01	-2.23604e+00	2.12074e+00	1.72126e+00
2.36180e+00	-1.06020e+00	2.18523e+00	-7.48760e-01
1.52195e-01	5.79865e-01	1.04485e+00	-1.18181e+00
1.07069e-01	-2.35565e+00	5.99252e-01	7.95032e-01
3.70707e-01	-2.38981e+00	6.73928e-01	-2.41793e+00
2.30523e+00	-4.70440e-01	1.01871e+00	-1.01395e+00
2.35445e+00	-7.34572e-01	1.23477e+00	-1.13008e+00
5.19930e-01	3.45660e-01	1.97395e+00	-3.88589e-01
2.38774e+00	-7.97772e-01	2.03487e+00	-3.73836e-01
3.62381e-01	-2.30754e+00	2.05976e+00	-3.46378e-01
2.33424e-01	7.66483e-01	1.23017e+00	-2.38900e+00
2.12999e+00	-1.82010e+00	7.67181e-02	-8.53349e-01
2.44202e+00	-7.14661e-01	6.98546e-01	-2.18165e+00
1.21174e-02	-2.41395e+00	8.54733e-01	9.08804e-01
5.21199e-01	-2.12259e+00	2.32523e+00	-5.20868e-02
9.34873e-01	-2.42888e+00	6.23265e-01	-2.31330e+00
2.23533e+00	3.74328e-01	9.79748e-01	-2.49281e+00
9.99605e-01	-2.25967e+00	5.55156e-01	-2.43081e+00
7.35672e-01	-2.49660e+00	1.40046e-02	-9.68697e-01
9.45789e-01	4.20962e-01	4.34186e-02	-2.46885e+00
8.45473e-01	4.18103e-01	1.98780e+00	1.93964e+00
2.68591e-02	-2.39388e+00	1.84155e+00	-1.08796e+00
1.02706e-01	-1.09836e+00	2.08512e+00	-1.11976e+00
1.15566e+00	-3.46069e-01	1.31728e+00	1.44327e+00
1.88145e+00	3.01816e-01	3.03051e-02	-2.40395e+00
1.72063e-01	-1.45408e+00	4.69878e-01	2.81512e-01
2.36079e+00	-4.56764e-01	4.92526e-01	-5.44344e-01
1.53445e-01	2.47572e-01	5.45858e-01	-4.92411e-01
1.94405e+00	1.91549e-02	4.88539e-01	-1.77486e+00
3.75396e-01	-2.23739e+00	9.18527e-01	-2.39993e+00
7.19398e-01	-3.85321e-01	1.38601e-01	-2.27992e+00
4.95664e-01	-2.08444e+00	8.70363e-01	1.86972e-01
2.37323e+00	9.75255e-03	1.84222e-01	1.36883e+00
2.34684e+00	1.24376e-01	6.98911e-01	-3.56688e-02
1.09740e+00	-2.47504e+00	1.22246e+00	1.66249e+00
2.02159e+00	1.80526e+00	1.81516e+00	-5.23639e-01
9.28666e-03	-9.77024e-01	1.02116e+00	-8.49248e-01
5.24461e-02	-2.26386e+00	3.22922e-03	-2.21047e+00
5.74942e-01	-2.76188e-01	2.05804e+00	1.23054e+00
1.14965e-01	1.05540e-01	2.22323e+00	4.71599e-01
6.07580e-01	-1.24203e-01	2.48532e+00	4.46479e-01
8.51126e-01	-2.30607e+00	1.06303e+00	-4.65864e-01
2.49349e+00	7.99645e-01	1.25593e-01	-2.03485e+00
2.00123e-01	1.18747e+00	4.48021e-01	1.15996e+00
1.28232e-01	3.08048e-01	1.59685e+00	8.67236e-02
1.83630e+00	9.97839e-01	1.11122e+00	-2.22365e+00
9.02294e-01	-3.03037e-01	7.26274e-01	-1.95857e+00
1.36043e+00	7.46456e-02	2.77714e-02	2.00199e+00
7.84204e-02	6.39734e-01	1.16095e+00	1.32047e+00
1.47565e-01	7.71532e-01	7.89889e-01	8.61868e-01
3.60554e-01	5.27257e-01	9.76807e-01	1.66332e+00
1.31147e-01	-2.23808e+00	7.91146e-01	-2.34653e+00
2.29845e-02	2.42832e-01	3.21213e-02	-2.28859e+00
7.65493e-01	5.13317e-01	1.67815e-01	-7.39927e-01
2.32724e+00	1.60183e+00	1.47224e+00	-2.13818e+00
1.76967e+00	7.96351e-01	1.65025e+00	-2.35953e+00
2.14810e+00	1.09752e+00	2.37887e+00	1.26925e+00
2.89900e-01	-2.25356e+00	1.18582e+00	-2.03182e+00
1.70294e-01	1.74313e+00	1.51430e+00	1.22266e+00
1.54259e-02	1.34479e+00	2.09583e+00	-1.46064e+00
5.87642e-01	8.24037e-01	1.78435e+00	-7.14599e-01
1.09899e+00	-2.19672e+00	2.24495e+00	1.29894e+00
2.41879e+00	2.44987e+00	9.93102e-02	-8.94038e-01
6.59569e-02	-2.48648e+00	5.50908e-01	-1.78608e+00
