# No. of particles = 100 
# Proton - Solar wind	Electron - Solar wind	
1.00094e+00	3.32898e-01	1.05591e-01	-7.40624e-01
1.71371e-01	-8.35989e-01	1.41564e+00	-5.10245e-01
1.93727e+00	5.53621e-01	6.76113e-02	-8.42725e-01
7.36060e-01	-5.38420e-01	1.81561e+00	9.77581e-01
5.75430e-01	-6.88111e-01	3.98646e-01	4.32487e-02
1.83397e+00	-2.80532e-01	2.71705e-02	-8.99596e-01
3.64554e-02	-9.73351e-01	1.47208e+00	4.67382e-01
6.82116e-03	-6.08694e-01	3.59330e-01	-4.51504e-02
3.07853e-01	-9.57914e-01	2.81949e-01	-5.44159e-01
4.89996e-01	9.76036e-01	7.66412e-01	3.43224e-01
4.43488e-01	4.69252e-01	1.10140e+00	-7.85024e-01
1.25946e+00	6.30027e-01	2.37561e-01	-7.91169e-01
1.79003e+00	1.35518e-01	8.26235e-02	-6.39114e-01
3.24131e-01	-6.68911e-01	2.27042e-01	-7.80558e-01
1.40851e+00	-7.83776e-01	1.13397e+00	1.99598e-01
1.95922e-01	-8.53265e-01	1.28105e+00	-8.00355e-01
2.76782e-01	9.11849e-01	1.60408e+00	-5.18327e-01
1.80829e-01	-8.57754e-02	1.20402e+00	5.48467e-01
5.71755e-01	-8.09828e-01	2.35359e-02	-9.68155e-01
1.60263e+00	8.51828e-01	4.16908e-01	-9.75589e-02
9.36118e-01	-5.56068e-01	5.17307e-01	-8.92210e-01
5.09227e-02	-8.88780e-01	1.19892e+00	2.12532e-01
2.39436e-01	-9.24449e-01	6.25862e-01	4.48307e-01
1.78987e-01	-8.26540e-01	1.02801e+00	-1.05031e-01
2.29380e-01	-9.14467e-01	1.59967e+00	5.38694e-01
3.03948e-01	-6.82050e-01	1.87328e+00	-8.61380e-01
6.56342e-01	5.20974e-01	1.00160e+00	9.82170e-01
9.61077e-01	1.64516e-01	2.81867e-01	2.82740e-01
8.22901e-02	-9.71934e-01	1.93156e+00	1.82063e-01
7.24392e-02	-8.70354e-01	1.84069e+00	-8.25972e-01
2.20541e-01	-7.78024e-01	2.57163e-01	-9.08552e-01
1.16824e+00	9.33482e-01	1.30302e+00	-1.98537e-01
6.13234e-01	-2.11264e-01	1.76549e-02	-5.19098e-01
2.54624e-01	5.10907e-01	7.15818e-01	7.20894e-02
2.23339e-01	-5.80446e-01	4.93107e-01	2.70346e-01
8.51592e-01	-8.21854e-01	1.95657e+00	-1.30017e-01
5.82773e-01	5.21142e-01	6.65131e-01	-7.50451e-02
1.42909e+00	-7.01038e-01	1.14738e-01	-7.28704e-01
1.20101e+00	-8.03233e-01	5.69201e-01	-5.20848e-01
1.68560e+00	2.66421e-01	3.19351e-01	7.38965e-01
1.78303e+00	-4.68977e-01	6.09103e-01	-2.26768e-02
9.25753e-01	6.81042e-01	1.76176e+00	-3.91345e-02
6.57531e-01	-7.13210e-02	1.68369e-01	-1.08990e-01
5.99624e-01	-2.93418e-01	7.43095e-01	8.04641e-01
1.18481e+00	3.94793e-01	1.18028e-01	5.31068e-01
2.14821e-01	-6.44010e-01	1.42843e+00	9.61053e-02
1.33423e-01	-8.07329e-01	5.15769e-01	-4.87162e-02
7.98297e-02	-9.18863e-01	4.67222e-01	-9.01798e-01
2.96588e-01	3.11973e-01	7.51875e-02	7.18228e-01
2.70013e-02	-3.58736e-01	1.51592e+00	3.81663e-01
1.52826e+00	-5.86980e-02	1.59212e-02	-9.67311e-01
2.69644e-01	-4.73533e-01	1.88757e+00	2.78896e-02
4.63213e-02	-9.56711e-01	1.16534e+00	-9.84628e-02
2.31819e-01	-6.60950e-01	1.80562e+00	7.36579e-02
1.98860e-01	-6.74224e-01	1.69479e+00	9.88958e-01
1.58345e+00	-9.34267e-01	9.11516e-02	-9.72302e-01
2.00818e-01	7.01237e-01	6.22358e-01	-2.61353e-01
3.37639e-01	-8.66346e-01	7.69624e-01	-1.31983e-01
1.85987e+00	-6.75594e-01	8.16956e-01	-8.79612e-01
7.34787e-01	-1.86584e-01	8.49545e-01	-4.72246e-01
4.56343e-01	-2.40693e-01	8.12206e-02	-9.22727e-01
1.58824e+00	8.70621e-02	1.28793e+00	-1.74601e-02
8.61929e-01	6.87154e-01	1.77956e+00	-2.28634e-01
1.00963e+00	9.54436e-01	7.28517e-02	4.85686e-02
6.17353e-02	-6.85082e-01	1.13276e+00	-4.13500e-01
9.48450e-01	-4.64287e-01	1.02934e+00	-3.48110e-01
1.86088e+00	2.41634e-01	1.12218e+00	2.18149e-01
8.01691e-01	3.97181e-01	7.61053e-02	8.51407e-01
5.98380e-01	-1.35199e-02	5.65691e-01	2.30062e-01
1.42717e+00	6.50116e-02	1.61382e+00	1.60624e-01
5.45803e-01	-1.61282e-01	9.19478e-01	8.48408e-02
9.46467e-01	-4.68847e-01	1.63972e+00	-4.78699e-01
5.83992e-01	1.16988e-01	1.23934e+00	4.51665e-01
7.57135e-02	-4.08903e-01	6.78040e-01	-9.00456e-01
7.13945e-01	-3.66055e-01	4.34148e-01	-8.25944e-01
1.56260e-01	2.90950e-01	6.34659e-01	-4.30364e-01
3.43006e-01	-3.39799e-01	4.05331e-01	4.16852e-02
9.88086e-02	-6.26592e-01	6.43501e-01	-1.87578e-01
1.18381e+00	7.28292e-01	1.37820e+00	4.98946e-01
1.34993e-01	-5.88200e-01	4.03546e-02	-9.13304e-01
4.49739e-01	8.98375e-01	1.65620e+00	8.80353e-01
7.42035e-01	8.99964e-01	1.92704e+00	1.36431e-01
1.59836e+00	7.82416e-01	1.20418e+00	8.69529e-01
4.09955e-01	-9.01643e-01	1.14660e+00	5.14949e-01
5.55752e-02	-8.33778e-01	3.74484e-02	-9.54153e-01
3.66989e-01	4.65211e-01	1.89081e+00	2.97994e-01
5.06320e-01	-2.35762e-01	9.78817e-01	5.70303e-01
1.50032e+00	-7.94910e-01	3.41321e-01	-9.32683e-01
6.07289e-01	-7.07104e-01	1.09083e+00	2.80591e-01
6.70785e-01	-9.38800e-01	1.47913e+00	-1.71704e-01
1.78297e-01	-5.01803e-01	1.83221e+00	2.26256e-01
3.71347e-02	-9.45613e-01	5.78116e-01	2.60509e-01
7.96257e-01	6.14497e-01	1.57490e+00	-8.37604e-01
6.31070e-01	-1.72842e-02	3.42586e-01	-9.45352e-01
1.65458e+00	8.96780e-02	1.79522e+00	8.28222e-02
8.37114e-01	7.64530e-02	1.78166e+00	3.31252e-01
2.70414e-02	8.89275e-01	3.34782e-01	-5.49819e-01
6.20328e-01	8.90689e-01	1.19341e+00	-3.44009e-01
1.24499e-01	-4.95398e-01	1.27631e-01	-1.56566e-01
1.89218e+00	-5.62295e-01	1.82488e-02	-9.20323e-01
