# No. of particles = 100 
# Proton - Solar wind	Electron - Solar wind	
8.91066e+00	1.76468e+00	8.68461e+00	3.46914e+00
1.15816e+00	-1.23302e+00	2.73488e+00	-3.65323e+00
7.04494e-01	1.28484e+00	3.84835e+00	2.60137e-01
5.73915e-01	-4.91851e+00	3.85431e+00	1.70531e+00
2.65261e-01	4.78590e+00	8.58116e+00	3.51529e+00
6.46812e+00	4.99661e+00	7.91516e+00	3.66506e+00
9.75270e+00	3.90182e+00	6.97894e+00	7.22468e-01
8.92494e+00	9.39992e-01	3.38248e-01	4.41232e+00
7.28221e+00	2.84983e+00	5.73895e+00	-3.06651e+00
5.78459e+00	-5.95655e-01	8.43743e+00	4.89083e+00
6.55738e+00	-3.83214e+00	9.68637e+00	2.69022e-01
8.03300e+00	-3.66083e+00	5.95234e+00	4.97742e+00
9.23876e+00	-3.32719e+00	8.20669e+00	4.99584e+00
4.74761e+00	-1.29672e+00	9.11034e+00	4.97706e+00
8.56777e+00	2.90240e+00	5.45248e+00	-4.92608e+00
9.21247e+00	3.18572e+00	7.49191e+00	1.05033e+00
8.59806e+00	-2.05386e+00	1.27800e+00	4.52468e+00
7.88978e+00	-2.29683e+00	9.15698e+00	-2.15559e+00
8.05786e+00	-4.38661e+00	4.85210e-01	3.34018e+00
7.53295e+00	3.07103e+00	5.44729e+00	-3.52382e+00
5.51520e+00	-1.96398e+00	3.01459e+00	-9.57071e-01
9.30901e+00	-1.24286e+00	4.18953e+00	-4.26415e+00
9.19208e+00	-3.63550e+00	5.63241e+00	-2.38650e+00
5.65739e+00	-2.08881e-01	8.24897e+00	3.71271e+00
9.64799e+00	-3.56736e+00	7.18163e+00	3.54561e+00
7.80706e+00	3.95897e+00	9.03987e+00	3.82844e+00
8.55090e+00	-3.88406e+00	8.54381e+00	-1.86487e+00
8.60343e+00	3.16918e+00	6.80481e+00	1.60419e+00
9.55391e+00	-1.66309e+00	4.33227e+00	-1.58840e+00
6.94032e+00	-1.21917e+00	7.56885e+00	-2.85872e+00
8.41760e+00	-3.09884e-01	8.27008e+00	4.79107e+00
9.26749e+00	-3.77317e+00	4.60440e+00	5.58653e-02
7.46648e+00	5.64709e-01	4.74307e+00	1.58375e+00
8.34849e+00	8.99307e-01	3.24825e+00	2.02892e+00
8.87765e+00	-7.51200e-01	9.95257e+00	-3.14066e+00
9.14141e+00	-2.08059e+00	2.89092e-01	4.76108e+00
8.67886e+00	-4.20112e+00	9.51890e+00	4.26251e+00
6.98999e+00	-1.21053e+00	6.43398e+00	3.19823e+00
6.89476e+00	-3.27492e+00	7.76750e+00	-2.34563e+00
9.80500e+00	4.75856e+00	1.51540e+00	-2.35800e-01
7.91297e+00	-4.76391e+00	2.48686e+00	-4.17516e+00
8.22662e+00	8.09779e-01	2.22536e+00	1.62024e+00
9.97973e+00	1.95131e+00	9.37468e+00	3.33455e+00
9.36220e+00	3.89631e+00	8.83049e+00	-4.15770e+00
8.37695e+00	-3.86695e+00	6.88989e+00	4.49941e+00
6.70378e+00	-3.02078e+00	8.14956e+00	-7.47140e-01
9.88951e+00	2.49814e+00	3.64526e-01	-1.07186e+00
7.68465e+00	-3.89027e+00	4.03070e+00	-4.76677e+00
6.14450e+00	-1.29601e+00	1.62341e+00	-1.04922e-01
8.80817e+00	-4.54952e+00	7.71087e+00	2.51863e+00
9.68588e+00	-7.20039e-01	3.43615e+00	2.66417e+00
4.31482e+00	4.12228e+00	8.18084e+00	4.30173e+00
8.45165e+00	-2.96829e+00	9.98606e+00	4.31968e+00
5.22333e+00	-4.97693e+00	4.25321e+00	1.11193e+00
9.59376e+00	1.01846e+00	7.67736e+00	2.82229e+00
9.70918e+00	-1.83475e+00	2.11713e+00	-3.84862e+00
8.57925e+00	-9.74713e-01	2.67001e-01	3.49451e+00
6.46805e+00	9.36146e-01	9.44952e+00	3.11489e+00
9.81150e+00	-3.70941e+00	7.39430e+00	1.08960e+00
9.50619e+00	3.75351e-01	7.80570e+00	-2.55120e+00
9.48452e+00	-2.27057e+00	4.25182e+00	2.75494e+00
7.61059e+00	1.43586e+00	4.97388e+00	-1.14378e+00
9.24821e+00	4.02717e+00	6.85029e+00	1.67887e+00
7.68308e+00	8.01944e-01	8.09789e+00	2.29852e+00
5.65422e+00	1.02260e-01	2.62387e+00	3.90824e+00
8.38903e+00	-1.25868e+00	4.38644e+00	-2.90752e+00
9.93300e+00	-3.73865e+00	3.47317e+00	7.51364e-01
9.24730e+00	-1.20405e+00	9.75280e+00	1.43038e+00
6.03413e+00	-2.37128e+00	9.10389e+00	5.93582e-01
8.01219e+00	4.51820e+00	8.99281e+00	2.61991e+00
8.74342e+00	-2.85648e+00	6.11126e+00	-4.49873e+00
9.64299e+00	-4.16188e+00	3.90362e-01	2.58727e+00
4.53607e+00	-2.98136e+00	8.17936e+00	-2.68553e+00
9.25101e+00	1.48059e+00	2.63156e+00	-1.96435e+00
9.59067e+00	5.50920e-01	4.27297e+00	-1.69948e+00
9.66381e+00	2.20395e+00	2.68441e+00	-1.37257e+00
6.80007e+00	4.61935e+00	5.70826e+00	8.45542e-01
6.47631e+00	4.87865e+00	7.31237e+00	4.15007e+00
8.93554e+00	4.79225e-01	9.44528e+00	1.28112e+00
7.89294e+00	1.95121e+00	9.95594e+00	-3.06748e+00
9.83920e+00	2.13929e+00	2.21457e+00	-6.96046e-01
9.61499e+00	-3.62935e+00	4.18105e+00	-9.73765e-01
9.21208e+00	-3.76594e-01	2.57588e+00	-2.63096e-01
6.35499e+00	7.72272e-01	3.21123e+00	-3.33696e+00
9.99506e+00	6.18711e-01	6.77947e+00	4.77758e+00
9.70789e+00	-1.18190e+00	8.19098e+00	-1.56136e+00
8.83179e+00	3.48740e+00	7.77075e-01	-2.52942e+00
9.91029e+00	2.76459e+00	8.49656e-01	-2.97589e+00
8.33428e+00	-8.28388e-01	2.12959e-01	-2.04777e+00
7.99651e+00	1.08022e+00	6.01759e+00	-4.83591e+00
8.37509e+00	-3.34343e+00	7.60540e+00	3.87638e+00
8.64933e+00	3.22459e+00	6.61905e+00	3.19785e+00
8.54922e+00	-2.76214e+00	9.85577e+00	-2.29516e+00
8.77732e+00	-5.59729e-01	4.76467e+00	-4.43119e+00
9.36380e+00	-2.01002e+00	9.06944e+00	2.57915e+00
9.16077e+00	1.01655e+00	8.44213e+00	2.16637e+00
8.82666e+00	-1.71641e+00	9.04108e+00	1.65124e+00
9.99741e+00	3.79478e+00	9.65400e+00	-1.41810e+00
8.31060e+00	1.72594e+00	9.66558e+00	2.36607e+00
9.58643e+00	-4.24340e+00	7.24324e+00	9.99154e-01
