# No. of particles = 100 
# Proton - Solar wind	Electron - Solar wind	
1.12616e+00	-1.43814e+00	8.50011e+00	-9.72586e-01
3.75200e-01	2.89036e+00	9.94558e+00	1.45247e+00
9.97938e-02	-4.53328e+00	3.48402e-01	6.67082e-02
8.04038e+00	6.66327e-01	5.16771e+00	-2.77965e+00
8.38620e+00	4.39322e-01	8.62494e+00	2.17622e+00
9.93021e+00	1.50928e+00	5.49663e+00	-3.80449e+00
7.64470e+00	3.38385e+00	1.01127e-01	3.48319e+00
8.98084e+00	-3.16128e+00	5.20266e+00	-1.53389e+00
8.16243e+00	-3.37119e+00	9.83677e+00	6.40373e-01
9.77421e+00	-5.37414e-01	2.15586e+00	4.32585e+00
9.18787e+00	1.39548e+00	7.44303e+00	4.51076e+00
6.18367e+00	-2.05982e+00	2.03731e+00	1.28006e+00
4.91431e+00	4.91959e-01	3.32656e+00	9.02517e-01
9.04414e+00	-2.67525e-01	8.68387e+00	-7.79907e-01
6.63377e+00	3.78269e+00	2.82186e+00	-1.62617e-01
9.74204e+00	6.21754e-01	7.53623e+00	3.37269e+00
5.41780e+00	-1.35550e-01	2.35503e+00	-1.65097e+00
8.59988e+00	-6.05730e-01	4.59075e+00	-2.00537e+00
7.18726e+00	-2.16321e+00	2.18400e+00	8.15624e-01
8.22582e+00	-1.61662e+00	9.96813e+00	-4.28015e+00
7.89557e+00	-1.60987e+00	7.94844e+00	2.92879e+00
9.00802e+00	2.24484e+00	9.72606e+00	-2.39132e+00
9.20467e+00	4.05216e+00	9.64089e-01	1.05796e+00
9.86562e+00	4.79342e+00	7.48432e+00	-3.62838e-01
8.10299e+00	-3.12811e+00	2.35717e+00	-2.25832e+00
4.86705e+00	2.27155e-01	8.57005e+00	-2.42865e+00
8.73622e+00	-4.02993e+00	9.56837e+00	-3.50669e+00
9.02973e+00	-6.58436e-01	8.90838e+00	-1.97945e+00
8.41397e+00	3.31175e+00	8.67885e+00	1.02222e+00
8.18745e+00	1.54344e+00	8.17782e+00	2.94553e+00
9.76134e+00	4.07808e+00	3.02085e+00	-3.42758e+00
9.89169e+00	-4.15792e-01	1.09710e+00	-2.69650e+00
9.47379e+00	7.62810e-01	3.70049e+00	-1.97426e+00
6.72194e+00	8.76249e-01	5.40457e+00	4.08365e+00
8.81332e+00	2.53935e+00	8.50821e+00	-1.19668e+00
6.25780e+00	-7.19245e-01	7.23011e+00	2.72829e+00
9.78264e+00	-9.60406e-01	1.19475e+00	2.56078e+00
4.77328e+00	1.00379e+00	5.69270e+00	-6.85646e-01
9.52983e+00	-4.29551e+00	9.81070e+00	9.35395e-01
9.45873e+00	3.80258e+00	3.37336e+00	1.43792e+00
8.66966e+00	1.00928e+00	3.98174e+00	-1.54030e+00
9.93530e+00	2.19560e+00	4.06573e+00	-1.31798e+00
9.43905e+00	-4.25581e+00	2.39592e+00	-4.21351e+00
9.47968e+00	-1.37805e+00	9.77647e+00	3.91705e-01
7.32013e+00	-2.61082e+00	1.56085e+00	-2.59586e+00
8.03450e+00	-6.48110e-01	6.62273e-01	-2.83756e+00
9.46939e+00	-1.98506e-01	8.37480e+00	-3.36102e+00
8.55200e+00	1.69157e-01	5.88490e+00	2.29872e+00
8.67951e+00	-8.89086e-01	6.92830e+00	4.04753e+00
9.56019e+00	4.72672e+00	3.40097e+00	-5.41032e-01
9.80069e+00	2.90754e+00	8.86833e+00	4.06596e+00
9.43817e+00	3.05772e+00	2.93044e+00	-3.91119e+00
8.22209e+00	6.21718e-01	9.89831e+00	-1.56180e+00
7.92420e+00	-2.45342e+00	5.09667e+00	-1.13327e+00
9.24942e+00	3.29833e+00	7.05172e+00	-2.75525e+00
9.75013e+00	-4.35024e-01	2.33489e+00	-1.01641e+00
7.75139e+00	2.50789e+00	5.51537e+00	3.32430e+00
9.87169e+00	-3.67924e+00	4.89804e+00	3.83907e+00
9.00924e+00	5.05592e-01	8.19067e+00	-1.34281e+00
7.58108e+00	1.66777e+00	8.88603e+00	2.69154e+00
7.94105e+00	-2.61167e-01	5.90474e+00	7.42921e-01
8.40032e+00	1.23653e+00	8.85193e+00	-1.43859e+00
5.58401e+00	3.89657e-01	3.38754e+00	-3.66802e+00
8.69417e+00	1.62378e-01	9.49596e+00	-2.14093e+00
9.92728e+00	-2.35718e+00	7.73590e+00	-1.95772e+00
8.33358e+00	1.16849e+00	5.34777e+00	-2.79328e+00
9.89724e+00	-2.47698e+00	8.88770e+00	3.00339e+00
6.66954e+00	3.92855e+00	5.80793e+00	2.17735e+00
9.57898e+00	-3.12651e-01	5.82286e+00	3.97604e+00
7.98140e+00	5.09070e-01	6.34061e+00	1.42030e+00
6.54217e+00	1.04407e+00	9.07667e+00	-1.74320e+00
7.96798e+00	-3.56833e+00	5.15243e+00	-2.69559e+00
9.49708e+00	2.79388e+00	7.88316e-02	-2.13256e+00
9.28052e+00	1.83278e+00	6.00700e-01	2.20489e+00
9.42105e+00	-3.24114e+00	6.33885e+00	-4.80810e+00
7.16074e+00	2.62553e+00	9.12148e+00	1.86692e-01
8.97738e+00	-5.43130e-02	8.42061e+00	-3.65412e+00
7.67758e+00	3.55551e+00	5.66696e+00	3.00374e+00
8.44110e+00	-4.20491e+00	5.54559e-01	-1.68425e+00
8.09690e+00	3.76065e-01	1.25151e-01	1.15140e+00
9.06635e+00	-1.74235e+00	8.70832e+00	1.34119e+00
6.52379e+00	-1.79811e+00	9.52305e+00	4.01678e+00
8.98384e+00	-2.99877e+00	8.35847e+00	1.02479e+00
8.95856e+00	-2.39163e+00	8.62344e+00	1.15967e+00
6.20623e+00	5.79341e-01	9.85158e+00	-1.92488e+00
7.52377e+00	1.08307e+00	9.50307e+00	-2.46272e+00
9.47356e+00	4.02096e+00	8.98212e+00	-4.55069e+00
5.34512e+00	-1.96864e+00	9.02756e+00	2.82428e+00
7.65510e+00	2.05334e+00	5.13921e+00	-2.80024e-01
9.52934e+00	1.17497e+00	4.16831e+00	1.41994e-01
8.11968e+00	4.04561e+00	9.50703e+00	5.38226e-01
9.69682e+00	-3.75712e+00	8.72811e+00	3.24811e+00
7.83032e+00	2.19398e+00	5.97773e+00	-1.86945e+00
7.77794e+00	1.60990e+00	3.54705e+00	1.89507e+00
8.54530e+00	1.28836e+00	9.67132e+00	4.83293e+00
9.92326e+00	-3.42228e+00	9.30067e+00	-2.34826e+00
9.76111e+00	-3.59314e+00	9.86785e+00	-1.91431e+00
9.96072e+00	1.06069e+00	9.57270e+00	1.36293e+00
9.77195e+00	2.61795e-01	8.74301e+00	3.31587e+00
9.97020e+00	3.91543e+00	9.68035e+00	4.08063e+00
