# No. of particles = 100 
# Proton - Solar wind	Electron - Solar wind	
4.08253e-01	6.17459e-01	1.22146e-01	1.70015e-01
8.74672e-02	-9.95709e-01	9.39662e-01	9.96926e-01
1.38908e+00	1.22551e-01	5.35234e-01	-5.78503e-01
6.93846e-01	-2.42033e-02	3.04839e-02	-9.39417e-01
4.26568e-01	3.53748e-01	1.79985e+00	3.55246e-01
1.05214e+00	2.97735e-01	1.83250e+00	-3.60977e-01
8.48689e-01	9.49575e-02	5.06723e-02	-4.49461e-01
5.54726e-01	-5.14914e-01	1.71443e+00	-6.27121e-01
6.80004e-01	5.50924e-01	3.03557e-01	4.81504e-01
6.07272e-01	2.73763e-01	1.68832e+00	-6.27143e-01
7.20650e-01	5.94752e-02	1.34120e+00	-1.23282e-01
9.07995e-01	1.53697e-01	1.49266e+00	-8.17787e-01
1.42312e+00	-9.86297e-02	1.22446e+00	1.43514e-01
4.69332e-01	1.22194e-01	1.10221e-01	-3.81023e-01
8.54914e-01	-8.56180e-01	1.66032e+00	1.30807e-01
5.42291e-01	-3.59031e-01	1.26964e+00	5.38840e-01
6.79398e-02	-6.66424e-01	1.44228e+00	-6.61205e-01
1.10813e-01	-5.06351e-01	2.89728e-01	3.37031e-02
8.24708e-01	2.07145e-01	1.91085e+00	-2.30910e-01
4.36287e-01	-5.21776e-01	1.77993e+00	-6.47765e-01
1.01898e+00	7.07536e-01	6.09333e-01	5.78617e-01
3.92457e-01	-5.33523e-01	2.94626e-01	-6.54506e-01
1.90992e+00	2.96949e-01	1.01513e+00	-1.09591e-01
3.34126e-01	6.97005e-01	1.10040e+00	-3.76013e-01
5.12771e-01	-5.18043e-01	2.78555e-01	-1.32271e-01
8.29118e-01	-9.05262e-01	1.15036e+00	4.55780e-01
1.75203e-01	1.01919e-01	9.33497e-01	-7.36162e-01
4.74008e-01	3.82566e-01	1.12032e+00	-7.44700e-01
1.26743e+00	-1.41558e-01	1.15055e+00	-3.83118e-01
1.50869e+00	6.00800e-01	1.13645e+00	9.55571e-01
1.36987e+00	9.35501e-01	7.18424e-01	-7.42489e-01
7.69564e-02	-9.07615e-01	1.72031e+00	-5.24509e-01
3.17016e-01	3.24865e-01	7.74988e-01	-6.28115e-01
7.08704e-02	-9.51939e-01	4.75055e-01	-2.13467e-01
9.09503e-01	-2.30574e-01	2.55048e-02	-6.78639e-01
4.76541e-01	-8.89705e-01	6.57064e-01	8.00819e-01
2.20863e-01	-5.09576e-01	2.96356e-01	-3.45826e-01
7.97399e-01	-8.20863e-01	9.34321e-02	-9.88952e-01
4.84216e-01	8.57004e-01	7.72677e-01	-7.33767e-01
6.40229e-01	-5.87117e-01	1.74219e+00	1.48860e-01
1.65723e-01	6.89292e-02	1.57838e+00	3.75191e-01
2.34275e-01	1.69112e-01	8.26742e-02	-8.52554e-01
2.78051e-01	-6.81685e-01	1.46251e+00	5.13902e-01
3.90142e-01	-5.98303e-01	6.91031e-01	5.98708e-01
5.13002e-01	6.46422e-01	9.71776e-01	-1.07241e-01
1.20414e+00	-2.84896e-01	1.08502e+00	-4.68923e-01
1.90794e+00	3.95453e-01	1.38206e+00	7.66528e-01
1.29723e+00	-4.11677e-01	1.89951e+00	-9.12844e-01
1.28115e-01	-4.50768e-01	1.56283e+00	-9.74927e-01
5.20864e-01	3.76990e-01	6.33888e-01	-6.71750e-01
8.37303e-01	-4.98653e-01	1.43963e+00	7.44184e-01
6.75475e-01	-8.05672e-01	1.20903e+00	-1.12427e-01
6.62026e-01	-3.90975e-01	1.85209e+00	-5.17922e-01
8.81068e-01	3.22221e-01	2.03143e-01	-9.22427e-01
7.17261e-01	-1.94043e-01	3.17133e-01	-8.66692e-01
1.69123e-01	-9.82621e-01	5.46364e-01	1.45541e-01
1.21543e-01	-2.09263e-01	1.34697e+00	-1.42942e-01
5.29671e-01	-1.45144e-01	1.59610e+00	6.33450e-01
8.13046e-02	-8.58798e-01	3.35475e-01	-7.54845e-01
2.44684e-01	-7.23219e-01	1.94464e+00	-8.55792e-01
2.15087e-01	-1.01904e-01	1.08687e+00	-9.31411e-01
1.42105e-01	6.66750e-01	3.97890e-01	-1.67228e-01
5.01453e-01	-1.07439e-01	1.91850e+00	3.44484e-01
1.18093e+00	7.05160e-01	4.12070e-01	-9.15123e-01
2.87598e-01	-9.07113e-01	5.36098e-01	7.19434e-01
6.34314e-01	-6.23560e-01	1.48393e+00	2.84126e-01
9.03923e-02	-3.73431e-01	2.84998e-02	7.57913e-01
1.20640e-01	-8.31148e-01	2.94641e-01	4.93938e-02
1.03679e+00	8.29595e-01	1.85146e+00	-8.98708e-01
1.24327e+00	9.08592e-01	1.78535e+00	7.60214e-01
1.12508e+00	3.81272e-01	1.63356e+00	5.24712e-01
1.36517e+00	6.78476e-01	4.18266e-01	5.35089e-01
2.98145e-01	-4.76314e-01	5.86410e-02	5.16731e-04
5.41064e-01	6.48029e-02	1.45727e-01	-4.03796e-01
6.15790e-01	-4.64429e-01	1.55869e-01	-7.58682e-01
5.32532e-02	1.76247e-01	4.75483e-01	-9.07458e-01
6.31573e-03	-9.84732e-01	7.92912e-01	-2.16140e-01
7.42575e-01	-6.45073e-02	1.75158e+00	-2.54144e-01
5.50967e-01	-2.15137e-01	5.95532e-01	-1.98645e-02
1.65990e+00	9.77352e-01	7.26247e-02	2.53889e-01
4.15577e-02	-8.34384e-01	1.96603e+00	7.36576e-01
1.10852e+00	5.85814e-01	4.77556e-01	-7.93150e-01
1.24088e+00	3.67187e-01	4.38581e-01	-3.75554e-01
1.55338e-02	4.02660e-01	1.79918e+00	8.21652e-01
1.82526e+00	9.40059e-03	1.68275e+00	-6.33247e-01
2.95585e-01	1.93559e-01	1.89129e+00	5.08736e-01
4.14928e-01	-3.81995e-01	1.39262e+00	7.80824e-01
1.37966e-02	-9.19685e-01	6.92425e-01	2.41825e-01
8.00734e-02	-1.04640e-01	1.63919e-01	-7.97958e-01
1.11239e-01	-9.74713e-01	1.57640e+00	7.84339e-01
1.45464e-01	-6.22750e-01	5.56356e-01	1.93870e-02
1.14365e-01	-8.99096e-01	1.68645e+00	2.25209e-01
6.61760e-01	2.94154e-01	4.48632e-01	-7.60486e-01
3.87373e-01	-4.87430e-01	1.09595e+00	4.49948e-01
1.09345e+00	5.15728e-01	1.29207e-01	9.74722e-01
3.65925e-01	-6.18161e-01	1.70035e+00	3.73326e-01
5.18670e-01	-2.21612e-02	1.34759e-01	4.77935e-01
8.33023e-01	9.64938e-01	1.32009e+00	-1.91110e-01
1.95464e+00	7.73751e-01	1.57535e+00	-1.31723e-01
8.55337e-01	-7.95235e-01	4.60285e-01	9.46270e-01
