# No. of particles = 100 
# Proton - Solar wind	Electron - Solar wind	
2.44390e+00	-2.32347e+00	9.33359e-01	-2.27995e+00
1.30495e-01	-2.43066e+00	4.79752e-01	-1.92729e+00
1.98103e-01	-2.47099e+00	2.32202e-01	-2.32066e+00
1.86130e+00	-2.32031e+00	1.42325e+00	-1.85389e+00
4.45813e-01	-2.29778e+00	3.71514e-01	-1.33839e+00
3.40986e-01	3.13115e-01	1.49120e+00	-8.85904e-01
9.68911e-01	-2.13619e+00	1.06635e+00	-2.96052e-01
2.67760e-01	-2.46831e+00	5.21281e-01	-1.36142e+00
7.50902e-01	-2.46779e+00	1.26276e+00	-2.35279e+00
1.46608e+00	-2.18707e+00	1.19913e+00	1.98787e-01
8.06173e-01	-2.31444e+00	2.53370e-01	-2.34938e+00
2.17500e+00	-1.86306e+00	2.08633e+00	2.15429e+00
9.66418e-01	-2.23439e+00	6.29788e-02	-1.94698e+00
2.20270e+00	-2.28443e+00	2.00044e+00	-1.55368e+00
5.11362e-01	-2.27665e+00	1.23038e-01	-1.78739e+00
8.30489e-01	-2.17528e+00	1.40195e+00	-2.33121e+00
1.51797e+00	-1.97785e+00	1.81209e+00	8.67643e-01
3.82008e-01	-2.40847e+00	1.28172e+00	-2.48329e+00
1.73120e+00	-2.18052e+00	1.54849e+00	-3.12576e-01
1.09050e+00	-2.39173e+00	1.48141e+00	-2.82805e-01
1.24319e+00	-2.10476e+00	1.64871e+00	1.24054e-01
2.20314e+00	-2.34610e+00	1.98194e+00	-1.48224e+00
1.71209e+00	-2.39986e+00	1.29319e+00	-1.54676e+00
4.60068e-01	-2.39952e+00	1.65151e+00	-1.00673e+00
8.76155e-01	-9.55916e-01	7.32511e-01	-2.41140e+00
1.53445e+00	-7.41806e-01	2.08690e+00	-6.89546e-01
1.26466e+00	-1.00965e+00	1.12449e-03	-2.36994e+00
1.54082e+00	-1.74271e+00	1.68766e+00	1.41759e+00
1.05233e+00	-2.41373e+00	1.62364e-01	-2.39809e+00
2.09853e+00	6.74282e-01	1.31949e-02	-2.41676e+00
2.24549e+00	-4.77578e-01	6.61744e-01	-2.29339e+00
4.38818e-01	-2.39289e+00	3.98546e-01	2.32350e-01
1.74370e+00	-1.16247e+00	1.62335e+00	-1.43322e-03
1.65667e+00	-4.58592e-01	1.30276e+00	-9.93931e-01
1.30213e+00	-4.04411e-01	3.47532e-01	-1.20089e+00
1.46024e+00	-2.16823e+00	2.36102e+00	-1.71887e+00
1.37207e+00	-2.47987e+00	1.62270e+00	-1.32817e+00
6.14712e-01	-2.29227e+00	9.40332e-01	-2.07375e+00
2.36038e+00	-1.52847e+00	2.90327e-01	-2.39140e+00
7.39209e-01	-2.30442e+00	3.58412e-01	-2.48457e+00
1.59655e+00	-2.48771e+00	1.06641e+00	-1.35794e-01
2.27063e+00	-2.14235e+00	8.16933e-01	1.66482e+00
9.35625e-01	-2.12374e+00	8.67306e-01	1.78199e+00
1.69917e+00	-2.18104e+00	5.75844e-02	-2.39215e+00
6.20497e-01	5.49971e-01	6.06175e-01	1.58795e+00
3.27592e-01	-2.29415e+00	9.16925e-02	-1.86749e+00
9.60726e-01	-2.36189e+00	6.23043e-02	-7.43300e-02
2.46454e+00	-2.02471e+00	6.22634e-01	7.43480e-02
8.53611e-01	-2.43095e+00	6.22880e-03	-1.22316e+00
6.78502e-01	-2.34058e+00	1.83286e+00	-2.16358e-01
2.33822e+00	9.97572e-01	2.43836e+00	-3.51814e-01
1.93998e+00	-2.46461e+00	3.44800e-01	-9.70815e-01
7.88240e-01	-2.23236e+00	4.67538e-01	-2.75085e-01
2.02883e+00	1.00804e-01	7.45169e-01	2.28906e+00
1.98927e+00	-1.17226e-01	6.81641e-01	3.26182e-01
1.57440e+00	-6.88548e-01	7.73602e-02	-2.43546e+00
2.28097e+00	4.72154e-01	2.38923e+00	-2.34903e+00
1.09130e+00	-2.32339e+00	9.03881e-01	-2.18672e+00
1.34395e+00	-2.12570e+00	1.65234e+00	-9.47193e-01
6.80330e-01	-2.34600e+00	1.63997e-01	-2.34026e+00
1.54984e+00	-2.21977e+00	1.94097e+00	-1.03792e+00
1.49538e+00	-1.35590e+00	2.26337e+00	-2.11072e+00
4.70971e-01	-2.18385e+00	4.63049e-01	-2.10781e+00
5.32176e-01	-2.33503e-01	2.44078e+00	-6.54566e-03
1.58286e+00	9.77808e-01	1.37708e+00	-7.19626e-01
1.30429e+00	-2.17735e+00	1.42374e+00	-1.83512e+00
1.62217e+00	1.03886e+00	2.90490e-01	-2.10484e+00
1.15388e+00	1.79167e-01	2.28250e+00	-3.73945e-01
8.46322e-01	2.22577e-01	1.77327e+00	-8.54811e-01
1.75456e+00	1.65050e+00	9.21071e-01	1.64817e+00
1.08587e+00	-1.65447e+00	1.45619e+00	1.50798e-01
2.00070e+00	6.28648e-01	5.16751e-01	-2.10269e+00
2.54422e-01	-2.27296e+00	1.66416e+00	-5.86519e-01
2.04752e-01	-1.00428e-01	3.39758e-01	-1.52590e+00
2.47347e+00	-1.09921e+00	6.02182e-03	-1.49827e+00
8.98594e-01	2.08719e-01	1.28260e+00	1.74288e-01
1.27124e+00	2.04937e-01	9.56582e-01	-2.43642e+00
8.21783e-01	-2.41053e+00	8.87634e-01	4.90819e-01
2.99680e-01	-2.06179e+00	2.49357e+00	1.49406e+00
1.20427e+00	-2.42254e+00	2.56466e-01	1.86884e-01
1.44812e+00	7.30382e-01	9.55069e-01	-2.63253e-01
1.42545e+00	2.42482e-01	3.92786e-01	7.17361e-02
3.42556e-02	-2.42301e+00	1.88751e+00	-2.39356e-01
1.65182e+00	-3.37011e-03	1.53265e-01	8.43398e-01
2.08082e+00	-2.42104e+00	2.15010e+00	-1.90339e+00
2.33495e+00	-1.83671e+00	2.26997e+00	1.25777e+00
1.37920e+00	-1.18588e+00	5.02416e-01	-1.93701e+00
8.97720e-01	-2.20956e+00	5.07581e-01	-2.30467e+00
4.54352e-01	-2.41279e+00	9.25640e-01	-2.15667e+00
5.43045e-01	-1.18559e-01	8.77781e-03	-2.24622e+00
1.12592e+00	-5.84076e-01	9.04264e-01	1.97170e+00
1.05385e+00	5.74359e-01	6.02794e-02	1.62583e+00
2.37649e+00	-2.28757e+00	1.82789e+00	5.60461e-01
9.67816e-01	-1.84443e+00	2.49151e+00	-7.07006e-01
5.62276e-01	-2.45239e+00	1.81430e+00	-1.57136e+00
9.93902e-01	2.71455e-01	1.00751e+00	-1.16018e+00
1.45677e+00	2.74096e-01	2.34912e+00	-2.15593e-01
2.23005e+00	3.74168e-01	6.65913e-01	5.92322e-01
2.13480e+00	-2.43754e+00	4.84928e-01	-1.01116e+00
1.56392e+00	-2.24801e+00	1.43149e+00	4.63162e-01
