# No. of particles = 100 
# Proton - Solar wind	Electron - Solar wind	
7.73937e+00	-3.38701e+00	2.67696e+00	1.76617e-01
9.77719e+00	-4.31173e+00	5.88281e+00	-7.39945e-02
8.94579e+00	-1.06567e+00	9.20458e+00	-3.85296e+00
9.88192e+00	-3.78806e+00	3.71724e+00	3.16482e+00
5.50725e+00	-2.93751e+00	9.60067e+00	-4.71594e+00
8.30064e+00	-4.11701e+00	5.63892e+00	4.52845e+00
8.94045e+00	-3.58619e+00	6.54147e+00	3.27509e+00
8.03969e+00	-2.04066e+00	5.57393e+00	4.09906e+00
8.99089e+00	-2.75567e+00	2.08114e+00	-4.91163e+00
9.05280e+00	-4.41737e+00	6.24601e-01	-4.06308e+00
5.73389e+00	-3.10728e+00	1.62017e-01	4.00128e+00
8.68532e+00	-1.30211e+00	7.30288e+00	-4.24929e+00
7.34965e+00	-2.17344e+00	9.51025e+00	-4.21733e+00
9.26688e+00	-5.70287e-01	5.29601e+00	-4.79780e-01
8.58052e+00	3.29001e+00	8.18064e+00	-2.36500e+00
8.50914e+00	-8.77089e-01	4.90430e+00	4.75185e+00
7.21668e+00	-1.66678e+00	6.92820e+00	-1.74217e+00
7.92262e+00	-1.16956e+00	8.60106e+00	4.39745e+00
8.50177e+00	-7.38576e-01	9.99760e+00	4.22298e+00
6.16327e+00	4.12710e-02	7.24759e+00	-8.82297e-01
8.96750e+00	3.05997e-01	9.63409e+00	-2.61059e+00
8.06873e+00	1.14020e+00	6.52834e+00	-3.68522e+00
6.03946e+00	-1.58411e+00	5.60954e+00	4.03343e+00
9.53483e+00	2.71628e+00	8.28971e-01	3.82067e+00
3.74983e+00	2.80726e+00	1.04248e-01	2.10698e+00
9.02999e+00	4.02376e+00	4.32028e+00	-1.95518e+00
7.20032e+00	2.80081e+00	8.52826e+00	-2.73382e+00
9.14815e+00	4.32375e+00	8.71978e+00	-2.53558e+00
5.35743e+00	1.02488e+00	7.42112e+00	7.05803e-01
7.47273e+00	-1.98951e+00	8.89083e+00	1.96620e+00
9.89253e+00	-4.18662e+00	3.74003e+00	-3.15307e+00
8.18200e+00	-4.75631e+00	7.14933e+00	-2.79327e+00
8.60228e+00	-3.64020e+00	8.12116e+00	-4.69568e+00
9.43399e+00	-1.43501e+00	7.79514e+00	1.76148e+00
7.88102e+00	-4.59812e+00	7.93693e+00	2.18087e+00
8.08974e+00	-3.76355e+00	1.35132e-01	-4.72016e+00
8.21626e+00	-1.78405e+00	6.63027e+00	-1.13258e+00
7.83986e+00	-7.14157e-01	6.42211e+00	-3.64513e+00
8.34927e+00	-3.06663e+00	7.58033e+00	-3.98088e+00
7.66732e+00	-2.70909e+00	8.03808e+00	-2.95050e+00
9.20971e+00	-1.42205e+00	7.95272e+00	1.15246e+00
7.40044e+00	-1.27585e+00	8.72758e+00	1.48232e+00
7.98077e+00	-7.62177e-01	7.86354e+00	-2.66541e+00
7.24783e+00	-1.90839e+00	6.93998e+00	-1.28267e+00
9.83840e+00	3.58769e+00	4.26197e+00	1.33213e+00
8.59931e+00	-1.94702e+00	6.81762e+00	-2.94701e+00
8.02533e+00	3.63020e-03	8.87110e+00	-4.99011e+00
7.93889e+00	-3.22759e+00	6.47038e+00	-3.36997e+00
9.70913e+00	-7.41132e-01	4.60145e+00	3.58638e+00
8.33032e+00	9.39063e-01	9.54422e+00	-3.20093e+00
8.51086e+00	-4.95443e-01	7.59741e+00	-3.76690e-01
8.06803e+00	1.21379e+00	6.47380e+00	3.90818e+00
9.38663e+00	-3.03708e+00	5.50461e-01	3.39375e-01
6.80846e+00	-2.78439e+00	9.01960e+00	2.72430e+00
5.92747e+00	4.20475e+00	9.32030e+00	-2.52838e+00
8.48911e+00	1.01373e+00	3.14208e+00	-3.90014e+00
8.17210e+00	4.45195e-01	6.59093e+00	1.43706e+00
6.48300e+00	4.70683e+00	7.74034e+00	1.31872e+00
6.96687e+00	-1.50039e+00	4.72093e+00	-1.55976e+00
8.34652e+00	1.01049e+00	6.84663e+00	2.74658e+00
9.69672e+00	4.72131e+00	5.17539e-01	-1.81545e+00
7.66646e+00	1.01021e+00	3.59809e+00	3.93847e+00
8.57888e+00	3.90890e+00	6.88737e+00	-4.21240e+00
8.87797e+00	4.35359e+00	9.49994e+00	-3.72993e+00
8.39762e+00	1.78457e+00	6.38252e+00	1.20088e+00
8.44927e+00	2.15815e+00	8.77732e+00	2.92642e+00
6.78142e+00	8.67567e-01	7.62798e+00	4.33194e+00
8.88667e+00	3.58968e+00	7.63752e+00	2.29307e+00
7.33626e+00	8.95684e-01	7.63143e+00	1.68232e+00
9.16793e+00	2.17749e+00	8.79722e+00	-1.02566e+00
8.30186e+00	3.69686e+00	9.40576e+00	5.49288e-01
9.07735e+00	2.08869e+00	8.92209e+00	2.98299e+00
8.43268e+00	3.19220e+00	6.30734e+00	-7.54659e-01
8.76160e+00	3.75886e+00	4.30946e-02	2.77553e+00
6.14983e+00	3.35090e+00	4.38857e+00	1.69580e+00
8.92965e+00	-9.75260e-01	9.56134e+00	-4.48658e+00
9.59660e+00	-4.03522e+00	8.25081e+00	2.60496e+00
7.90524e+00	-1.35752e+00	8.61397e+00	4.10660e+00
9.02144e+00	-1.93338e+00	7.86202e+00	-6.62814e-01
8.48300e+00	-3.34301e+00	8.39800e+00	-3.00779e+00
9.16301e+00	-1.82716e+00	6.09497e+00	-7.16034e-01
8.56742e+00	-4.26022e+00	7.49595e+00	-4.13223e+00
8.95875e+00	-1.52179e+00	2.54914e+00	-1.76491e+00
8.70756e+00	-4.69892e+00	8.45727e+00	-5.69732e-02
6.27324e+00	-4.14135e+00	8.85808e+00	2.69271e+00
7.71301e+00	-2.45350e+00	8.49158e+00	-4.61371e+00
8.53820e+00	-2.16080e+00	7.65849e+00	2.32382e-01
9.49629e+00	-8.35456e-01	7.04342e+00	-1.42632e+00
9.34334e+00	-5.83745e-02	2.95397e+00	1.14648e+00
8.46541e+00	1.64767e+00	7.77021e+00	-3.23324e+00
8.00586e+00	-1.99041e+00	7.19586e+00	-2.01423e+00
8.34984e+00	-1.32680e+00	7.60853e+00	2.09606e+00
6.59947e+00	6.41546e-02	9.48809e+00	-6.33919e-01
7.96387e+00	-4.83172e-01	4.87885e+00	-1.45019e+00
3.63995e+00	1.99489e+00	2.14346e+00	-2.19281e+00
8.08601e+00	-4.03762e+00	1.35872e-01	-4.93679e+00
8.72966e+00	-1.77294e-01	7.35511e+00	3.48340e+00
5.19952e+00	8.63199e-01	6.17529e+00	-4.82517e+00
9.87289e+00	8.13703e-01	8.34487e+00	4.07177e-02
8.38282e+00	-2.74722e-01	8.40614e+00	2.95234e+00
