# No. of particles = 100 
# Proton - Solar wind	Electron - Solar wind	
6.43569e+00	-3.19543e+00	2.34084e+00	4.00135e+00
5.53407e+00	-4.50487e+00	9.29844e+00	-3.49587e+00
5.71877e+00	-4.12626e+00	6.99705e-01	-8.42560e-01
3.11557e+00	-2.59464e-01	9.81699e+00	2.15529e-01
8.18239e+00	-2.74368e+00	8.98437e+00	-3.81339e+00
5.81049e+00	-2.09267e+00	6.48615e+00	-4.40200e+00
6.00095e+00	-2.53155e+00	9.31473e+00	3.90913e+00
4.53203e+00	-2.12801e+00	5.78743e+00	-1.29281e-01
5.98213e+00	-2.58241e+00	5.59811e+00	2.66325e+00
7.83346e+00	-1.08646e+00	4.07462e+00	-3.10110e+00
7.55454e+00	-2.21094e-01	9.02340e+00	1.86084e+00
5.03900e+00	-2.83852e+00	4.93339e+00	-1.20273e+00
6.46933e+00	-7.83945e-01	3.90156e+00	-3.21383e-01
6.73764e+00	-3.87026e+00	6.88148e+00	-1.01233e+00
7.72426e+00	-7.87723e-01	7.69924e+00	-3.61940e+00
6.99049e+00	4.33642e-01	4.21581e+00	-4.45533e+00
5.59136e+00	-1.17298e+00	3.76565e+00	-2.17845e+00
7.65133e+00	-5.16494e-01	5.95600e+00	-3.10576e+00
3.98880e+00	2.46244e+00	5.15924e+00	6.15439e-02
8.11177e+00	1.31778e+00	8.01856e+00	1.76110e+00
6.72742e+00	-2.16941e+00	5.47989e+00	1.59546e+00
5.16773e+00	-2.67887e-01	7.54767e+00	-1.14629e+00
4.53067e+00	1.60140e-01	6.64720e+00	-7.38979e-01
5.78054e+00	5.08853e-01	1.41201e+00	-2.62166e+00
6.57179e+00	1.91365e+00	9.44378e+00	3.75231e+00
7.40178e+00	8.18960e-01	8.50180e+00	1.19517e+00
4.56880e+00	-2.83335e-01	7.11073e+00	-1.14787e+00
6.64397e+00	9.45456e-02	6.08503e+00	-1.74058e+00
5.52509e+00	1.06457e+00	5.01741e+00	7.58950e-01
6.42556e+00	6.98197e-01	8.57507e-01	4.23282e+00
7.06374e+00	5.94983e-01	7.28324e+00	-4.04503e+00
7.23208e+00	1.17377e+00	6.98056e+00	-1.63244e+00
6.26289e+00	1.50878e+00	3.90277e+00	-3.36386e-01
5.36022e+00	2.51948e+00	3.85546e+00	2.77116e-02
5.37379e+00	1.53254e+00	9.81994e+00	-2.83767e-02
7.38600e+00	2.66799e+00	8.10185e+00	3.87083e+00
7.58457e+00	2.96952e+00	7.12372e+00	-4.78455e+00
5.62534e+00	3.18855e+00	7.84024e+00	-2.09050e-02
6.30883e+00	2.96568e+00	5.55471e+00	-2.43736e+00
5.13063e+00	2.66233e+00	6.94176e+00	3.57970e+00
8.47864e+00	2.05015e+00	5.54607e-01	-2.81738e-01
4.74412e+00	3.66268e+00	6.42767e+00	-4.69921e+00
5.47418e+00	2.22515e+00	5.51106e+00	-8.64282e-01
8.20458e+00	2.16328e+00	1.35063e+00	-1.27682e+00
6.24050e+00	4.22082e+00	1.24467e+00	-2.91742e+00
5.53173e+00	4.78695e+00	4.95012e+00	2.62771e+00
5.40576e+00	4.53599e+00	4.94943e+00	-7.97858e-01
6.67210e+00	4.89948e+00	5.39142e+00	-1.37063e+00
7.89105e+00	8.22150e-01	8.35001e+00	7.05595e-01
7.83304e+00	4.26767e+00	9.18648e+00	-6.05118e-01
9.69574e+00	3.89107e+00	7.83930e+00	7.06940e-01
8.19703e+00	-3.27764e+00	8.12947e+00	-5.77159e-01
9.45771e+00	-4.08944e+00	6.88710e+00	2.84143e+00
9.44425e+00	-3.70540e+00	6.45528e+00	3.12803e+00
8.60125e+00	-3.36585e+00	5.61424e+00	-3.91893e+00
5.57028e+00	-4.69799e+00	6.13577e+00	4.88321e+00
6.26724e+00	-4.87628e+00	6.08977e+00	-1.74166e+00
8.82518e+00	-2.64305e+00	6.28892e+00	-2.78455e+00
5.53103e+00	-4.58442e+00	9.71364e+00	-2.12503e+00
8.15722e+00	-4.67155e+00	3.31495e+00	-4.34500e+00
5.15856e+00	-4.91071e+00	8.13718e+00	6.31949e-01
4.96592e+00	-2.27553e+00	5.04773e+00	-6.57233e-01
8.05226e+00	-3.21924e+00	9.66893e+00	7.60952e-01
5.05684e+00	-1.84666e+00	2.47506e+00	2.85256e+00
6.65861e+00	-3.18970e+00	5.94374e+00	4.19072e+00
5.83265e+00	-3.22827e+00	7.60573e+00	-4.18952e+00
8.16106e+00	7.48270e-02	8.75195e+00	-4.93473e+00
3.55016e+00	-2.23085e+00	7.49969e+00	-9.83918e-01
7.67756e+00	-3.88093e+00	9.41209e+00	-5.25214e-01
6.29068e+00	-4.11603e+00	8.89143e+00	-3.38501e+00
7.97683e+00	-2.46704e+00	1.28197e+00	4.91381e+00
4.17479e+00	2.32873e-01	7.34801e+00	4.22475e-01
6.33429e+00	-2.41605e+00	9.29559e+00	2.74607e+00
5.53262e+00	-2.51938e-01	2.92694e+00	2.76314e+00
7.45652e+00	-7.67056e-01	1.65212e+00	-1.45276e+00
3.43727e+00	1.10114e-01	9.98827e+00	-4.75784e+00
5.38087e+00	-5.64564e-01	6.20137e+00	2.27054e+00
5.85674e+00	-2.43941e+00	7.05995e+00	4.75820e+00
5.11033e+00	-3.03710e-01	6.76798e+00	2.67996e+00
6.25491e+00	-5.24884e-01	1.88746e+00	-1.55124e+00
5.74779e+00	6.04687e-01	8.31195e+00	-4.15682e+00
5.57401e+00	6.46712e-01	6.01173e+00	-3.53530e+00
6.03772e+00	2.37310e+00	2.24739e+00	4.94328e+00
6.21145e+00	1.43534e+00	7.16698e+00	-3.73373e+00
5.72408e+00	1.25486e+00	1.05558e+00	-3.68179e+00
5.77935e+00	9.70310e-01	8.90492e+00	-1.52586e+00
4.35823e+00	2.87201e+00	7.66438e+00	4.46653e-01
7.35136e+00	4.61048e-01	9.14336e+00	-3.03634e+00
3.58323e+00	1.26320e+00	5.74244e+00	4.58205e+00
5.70750e+00	2.31525e+00	3.09639e+00	3.47951e+00
6.03316e+00	1.94426e+00	5.30683e+00	-4.52865e+00
7.85342e+00	1.75729e-01	4.98463e+00	-3.94363e+00
7.20335e+00	8.51441e-01	7.86046e+00	1.68255e+00
6.08507e+00	3.12789e+00	9.56582e+00	4.09786e+00
5.02853e+00	2.62185e+00	5.42726e+00	-1.77837e+00
5.10212e+00	3.28970e+00	8.92953e+00	1.45739e-01
5.91926e+00	2.63773e+00	8.66302e+00	8.50542e-01
4.24416e+00	2.30696e+00	5.84753e+00	2.03041e+00
5.68561e+00	3.21594e+00	5.71090e+00	4.24365e-01
5.80106e+00	3.34079e+00	9.25879e+00	1.48642e+00
