# No. of particles = 100 
# Proton - Solar wind	Electron - Solar wind	
1.38850e+00	7.80565e-02	9.74119e+00	-1.89580e+00
5.70271e-01	-2.64683e+00	5.67073e+00	3.24750e+00
1.88304e+00	-4.94261e+00	6.76073e-01	-4.31065e+00
1.56103e-01	1.13253e+00	7.33605e+00	-4.59459e+00
8.58627e-02	3.46303e+00	9.69303e+00	1.62811e+00
4.32772e-02	3.46754e+00	1.47779e+00	-3.11271e+00
6.60311e-02	3.62646e+00	2.19255e+00	4.98623e+00
1.94766e-02	-1.45029e+00	7.61279e+00	-2.08664e+00
9.85312e+00	-4.54536e+00	3.95317e+00	-2.99853e+00
7.65110e+00	-2.32297e+00	9.63963e+00	-4.12399e-01
9.69240e+00	1.69832e-01	8.49791e+00	3.90872e-01
6.52889e+00	-4.22407e+00	2.02794e+00	-3.13728e+00
8.62288e+00	-5.92956e-01	4.93545e+00	-2.00203e+00
7.51708e+00	1.65465e+00	6.72188e+00	4.89977e+00
6.63270e+00	-1.41014e+00	5.30600e+00	-1.20332e+00
6.37651e+00	-2.72222e+00	8.60732e+00	-1.00182e+00
9.13895e+00	-1.94604e+00	8.94724e+00	4.02353e+00
9.56330e+00	9.35752e-01	3.23478e+00	-1.38457e-01
9.16150e+00	-1.10236e+00	7.58505e+00	1.41130e+00
5.49223e+00	-2.40558e+00	2.46003e+00	1.52549e+00
9.68835e+00	-3.50080e+00	9.13372e+00	2.58954e+00
9.66011e+00	-3.38083e+00	1.54458e+00	4.87221e+00
9.94411e+00	-2.36672e+00	7.34150e+00	-2.31434e+00
8.80528e+00	3.96283e+00	6.71213e+00	3.81351e+00
6.93707e+00	-7.05333e-01	5.33815e+00	-3.62377e-02
7.34313e+00	-1.28473e-01	8.26122e+00	4.21453e+00
8.71584e+00	-5.38372e-01	3.83692e+00	-4.18385e+00
9.98612e+00	4.22768e+00	4.09829e+00	-1.45611e+00
7.63665e+00	-2.98292e-01	8.22276e+00	3.98557e+00
9.83354e+00	-4.20611e+00	6.36412e+00	-4.77097e-01
8.41690e+00	-1.43468e+00	4.06521e-02	-2.96711e+00
8.77858e+00	-4.56285e+00	8.45354e+00	-2.94788e+00
9.98387e+00	3.29326e+00	6.75548e+00	1.38596e+00
9.10612e+00	4.63523e-01	6.74691e+00	2.64257e+00
9.40761e+00	-4.11392e+00	9.15872e+00	4.60798e+00
7.75756e+00	-1.66481e+00	2.62462e+00	1.61585e+00
7.29369e+00	2.67058e+00	6.99236e+00	2.31395e+00
6.39264e+00	-3.47049e+00	8.80387e+00	7.43293e-01
8.30810e+00	1.86044e+00	5.10301e+00	2.54002e-01
7.52278e+00	3.60797e+00	1.93196e+00	-2.86417e+00
9.61782e+00	-2.23154e+00	8.54141e-01	-2.24570e+00
7.74651e+00	-3.79122e+00	8.62503e+00	-2.96731e-01
9.88184e+00	-4.58292e+00	6.47815e-01	3.07465e+00
6.38166e+00	1.43338e+00	8.76763e+00	-4.02159e+00
8.66721e+00	6.88370e-01	2.38820e+00	4.97626e+00
8.81359e+00	7.27918e-01	7.73272e+00	3.78869e-01
9.68004e+00	9.91284e-01	2.11100e+00	1.64685e+00
9.13820e+00	-1.78112e+00	8.83711e+00	-9.04887e-01
8.94177e+00	1.58117e+00	8.39253e+00	2.87488e+00
4.45208e+00	-2.71839e+00	1.33125e+00	-4.86715e+00
9.66381e+00	3.84390e+00	5.86836e+00	-3.61278e+00
7.34322e+00	3.22583e+00	6.51169e+00	-4.77102e-01
7.17345e+00	4.86946e+00	9.80764e+00	-3.13493e+00
6.12383e+00	-4.83117e-01	9.01687e+00	-2.92252e+00
6.22364e+00	1.97226e+00	7.33010e+00	-2.44295e+00
9.84700e+00	-1.61061e+00	1.40217e+00	-2.88061e+00
7.96978e+00	-2.67652e+00	7.74860e+00	-1.79755e+00
7.03668e+00	2.28682e+00	9.33623e+00	1.17772e+00
9.83596e+00	-6.90114e-01	9.99542e+00	-2.09556e+00
6.73163e+00	4.26688e+00	6.44748e+00	4.63106e+00
8.58919e+00	-3.18562e+00	4.24547e-01	-2.83893e+00
8.59686e+00	-4.14351e+00	7.01484e+00	-7.94549e-01
9.70760e+00	-2.59690e+00	8.46689e+00	1.22935e+00
9.62445e+00	-3.36505e+00	4.69610e+00	-3.20195e+00
9.50430e+00	-1.73430e+00	8.13965e+00	-4.79016e+00
9.78881e+00	-3.04481e+00	8.39388e+00	2.46654e+00
8.65847e+00	4.23913e+00	9.09295e+00	5.68962e-01
8.57171e+00	-2.84803e+00	8.06265e+00	-4.60387e+00
8.52742e+00	3.87420e+00	7.27348e+00	-7.60940e-01
8.37825e+00	1.37443e+00	4.09814e+00	-4.24579e+00
7.70544e+00	1.44544e+00	9.28892e+00	-6.80054e-01
7.25844e+00	9.71549e-01	2.10641e+00	-1.74840e+00
7.90171e+00	-1.39602e-01	8.24237e+00	-4.81195e+00
9.33716e+00	-5.68368e-01	7.62522e+00	-2.51176e+00
9.82047e+00	4.62905e+00	5.19787e+00	3.39048e+00
6.73597e+00	4.35780e-01	7.04324e+00	7.34633e-01
9.89374e+00	1.53770e+00	8.91146e+00	1.49732e+00
9.39594e+00	6.76731e-01	3.38152e+00	7.05142e-01
8.54443e+00	-2.29984e+00	7.70628e+00	-9.01058e-01
9.47722e+00	3.96981e-01	7.53528e+00	-4.60912e+00
4.41196e+00	-2.85756e+00	7.59063e+00	1.62077e+00
8.89264e+00	1.92579e+00	6.24738e+00	1.00670e+00
9.79681e+00	-2.33085e+00	7.74876e+00	8.79624e-01
8.79590e+00	-9.80557e-01	4.46418e+00	9.41082e-01
9.22726e+00	-3.63888e+00	8.99532e+00	1.10814e+00
9.40052e+00	-1.19144e+00	8.09592e+00	3.37159e+00
6.91999e+00	-1.70520e+00	6.82825e+00	-3.58056e-01
9.57820e+00	2.86289e+00	9.64282e-02	3.19469e+00
5.12702e+00	-2.66750e+00	4.03153e+00	3.42348e+00
9.82972e+00	1.57753e+00	5.40263e+00	5.30320e-01
8.36753e+00	-2.23308e+00	9.75418e+00	-2.01861e+00
5.10603e+00	-9.04028e-01	7.56302e+00	-6.18743e-01
6.67335e+00	-1.21336e+00	9.75122e+00	1.76059e+00
7.44606e+00	3.39486e+00	8.28730e+00	3.54177e-01
8.88935e+00	2.57731e-01	4.71581e+00	3.12802e+00
7.74087e+00	-1.11366e+00	6.79301e+00	-4.61595e+00
5.84236e+00	4.96794e+00	7.83168e+00	3.03179e+00
7.70146e+00	-8.07550e-01	8.89368e+00	4.24709e+00
9.14488e+00	-8.63868e-01	9.62010e+00	-1.24627e+00
9.51563e+00	3.01162e+00	9.85402e+00	-1.06332e+00
