# No. of particles = 100 
# Proton - Solar wind	Electron - Solar wind	
2.04224e+00	-4.34487e+00	6.62562e+00	-4.68481e+00
1.79578e+00	-4.97982e+00	8.29719e+00	2.07718e+00
7.10669e+00	-4.94498e+00	1.07357e+00	4.66129e+00
8.62291e+00	-4.04792e+00	3.57260e-01	1.82286e+00
8.66700e+00	-4.07914e+00	2.95782e+00	1.78612e-01
1.75414e+00	-4.70469e+00	5.42301e+00	-3.17084e+00
1.76997e+00	-4.91415e+00	7.78427e+00	-2.40500e+00
1.81644e+00	-4.11576e+00	7.77448e+00	1.54806e-01
2.19026e+00	-4.62316e+00	9.48824e+00	-1.60889e+00
9.91582e-01	-2.08260e+00	5.63835e+00	-2.81489e+00
2.60471e+00	-2.88160e+00	9.59140e+00	-1.72478e+00
1.84508e+00	-2.52756e+00	8.74265e-01	-4.05305e+00
1.90677e+00	-2.72478e+00	1.60801e+00	2.17704e+00
1.43862e+00	-2.52406e+00	4.13738e+00	-4.98062e+00
1.90229e+00	-2.49843e+00	1.47650e+00	-7.34716e-01
2.48316e+00	-2.00966e+00	4.74176e+00	1.27071e+00
2.40157e+00	-1.59561e+00	9.95642e+00	3.66111e+00
1.59692e+00	-2.37241e+00	4.71615e+00	-2.62904e+00
2.05150e+00	-1.52407e+00	2.23865e+00	4.81492e+00
2.14524e+00	-2.34450e+00	1.40765e+00	-1.93816e-01
2.45558e+00	-1.29176e+00	7.34680e+00	1.70445e+00
2.21689e+00	-6.09965e-01	6.71060e+00	2.31778e+00
1.77297e+00	-1.24521e+00	3.64339e+00	-4.65188e+00
2.43043e+00	-7.60972e-01	3.87441e+00	-4.72623e+00
1.26731e+00	3.55578e-01	8.03330e+00	-4.68801e+00
2.57046e+00	2.19253e-01	4.51284e+00	2.35502e+00
2.13914e+00	-1.03928e+00	2.80229e+00	3.24929e+00
1.64232e+00	8.15227e-02	3.57170e+00	1.59359e+00
1.43540e+00	2.58697e-01	4.58469e+00	4.35394e+00
1.83623e+00	4.48743e-01	7.36808e+00	-3.18732e+00
2.08759e+00	8.09475e-01	5.97908e+00	4.98209e+00
2.34749e+00	5.75669e-01	7.44216e+00	-3.60777e+00
1.44744e+00	2.06138e-01	4.18537e+00	-2.36712e-01
2.10920e+00	4.67377e-01	4.82294e+00	-4.60492e+00
1.75400e+00	9.37137e-01	2.84531e-01	-3.01760e+00
2.03669e+00	7.63881e-01	6.92319e+00	-6.92705e-01
2.24442e+00	9.09029e-01	7.54731e+00	-2.70229e+00
2.29117e+00	1.33434e+00	2.50404e+00	1.89080e+00
1.98627e+00	1.55266e+00	1.49493e+00	-6.32481e-01
1.70675e+00	2.17135e+00	6.48256e+00	-1.88305e+00
1.70266e+00	1.99439e+00	1.55138e+00	2.12253e+00
2.34059e+00	2.59699e+00	8.80758e-02	-1.91777e+00
2.40312e+00	2.95747e+00	6.00784e+00	2.67342e+00
1.78313e+00	2.97019e+00	6.47060e+00	2.23575e+00
2.00550e+00	2.98558e+00	1.79456e+00	4.55114e+00
1.63349e+00	3.00497e+00	4.86289e+00	4.65589e+00
2.68910e+00	2.92135e+00	5.90135e+00	-5.57670e-02
1.50736e+00	3.71227e+00	1.09207e+00	-3.04165e+00
1.73625e+00	3.23755e+00	9.28703e-01	-3.92670e+00
2.60511e+00	3.32001e+00	8.79807e+00	-1.71349e+00
2.12904e+00	4.57503e+00	4.70304e-02	-4.46152e+00
1.97933e+00	4.30939e+00	5.64031e-01	-5.94600e-01
2.45902e+00	4.60837e+00	9.33403e+00	-1.56654e+00
1.75353e+00	4.63248e+00	3.30953e+00	-3.07184e+00
1.71387e+00	4.55651e+00	8.13548e+00	-1.72307e+00
2.11578e+00	4.81919e+00	6.42923e+00	4.27110e+00
1.92409e+00	4.94691e+00	7.40779e+00	-4.21580e+00
3.35006e+00	3.67257e+00	8.85130e-01	-2.42284e-01
4.65664e+00	4.76739e+00	7.25791e-01	2.84644e+00
6.04329e+00	4.50785e+00	8.18955e+00	-4.74793e+00
5.82484e+00	4.64861e+00	8.45243e+00	8.97557e-01
9.70649e+00	4.34631e+00	5.20428e+00	-1.38831e+00
4.08597e+00	-4.45647e+00	5.20169e-01	4.21438e+00
5.03424e+00	-4.71236e+00	9.82252e+00	-6.85013e-01
6.21854e+00	-4.59019e+00	9.93798e+00	1.39353e-01
7.15997e+00	-4.73067e+00	2.35034e+00	-9.51557e-01
7.14427e+00	-4.79647e+00	7.80369e+00	-2.13325e+00
2.71744e+00	-4.08212e+00	7.56846e+00	-3.09730e+00
1.75603e+00	-4.63866e+00	8.45349e+00	-6.94413e-01
1.97886e+00	-4.50581e+00	3.90744e+00	2.01070e+00
2.78941e+00	-3.80926e+00	2.10423e+00	-3.46944e+00
1.74309e+00	-4.40390e+00	1.07417e+00	-4.50168e+00
2.57684e+00	-4.42114e+00	8.61595e+00	-9.36038e-01
8.96655e-01	-4.56826e+00	7.53902e-01	3.46970e+00
1.63385e+00	-4.30854e+00	2.47702e+00	4.09242e+00
2.19895e+00	-4.70107e+00	1.48676e+00	2.15368e+00
1.56580e+00	-3.25242e+00	2.30221e+00	-1.33667e+00
2.54051e+00	-3.48732e+00	5.99481e+00	-4.41100e+00
1.59555e+00	-2.98516e+00	3.36916e+00	1.66600e+00
2.10788e+00	-3.38868e+00	8.76390e+00	-2.51031e+00
1.84339e+00	-3.22242e+00	9.13506e+00	3.05543e+00
2.57284e+00	-1.78355e+00	9.31058e+00	2.69006e+00
1.12121e+00	-2.36948e+00	8.00235e+00	2.57694e+00
2.42633e+00	-2.83873e+00	5.49156e+00	-4.15669e+00
1.98857e+00	-2.79698e+00	1.89041e+00	2.46153e+00
2.51758e+00	-2.12835e+00	3.86635e+00	1.04797e+00
1.31929e+00	-9.48547e-01	2.82536e+00	2.63949e+00
2.00318e+00	-1.51478e+00	1.30604e+00	-2.03398e+00
1.74956e+00	-5.08659e-01	5.57662e+00	-3.81263e+00
2.34873e+00	-7.42900e-01	3.44457e+00	-2.22196e+00
1.08617e+00	-1.73979e-01	1.91394e+00	-4.50448e+00
1.69817e+00	-4.77146e-01	3.40793e-01	-3.96404e+00
1.84785e+00	-1.01622e+00	6.45403e+00	4.21031e+00
1.61670e+00	-1.28847e-01	5.60596e-01	-2.35311e+00
1.97699e+00	-2.73495e-01	1.71618e+00	1.46005e-01
1.81616e+00	6.27690e-01	3.15401e+00	-3.75672e+00
1.76528e+00	8.00228e-01	1.57016e+00	-2.53668e+00
1.90955e+00	1.52968e+00	6.90749e+00	3.25005e-01
1.96566e+00	1.21906e+00	4.75254e+00	-2.13879e+00
1.80584e+00	1.31003e+00	8.97215e-01	-2.35669e+00
