# No. of particles = 100 
# Proton - Solar wind	Electron - Solar wind	
1.26919e-01	-2.28497e+00	2.15549e+00	-2.27123e+00
1.89046e+00	-2.36007e+00	6.25273e-02	-2.19876e+00
1.01874e+00	-2.22729e+00	1.35851e+00	-5.39028e-02
1.97566e+00	-1.54573e+00	1.31978e+00	5.68932e-01
9.93407e-01	-2.18574e+00	1.12770e+00	-6.14428e-01
6.10954e-01	-2.35465e+00	1.85081e+00	-8.92639e-01
8.78163e-01	-1.91560e+00	2.39331e-01	-2.26373e+00
2.32350e-02	-2.33162e+00	2.02610e+00	1.55330e+00
4.36611e-01	-2.43942e+00	1.57337e+00	-1.94567e+00
8.60408e-01	-2.36941e+00	8.38344e-01	-2.22349e+00
1.98264e+00	-2.15715e+00	1.57607e+00	-1.99316e+00
2.02511e-01	-2.43607e+00	2.04161e-02	-2.36620e+00
1.83124e+00	-2.03690e+00	2.36994e+00	-1.82212e+00
1.40234e+00	-2.22786e+00	1.07700e+00	-2.37066e+00
1.53694e+00	-2.31514e+00	2.12305e+00	-5.49409e-01
3.65896e-01	-2.02058e+00	1.86985e+00	-1.78919e+00
7.01710e-01	-2.41208e+00	1.94331e+00	-1.67016e+00
1.90383e+00	-2.41064e-01	2.47807e-01	-1.87359e+00
3.02640e-01	-2.38009e+00	1.11818e+00	-2.24709e+00
8.48714e-01	-2.25492e+00	4.62436e-01	-2.12927e+00
1.91691e+00	-1.05146e+00	1.34448e+00	1.07506e+00
2.10142e-01	-2.49492e+00	3.33784e-01	-2.32985e+00
1.42830e+00	-4.20799e-01	3.35678e-01	-2.66654e-01
1.03876e+00	-2.17756e+00	1.59969e+00	-1.20662e+00
6.85455e-01	-2.47426e+00	1.10659e+00	-1.10327e+00
3.54049e-01	4.66282e-01	5.53662e-01	8.22301e-02
1.74871e+00	-2.42618e+00	5.80983e-01	-2.25621e+00
1.08475e+00	-2.19108e+00	2.22905e+00	3.10648e-01
1.95326e+00	-2.22436e+00	2.18914e+00	-2.27089e+00
6.47135e-01	-2.29993e+00	5.37831e-01	1.38731e+00
7.01552e-01	-2.26042e+00	3.16697e-02	-2.38738e+00
6.84530e-01	-2.48656e+00	1.69994e-01	1.02363e+00
1.40578e+00	-2.48127e+00	1.83352e+00	-9.37473e-01
9.93851e-01	-2.28276e+00	1.81871e+00	9.23487e-01
1.75615e+00	6.92418e-01	1.61034e+00	-9.16947e-01
6.87080e-02	-2.43555e+00	1.06438e+00	-3.24906e-01
2.20139e+00	-1.18260e+00	4.47121e-01	-1.34415e+00
9.52584e-01	-7.98588e-02	6.22817e-02	-2.36481e+00
2.05521e+00	-2.48705e+00	1.74327e+00	5.08130e-02
3.71772e-01	-2.44502e+00	1.36736e-01	-9.81881e-01
1.61522e+00	-1.87373e+00	1.16947e+00	-1.91011e+00
2.04397e+00	-1.83138e+00	4.67602e-01	-2.16926e+00
1.36466e+00	-1.92406e+00	1.44506e+00	-2.27207e+00
1.63392e-01	-2.42681e+00	2.24140e+00	2.05105e-02
3.51100e-01	-2.27660e+00	1.74490e+00	-5.68719e-01
1.98445e+00	-2.32406e+00	2.28145e+00	-1.51235e+00
8.55128e-01	-1.96410e+00	3.61460e-01	-2.27197e+00
1.12541e+00	-2.45848e+00	3.23238e-01	-5.47775e-01
1.79354e-01	-2.43003e+00	5.76240e-02	-2.32923e+00
8.71975e-01	-1.97860e-01	1.92027e+00	1.21269e-01
1.48331e+00	-8.34582e-01	2.30073e+00	-1.18867e+00
8.66528e-01	-5.67840e-01	4.77407e-01	-1.59639e+00
1.72109e+00	-1.04776e+00	1.69372e+00	1.04523e+00
1.03054e+00	1.89812e-01	1.12295e+00	-1.29083e+00
6.17765e-01	-7.40314e-02	1.03068e+00	1.27640e+00
2.47880e+00	-1.55135e+00	2.32542e+00	-2.08987e+00
4.29145e-01	-7.08323e-01	2.51036e-01	-2.41049e+00
3.69509e-01	-2.46464e+00	1.38298e+00	-1.28103e+00
9.79239e-01	-2.28392e+00	4.91908e-01	-2.37804e+00
2.35202e+00	-1.87489e+00	1.58061e-01	-1.96244e+00
1.56724e+00	7.46529e-01	5.05364e-02	-2.35063e+00
7.02361e-01	-2.20973e+00	2.12342e+00	4.07755e-01
7.05307e-01	3.37547e-01	1.20951e+00	-3.82753e-01
1.00585e+00	-2.32140e+00	6.90274e-01	-2.26042e+00
2.06955e+00	-7.30657e-01	7.73075e-01	-1.67262e+00
1.07751e+00	-3.31276e-01	4.92281e-01	1.42565e+00
7.69011e-01	-2.46324e+00	5.98983e-02	3.73462e-01
4.16212e-01	-2.36439e+00	1.23524e+00	-4.90896e-01
1.46268e-01	-2.25482e+00	2.16387e+00	8.66256e-01
2.49136e+00	-6.41379e-01	1.80407e+00	-1.86595e+00
1.70906e+00	-1.16380e+00	8.65922e-02	1.02626e+00
8.62108e-01	-2.23229e+00	1.34702e+00	-1.25434e+00
2.18359e+00	-1.36121e-01	8.71260e-01	-6.35076e-02
2.15375e+00	-2.43183e+00	9.64398e-01	8.28156e-01
2.10311e+00	-2.15531e+00	3.03700e-01	-2.11369e+00
1.71192e+00	3.82652e-01	2.05062e+00	1.08259e+00
7.58755e-01	-2.32462e+00	1.82794e-01	-3.67826e-01
1.71135e+00	-2.39133e+00	1.94759e-01	-2.15481e+00
1.14514e+00	-2.25004e+00	2.13122e+00	-2.18029e+00
1.72586e+00	3.99178e-01	1.32948e+00	-1.66146e+00
1.81314e+00	-1.20546e+00	1.36516e+00	-1.32738e+00
3.96413e-02	-2.23280e+00	4.17262e-01	-1.33842e+00
1.42801e+00	-2.16662e+00	3.60422e-01	-1.42171e+00
1.61267e+00	-2.29831e+00	1.26607e+00	1.13770e-01
8.23090e-01	-1.93265e+00	2.01381e+00	-7.70450e-03
4.88716e-01	4.02445e-01	5.85449e-01	-1.40053e+00
7.93978e-01	-2.14868e+00	2.45745e+00	-1.42243e+00
2.37035e+00	-2.28136e+00	2.17060e-01	1.52248e+00
1.32995e+00	-5.52328e-01	2.26569e+00	1.20967e+00
1.66808e+00	-1.00946e+00	1.71240e+00	-3.08614e-01
2.11101e+00	-2.34889e+00	2.54573e-01	2.14466e+00
1.03762e+00	-2.45664e+00	1.18751e+00	-8.71127e-02
2.37659e+00	-4.13533e-02	5.94567e-01	6.01561e-01
1.77289e+00	4.71988e-01	1.79164e-01	2.68672e-01
7.03152e-01	9.00315e-01	1.31142e+00	1.70375e+00
1.89812e+00	6.93777e-01	5.81939e-02	-5.44943e-01
2.23101e+00	-1.15152e+00	2.33939e+00	4.34834e-02
1.45612e+00	-2.36191e+00	1.36490e+00	1.08726e+00
9.63173e-01	-1.86918e+00	1.61039e+00	5.09492e-01
5.94804e-01	8.10446e-01	2.05273e+00	6.30443e-01
