# No. of particles = 100 
# Proton - Solar wind	Electron - Solar wind	
2.67247e-01	-7.95997e-01	1.75041e+00	-9.12712e-02
3.53689e-01	-9.43304e-01	8.89762e-01	5.21955e-01
6.56667e-01	-1.07191e-01	3.87700e-01	-7.27098e-01
2.06428e-02	-9.99160e-01	7.23430e-01	9.69857e-01
4.25332e-01	-6.88350e-01	4.36143e-01	-4.74177e-01
1.32568e-01	6.74867e-01	1.27401e+00	-5.32646e-01
8.60251e-01	-8.37215e-01	1.92775e+00	8.15513e-01
1.96605e-01	-7.40822e-01	5.14279e-01	-1.27791e-02
1.94699e+00	-5.29501e-01	2.76994e-01	-7.61145e-01
8.49326e-02	-4.49422e-01	2.19440e-01	-6.19078e-01
3.82093e-01	-4.75175e-01	3.36891e-01	-6.15279e-01
1.33879e+00	-5.16984e-02	2.22880e-01	-4.00735e-01
4.23362e-01	2.29371e-01	8.08262e-01	-4.94010e-01
5.63745e-01	-6.10026e-01	5.07338e-01	-2.28366e-01
5.00219e-01	-6.76983e-01	1.63285e+00	-2.54908e-01
1.50690e+00	-5.18726e-01	1.44571e+00	2.25125e-01
3.63292e-01	-7.43603e-01	1.46297e-01	-9.49946e-01
9.41614e-01	-8.05914e-02	2.35863e-01	-5.37471e-01
2.29686e-01	-4.52004e-01	4.09388e-02	-9.61753e-01
1.36111e+00	1.22856e-01	2.78943e-01	-4.58066e-01
6.63244e-01	9.70436e-01	1.20578e-01	-2.74667e-01
1.51718e+00	9.43435e-01	1.84892e+00	-8.53918e-01
5.20502e-01	6.63828e-01	3.85254e-02	-7.96008e-02
8.05770e-02	-9.39326e-01	2.89266e-01	-3.88499e-01
7.50771e-01	8.24860e-01	4.65403e-01	3.23250e-01
1.73130e+00	-2.86456e-01	1.89036e-01	-2.03353e-01
9.40828e-01	-7.07074e-01	6.50336e-01	-5.08725e-01
7.12273e-01	-3.62791e-01	1.47383e+00	-4.55145e-01
5.70710e-01	1.45373e-01	4.83905e-01	-9.00158e-01
1.35801e+00	-6.03634e-01	1.41002e+00	-7.48686e-01
1.26058e+00	2.94283e-01	7.08273e-01	2.20059e-01
9.34431e-02	-8.86436e-01	2.71025e-02	-2.20363e-01
7.42344e-01	1.90901e-01	5.96007e-01	6.97240e-01
7.44227e-01	-1.91339e-01	8.53608e-02	8.30227e-01
1.45580e+00	5.25007e-01	1.61060e+00	6.73217e-01
2.29464e-01	-6.43994e-01	8.78710e-01	9.68642e-01
4.16846e-01	-2.84066e-01	8.89654e-01	9.14262e-01
1.36678e+00	-2.85281e-01	2.44327e-01	-2.96783e-01
8.14668e-01	-8.05273e-01	2.60890e-01	1.98826e-01
1.94735e-01	4.64451e-01	2.44190e-01	-1.60341e-02
5.99318e-01	-2.86128e-01	6.07522e-01	-3.11537e-01
1.64749e+00	2.09017e-02	1.51228e+00	1.71434e-01
3.73114e-01	-9.85227e-02	7.49582e-02	8.18943e-02
1.16276e+00	6.87964e-01	2.17480e-01	9.37403e-01
5.75735e-02	-9.22946e-01	7.92305e-01	-8.35164e-01
3.06603e-01	-1.57237e-01	8.94302e-01	-3.61285e-01
1.70670e+00	-7.74904e-01	3.10123e-01	-9.38328e-01
1.72953e-03	-8.41039e-01	6.51328e-01	1.00394e-01
1.38925e+00	7.52983e-01	1.87474e+00	-7.30991e-01
7.94632e-01	-6.54631e-02	1.93699e+00	7.38780e-01
1.26574e-01	-8.05993e-01	1.19085e-02	-9.93872e-01
4.94490e-01	-6.20947e-01	8.73972e-01	-5.91528e-01
8.81262e-01	1.56984e-01	1.14712e+00	-8.36600e-01
4.93148e-03	-9.79604e-01	4.63435e-01	4.15713e-01
9.07975e-01	6.18808e-01	5.85728e-01	-2.38767e-01
6.43143e-01	-6.33484e-01	1.92655e-01	-9.97148e-01
1.08915e+00	-3.49428e-01	1.43753e+00	7.96205e-01
2.43504e-02	-8.70634e-01	1.96770e+00	9.46821e-01
3.14505e-02	-8.90956e-01	9.49551e-01	-9.57986e-01
3.51010e-01	-5.28408e-01	1.68041e+00	-6.78401e-01
3.82146e-01	5.05538e-01	3.60427e-01	-2.93141e-01
2.79839e-01	3.40211e-01	1.04201e-01	3.58673e-01
1.17813e-01	4.48644e-01	1.30253e+00	7.34738e-01
6.13387e-03	7.04453e-02	5.94757e-01	9.67643e-02
5.09867e-01	4.68704e-02	1.48686e+00	-3.49934e-01
3.62718e-01	3.30239e-01	1.09631e+00	-2.52104e-01
4.08210e-01	1.19412e-01	2.65619e-01	-9.28715e-01
1.14330e+00	-4.91840e-01	7.90114e-01	-8.29112e-01
3.88530e-01	-8.49545e-01	8.79279e-02	-8.93232e-01
1.77612e+00	-4.53225e-01	1.38533e-01	-3.19301e-01
6.71715e-01	-9.66334e-01	4.89298e-01	-7.70464e-01
3.32062e-01	-4.73664e-01	2.85656e-01	-8.93333e-01
2.46927e-02	-7.24734e-01	5.70539e-01	-4.01542e-01
4.39235e-01	2.38301e-01	1.68054e+00	-2.75036e-01
1.46577e-01	-9.42278e-01	3.48237e-01	2.67185e-01
2.94440e-01	-4.19569e-01	1.55401e+00	-1.76867e-01
3.60271e-01	8.70674e-01	1.84081e-02	-9.53337e-01
7.63275e-01	5.59645e-01	5.64818e-02	-3.15433e-02
5.43657e-01	2.77204e-01	1.43869e+00	4.36349e-01
1.23218e+00	2.04817e-01	1.27002e+00	-7.35745e-01
5.48583e-01	9.06853e-02	4.80601e-02	-7.66213e-01
1.76547e-01	-8.82553e-01	1.88917e+00	-6.51461e-01
8.53635e-01	-8.40522e-01	1.39992e-01	-9.04130e-01
9.01795e-01	6.50814e-01	3.71596e-01	3.74313e-01
1.02682e+00	2.55723e-01	3.43587e-01	-5.91892e-01
5.02731e-02	-9.65114e-01	2.54192e-01	1.84773e-01
1.60718e+00	-7.01760e-01	1.26793e+00	-4.61563e-02
1.23662e-01	-3.85530e-01	2.37203e-01	-4.07569e-01
3.11974e-02	-9.88343e-01	1.44858e-01	-2.06842e-02
1.21529e-01	-3.70979e-01	5.34654e-01	-2.28815e-01
9.04310e-01	4.17988e-01	4.45118e-01	-6.64667e-01
2.61815e-01	-4.14404e-01	1.42057e+00	-4.00651e-01
1.81115e+00	2.12669e-01	1.11019e+00	8.02822e-01
9.78755e-03	-9.90274e-01	1.83259e+00	3.24442e-02
6.31208e-02	-7.61026e-01	1.43613e+00	-5.97801e-01
4.50846e-01	-3.40188e-01	4.27586e-01	-4.84375e-01
3.68973e-02	-1.16308e-01	1.12799e+00	-1.33396e-01
1.50640e+00	-5.69519e-01	9.16432e-01	-2.48614e-01
5.05367e-01	2.11189e-01	5.41957e-02	1.66114e-01
1.63862e-02	-6.22810e-01	1.27227e+00	9.29073e-02
