# No. of particles = 100 
# Proton - Solar wind	Electron - Solar wind	
3.60387e-01	6.58618e-01	1.90762e+00	-1.56142e-01
3.50902e-01	-2.61122e-01	4.89537e-01	-7.87800e-01
4.35849e-01	-6.49634e-01	8.58396e-01	-4.75957e-01
2.78779e-01	9.43749e-01	1.20801e+00	-2.12535e-01
3.46854e-01	-7.72662e-01	1.19275e+00	-7.07768e-01
1.15395e-01	-6.47361e-01	1.81532e+00	3.40899e-01
1.58351e-01	-8.88129e-01	2.09261e-01	-7.72148e-01
3.36747e-01	-5.82327e-01	1.07829e+00	-9.91230e-01
1.57987e+00	-3.76547e-01	6.15253e-01	-5.78316e-01
2.74124e-01	-2.54492e-01	6.57440e-01	-5.49367e-01
1.12876e+00	5.79877e-01	7.67361e-01	-6.41212e-01
2.96405e-01	-6.23112e-01	4.33504e-01	-5.79808e-01
7.92387e-01	-5.10066e-01	3.73247e-01	-3.16788e-01
1.79581e-02	-9.94318e-01	4.63324e-01	4.74168e-01
4.27095e-01	6.73795e-01	4.51863e-01	-5.70204e-01
1.94763e+00	1.09923e-01	1.14153e+00	1.66815e-03
6.78666e-02	-3.69101e-01	6.66252e-02	-9.58548e-01
6.09347e-01	-5.87928e-01	1.15961e+00	8.96606e-01
1.13742e+00	7.46558e-01	1.21034e+00	-7.68772e-01
5.83637e-01	1.20129e-01	2.59182e-01	-9.37972e-01
3.04597e-01	-5.56917e-01	2.84707e-01	-1.01875e-01
6.77371e-01	-8.83299e-02	1.72158e-01	-7.99452e-01
1.12613e-01	1.67445e-01	1.19294e+00	6.04867e-02
1.95123e-01	2.23901e-02	7.14233e-01	3.90743e-01
1.38416e-01	-9.38269e-01	1.61437e-01	-9.71975e-01
3.89422e-01	1.27449e-01	4.21270e-01	-3.11470e-01
1.12702e-01	5.70126e-02	1.90576e-01	-1.35023e-01
1.67461e+00	5.02999e-01	7.18291e-02	-5.66090e-01
3.66879e-01	-8.54105e-01	1.77938e-01	-2.13855e-01
3.82499e-02	-9.38004e-01	1.14036e+00	9.20171e-01
1.07705e+00	-2.48823e-01	4.55340e-01	-8.83077e-01
1.32431e+00	-2.99566e-01	6.71104e-01	-3.28400e-01
1.91556e-01	-7.17103e-01	8.31658e-01	2.36308e-01
7.67186e-01	9.73435e-01	6.35808e-02	-8.22266e-02
1.14997e+00	-2.33582e-01	2.32194e-01	-7.00529e-01
1.51719e+00	1.03015e-01	8.59105e-02	-7.77418e-01
1.23967e+00	-6.70648e-01	1.84246e+00	9.43084e-02
4.63464e-01	7.83989e-01	5.49641e-01	1.86276e-01
1.38555e-02	-9.96488e-01	6.27344e-01	7.03499e-01
1.02932e+00	3.63704e-01	2.30748e-01	1.45232e-01
4.78930e-01	-3.03540e-01	3.60048e-01	-8.98759e-01
5.75833e-02	-9.29713e-01	1.82032e+00	-8.43014e-01
1.65175e-01	-7.44555e-01	4.43400e-02	-9.26575e-01
2.30683e-01	-1.41697e-01	2.31265e-01	-8.72682e-01
6.16875e-02	-8.48641e-01	9.85167e-01	2.14510e-01
1.59119e+00	1.11546e-01	5.80354e-01	-8.44174e-01
1.10570e+00	-1.90700e-01	1.43171e+00	2.10814e-01
6.80718e-02	-9.61059e-01	6.54424e-01	3.74839e-01
4.24290e-01	-5.44671e-01	1.77580e+00	9.32309e-01
6.36044e-01	2.07813e-01	6.07932e-02	-9.47088e-01
8.23112e-01	8.09116e-01	1.22609e+00	7.50034e-01
1.02463e+00	-3.06056e-01	3.35240e-01	-4.07432e-01
1.35333e+00	7.08193e-01	6.78614e-01	8.63786e-03
9.87404e-01	4.83514e-01	1.74867e+00	5.59964e-01
1.07600e+00	2.77172e-01	5.81860e-01	-1.15705e-01
2.43565e-01	1.54939e-02	3.01803e-01	-2.02836e-01
1.81438e-01	-7.59367e-01	1.03016e-01	-8.57287e-01
4.65892e-01	-4.18709e-01	8.51097e-02	-9.76632e-01
1.81381e-01	9.31013e-01	1.91276e+00	-2.86323e-03
6.82606e-01	-2.78475e-01	2.10562e-01	-1.00249e-03
1.04387e-01	-7.40022e-01	1.56166e+00	-3.29215e-01
7.06293e-01	-2.21290e-01	1.48860e+00	-2.40442e-01
1.68238e+00	1.93114e-01	4.41835e-01	-8.46806e-01
1.60250e+00	5.12144e-01	4.24043e-01	-7.57491e-01
1.35771e+00	-6.66187e-01	1.93341e+00	-7.62356e-01
6.20093e-02	-9.54659e-01	1.87575e+00	5.92947e-01
1.21625e+00	-3.30373e-01	1.82523e+00	2.46793e-01
3.96243e-01	7.12143e-01	7.16978e-01	6.14828e-01
5.40276e-01	-3.67236e-02	1.57545e+00	2.10125e-01
1.53913e+00	9.81492e-01	1.20646e+00	5.30340e-01
4.83255e-01	3.76693e-01	1.26298e+00	-4.72188e-02
3.09231e-01	2.76035e-01	2.50576e-01	-5.20409e-01
1.65121e+00	7.70721e-01	1.99246e+00	7.84576e-01
4.23002e-01	5.92467e-01	4.62307e-01	2.59452e-01
4.05372e-01	-6.84639e-01	5.33892e-01	-7.29951e-01
5.27935e-01	-7.09079e-01	7.92857e-01	1.35193e-02
4.09897e-01	-4.50528e-01	9.09866e-01	3.69581e-01
1.18683e+00	-2.32673e-01	1.21319e+00	6.70389e-01
1.64505e+00	6.97577e-01	1.15132e-01	1.41292e-01
4.31417e-01	-5.05636e-01	9.33473e-01	5.93690e-01
1.35829e+00	-1.51492e-01	2.70411e-01	-1.17008e-01
1.75878e+00	3.44175e-02	4.80958e-01	1.12527e-01
6.00813e-01	-3.50639e-01	5.66012e-01	-8.68270e-01
8.72414e-01	4.66288e-01	8.11258e-01	8.60619e-01
2.47787e-01	-5.25212e-01	3.02180e-01	-4.80229e-01
1.61177e-01	-2.77760e-01	8.78758e-02	2.41623e-02
2.13693e-01	-6.51548e-01	9.53847e-01	-1.42527e-02
1.66452e-02	-8.75411e-01	1.36596e+00	-6.89236e-01
7.84694e-01	-8.75354e-02	6.72133e-01	4.72982e-01
1.53680e+00	-6.99868e-01	1.94756e+00	4.57388e-01
8.73177e-02	-8.42403e-01	1.29218e+00	-3.36746e-01
8.34881e-01	7.06984e-01	1.23568e+00	-7.68425e-02
3.99287e-01	-2.49091e-01	1.53931e+00	-8.55436e-01
1.18185e+00	4.46586e-01	1.74946e+00	-3.37101e-01
1.06751e-01	-6.71374e-01	1.76853e+00	6.19827e-01
1.28230e+00	8.69130e-01	1.65069e+00	-1.78254e-01
4.75769e-01	-6.61927e-01	1.07149e+00	-9.43245e-02
1.65067e+00	-1.96953e-01	5.37006e-01	8.55935e-01
9.49990e-01	3.27456e-01	5.35176e-01	7.93930e-02
1.84008e+00	-8.29396e-01	1.26021e+00	-5.63642e-01
