# No. of particles = 100 
# Proton - Solar wind	Electron - Solar wind	
1.04805e+00	-2.26370e+00	1.63530e+00	-1.29820e+00
2.44342e-01	-2.43996e+00	1.43384e+00	-1.96646e+00
1.01110e+00	-2.42730e+00	1.58289e+00	1.52267e+00
2.45601e-01	-2.40118e+00	2.92568e-01	-2.43145e+00
3.63465e-01	-2.48395e+00	1.61582e+00	-1.36273e+00
8.58560e-01	-2.23343e+00	6.98796e-01	-3.75623e-01
3.63846e-02	-2.27115e+00	3.65522e-01	-2.08420e+00
1.61846e-01	-2.29543e+00	4.35640e-01	-2.43006e+00
3.40186e-01	-2.30037e+00	3.73097e-01	-1.37674e+00
1.41702e+00	-2.41602e+00	8.44157e-01	-2.14022e+00
1.16171e-01	-2.28169e+00	3.69949e-01	-1.27672e+00
2.24464e+00	-1.66387e+00	1.56019e+00	-3.78883e-01
1.37336e+00	-2.08721e+00	5.25943e-01	-1.35130e+00
8.84797e-01	-1.99190e+00	3.56430e-01	-3.36421e-01
6.98750e-01	-2.16556e+00	4.77221e-01	5.07236e-02
5.46222e-01	-2.13559e+00	2.22865e+00	2.35096e+00
5.35020e-01	-2.25613e+00	1.31196e+00	4.41773e-01
7.56482e-01	-2.33936e+00	1.48518e+00	-1.58215e+00
3.54261e-01	-2.26369e+00	5.59252e-01	3.03104e-01
6.37384e-01	-2.28165e+00	8.68550e-01	7.66638e-01
3.83822e-01	-3.88198e-01	5.93572e-01	-1.39386e+00
1.24060e+00	-2.28947e+00	8.92460e-02	-2.07435e+00
3.42300e-01	-7.85891e-01	8.10057e-01	-2.28235e+00
7.02389e-03	-2.39015e+00	7.05304e-01	-8.61043e-01
4.79449e-01	-2.26187e+00	2.42545e+00	-1.40193e+00
1.59925e+00	-2.28037e+00	2.44710e+00	-8.65536e-01
1.88539e+00	3.10660e-01	2.40945e+00	1.16144e+00
2.93107e-01	-1.31464e+00	1.24673e+00	-4.05255e-01
9.87328e-01	-2.30103e+00	2.75154e-01	-2.45968e+00
1.23736e+00	-2.54381e-01	3.81632e-01	-2.41219e+00
1.47837e+00	-2.43471e+00	6.22997e-01	3.81065e-01
1.85349e+00	-2.35490e+00	1.04955e-01	-2.01188e+00
1.32036e-01	4.63519e-01	5.29829e-01	-4.15668e-01
1.36680e-01	-2.28176e+00	2.95371e-01	-2.03130e+00
5.15837e-01	-2.37159e+00	2.05750e-01	-1.26425e+00
2.31423e+00	-2.47979e+00	2.40427e+00	-2.01535e+00
1.20418e+00	-2.29457e+00	1.41776e+00	-1.11572e+00
2.17471e+00	-2.91952e-02	7.01414e-02	-2.01454e+00
5.36058e-01	-1.54457e-01	7.86007e-01	-1.82257e+00
2.04813e-01	-2.47364e+00	1.06466e+00	1.38504e+00
6.50590e-02	-2.28548e+00	2.06010e+00	-1.40282e+00
2.19407e+00	-2.38500e+00	6.78115e-01	-2.04990e+00
7.24277e-01	-2.42967e+00	8.14768e-01	-8.86193e-01
6.15016e-01	-2.22746e+00	8.37577e-01	6.81923e-01
1.63106e+00	-2.25144e+00	7.30581e-01	1.24802e+00
8.57033e-01	-2.21558e+00	6.54383e-01	-4.85137e-01
2.05890e+00	-2.31031e+00	1.22224e-01	-2.31397e+00
1.38437e+00	-2.15743e+00	1.23187e-01	-1.72839e+00
2.06890e+00	-6.80319e-01	5.12082e-02	-1.70433e+00
9.40570e-01	-2.38915e+00	2.79778e-01	4.61358e-03
1.84309e+00	2.94361e-01	5.44067e-02	-2.49669e+00
6.11718e-01	-2.42786e+00	8.37972e-01	3.55237e-01
6.55278e-01	-2.44657e+00	1.26976e+00	4.83416e-01
2.25574e+00	-1.74453e+00	1.92218e+00	1.82135e+00
1.14050e+00	-2.01340e+00	5.93088e-01	6.10529e-02
2.23622e+00	-1.72361e+00	1.16500e+00	-9.83820e-02
9.96595e-01	-2.38703e+00	1.53585e-01	-2.06718e+00
1.12504e+00	-6.05863e-02	5.41353e-01	1.29508e+00
1.01296e+00	-1.21402e+00	2.17334e+00	1.07238e+00
7.51808e-01	-2.08788e+00	1.57767e+00	-5.78713e-01
5.35287e-01	-2.19234e-01	9.65908e-01	-2.47443e+00
1.19570e+00	-2.47719e+00	1.72304e+00	5.44221e-01
1.31082e+00	1.67370e-01	2.19455e+00	-1.92773e+00
8.93764e-01	3.68204e-02	1.68209e+00	-1.10940e-01
2.20242e+00	6.78673e-01	8.86794e-01	-2.03148e+00
1.86196e+00	-2.21878e+00	4.32665e-01	-2.31366e+00
1.14299e+00	4.34776e-01	2.02943e+00	8.73917e-01
3.77516e-01	-2.38653e-01	1.09565e+00	-1.50733e+00
1.63831e+00	-1.64094e+00	8.32472e-01	4.05256e-01
1.87498e+00	-1.79138e+00	2.25035e+00	-1.92033e+00
6.08993e-01	2.31825e-01	4.13147e-01	3.62287e-01
3.19099e-01	6.89961e-01	1.73025e-01	-2.32525e+00
2.43789e+00	-2.34561e+00	2.11484e-01	-2.16882e+00
1.32148e+00	-2.19808e-02	1.76789e+00	1.12064e+00
1.47715e+00	-2.19454e+00	6.64573e-02	-2.22049e+00
1.97763e+00	-3.77293e-01	1.28301e+00	-1.89589e+00
1.23991e+00	-2.46903e+00	1.05540e+00	1.77999e+00
4.60737e-01	-3.02052e-01	1.20504e-01	9.23327e-01
1.84510e+00	-2.24537e+00	6.52112e-01	8.86194e-01
1.91813e+00	4.66862e-02	1.27449e+00	-8.59386e-01
2.38779e+00	-2.24647e+00	2.10744e+00	-1.64827e+00
2.09780e-02	-2.47296e+00	1.15473e-01	-1.58579e-01
1.89479e+00	-1.07659e-01	6.80777e-01	1.31884e+00
1.44203e+00	-2.03432e-01	1.37042e+00	-1.23685e+00
2.06502e+00	1.02362e+00	2.39470e+00	-3.48514e-01
5.16729e-01	1.36106e+00	1.58848e-02	3.96949e-01
1.99420e+00	-2.47857e+00	1.40328e+00	6.97755e-01
2.42444e+00	-9.87351e-02	1.62248e+00	1.02729e+00
2.48366e+00	5.11335e-01	1.75616e+00	1.16703e+00
2.65794e-01	-2.39658e+00	1.09132e+00	-2.94618e-01
2.13943e+00	-9.07951e-01	7.21286e-01	-2.06057e+00
1.56664e+00	-1.32591e+00	2.38194e+00	3.34033e-01
4.56731e-01	5.60876e-01	6.77404e-02	-2.19494e+00
2.31759e+00	9.59076e-01	2.93874e-01	-2.29187e-01
2.49320e+00	-2.26479e+00	1.61610e+00	1.55260e+00
1.54087e-01	-2.46869e+00	4.35121e-02	-2.49690e+00
1.70653e+00	-2.31190e+00	6.47888e-01	-2.30573e+00
1.24401e+00	-2.07502e+00	1.69784e+00	-1.80575e+00
9.47424e-01	-2.47251e+00	3.42397e-02	-2.36704e+00
3.79069e-01	-5.13984e-01	1.61012e+00	-1.04541e+00
