# No. of particles = 100 
# Proton - Solar wind	Electron - Solar wind	
1.59476e-01	-2.41880e+00	2.04883e+00	-2.20513e+00
3.38061e-01	-2.35535e+00	2.26963e-02	-2.42625e+00
4.81722e-01	-2.43163e+00	1.85403e-02	-2.22470e+00
1.95131e+00	-2.31370e+00	1.96862e+00	-2.02023e+00
7.37157e-01	-2.28124e+00	7.43129e-01	5.94662e-01
5.64163e-01	3.10696e-01	1.30116e+00	-1.95501e+00
1.22608e+00	-2.10398e+00	1.29564e+00	1.98926e-01
1.85650e-01	-2.39503e+00	1.75978e+00	7.02746e-01
8.77469e-01	-2.46399e+00	1.40259e+00	-2.36343e+00
1.70840e+00	-2.15410e+00	1.36843e+00	5.54777e-01
1.02711e+00	-2.25398e+00	2.19318e+00	-1.46532e+00
2.47329e+00	-1.80282e+00	1.58822e-01	-2.47173e+00
1.16425e+00	-2.21024e+00	5.02095e-01	1.03043e+00
2.42296e+00	-2.28748e+00	4.87895e-01	-2.20910e+00
8.01990e-01	-2.22466e+00	1.17200e+00	2.10654e+00
1.04886e+00	-2.11211e+00	1.86081e+00	-2.29378e+00
1.73660e+00	-1.92574e+00	1.07370e+00	-1.47853e+00
5.34189e-01	-2.45051e+00	3.67837e-01	-1.22341e+00
1.99252e+00	-2.16199e+00	1.98735e+00	2.97035e-01
1.33165e+00	-2.40528e+00	2.40326e+00	-1.12710e-01
1.46798e+00	-2.06320e+00	2.47129e-01	5.27542e-01
2.42720e+00	-2.34567e+00	1.85472e+00	-1.99525e+00
2.00876e+00	-2.39896e+00	1.70901e-01	-2.41696e+00
6.89650e-01	-2.37707e+00	1.92670e+00	-1.33337e+00
1.06959e+00	-9.83655e-01	2.28057e+00	-5.52171e-01
1.67768e+00	-8.58016e-01	1.76264e-01	1.21126e+00
1.40018e+00	-8.72952e-01	1.73295e+00	1.66464e+00
1.69556e+00	-1.69310e+00	1.45729e+00	-1.65649e+00
1.27736e+00	-2.42342e+00	1.56717e+00	-4.05081e-01
2.30763e+00	7.14751e-01	1.71583e+00	-1.19013e+00
2.87154e-02	-2.28155e+00	8.31121e-01	-2.29825e+00
6.69319e-01	-2.39261e+00	8.96630e-02	-2.34607e+00
1.98348e+00	-1.23386e+00	1.75605e+00	3.40502e-02
1.89977e+00	-4.71798e-01	4.77854e-01	-1.73323e+00
1.53865e+00	-4.19228e-01	3.97075e-01	-2.16812e+00
1.72099e+00	-2.14143e+00	1.26541e+00	-2.26641e+00
4.71515e-02	-2.06011e-01	1.84359e+00	-1.20161e+00
7.88702e-01	-2.27883e+00	1.80179e+00	-1.80945e+00
8.62402e-02	-2.39441e+00	4.58631e-01	-2.46219e+00
1.02556e+00	-2.30442e+00	5.50099e-01	-2.48387e+00
1.81880e+00	-2.48811e+00	1.25209e+00	3.02039e-01
5.95472e-02	-2.47529e+00	5.96713e-01	-2.03676e+00
1.16886e+00	-2.08054e+00	6.29290e-01	2.05128e+00
2.01609e+00	-2.14737e+00	3.45752e-01	-2.42713e+00
8.19451e-01	5.51792e-01	2.80981e-01	-1.67276e+00
5.26565e-01	-2.24863e+00	1.00383e+00	2.13546e+00
1.24724e+00	-2.36408e+00	4.46517e-01	-1.16971e+00
1.87297e-01	-5.88984e-01	9.49221e-01	1.32563e+00
1.03282e+00	-2.41996e+00	4.01253e-01	-2.49073e+00
9.96726e-01	-2.29923e+00	5.61450e-01	7.59368e-01
2.49549e+00	1.07952e+00	7.83080e-02	-1.45574e+00
2.15049e+00	-2.46301e+00	4.41531e-01	-5.09764e-01
1.05586e+00	-2.21131e+00	2.05243e+00	-1.23082e+00
2.27810e+00	1.10244e-01	2.16694e+00	-2.24868e+00
2.26601e+00	-7.05572e-02	1.32753e+00	1.84982e-01
1.81179e+00	-6.62768e-01	2.18689e+00	-3.89196e-01
4.62636e-02	3.65318e-01	8.17307e-01	-2.46732e+00
1.30149e+00	-2.31428e+00	2.16868e+00	-1.79277e+00
1.65777e+00	-2.04755e+00	9.78983e-01	-2.39788e+00
9.39712e-01	-2.35306e+00	7.03729e-01	-2.25274e+00
1.80203e+00	-2.20222e+00	1.41539e+00	-1.54198e+00
1.58740e+00	-1.25589e+00	4.35352e-01	-7.21056e-01
6.86441e-01	-2.16249e+00	2.12404e+00	-1.35615e+00
8.11548e-01	-3.08398e-01	1.96461e+00	1.39119e-01
1.70525e+00	1.01185e+00	3.12999e-01	1.75152e+00
1.52367e+00	-2.16908e+00	1.61803e+00	-7.40665e-01
1.86745e+00	1.04519e+00	1.52664e-01	-9.32388e-01
1.36909e+00	2.05188e-01	9.53213e-01	-2.33003e+00
1.06794e+00	2.10173e-01	7.68914e-01	-1.83940e+00
1.98779e+00	1.64994e+00	4.63706e-01	6.07249e-01
1.34627e+00	-1.50670e+00	1.78857e+00	7.41467e-01
2.20182e+00	6.38907e-01	9.55444e-03	-1.86797e+00
4.70546e-01	-2.25953e+00	1.49843e+00	-2.15929e+00
4.36372e-01	-9.42174e-02	7.21886e-01	-3.81413e-01
1.89689e-01	1.55205e+00	2.02036e+00	-1.91541e+00
1.12685e+00	1.87597e-01	1.65558e+00	-5.81397e-01
1.56868e+00	1.75516e-01	6.57539e-01	-1.73252e+00
1.03312e+00	-2.41837e+00	1.01033e+00	9.77495e-02
5.21426e-01	-1.94243e+00	1.22989e+00	1.06284e+00
1.37865e+00	-2.44630e+00	2.12967e+00	-3.74268e-01
1.64642e+00	7.01824e-01	1.16577e+00	8.87961e-01
1.79396e+00	3.48113e-01	4.10280e-01	1.90797e+00
2.59963e-01	-2.42217e+00	1.93408e+00	-1.70403e-01
1.88516e+00	3.56753e-03	1.16283e+00	1.20569e+00
2.26972e+00	-2.43319e+00	1.18302e+00	-1.57157e+00
7.20370e-03	-2.30480e+00	1.18265e+00	-1.59809e+00
1.64711e+00	-1.37662e+00	6.22090e-01	-2.34050e+00
1.10449e+00	-2.18347e+00	8.77263e-02	-2.30799e+00
6.59154e-01	-2.43048e+00	2.00570e-01	-2.21198e+00
7.94311e-01	-2.28503e-01	3.25970e-01	-2.26551e+00
1.36505e+00	-6.04321e-01	6.78387e-01	1.37533e-02
1.28643e+00	5.52498e-01	2.05841e+00	-1.51409e+00
7.44502e-02	-2.39895e+00	8.33590e-01	-8.41810e-01
1.16870e+00	-1.71811e+00	3.12030e-01	-2.23993e+00
8.64210e-01	-2.47580e+00	1.63385e+00	-1.72580e+00
1.22158e+00	2.63385e-01	1.03406e+00	1.21551e+00
1.75743e+00	2.30997e-01	4.19460e-01	-2.49424e+00
2.45792e+00	3.96151e-01	1.27235e+00	9.33863e-01
2.38362e+00	-2.44034e+00	9.45436e-01	2.16625e+00
1.88014e+00	-2.24001e+00	1.59537e+00	8.16707e-01
