# No. of particles = 100 
# Proton - Solar wind	Electron - Solar wind	
2.26760e-02	-9.76277e-01	1.68251e+00	2.19528e-01
5.39444e-01	-4.04024e-01	5.02980e-01	-8.32950e-01
2.55674e-01	-7.62585e-01	2.25683e-02	-9.71972e-01
1.24118e+00	-2.34831e-01	1.97434e+00	-9.07455e-01
8.36489e-01	-5.31159e-01	1.84574e-02	-9.47706e-01
3.20752e-01	-1.15553e-01	5.36251e-02	-1.18409e-01
3.46510e-01	-9.30424e-01	5.19631e-01	6.86311e-01
1.79241e-01	-7.07735e-01	4.04121e-01	-8.43368e-01
4.27963e-01	-9.58072e-01	6.00303e-01	-4.56272e-01
3.95155e-01	-8.12763e-01	8.46477e-01	-5.17249e-02
2.84720e-01	-7.07389e-01	8.45132e-01	-3.88712e-01
1.39099e+00	8.38224e-01	1.42596e-01	-5.76456e-01
1.94757e+00	2.18601e-01	1.68449e+00	8.03003e-01
6.12005e-01	-2.18612e-01	1.45223e+00	5.29377e-01
1.60013e+00	-7.85301e-01	9.24373e-01	-2.27388e-01
4.63779e-01	-5.56088e-01	1.27882e+00	-6.74302e-01
1.44707e+00	-4.22208e-01	1.84069e+00	-6.73002e-01
1.76343e-01	5.41523e-02	2.42692e-01	-6.43546e-01
1.18529e+00	-6.21640e-01	5.09873e-01	2.99934e-01
3.10038e-01	-6.25049e-01	1.87896e-01	9.87648e-01
1.54085e+00	-2.90732e-01	1.55624e-02	-9.30265e-01
2.60954e-01	-3.87607e-01	1.30586e+00	-2.15060e-02
5.87238e-01	-8.38792e-01	8.63241e-01	-3.29276e-01
4.35013e-01	-5.39460e-01	3.65626e-04	-9.29451e-01
1.68659e+00	-3.84709e-01	1.30052e+00	-3.15806e-01
1.06735e+00	7.91321e-02	1.96576e+00	6.20448e-01
7.90566e-01	6.95496e-01	1.07789e+00	-4.51217e-01
4.17093e-01	3.74515e-01	4.74864e-01	-8.55386e-01
8.62281e-01	-8.60928e-01	8.13072e-02	-9.10713e-01
4.59546e-01	-1.17862e-01	1.16454e+00	-5.34326e-01
4.04684e-01	-4.86918e-01	1.94015e+00	-9.97312e-01
3.04075e-02	-9.44278e-01	5.06049e-02	-4.28681e-01
1.25130e-01	-6.86587e-01	1.69801e-01	-8.71829e-01
2.27807e-02	-9.86163e-01	1.09363e+00	5.81468e-01
5.37724e-01	2.21170e-01	3.88237e-01	-4.20364e-01
9.72622e-01	-8.28438e-01	5.64137e-01	6.81865e-03
6.69224e-01	8.93253e-01	1.08429e-01	-7.38151e-01
1.65018e+00	-6.88361e-01	1.75787e+00	8.71643e-02
1.69877e+00	-7.57857e-01	2.78825e-03	-8.42795e-01
5.68567e-02	-9.10438e-01	8.60884e-01	1.64165e-01
3.21552e-01	-6.96183e-01	1.11765e+00	-8.85007e-01
1.14632e+00	8.93180e-01	1.13343e+00	5.35511e-01
6.78055e-01	1.09732e-01	1.74006e+00	-2.78857e-01
6.16638e-01	-2.26668e-01	1.79025e+00	-7.04703e-01
8.21950e-02	-8.27544e-01	3.98749e-01	-9.82352e-01
2.61795e-02	-9.56907e-01	1.99900e+00	-1.31704e-02
2.80403e-01	-5.46934e-01	1.95992e+00	6.52716e-02
1.46794e-01	-8.63854e-01	8.53585e-01	1.19351e-01
3.26377e-01	5.74263e-01	4.20284e-01	-4.23297e-02
1.96629e+00	-1.30118e-01	9.39615e-01	9.47914e-01
1.83806e+00	6.49084e-02	1.93669e+00	-2.71210e-01
5.32586e-01	2.11580e-01	1.94879e+00	-7.53224e-01
1.29796e-01	-6.63232e-01	1.19203e+00	2.01717e-01
3.19983e-01	-5.06730e-01	9.53484e-01	-4.47933e-01
4.42534e-01	-8.92843e-02	5.49792e-02	-5.50473e-01
5.31959e-02	-9.85368e-01	5.77379e-01	2.85430e-02
1.82506e-02	-9.69149e-01	7.40884e-01	9.37984e-01
1.17599e+00	-6.56397e-01	1.25715e+00	1.24014e-01
5.01024e-01	-4.84920e-01	3.43544e-01	8.09913e-01
7.94791e-01	-7.51376e-02	1.83703e-01	8.13330e-02
7.51265e-01	-4.58799e-01	5.19300e-01	-7.46439e-01
4.56805e-01	-7.80243e-01	5.35803e-01	-3.87365e-01
9.66646e-01	9.99108e-01	1.90958e-01	-6.05886e-01
5.68694e-02	-5.32698e-01	1.79294e-01	2.68619e-01
9.11159e-02	-4.10584e-01	1.77303e+00	3.34355e-01
1.04126e+00	-4.86488e-01	1.82789e+00	1.02323e-01
8.20041e-02	-8.76747e-01	3.08712e-01	-5.09035e-01
9.58722e-01	8.62951e-01	2.79831e-01	4.32167e-01
8.41103e-01	4.97455e-01	7.93376e-01	7.15905e-02
3.49059e-02	-9.14145e-01	3.80089e-01	-2.71865e-01
3.56827e-02	-9.72878e-01	7.23628e-01	4.80548e-02
1.19241e-01	-9.78621e-01	5.90150e-01	4.68450e-01
5.96033e-01	3.30253e-01	1.12516e+00	-2.98919e-02
7.00037e-02	8.50408e-01	1.28152e+00	2.21315e-01
6.98752e-01	-3.91628e-01	1.81720e-01	4.27816e-02
1.68713e-01	3.32812e-01	1.97349e-01	-8.88490e-01
4.29467e-01	-1.34259e-01	3.12625e-02	-9.65736e-01
1.01443e-01	-2.28435e-01	1.16245e+00	7.28581e-01
9.89671e-02	-9.26686e-01	5.05320e-02	9.87936e-01
1.33066e-01	-4.52012e-01	1.50720e+00	-3.04224e-01
1.19352e-01	-8.07851e-01	4.43611e-01	-2.42236e-01
2.16685e-01	-9.00254e-01	1.65378e+00	-8.15875e-01
1.72673e+00	9.39603e-01	7.83496e-01	7.37004e-02
5.67200e-01	-8.81056e-01	1.93846e+00	1.88319e-02
4.58211e-01	2.24881e-01	1.09027e+00	1.85746e-01
3.69393e-01	5.68012e-01	5.86003e-01	1.82626e-01
4.84846e-01	-2.08363e-01	1.14199e+00	7.57056e-02
6.21988e-02	-9.86983e-01	1.55198e+00	7.87485e-01
1.31397e+00	-4.10512e-01	7.46446e-01	3.14889e-01
8.56968e-01	-9.50052e-01	4.98302e-02	-9.30227e-01
1.72828e-01	-4.68595e-01	3.32577e-02	-5.98943e-01
6.04995e-01	-6.97604e-01	6.66472e-01	-1.75361e-01
8.25233e-01	7.65234e-01	5.98794e-02	-4.22169e-01
6.05644e-01	1.29055e-01	1.30039e+00	4.93552e-02
1.94772e-01	-8.55669e-01	1.19997e+00	1.98798e-01
1.85777e+00	1.71191e-01	5.42718e-01	4.98780e-01
3.14485e-01	3.45878e-01	1.00209e-01	7.89508e-03
5.13313e-02	-5.05170e-01	1.01573e-01	7.99133e-01
1.37646e-01	-3.14442e-01	1.60506e+00	8.34839e-02
5.22311e-01	-1.88547e-01	2.36108e-01	-5.64901e-02
