# No. of particles = 100 
# Proton - Solar wind	Electron - Solar wind	
3.93059e-01	8.07245e-01	3.87848e-01	3.35523e-01
4.07111e-01	-1.42348e-01	7.29559e-01	9.38428e-02
4.72526e-01	-6.19022e-01	7.19354e-01	-8.05142e-01
6.51466e-02	-8.16991e-01	1.30781e+00	1.04885e-01
4.89574e-01	-6.78924e-01	4.32969e-01	-7.75058e-01
1.20651e-01	-5.38146e-01	1.76216e+00	-3.27158e-02
3.36290e-01	-7.55456e-01	4.16030e-02	-9.53993e-01
4.69334e-01	-3.98865e-01	2.85381e-01	-9.67546e-01
1.74669e+00	-3.09733e-01	1.34807e+00	2.89706e-02
2.94771e-01	-1.90775e-01	1.34516e+00	-1.95419e-01
1.14813e+00	6.08505e-01	1.19559e+00	8.99390e-01
3.19882e-01	-5.92576e-01	1.68331e+00	-6.83459e-01
8.17261e-01	-4.93789e-01	2.84873e-02	-9.68395e-01
1.88328e-01	-8.08608e-01	8.50475e-01	8.57790e-01
4.47146e-01	7.76491e-01	3.76832e-01	-4.21495e-01
4.11599e-02	-8.47669e-01	2.55683e-02	-5.27581e-01
6.98517e-02	-2.79815e-01	2.09390e-01	-9.28882e-01
7.65646e-01	-4.59740e-01	4.94443e-01	-6.57632e-01
1.17700e+00	8.07961e-01	1.46780e-02	1.11481e-01
6.20089e-01	1.88378e-01	1.25703e+00	-8.63894e-01
3.32063e-01	-5.07010e-01	3.84373e-01	-1.56465e-01
7.29111e-01	-9.71766e-03	3.08051e-01	-5.13116e-01
1.20758e-01	4.71997e-01	1.44223e+00	5.25459e-01
2.00011e-01	4.86544e-02	1.96660e+00	-6.14497e-01
2.23248e-01	-9.00620e-01	2.12839e-01	-4.22384e-01
4.11889e-01	1.92871e-01	7.87840e-01	2.65396e-01
1.22414e-01	1.56533e-01	1.29269e+00	-3.91892e-01
1.70040e+00	5.25366e-01	1.75988e+00	-2.82800e-01
4.82714e-01	-8.02911e-01	1.70588e-01	8.78166e-01
9.55938e-02	-8.78349e-01	1.57210e+00	7.78339e-01
1.30258e+00	-7.85953e-02	1.43453e+00	-7.63447e-01
1.04929e+00	-3.21584e-01	4.77519e-01	9.46741e-01
2.57317e-01	-5.97829e-01	2.04076e-01	9.69408e-01
1.19391e-01	-9.55242e-01	1.88825e-01	-6.38128e-01
1.34079e+00	-1.04422e-01	1.60832e+00	-2.75312e-01
1.58234e+00	1.51758e-01	5.56128e-01	-7.04315e-01
1.32684e+00	-6.47627e-01	8.14219e-01	-2.97776e-02
4.89828e-01	8.14923e-01	5.74438e-01	-6.08123e-01
3.18908e-02	-9.24121e-01	2.23557e-01	-4.00853e-01
1.09275e+00	4.46568e-01	1.77858e-01	1.69016e-01
6.10983e-01	-7.53259e-02	3.04509e-01	-8.78342e-01
1.47246e-01	-8.36388e-01	4.77703e-01	-7.11869e-01
2.19194e-01	-6.48888e-01	1.23195e-01	-1.00436e-01
2.69924e-01	1.30653e-02	1.12469e+00	5.06403e-01
7.88778e-02	-7.90511e-01	1.52722e+00	5.06531e-01
1.71031e+00	1.97863e-01	5.45416e-01	-8.84637e-01
1.13678e+00	-1.67645e-01	4.23116e-02	-7.45809e-01
2.42851e-01	-7.35535e-01	1.47049e-01	1.03236e-01
5.11191e-01	-4.44425e-01	5.83284e-01	-3.62709e-01
8.34002e-01	3.03055e-01	7.46650e-01	-1.02668e-01
7.96801e-02	-9.97475e-01	1.53956e+00	-8.72037e-02
1.07045e+00	-2.75283e-01	1.36082e+00	-9.20444e-01
1.41351e+00	7.30917e-01	1.46583e-01	-1.28998e-03
1.01976e+00	5.32240e-01	3.21598e-01	-7.13280e-01
1.10794e+00	3.16026e-01	1.25583e+00	-4.20387e-02
3.92588e-01	8.82720e-02	1.02640e+00	8.36079e-01
3.63578e-01	-4.96895e-01	1.35839e+00	3.31033e-01
5.71644e-01	-5.29587e-01	6.46441e-01	-1.96474e-01
2.17706e-02	-9.74850e-01	7.14739e-01	4.69051e-01
7.48004e-01	-2.02625e-01	7.35437e-01	7.67063e-01
1.21624e-01	-8.65227e-01	1.73897e+00	-5.59993e-01
7.94598e-01	-1.23278e-01	1.77204e-01	-8.03880e-01
1.76019e+00	2.47943e-01	1.11245e+00	-7.38311e-01
1.70369e+00	6.07408e-01	1.24988e+00	4.42242e-01
1.42050e+00	-6.50190e-01	1.88992e+00	-1.95431e-02
8.43188e-02	-9.42214e-01	2.87773e-01	-1.36255e-01
1.01189e+00	-3.81608e-01	7.09695e-01	2.53299e-01
4.40838e-01	9.04865e-01	5.33747e-02	-9.76534e-01
5.59482e-01	-2.99013e-03	3.11501e-02	-9.10265e-01
8.18111e-02	-9.45790e-01	1.29349e+00	-4.86642e-01
5.01578e-01	4.30729e-01	8.72896e-01	6.12972e-01
3.37705e-01	4.59017e-01	6.83139e-01	3.52411e-01
1.71011e+00	8.33526e-01	1.05148e+00	-9.30592e-01
4.65427e-01	7.80258e-01	1.29055e-01	8.48368e-01
4.13190e-01	-6.76425e-01	1.18001e+00	-8.04423e-01
7.18556e-01	-5.02390e-01	8.90172e-01	2.62259e-01
4.98735e-01	-3.36151e-01	1.81480e+00	7.70011e-01
1.11313e+00	-2.51440e-01	9.66777e-01	-3.05016e-01
1.67403e+00	7.08378e-01	1.15753e+00	5.63994e-01
5.49626e-01	-3.44994e-01	1.72830e+00	-1.73217e-01
1.50235e+00	-5.27848e-02	6.94079e-01	6.72427e-01
1.73346e+00	5.63604e-02	6.31252e-01	-3.28975e-01
6.26438e-01	-3.22479e-01	1.97575e+00	9.87029e-02
9.41171e-01	5.81397e-01	4.37551e-01	-2.38689e-01
2.97377e-01	-4.21304e-01	1.16231e-01	7.32134e-01
1.66069e-01	-2.59547e-01	1.72705e+00	-9.56352e-01
2.20960e-01	-6.41412e-01	2.26646e-01	-6.35358e-01
2.41183e-01	-9.64019e-01	4.11324e-01	7.78937e-01
8.66443e-01	-6.41663e-02	8.22251e-01	4.22885e-02
1.61662e+00	-6.83409e-01	2.16003e-01	2.66268e-01
8.90832e-02	-8.34062e-01	1.73547e+00	-3.48359e-01
8.50161e-01	7.36482e-01	5.06323e-01	-1.51579e-01
4.09398e-01	-2.27887e-01	1.66534e+00	5.91424e-01
1.22643e+00	5.01473e-01	1.50268e+00	-1.54624e-01
1.50126e-01	-5.12066e-01	1.41923e+00	-3.73334e-01
1.30372e+00	9.01207e-01	7.14288e-01	-5.78912e-01
5.74771e-01	-5.90858e-01	1.87202e+00	-3.37132e-01
1.75351e+00	-1.45795e-01	7.25245e-01	3.27347e-01
9.89264e-01	3.44675e-01	1.90626e-02	-9.91707e-01
1.18934e-01	-9.72761e-01	9.27653e-01	4.55755e-02
