# No. of particles = 100 
# Proton - Solar wind	Electron - Solar wind	
5.64453e+00	-3.40242e+00	7.60701e+00	-3.28824e+00
4.85339e+00	-4.54085e+00	1.65593e+00	-3.66717e+00
5.01605e+00	-4.12437e+00	3.43937e+00	4.47613e+00
2.73309e+00	-5.87769e-01	8.87423e+00	-4.57667e+00
7.17798e+00	-2.76852e+00	5.88306e+00	-4.73710e+00
5.09641e+00	-2.17099e+00	3.83332e+00	4.68963e+00
5.26368e+00	-2.56634e+00	8.81566e+00	-1.46193e+00
3.97497e+00	-2.19933e+00	6.55283e+00	-1.36019e+00
5.24745e+00	-2.56729e+00	9.95013e+00	-3.33457e+00
6.87000e+00	-1.25271e+00	5.12418e+00	-7.30765e-01
6.62661e+00	-4.68612e-01	4.90629e+00	2.80412e+00
4.41916e+00	-2.75458e+00	3.68130e+00	-2.09940e+00
5.67378e+00	-9.17224e-01	7.90728e+00	2.00106e+00
5.91065e+00	-3.59551e+00	5.04922e+00	-1.67271e+00
6.77549e+00	-8.78488e-01	9.27501e+00	-3.22501e+00
6.13088e+00	2.45713e-01	4.29847e+00	3.37313e-01
4.90376e+00	-1.18599e+00	6.21025e+00	-1.50653e+00
6.71117e+00	-5.60519e-01	5.82352e+00	-4.93876e+00
3.49873e+00	2.08304e+00	6.74404e+00	-3.60059e+00
7.11391e+00	1.11996e+00	2.58814e+00	-4.73904e+00
5.90118e+00	-1.96590e+00	8.59165e-01	-2.48219e+00
4.53288e+00	-2.04966e-01	4.51347e+00	-3.28205e+00
3.97328e+00	1.77888e-01	9.97384e+00	-4.44968e+00
5.07026e+00	4.98028e-01	8.95721e+00	4.54931e+00
5.76429e+00	1.71481e+00	4.54109e+00	-1.87357e+00
6.49162e+00	7.75149e-01	5.21495e+00	-2.97537e+00
4.00672e+00	-1.95192e-01	4.51715e+00	-1.60754e-01
5.82737e+00	1.61684e-01	9.27075e+00	2.32005e+00
4.84600e+00	1.04163e+00	7.02014e+00	1.20426e+00
5.63522e+00	7.10025e-01	3.11549e+00	-4.58756e+00
6.19589e+00	6.51535e-01	4.79645e+00	1.52362e+00
6.34234e+00	1.20268e+00	7.05605e+00	-3.79542e-01
5.49277e+00	1.51668e+00	5.81747e+00	-1.22537e+00
4.70231e+00	2.45679e+00	1.44354e+00	-2.91856e+00
4.71270e+00	1.61571e+00	8.26475e+00	3.33138e+00
6.47744e+00	2.65521e+00	7.43923e+00	1.19926e+00
6.65151e+00	2.96735e+00	6.23856e+00	-3.79500e-01
4.93344e+00	3.14923e+00	5.32412e+00	-1.80503e+00
5.53390e+00	2.96927e+00	9.06854e+00	-2.69554e+00
4.50087e+00	2.72404e+00	4.77161e+00	1.28937e+00
7.43608e+00	2.20703e+00	2.00162e+00	3.17943e+00
4.16126e+00	3.67161e+00	9.70993e+00	3.11557e+00
4.80106e+00	2.40746e+00	6.37066e+00	-4.08718e+00
7.19625e+00	2.37158e+00	6.55733e+00	-8.01482e-01
5.47316e+00	4.23677e+00	3.41363e+00	-9.04498e-01
4.85137e+00	4.75913e+00	4.62567e+00	5.46349e-01
4.74094e+00	4.53969e+00	9.90840e+00	-1.71826e+00
5.85161e+00	4.88502e+00	9.65075e+00	3.36494e+00
7.07332e+00	1.33544e+00	6.32186e+00	4.95054e+00
7.26104e+00	4.35766e+00	8.58566e+00	-5.61696e-01
9.94318e+00	3.63831e+00	7.13095e+00	2.75516e+00
8.99868e+00	4.02748e+00	8.42388e+00	-4.52079e+00
7.45673e+00	-3.48992e+00	6.22761e+00	-4.55261e+00
8.66114e+00	-4.20161e+00	7.34031e+00	6.10669e-01
8.86338e+00	-3.86473e+00	4.85556e+00	-2.40676e+00
7.54171e+00	-3.49484e+00	6.06809e+00	3.45688e+00
4.88342e+00	-4.68731e+00	9.47022e+00	-2.96472e+00
5.49500e+00	-4.80957e+00	1.12048e+00	3.83202e-01
7.73828e+00	-2.85306e+00	5.61840e+00	-4.35850e+00
4.84891e+00	-4.55191e+00	4.23192e+00	4.83051e+00
7.15232e+00	-4.62646e+00	6.07725e+00	-4.96596e-01
4.52384e+00	-4.80227e+00	1.50491e+00	-4.85239e-01
4.35364e+00	-2.45145e+00	1.08766e+00	-2.36680e+00
7.05972e+00	-3.26751e+00	8.85457e-01	-1.50670e+00
4.43354e+00	-2.05168e+00	4.32508e+00	2.92761e+00
5.83913e+00	-3.22553e+00	4.80621e+00	3.88539e+00
5.11428e+00	-3.22722e+00	9.68526e+00	-3.26708e-01
7.15476e+00	-2.59823e-01	4.32360e+00	-6.96881e-01
3.11276e+00	-2.25581e+00	1.00692e+00	2.92125e+00
6.73193e+00	-3.69325e+00	4.70949e+00	-1.36444e+00
5.51597e+00	-3.87850e+00	5.34785e+00	4.80335e+00
6.99374e+00	-2.40605e+00	7.19083e-01	5.18238e-01
3.66058e+00	2.01267e-02	7.29289e+00	8.05488e-01
5.55436e+00	-2.25375e+00	8.02260e+00	-9.14572e-01
4.85138e+00	-2.98167e-01	9.48111e+00	2.28229e+00
6.53673e+00	-7.62706e-01	7.34616e+00	1.25096e+00
3.01390e+00	5.89557e-02	7.09756e+00	-9.73289e-01
4.71770e+00	-5.48822e-01	6.62972e+00	1.84515e+00
5.13483e+00	-2.18313e+00	5.63394e+00	2.58664e+00
4.48121e+00	-2.72221e-01	9.34860e+00	1.42150e+00
5.48455e+00	-4.79614e-01	8.36809e+00	4.83661e+00
5.03979e+00	6.08829e-01	5.31420e+00	-1.28746e+00
4.88815e+00	6.74357e-01	2.89217e+00	-4.41171e+00
5.29433e+00	2.22122e+00	8.43492e+00	1.07994e+00
5.44688e+00	1.39639e+00	3.43647e+00	2.59385e+00
5.01850e+00	1.26480e+00	8.48389e+00	-3.66349e+00
5.06798e+00	1.02318e+00	8.20661e+00	1.08481e-01
3.82131e+00	2.73034e+00	1.11756e+00	4.15044e+00
6.44554e+00	6.25530e-01	9.38485e+00	-4.47918e+00
3.14146e+00	1.33898e+00	1.75016e+00	-6.24125e-01
5.00453e+00	2.28139e+00	5.40357e+00	2.11718e+00
5.29068e+00	1.94251e+00	2.93228e+00	-1.94157e+00
6.88675e+00	4.16506e-01	4.16917e+00	-4.57493e+00
6.31511e+00	1.00786e+00	9.44553e+00	2.14367e+00
5.33585e+00	3.01757e+00	6.81061e+00	-1.20873e+00
4.40853e+00	2.63946e+00	9.25280e+00	-8.53778e-02
4.47356e+00	3.20102e+00	2.21262e+00	-2.98646e+00
5.18948e+00	2.67689e+00	4.70530e+00	3.46058e+00
3.72118e+00	2.38033e+00	2.90146e+00	1.86056e+00
4.98528e+00	3.21742e+00	7.79991e+00	-2.60326e-01
