# No. of particles = 100 
# Proton - Solar wind	Electron - Solar wind	
1.48131e-01	2.08628e+00	6.59443e+00	2.31284e+00
8.82159e+00	-4.33109e+00	3.28625e+00	4.62885e+00
4.96288e+00	1.32618e+00	5.02268e+00	4.14082e+00
9.25933e+00	-1.71444e+00	8.86769e+00	6.10628e-02
9.56180e+00	-2.36348e+00	3.01040e+00	4.35130e+00
7.22246e+00	-1.78355e+00	5.91494e-01	6.69006e-01
9.53050e+00	-2.65545e+00	3.34222e+00	-4.84531e+00
8.03268e+00	-3.24391e+00	4.37395e+00	1.06719e+00
8.91233e+00	-1.11017e+00	2.04308e-02	-3.65095e+00
6.35577e+00	4.29485e+00	9.53512e+00	-3.73554e+00
8.23389e+00	-5.71779e-01	8.26043e+00	1.13519e+00
7.22273e+00	7.44216e-02	8.78074e+00	1.94244e+00
9.21103e+00	5.61132e-01	9.92209e+00	-4.84954e+00
7.28355e+00	-7.09045e-01	1.25968e+00	-1.18770e+00
8.80492e+00	1.17541e+00	9.76008e+00	-1.42925e+00
9.98240e+00	1.47061e+00	6.20459e+00	-1.80287e+00
8.53776e+00	2.82226e+00	6.26520e+00	2.40747e+00
8.56669e+00	1.13085e+00	1.35548e-01	-2.47719e+00
8.96703e+00	3.37846e+00	8.93148e+00	-2.58515e+00
8.17219e+00	2.36433e+00	2.77648e+00	-2.64013e+00
7.55924e+00	3.61955e+00	7.96889e+00	1.17924e+00
8.72518e+00	1.34463e+00	7.97209e+00	-1.28556e+00
9.94658e+00	4.14378e+00	8.68501e+00	-1.40052e+00
8.81776e+00	4.92130e+00	9.06695e+00	-3.81898e+00
8.61671e+00	4.51815e+00	9.83562e+00	-3.93532e+00
8.88766e+00	-4.74959e+00	5.35690e+00	-4.02281e+00
8.82552e+00	-4.74142e+00	8.15809e+00	-6.26363e-02
7.92311e+00	-1.42589e+00	9.61595e+00	4.16869e+00
8.06723e+00	-8.56468e-01	7.96972e+00	1.93430e-01
9.30223e+00	-3.23336e+00	7.75855e+00	-1.67865e+00
5.66270e+00	-2.11027e+00	8.25738e+00	-1.75592e+00
6.65831e+00	1.26039e+00	8.78788e+00	4.47244e+00
8.82286e+00	-2.86597e-02	7.00979e+00	3.86121e+00
5.48210e+00	3.57199e-01	6.76316e+00	-1.04547e+00
8.58384e+00	-6.40593e-01	6.21937e+00	-2.88762e+00
9.34339e+00	-3.67721e+00	8.13061e+00	-3.93501e+00
8.14885e+00	-4.55793e-01	9.72692e+00	1.37961e+00
9.97555e+00	-7.43524e-01	8.16844e+00	-2.18052e+00
9.16726e+00	5.84681e-01	8.49072e+00	-2.15790e+00
8.88659e+00	5.13194e-01	8.87210e+00	-3.61125e+00
9.62812e+00	3.10665e+00	5.79922e+00	3.97119e+00
9.90414e+00	1.62344e+00	3.24732e+00	-2.56771e+00
9.13190e+00	1.20688e+00	7.46771e+00	4.80348e+00
9.21511e+00	7.14967e-01	8.68560e+00	1.34845e-01
6.95143e+00	3.55624e+00	4.18759e+00	2.18270e+00
5.71683e+00	8.97212e-01	9.36573e+00	7.67500e-01
9.10274e+00	2.47882e+00	4.49835e+00	4.84457e+00
9.61922e+00	1.95270e+00	9.81526e+00	-1.21334e+00
9.70362e+00	3.66076e+00	7.92639e+00	3.05666e+00
8.02301e+00	2.53677e+00	8.50132e+00	-4.55017e+00
8.13793e+00	3.71799e+00	8.69509e+00	-3.82804e+00
9.44394e+00	2.44862e+00	2.01561e+00	1.25852e+00
6.77006e+00	1.95261e+00	8.50222e+00	2.94158e+00
9.06802e+00	3.20880e+00	8.92381e+00	4.93344e+00
9.25577e+00	3.40856e+00	7.71425e+00	-3.21911e+00
9.21908e+00	3.02583e+00	7.96146e+00	2.04247e+00
9.48984e+00	3.93830e+00	6.93856e+00	1.37691e+00
8.71453e+00	3.32922e+00	7.51220e+00	-3.24854e+00
8.99399e+00	3.95177e+00	1.17855e+00	-1.54864e+00
9.83644e+00	2.36556e+00	8.83408e+00	1.68185e-01
9.17912e+00	4.65542e+00	6.79555e+00	3.74837e+00
8.00986e+00	1.04711e+00	8.67458e+00	-4.48167e+00
9.53386e+00	3.98773e+00	3.39869e+00	-7.92617e-01
9.93954e+00	-2.37359e+00	9.46834e+00	-3.19304e+00
8.77698e+00	-4.49790e+00	6.61372e+00	3.10069e+00
8.87509e+00	-3.70842e+00	6.43805e+00	-2.05110e+00
5.20885e+00	1.30582e+00	5.50656e+00	-3.04625e+00
6.86677e+00	1.93988e+00	4.26700e+00	-1.05487e+00
6.11936e+00	-3.15008e+00	5.80346e+00	6.32933e-01
9.94554e+00	5.89998e-01	2.38527e+00	-1.76876e+00
7.62251e+00	-2.63259e+00	8.28430e+00	1.32290e+00
7.25242e+00	-8.30503e-01	5.03133e+00	2.45788e+00
7.65397e+00	1.48878e+00	3.07619e+00	-4.41914e+00
9.32243e+00	-2.08826e+00	7.09066e+00	2.93303e+00
9.37303e+00	-1.46516e+00	2.65852e+00	2.57953e+00
8.56191e+00	-2.25919e-02	4.90569e+00	-1.89684e+00
5.56076e+00	-2.24409e+00	3.05814e+00	-1.96416e+00
7.37289e+00	4.05471e+00	8.02864e+00	3.40463e+00
6.65982e+00	5.41755e-03	8.94558e+00	4.10468e+00
8.13878e+00	4.22343e-02	8.37808e+00	3.05399e+00
8.68442e+00	1.60186e+00	8.40418e+00	2.27490e+00
6.26228e+00	1.50063e+00	8.45373e+00	3.21912e+00
8.73865e+00	1.92943e+00	9.67645e+00	1.29739e+00
8.29521e+00	-3.29102e-01	7.54309e+00	1.92902e-01
8.54231e+00	6.93563e-01	5.91761e+00	3.62606e+00
9.23563e+00	4.16462e-01	8.56876e+00	2.52185e+00
9.15704e+00	3.40141e+00	6.31867e+00	3.96018e+00
8.83212e+00	3.52978e+00	9.40580e+00	1.08363e+00
8.69420e+00	4.76838e+00	8.47295e+00	3.14117e+00
9.94194e+00	3.80881e+00	6.43049e+00	-3.22672e+00
9.46941e+00	-4.32105e+00	6.71694e-01	8.32765e-01
9.25005e+00	-4.42974e+00	8.28350e+00	-1.85871e+00
9.03273e+00	-4.08905e+00	8.48127e+00	2.88830e+00
9.11015e+00	-3.60536e+00	8.21467e+00	-1.36794e+00
8.92143e+00	-2.81682e+00	9.19279e+00	-7.48180e-01
8.83496e+00	-2.50908e+00	8.24999e+00	-2.62827e+00
6.26777e+00	-4.46930e+00	2.90373e+00	6.60268e-01
9.69683e+00	-3.59175e+00	1.29893e+00	-2.23251e+00
9.10925e+00	-1.84432e+00	9.20189e+00	6.68906e-01
8.13687e+00	-6.72026e-02	4.95218e+00	3.30636e+00
