# No. of particles = 100 
# Proton - Solar wind	Electron - Solar wind	
1.88480e-01	-4.40719e-01	1.42089e-01	-8.25851e-01
9.33607e-01	9.68435e-01	1.13763e-01	-9.82045e-01
8.18938e-01	-3.33506e-01	1.29938e+00	-1.20995e-01
1.99596e-01	-5.87655e-01	2.05424e-01	3.77384e-01
1.82441e+00	1.95546e-01	2.40990e-01	-8.84932e-01
1.71849e-01	4.83650e-01	2.24192e-01	-8.63948e-01
3.18934e-05	-9.92169e-01	1.87075e+00	-2.38155e-01
1.47544e-01	-7.83986e-01	1.66077e+00	-5.73944e-01
3.00114e-02	1.35348e-02	1.58716e+00	9.00205e-01
4.88848e-01	4.06965e-01	1.15019e+00	5.17151e-01
1.32964e+00	8.76324e-01	1.75468e-01	-4.71512e-01
5.42600e-01	-3.09446e-01	3.78596e-01	-9.68755e-01
1.05021e+00	-3.41306e-01	1.39435e+00	-1.86882e-01
1.78342e+00	9.28144e-01	4.47244e-01	-1.19335e-01
2.74279e-01	-9.48307e-01	1.85487e-02	-9.98025e-01
5.36373e-01	7.84269e-01	8.32910e-01	-5.76532e-01
9.23613e-02	5.55996e-01	1.55871e+00	1.72261e-01
2.67596e-02	-9.56943e-01	1.14937e+00	8.52070e-01
1.15701e+00	7.10700e-01	7.91335e-02	-9.76597e-01
9.60512e-01	8.26017e-01	3.81954e-01	-3.70788e-01
5.92612e-01	-4.22842e-02	2.19368e-01	-7.51750e-01
1.20879e+00	7.26416e-01	1.57349e-01	9.15563e-01
4.03097e-01	6.79026e-01	8.78461e-01	-4.35504e-01
2.48674e-01	2.95624e-01	1.47002e+00	-1.42620e-01
1.02028e+00	-5.44759e-01	1.00304e-01	-9.90402e-01
6.21234e-01	8.05604e-01	4.15931e-01	-7.57731e-02
6.09845e-02	-8.05862e-01	1.92436e-01	-6.26939e-01
1.93999e+00	7.32622e-01	1.49829e-01	-5.37878e-01
1.56524e+00	-3.21783e-01	1.58749e+00	-5.73474e-01
6.34691e-01	-3.18029e-01	4.63219e-01	-2.79664e-01
4.45809e-01	-4.36728e-01	7.57255e-01	-1.61896e-01
1.06110e-01	1.19381e-01	9.41457e-01	-8.70951e-03
8.74123e-01	5.17591e-01	1.58586e-01	-7.66734e-01
1.27874e-01	-9.48884e-01	1.43706e+00	6.19231e-01
1.66822e-01	-8.63355e-03	7.62299e-01	-5.48479e-01
7.32158e-02	-9.77513e-01	1.18282e+00	2.17238e-01
2.54642e-01	-1.59231e-01	9.36640e-01	2.60499e-01
1.32574e-01	-9.64258e-01	3.14002e-01	-4.06375e-01
2.02757e-01	-2.46705e-01	2.68251e-01	-9.88121e-01
6.03452e-02	-5.10436e-01	1.36591e+00	-1.44348e-01
2.19515e-01	-4.25080e-01	1.65955e+00	-8.46389e-01
9.89481e-01	3.59457e-02	1.90349e+00	-5.68221e-01
7.26293e-01	2.44659e-01	2.26826e-01	1.72656e-01
1.41051e-01	-9.34717e-01	1.25299e+00	5.79713e-01
2.42426e-01	-2.44770e-01	1.87491e+00	-7.27949e-01
1.59556e+00	2.96973e-02	1.61124e+00	6.63315e-01
1.43055e+00	4.68471e-02	7.40458e-01	6.40534e-01
7.29142e-02	2.66391e-01	1.88719e+00	-4.63589e-01
1.32188e+00	4.93767e-01	1.82947e-01	-2.22100e-01
4.31018e-02	-3.97968e-01	4.78505e-01	8.28878e-01
1.57914e-01	-9.87980e-01	1.32916e+00	-3.75587e-01
1.50136e+00	1.13075e-02	1.54935e+00	-1.52338e-01
1.97602e+00	9.40279e-01	7.01108e-01	-6.65891e-01
1.32304e+00	9.87475e-01	8.83204e-01	-2.45297e-02
1.40712e+00	6.81395e-01	1.52197e-01	-3.51707e-01
1.78655e+00	7.70509e-01	3.11490e-01	-3.54604e-01
3.01119e-01	-7.70290e-01	8.30573e-01	-6.07859e-01
6.31096e-01	-7.87300e-01	2.98245e-01	-1.58238e-01
3.97755e-01	-1.49500e-01	1.71161e-01	-7.23553e-01
1.35589e+00	5.09306e-01	6.09435e-01	2.99108e-01
3.31553e-01	-2.31921e-01	2.37703e-01	-5.50689e-01
1.61669e+00	7.94740e-01	2.53955e-01	1.17044e-01
1.01125e-01	-9.15704e-01	6.32446e-01	-2.00926e-01
3.63158e-01	-4.94944e-01	9.53688e-01	-6.67933e-01
6.14765e-03	-9.84922e-01	1.02358e-01	-7.26050e-01
2.93902e-01	-8.23751e-01	1.67744e+00	-9.94717e-01
4.20724e-01	-3.54007e-01	1.60126e-01	-2.62162e-01
5.38134e-01	3.02156e-01	8.41937e-01	8.93131e-02
7.41211e-01	3.13371e-01	1.56653e+00	-2.38381e-01
5.24004e-01	-2.41642e-01	3.35198e-01	-7.63027e-01
6.72525e-01	9.36375e-01	3.70421e-01	6.61314e-01
1.81342e+00	1.69287e-01	9.99792e-01	-8.76488e-01
1.71183e-01	4.42598e-01	1.89936e+00	-5.82967e-01
1.71569e+00	1.02865e-01	1.10762e+00	6.77860e-01
4.88959e-01	-5.98266e-01	5.10738e-01	7.39305e-01
1.77360e+00	-2.73966e-01	6.18589e-01	4.09660e-01
1.32932e+00	7.34888e-01	1.26558e+00	5.65821e-01
4.25950e-01	-4.28818e-01	1.28449e+00	-6.61033e-01
1.94206e+00	8.07592e-01	1.18760e+00	2.16369e-01
1.03210e-01	-9.17887e-01	9.98294e-01	9.67438e-01
1.08501e+00	-4.05550e-01	1.10148e+00	-4.62680e-02
1.49433e+00	2.60678e-01	3.82918e-01	1.82047e-02
8.66600e-01	-6.04087e-02	8.72922e-01	6.57029e-01
1.34619e-01	-6.15384e-01	1.30738e+00	3.78441e-01
7.62432e-01	5.52320e-01	2.66279e-02	-3.84296e-01
2.12937e-01	-8.80174e-02	1.30060e+00	1.54978e-01
2.91410e-01	-5.45596e-01	1.98636e+00	-1.01995e-01
1.35683e-01	1.33139e-02	3.78724e-01	-3.76991e-01
1.63156e+00	1.51289e-01	1.28822e+00	-3.76344e-01
1.54254e+00	8.27419e-01	1.04218e+00	-4.74109e-01
1.07162e-01	-7.55651e-01	8.28522e-01	2.37438e-01
1.91948e+00	5.73198e-02	1.91668e-01	-5.23714e-01
5.04981e-01	-2.80142e-02	1.85726e+00	-2.27996e-01
7.97516e-02	-9.91413e-01	1.86465e-01	-4.33900e-01
5.56558e-01	9.79113e-01	1.86749e+00	3.67779e-02
1.44161e+00	4.41986e-01	4.48957e-02	-9.71303e-01
1.50078e+00	7.01879e-02	1.66491e+00	3.40217e-02
1.30286e+00	-6.86764e-01	1.29850e-01	8.15807e-01
1.35690e+00	5.06790e-01	1.08794e+00	-6.75722e-01
9.85561e-01	4.94396e-01	9.39333e-01	-6.65943e-01
