# No. of particles = 100 
# Proton - Solar wind	Electron - Solar wind	
1.66409e+00	1.62564e-01	5.12716e-01	3.83948e-01
1.96373e+00	-7.02871e-01	2.03793e-01	-9.90159e-01
9.03809e-01	-7.49936e-01	8.35056e-02	-7.22084e-01
1.31509e+00	-3.60560e-01	5.03811e-01	6.58926e-01
1.45493e-01	-4.72153e-01	9.72609e-01	4.42705e-01
1.52272e+00	-4.87619e-02	7.83843e-01	6.42648e-01
1.72864e+00	-7.34058e-01	4.32880e-01	-6.00792e-01
1.12671e+00	3.90040e-01	2.41761e-01	-9.64846e-01
5.53770e-01	-2.99380e-01	2.21281e-01	-6.12586e-01
1.48494e+00	9.05070e-02	1.34970e+00	-7.78812e-01
8.10396e-01	1.13464e-01	3.00298e-01	-7.60527e-01
1.54694e+00	-7.64875e-01	1.16364e+00	3.63595e-01
3.89106e-01	-7.69037e-01	1.03299e-01	-9.25165e-01
1.53585e-01	-7.76379e-01	9.68635e-01	-7.23498e-02
1.09269e-01	-9.97759e-01	5.58560e-01	6.74358e-02
8.05356e-01	2.24473e-01	1.90184e-01	-5.70636e-01
1.50601e+00	3.95661e-02	6.22907e-01	-5.09569e-01
1.53562e+00	-5.02145e-01	5.38832e-01	-9.02673e-01
4.92297e-01	-2.52727e-01	8.80932e-01	-5.89519e-01
1.97939e+00	8.17089e-01	5.17085e-01	9.87547e-01
4.64098e-01	-6.91027e-02	4.90910e-01	-9.67500e-01
1.62922e+00	-7.03679e-01	8.47170e-02	-6.23394e-01
7.74287e-01	-5.08154e-01	1.98469e-01	-4.36389e-01
1.26114e-01	-4.02360e-01	5.33318e-01	-7.40265e-01
6.71396e-01	9.95002e-01	7.65793e-02	-9.79230e-01
3.73584e-02	-9.38118e-01	2.92862e-01	-9.90180e-01
8.98447e-01	5.19966e-01	2.86778e-01	-6.78851e-01
1.24916e+00	1.36805e-01	3.45978e-02	-9.85227e-01
9.59810e-01	6.05178e-01	1.69578e+00	-9.99740e-01
4.87630e-01	-7.98097e-01	1.29547e+00	-1.33639e-01
1.50479e-01	-7.18526e-01	1.27577e+00	-4.33639e-02
2.04080e-02	-9.81228e-01	4.05976e-01	1.15992e-01
2.75868e-02	-9.38594e-01	1.85804e+00	2.69570e-02
7.20468e-01	-7.71396e-01	4.07549e-01	8.53676e-01
1.01199e+00	-1.28650e-01	1.45272e+00	-6.79075e-01
4.62825e-01	-6.95297e-01	3.88737e-02	-9.27818e-01
2.81336e-03	-8.78358e-01	1.06745e+00	-4.22106e-01
4.40718e-02	2.79691e-01	7.05056e-02	-1.10209e-01
2.13644e-01	-1.03335e-02	1.43263e-01	-9.02667e-01
4.95251e-01	9.89130e-01	1.54049e+00	5.82160e-01
1.59104e+00	5.90819e-01	8.58830e-01	5.41186e-01
1.86288e+00	-3.22304e-01	4.55637e-01	-7.27767e-01
6.52422e-01	5.73757e-01	1.67519e+00	5.30887e-01
3.12295e-01	-1.76677e-01	1.45991e+00	9.81665e-01
1.28687e+00	6.93064e-01	1.36058e+00	-7.87390e-01
6.46204e-01	8.58766e-01	5.00853e-01	-3.91054e-01
6.03052e-01	-5.64563e-01	4.23601e-01	-3.06069e-01
6.56502e-01	-1.32076e-01	1.01333e-02	-8.17994e-01
9.53270e-01	2.17087e-01	7.11267e-01	1.36776e-01
7.12422e-01	-5.88681e-01	2.41867e-01	-1.80359e-01
1.18339e+00	8.11362e-01	2.74634e-01	-9.25609e-01
2.80415e-01	-8.04934e-01	1.14957e+00	1.88970e-01
3.75215e-01	3.34788e-01	1.92615e+00	-8.01593e-01
4.56933e-01	-3.08476e-01	8.12297e-02	3.81297e-01
5.47427e-01	-3.50092e-01	1.50713e+00	-1.40082e-01
8.94502e-01	-6.67981e-01	3.00832e-01	-2.77370e-01
1.68363e+00	1.43679e-01	1.57371e+00	2.27762e-01
2.93169e-01	-8.28670e-01	1.91302e-01	-8.23986e-01
5.09578e-02	-5.84759e-01	2.94442e-01	-7.96889e-01
1.19696e+00	6.56476e-01	1.86213e+00	2.97410e-01
7.08773e-02	-8.73828e-01	1.20064e-02	-9.91543e-01
3.31649e-01	-4.29999e-03	1.99772e+00	-1.13370e-01
4.23179e-01	-7.03258e-01	1.60680e+00	2.02066e-02
1.93571e+00	-8.14203e-01	4.45432e-01	1.54479e-01
3.36111e-01	-9.19140e-01	2.72309e-01	-5.00585e-01
3.37269e-01	4.69677e-01	8.11906e-01	-9.16563e-03
7.85083e-01	-9.19180e-01	1.90984e+00	2.44187e-02
1.90719e+00	-4.05808e-02	1.29415e-01	1.45089e-01
2.33599e-01	-5.83917e-01	1.85191e-01	-8.43788e-01
7.28549e-01	-1.15064e-01	2.40519e-01	-4.41556e-01
1.91633e-01	-4.98535e-01	2.78106e-01	-9.34682e-01
1.31419e-01	-9.43038e-01	1.05130e+00	-8.04442e-01
6.86245e-01	-2.52505e-01	3.06581e-02	-9.17925e-01
1.65062e+00	-3.39126e-01	1.75062e+00	8.09878e-01
2.80767e-01	-8.12886e-01	3.42121e-02	7.43999e-01
1.09233e+00	-4.84814e-01	1.71179e+00	1.13928e-01
2.43008e-02	-2.61181e-01	1.88725e+00	-9.90141e-02
9.02371e-01	4.99302e-01	9.73037e-01	3.29883e-01
1.16687e+00	5.16788e-01	1.21016e+00	1.64653e-01
1.35607e-01	5.58132e-01	1.47116e-01	-6.59344e-01
1.83920e+00	7.46119e-01	1.09316e+00	-7.19457e-01
4.77414e-01	-3.98860e-01	1.61288e+00	-4.68351e-01
1.87082e-01	-8.04946e-01	2.72418e-01	-9.01593e-01
1.28430e-01	8.96383e-01	2.82538e-01	4.98181e-01
2.28446e-03	-4.59821e-01	1.91302e+00	-4.64625e-02
9.28014e-02	-5.76977e-01	6.95006e-01	5.79662e-01
1.03150e-01	-8.17782e-01	1.73979e+00	-4.93249e-01
1.25293e-01	-5.89821e-02	1.98038e-02	-5.09416e-01
2.39717e-01	-9.05413e-01	1.37230e+00	-6.43538e-01
2.39516e-01	-9.58800e-01	1.53586e+00	2.02631e-01
6.68907e-02	-9.71596e-01	1.87573e-01	1.21730e-01
5.82490e-01	2.19282e-01	8.26699e-01	-7.73038e-01
2.41374e-01	-5.92429e-01	3.01406e-01	-7.59586e-01
4.47308e-01	-4.41700e-01	2.82929e-01	-5.90453e-01
9.70743e-02	2.92033e-01	8.67385e-01	8.80831e-01
9.28941e-01	3.43397e-01	1.27927e+00	-5.03872e-01
1.25082e+00	-6.36804e-01	1.87841e+00	-1.02799e-01
2.23532e-02	-9.70893e-01	1.15653e-01	-3.42993e-01
3.10983e-01	4.91583e-02	9.72768e-01	4.69573e-01
4.90981e-01	-3.07347e-01	1.93676e+00	-2.28788e-02
