# No. of particles = 100 
# Proton - Solar wind	Electron - Solar wind	
1.17779e+00	-4.22542e+00	1.60475e+00	3.81753e+00
5.36241e-01	-1.72046e+00	7.98885e+00	-2.20041e+00
3.68283e-01	1.63239e+00	4.28042e+00	-3.68395e+00
2.11209e-01	3.46555e+00	3.44370e+00	-4.66123e+00
8.11846e-02	-3.42590e+00	4.14119e-01	1.94609e+00
6.75713e+00	-4.96645e+00	2.69795e+00	3.79682e+00
9.60749e+00	-4.93422e+00	8.14528e+00	-4.84049e+00
9.58821e-02	2.35561e-01	1.12681e+00	-2.64021e-01
8.63093e+00	4.97502e+00	1.66214e+00	4.34320e-01
9.95169e+00	-6.62595e-02	8.74844e+00	-4.64693e+00
8.38031e+00	-3.11092e+00	4.56274e+00	1.58267e+00
9.86807e+00	4.06065e+00	5.49132e+00	-3.34510e+00
8.38726e+00	1.46907e+00	5.22105e+00	-2.39304e+00
5.69597e+00	-1.98718e+00	7.06247e+00	1.02691e-01
9.69802e+00	3.03501e+00	8.98932e-01	4.00143e+00
8.09264e+00	-1.21735e+00	5.90635e+00	2.34425e+00
8.23843e+00	3.80835e+00	8.86542e+00	2.84085e+00
9.21982e+00	1.40608e+00	5.38472e+00	-1.47968e+00
8.93215e+00	4.45961e+00	1.99456e+00	3.85260e-01
9.71338e+00	3.21976e-01	8.14091e+00	-3.58490e+00
9.02921e+00	9.32709e-01	9.03611e+00	-1.60523e+00
5.92530e+00	-4.28116e+00	7.11874e+00	4.48422e+00
9.30737e+00	-3.76457e+00	9.11982e+00	8.92019e-01
6.89934e+00	-3.33612e+00	9.18774e+00	-3.01430e+00
6.87551e+00	-5.11622e-01	1.51575e+00	-4.53366e+00
8.98871e+00	-2.31259e+00	8.26926e+00	3.13399e+00
9.77443e+00	6.65367e-01	4.80632e+00	2.17249e+00
7.66480e+00	-3.23476e+00	5.26186e+00	-1.90237e+00
9.61835e+00	-4.16054e-01	5.88564e+00	3.57911e+00
9.63085e+00	2.13460e+00	9.65958e+00	-4.87423e+00
9.19783e+00	2.09489e+00	5.09069e+00	-4.53320e+00
8.54014e+00	-1.79763e+00	2.91291e+00	3.54735e+00
6.33949e+00	6.59670e-02	8.10564e+00	-4.50732e+00
9.14187e+00	2.17881e+00	8.48597e+00	-2.83429e+00
9.00615e+00	1.85870e+00	5.91150e+00	4.97249e+00
8.18677e+00	1.27957e+00	7.48533e+00	1.93891e-01
6.64209e+00	-2.12285e+00	7.68241e+00	3.12935e+00
8.46553e+00	2.26263e+00	9.83247e+00	1.46240e+00
9.88244e+00	-3.05097e+00	1.00384e+00	-4.13591e-01
9.16241e+00	3.58873e-01	2.61106e+00	2.01383e-01
7.51570e+00	-1.15752e-01	7.03140e+00	2.80197e+00
7.88096e+00	-4.36950e+00	6.83515e+00	-9.72776e-01
8.76764e+00	2.11824e+00	7.53146e+00	5.91162e-01
7.78293e+00	-1.02304e+00	6.17170e+00	-4.56024e+00
7.24141e+00	-4.61649e+00	7.66707e+00	1.19408e+00
9.02977e+00	7.04874e-01	8.51571e+00	9.33978e-01
6.55135e+00	-8.01764e-01	9.14839e-01	-2.51957e+00
6.87853e+00	-1.72797e+00	6.06350e+00	-4.80873e+00
8.93520e+00	-5.38860e-01	5.16993e+00	-3.39759e+00
7.53450e+00	-3.69548e+00	5.76857e+00	-4.42324e+00
9.34832e+00	-1.71217e-01	8.24173e+00	-4.32568e+00
5.73906e+00	1.36555e+00	2.84877e+00	7.94083e-01
7.51360e+00	1.73770e+00	7.25761e+00	-7.21025e-01
8.65711e+00	1.11681e+00	8.38583e+00	4.30240e+00
7.51733e+00	3.22577e+00	8.23628e+00	-4.55052e+00
9.46719e+00	-5.64048e-01	4.66743e+00	1.76561e+00
7.26471e+00	-4.09976e+00	5.05740e+00	-1.84521e+00
9.21349e+00	-3.32677e+00	6.30945e+00	2.02231e+00
9.74147e+00	-2.41677e+00	8.81184e+00	-1.47481e+00
9.45568e+00	3.70210e+00	7.73088e+00	-1.63301e+00
9.14991e+00	-5.80743e-01	5.31902e+00	-8.91556e-01
6.59165e+00	-1.87828e+00	5.66828e+00	-4.37369e+00
8.28816e+00	-1.23918e+00	8.95386e+00	-3.57842e+00
9.41527e+00	-3.40430e+00	9.15938e+00	3.90628e+00
9.63085e+00	-4.45367e-01	3.44238e+00	-2.54273e+00
8.69767e+00	4.69215e+00	6.87734e+00	3.05156e-01
7.27397e+00	5.27841e-01	2.62585e+00	4.28823e+00
8.90417e+00	-3.08822e+00	2.06896e+00	2.91249e+00
5.86766e+00	-2.36431e+00	9.46884e+00	2.74683e-01
9.47960e+00	1.97266e+00	3.23873e+00	1.84269e+00
7.86971e+00	1.77978e+00	5.55815e+00	3.61918e+00
9.58556e+00	-3.93096e+00	9.03134e+00	-2.06030e+00
9.95017e+00	4.24005e-01	5.77951e+00	-3.35921e+00
8.65986e+00	-1.79034e+00	2.28869e+00	3.02056e+00
7.20102e+00	-3.27134e-01	6.83393e+00	-1.57520e+00
9.52951e+00	-1.34328e+00	9.55505e+00	7.11302e-01
8.85320e+00	2.89293e+00	6.17788e+00	-4.81766e+00
9.80437e+00	2.62957e+00	8.06578e+00	4.72519e-01
9.99949e+00	5.88085e-01	4.35878e-01	-1.06657e+00
8.55341e+00	3.61711e+00	7.60311e+00	3.93883e+00
9.98255e+00	1.52265e+00	8.53447e+00	-2.36604e+00
9.63942e+00	6.44476e-01	7.00999e+00	-2.14564e+00
7.57692e+00	-8.44465e-01	8.01883e+00	4.16407e+00
7.52406e+00	3.69259e-01	4.58256e+00	4.06579e+00
9.14027e+00	-3.84635e-01	3.38556e+00	-2.37785e+00
8.70904e+00	9.49941e-01	6.81249e+00	-3.25455e+00
8.89817e+00	1.02727e+00	1.88150e+00	4.40300e+00
8.40778e+00	-4.17186e+00	8.98494e+00	5.34404e-02
8.92789e+00	-1.78269e+00	8.67384e+00	-5.59518e-01
6.13740e+00	8.00061e-02	5.56717e+00	-1.85273e+00
9.90766e+00	-1.40989e+00	2.96553e+00	4.09399e+00
8.56931e+00	1.21796e+00	4.66600e+00	-8.80350e-01
8.56513e+00	-1.01160e+00	7.04772e+00	-4.53894e+00
7.24478e+00	1.25737e+00	6.16066e+00	2.32909e-01
9.34924e+00	4.06610e+00	9.58374e+00	1.64140e+00
8.84863e+00	2.96352e+00	4.30193e+00	-1.15663e+00
8.69209e+00	-1.71226e+00	3.87398e+00	1.43221e-01
8.60162e+00	-2.25336e+00	6.61517e+00	-3.77139e+00
9.54869e+00	7.99169e-01	4.82043e+00	-5.04905e-02
5.60496e+00	1.55176e-01	8.43521e+00	-1.54623e+00
