# No. of particles = 100 
# Proton - Solar wind	Electron - Solar wind	
1.88863e+00	2.38038e-01	2.05003e-01	5.24417e-01
1.93114e+00	-7.43291e-02	1.81661e+00	-4.12935e-01
2.99858e-01	-6.88289e-01	5.87686e-01	-7.76019e-01
1.08276e+00	3.26534e-01	1.73215e-01	-9.66393e-01
1.28071e+00	-3.83617e-01	2.47731e-01	-3.62148e-01
1.30799e-01	1.73960e-01	7.90510e-02	-5.46966e-01
4.37999e-01	-9.11659e-01	1.29197e+00	-3.07187e-01
4.03143e-01	9.70159e-01	1.57456e-01	-9.45704e-01
1.29827e+00	-6.86702e-01	1.22183e+00	4.34803e-01
1.73573e+00	3.22294e-01	1.63716e+00	5.20029e-01
2.72426e-01	-6.26572e-01	5.99289e-02	-9.47485e-01
9.73024e-01	-3.25152e-01	2.65723e-01	-8.00104e-01
1.68597e-01	-6.18162e-01	1.86481e+00	-1.34995e-01
1.47436e-01	-8.89687e-01	5.93685e-02	-7.53827e-01
1.05829e-01	-9.76951e-01	6.00432e-01	-2.24002e-01
1.22086e+00	-5.44600e-01	1.68509e+00	1.39702e-01
6.30299e-02	-9.45331e-01	1.50322e-02	-5.84678e-01
5.76748e-01	-4.42366e-01	7.04701e-01	-2.11023e-01
9.45778e-02	5.54682e-01	1.82454e+00	-2.82124e-02
1.00173e+00	-1.87661e-01	3.65103e-01	-2.65308e-01
7.17857e-01	6.96215e-01	8.83028e-01	-6.31648e-01
1.26583e+00	6.26505e-01	4.11582e-01	-6.02870e-01
3.56308e-01	8.69509e-02	1.73413e+00	-2.02328e-01
1.11664e-01	-9.03466e-01	1.36687e+00	3.95065e-01
3.62311e-01	-9.96915e-02	1.47118e+00	9.88684e-01
1.04757e+00	-5.79116e-01	1.39323e+00	-8.20437e-01
1.69923e-01	-9.51470e-01	1.31577e+00	8.09935e-01
5.74723e-01	-4.99526e-01	2.45849e-02	-9.84225e-01
1.72023e-01	-6.81156e-01	3.44024e-02	-7.01556e-01
1.89075e+00	-2.02381e-01	1.60327e+00	6.29450e-01
1.35422e-01	-8.72827e-01	8.53457e-01	2.29874e-01
1.16787e+00	-2.57521e-01	1.90697e+00	-2.64249e-01
6.84648e-01	9.05377e-01	3.38162e-01	-1.13925e-01
4.20393e-01	-5.42430e-01	1.85444e+00	-7.61632e-01
1.21795e+00	2.69557e-01	1.32367e+00	-9.68961e-01
1.15981e+00	8.73709e-01	3.51817e-01	1.88098e-01
2.15914e-01	-7.60756e-01	1.47619e+00	-2.76956e-02
1.17979e+00	-3.79941e-01	1.36626e+00	5.70667e-01
1.28060e+00	-4.98267e-01	2.60006e-02	-9.17130e-01
4.47245e-01	3.09858e-01	3.87035e-01	5.31654e-01
2.74712e-01	-6.99501e-01	4.10233e-01	-7.80798e-01
1.12108e+00	-3.12443e-01	1.93426e+00	4.46044e-01
3.03169e-01	-2.74473e-01	1.51047e+00	-9.81844e-01
8.92285e-01	3.01718e-01	3.26663e-02	-6.76664e-01
1.13542e+00	3.02090e-01	1.65387e+00	-3.12831e-01
2.22203e-01	-4.25842e-01	1.03377e+00	-8.01257e-01
6.84979e-01	-9.08984e-01	7.28940e-01	9.89807e-01
1.79019e+00	-8.35850e-02	1.62283e+00	2.64955e-01
1.01130e+00	2.82455e-01	1.50134e+00	-6.54963e-01
1.11179e+00	-1.70980e-01	1.93616e+00	2.30675e-02
1.29712e+00	-5.34021e-01	1.70966e+00	-7.00717e-01
1.63781e+00	-3.98932e-02	1.36814e+00	-8.79228e-02
6.41107e-01	-1.60131e-01	1.45873e+00	-6.41126e-01
1.13552e+00	-2.97670e-01	8.55692e-01	7.23674e-01
6.19740e-01	9.47376e-02	8.98052e-01	6.56405e-01
1.85626e-01	2.99802e-01	6.60616e-01	7.90973e-01
3.24343e-01	-7.93536e-01	1.56538e+00	-6.30590e-01
4.53424e-02	-9.26306e-01	2.92935e-01	-8.83110e-01
1.23406e+00	-7.97913e-01	1.40533e+00	-3.59524e-01
1.30208e-01	-8.39310e-01	3.23039e-01	-1.65594e-01
2.34600e-01	-8.85502e-02	7.51124e-01	-2.49515e-01
1.07040e-01	-6.61852e-01	1.68273e+00	9.55582e-03
1.22365e+00	8.37349e-01	4.55095e-01	5.76456e-01
1.81926e-02	-5.36249e-01	2.98546e-01	-9.26953e-01
1.12439e+00	1.32192e-01	8.47925e-01	-3.85631e-01
1.84099e-01	-3.08147e-01	2.50778e-01	-8.90613e-01
1.96749e+00	-4.99684e-01	8.65427e-01	-2.01239e-01
9.38302e-01	-6.07250e-01	1.13553e+00	5.51185e-01
1.82233e+00	9.06634e-03	1.93050e+00	4.90792e-01
1.14430e+00	-6.46239e-01	6.07806e-01	4.24282e-01
4.24888e-02	-9.80842e-01	3.93732e-01	-4.63668e-01
1.84830e+00	-8.03922e-01	3.79927e-01	-7.13732e-01
4.71204e-01	4.19557e-01	1.36745e+00	9.52244e-02
1.84008e-01	-5.01943e-01	6.31956e-01	-7.43192e-01
1.15735e-01	-9.64473e-01	1.33137e+00	-8.88139e-03
7.09305e-01	8.67591e-01	1.54058e+00	-7.25121e-01
2.21330e-01	4.99102e-01	7.85343e-02	-9.84226e-01
2.18510e-01	-5.38806e-01	1.90871e+00	6.76827e-01
3.82909e-01	2.12632e-01	5.57043e-01	8.01423e-01
6.92983e-01	-3.12975e-01	1.09966e-01	9.83784e-01
8.83783e-02	-8.14405e-01	2.48294e-01	-9.32768e-01
4.58439e-01	-1.26505e-01	1.24845e+00	8.15036e-01
3.96878e-01	-9.22000e-01	1.25319e+00	8.34050e-02
1.10555e+00	5.74776e-01	1.80694e+00	4.89842e-01
8.25642e-01	1.01575e-02	5.57548e-01	6.47240e-02
1.40995e+00	5.03856e-01	4.46796e-01	-5.78460e-01
6.71473e-01	-8.79420e-01	6.46157e-01	-3.83763e-01
4.77806e-01	4.81520e-01	1.56957e+00	-1.19955e-01
1.00459e+00	2.46791e-01	1.23857e+00	-2.14350e-01
4.55748e-02	-7.90826e-01	1.21071e+00	3.45418e-01
6.39143e-01	-4.63074e-04	5.82888e-02	-9.84543e-01
1.83516e-01	-5.80049e-01	1.13122e+00	5.88365e-01
1.22088e+00	-1.78263e-01	4.80316e-01	-3.27099e-01
1.12725e+00	5.25665e-01	8.24435e-01	-1.82003e-01
1.11132e-01	8.40902e-02	7.56610e-01	-9.82382e-01
3.25905e-01	-5.21816e-01	8.13278e-01	-1.66819e-01
6.11576e-01	-3.98644e-01	7.03380e-01	1.05591e-01
1.10404e+00	-4.67458e-01	1.79199e+00	-1.78859e-01
7.27951e-01	2.63557e-01	3.63869e-01	-3.97564e-01
1.49118e+00	-7.97658e-01	9.86428e-01	-6.39997e-01
