# No. of particles = 100 
# Proton - Solar wind	Electron - Solar wind	
7.14352e+00	-1.07537e+00	9.31118e+00	-1.14471e+00
8.29583e+00	-4.42032e+00	3.26588e+00	3.64829e+00
7.65994e+00	-1.68676e+00	5.59498e+00	-2.01012e+00
9.67375e+00	-2.70261e+00	3.34485e+00	-3.21251e+00
8.32079e+00	-3.88586e+00	1.66941e+00	2.38432e+00
4.63741e+00	-3.14234e+00	2.20566e+00	-4.82717e+00
6.99154e+00	-4.13822e+00	2.41347e+00	-3.33600e+00
8.79059e+00	-4.15496e+00	4.71204e-01	-2.45600e+00
7.53023e+00	-3.61652e+00	5.43473e+00	3.99550e+00
6.77130e+00	-2.29917e+00	1.73666e-02	-1.77055e-01
7.57252e+00	-2.86159e+00	6.08468e+00	4.96306e+00
7.62450e+00	-4.25708e+00	8.05959e+00	3.33679e+00
4.82843e+00	-3.17313e+00	4.95603e+00	-4.92988e+00
7.31430e+00	-1.42145e+00	6.84513e+00	3.76555e+00
6.18926e+00	-2.11830e+00	5.11603e+00	1.09796e+00
7.80357e+00	-7.53028e-01	3.27984e+00	3.19725e-01
7.22520e+00	2.54369e+00	6.38157e+00	4.46160e-01
7.16704e+00	-9.79889e-01	9.29613e+00	-3.27687e+00
6.07810e+00	-1.54832e+00	7.33802e+00	-2.77252e+00
6.67234e+00	-1.13122e+00	9.12607e-01	-8.61677e-01
7.15899e+00	-6.82172e-01	6.93763e+00	2.30986e+00
5.19060e+00	1.40027e-01	7.98787e+00	-3.16540e+00
7.55094e+00	4.06706e-01	4.59430e+00	-1.20350e+00
8.77449e+00	1.38766e+00	6.87055e+00	-2.33556e+00
6.79523e+00	1.19124e+00	8.74271e+00	1.17704e+00
5.08632e+00	-1.02643e+00	4.97396e+00	3.18986e+00
8.03098e+00	2.60378e+00	4.17766e+00	4.55805e+00
9.94633e+00	4.94236e+00	3.92782e-01	2.89621e+00
8.77994e+00	4.41244e+00	5.81699e+00	-1.54861e+00
3.15846e+00	2.75031e+00	9.86350e+00	-2.77089e+00
7.24730e+00	4.86204e+00	7.21952e+00	3.94505e+00
7.60409e+00	4.05111e+00	8.39079e+00	4.14013e+00
6.06372e+00	3.01527e+00	6.08147e+00	-8.62280e-01
7.70312e+00	4.32904e+00	9.94603e+00	-2.73403e+00
8.83955e+00	4.35810e+00	8.08169e+00	-2.40702e+00
4.78587e+00	1.65288e+00	5.47582e+00	-3.42933e+00
6.54233e+00	-2.46533e+00	5.95439e+00	2.57677e+00
8.32782e+00	-4.26287e+00	9.17395e+00	1.56100e-02
6.88722e+00	-4.75456e+00	6.95149e-01	3.66676e+00
7.24315e+00	-3.74770e+00	9.68729e+00	-6.98258e-01
7.94172e+00	-1.83234e+00	3.04272e-01	2.57500e+00
6.63573e+00	-4.51149e+00	3.62092e+00	-1.38185e+00
6.81135e+00	-3.76200e+00	7.72767e+00	-1.48119e+00
6.91738e+00	-2.05750e+00	7.30680e+00	-1.74476e+00
8.48427e+00	3.06920e-01	6.21578e+00	9.99569e-01
9.78142e+00	-4.50276e+00	7.97154e+00	8.33261e-01
6.60100e+00	-1.04787e+00	4.75874e+00	-2.88216e+00
7.02875e+00	-3.06817e+00	5.07285e+00	-3.41380e+00
6.45381e+00	-2.73576e+00	3.11722e+00	4.09221e+00
7.75296e+00	-1.59951e+00	3.86109e+00	4.27392e+00
6.22995e+00	-1.38812e+00	7.37784e+00	-3.15364e+00
6.71969e+00	-9.30635e-01	6.79308e+00	-4.47444e+00
6.10186e+00	-1.86870e+00	9.42632e+00	-2.00188e-01
8.28353e+00	2.76638e+00	6.51891e+00	2.19939e+00
7.23887e+00	-1.87760e+00	6.63627e+00	2.29139e+00
6.75608e+00	-2.32666e-01	1.28124e+00	-3.12469e+00
6.68269e+00	-2.87996e+00	5.54182e+00	-7.05399e-01
8.17317e+00	-7.95935e-01	8.36458e+00	-7.08489e-01
7.01355e+00	6.77638e-01	5.36633e+00	-3.46653e+00
7.16402e+00	-4.90616e-01	5.35698e+00	4.44114e+00
6.79209e+00	9.91021e-01	8.82211e-01	1.50135e-01
7.90351e+00	-2.57984e+00	9.19679e-02	1.57080e+00
8.42760e+00	-6.58861e-01	6.33232e+00	-4.09638e+00
5.73162e+00	-2.31083e+00	6.71425e+00	-2.94917e+00
4.98968e+00	3.56601e+00	6.64304e+00	8.99088e-01
9.12606e+00	-2.90226e+00	7.29002e+00	1.41860e+00
7.14686e+00	9.56742e-01	6.56609e+00	-2.65894e+00
6.88095e+00	4.63929e-01	5.79488e+00	-6.47777e-01
5.45817e+00	4.10623e+00	3.55850e+00	1.90703e+00
5.86436e+00	-1.13559e+00	3.18502e+00	4.52536e+00
7.02590e+00	1.00202e+00	7.40434e+00	-4.52667e+00
8.16291e+00	4.18093e+00	1.16499e+00	3.98986e+00
6.45473e+00	1.16043e+00	8.53090e+00	-3.49870e+00
7.22142e+00	3.58763e+00	6.33920e+00	-7.59696e-01
7.47511e+00	4.00143e+00	1.21273e+00	-5.45717e-01
7.06903e+00	1.83303e+00	8.35842e+00	-2.93923e+00
7.11217e+00	2.20533e+00	8.99570e+00	3.78042e+00
5.70976e+00	1.16470e+00	6.71746e+00	3.38189e+00
7.48266e+00	3.53776e+00	6.44903e+00	1.79356e+00
6.17637e+00	1.25273e+00	7.37356e+00	2.70390e+00
7.71795e+00	2.40716e+00	2.99662e+00	3.02247e+00
6.98839e+00	3.69927e+00	5.73391e+00	-3.53075e+00
7.64096e+00	2.38007e+00	7.90819e+00	-3.61822e+00
7.10000e+00	3.29950e+00	5.31107e+00	1.06081e+00
8.76939e+00	3.51669e+00	6.13860e-01	1.82830e+00
7.37506e+00	3.86605e+00	9.13373e+00	-1.78442e+00
9.41144e+00	4.53146e+00	1.29367e+00	-3.88087e+00
5.17718e+00	3.60248e+00	6.34690e+00	1.44224e+00
9.33475e+00	4.80077e-01	4.43994e+00	-4.54028e+00
7.53198e+00	-1.61270e+00	1.76965e+00	-3.02737e+00
9.52611e+00	-2.90410e+00	6.53158e+00	-4.92381e-01
8.48679e+00	-4.18817e+00	4.92303e+00	3.03799e+00
6.65251e+00	-1.85683e+00	6.49765e+00	-4.80837e+00
8.78093e+00	-4.25050e+00	9.02261e+00	3.27504e+00
7.59172e+00	-2.27451e+00	9.77711e+00	-1.30858e+00
7.13829e+00	-3.42447e+00	3.64461e+00	2.13518e+00
7.71246e+00	-2.12127e+00	8.83102e+00	-4.57371e+00
7.21058e+00	-4.16199e+00	6.84866e+00	2.80851e+00
7.53963e+00	-1.81960e+00	7.00851e+00	-4.39335e+00
7.32810e+00	-4.51400e+00	9.23033e+00	3.84442e+00
