# No. of particles = 100 
# Proton - Solar wind	Electron - Solar wind	
7.65165e+00	3.30809e-01	6.41686e+00	2.95237e+00
5.34280e-01	-4.60486e+00	4.27459e+00	-2.46393e+00
9.79328e+00	-6.56307e-01	2.35082e+00	2.48728e+00
9.16345e+00	-4.10303e+00	8.36021e+00	-6.07678e-01
9.86991e+00	-3.56621e+00	7.46120e+00	4.90105e+00
8.87568e+00	-1.87029e+00	5.50644e-01	-9.49435e-01
9.92572e+00	-2.68586e+00	9.01184e+00	2.85798e+00
9.99418e+00	-4.52301e+00	9.45429e-01	1.93391e+00
6.33066e+00	-3.06387e+00	8.83323e+00	5.66420e-01
9.58894e+00	-1.22346e+00	3.31184e-01	-8.03420e-01
8.11446e+00	-2.20978e+00	3.46656e-01	-4.16246e+00
9.47380e+00	3.78190e+00	7.66058e+00	-1.86974e+00
9.39370e+00	-8.09334e-01	8.01617e+00	-8.95490e-01
7.96712e+00	-1.74485e+00	7.22204e+00	-3.85388e+00
8.74666e+00	-1.19482e+00	5.38225e+00	4.99350e+00
9.38679e+00	-7.75752e-01	9.17172e-01	3.92210e+00
6.80435e+00	-2.38184e-02	4.78121e+00	-2.33305e+00
9.90115e+00	2.39621e-01	9.05593e+00	-3.55942e+00
8.90808e+00	1.10656e+00	9.65107e+00	-3.05679e+00
6.66767e+00	-1.95167e+00	8.21555e+00	5.12184e-01
4.13960e+00	2.84479e+00	9.49672e+00	2.71292e+00
9.96979e+00	4.00573e+00	3.06861e+00	-3.33163e+00
7.94944e+00	2.65946e+00	6.99873e+00	-2.55575e+00
5.73414e+00	6.10971e-01	8.99648e+00	-4.84149e+00
8.08595e+00	-1.67591e+00	8.63629e+00	1.47286e+00
9.03537e+00	-4.75747e+00	8.79419e+00	2.10802e+00
9.49806e+00	-3.56936e+00	7.34765e+00	-1.41413e+00
8.70178e+00	-4.65522e+00	7.11797e+00	-3.76285e+00
8.93232e+00	-3.76457e+00	8.40289e+00	-3.90475e+00
9.07234e+00	-1.60382e+00	8.91061e+00	-2.95137e+00
8.65638e+00	-4.94209e-01	8.81592e+00	1.31946e+00
9.21961e+00	-3.06562e+00	9.67506e+00	1.52431e+00
8.46714e+00	-2.69152e+00	8.71868e+00	-2.66967e+00
8.17190e+00	-1.20186e+00	7.69471e+00	-1.70112e+00
8.81193e+00	-6.51148e-01	4.72562e+00	9.53212e-01
8.00312e+00	-1.93455e+00	7.56052e+00	-2.87388e+00
9.49596e+00	-1.99277e+00	7.17577e+00	-3.24209e+00
8.86188e+00	1.59371e-01	5.07554e+00	4.52287e+00
8.76683e+00	-3.45671e+00	8.42669e+00	-1.24254e-01
9.19818e+00	1.11136e+00	7.18039e+00	4.02462e+00
9.39855e+00	-4.98624e-01	1.13967e-01	9.22731e-01
8.90898e+00	1.36062e+00	9.95426e+00	-2.25760e+00
7.51819e+00	-3.09651e+00	3.31156e+00	-4.87654e+00
6.54557e+00	4.62573e+00	7.31553e+00	1.32608e+00
9.37378e+00	1.05129e+00	8.59143e+00	1.00575e+00
9.02308e+00	4.32848e-01	5.24037e+00	-1.59952e+00
7.69352e+00	-1.74084e+00	6.49933e+00	2.77470e+00
9.21693e+00	1.01608e+00	3.99452e+00	4.54220e+00
8.46510e+00	9.11201e-01	7.64761e+00	-4.66167e+00
9.47357e+00	4.12065e+00	7.08870e+00	1.29320e+00
9.80258e+00	4.58570e+00	9.74860e+00	3.17105e+00
9.27329e+00	1.75263e+00	8.48471e+00	2.53227e+00
9.33054e+00	2.12705e+00	8.47806e+00	1.84055e+00
7.48775e+00	6.71731e-01	9.77399e+00	-1.13009e+00
9.81204e+00	3.62390e+00	8.73266e+00	-4.87512e-01
8.10074e+00	6.60356e-01	9.91526e+00	2.90541e+00
9.16756e+00	3.69527e+00	3.21074e+00	3.67020e+00
9.31104e+00	3.12148e+00	6.53107e+00	-2.81208e-01
9.67545e+00	3.68822e+00	8.69340e+00	-4.79375e+00
6.79089e+00	3.18509e+00	8.75578e+00	-4.52466e+00
9.85083e+00	-5.55130e-01	4.87890e+00	1.40621e+00
8.73089e+00	-1.02843e+00	4.57600e+00	-2.07102e+00
9.96375e+00	-1.70854e+00	9.17496e+00	2.47081e+00
9.36928e+00	-3.28932e+00	7.24312e+00	-4.18681e+00
9.46169e+00	-4.32496e+00	9.58143e+00	4.10278e+00
9.89409e+00	-1.32550e+00	8.67579e+00	-1.88665e+00
9.61676e+00	-4.82080e+00	7.62102e+00	-9.36015e-01
6.92774e+00	-4.22690e+00	6.69521e+00	-1.39552e+00
8.51767e+00	-2.41511e+00	9.34524e+00	-3.85905e+00
9.42995e+00	-2.09973e+00	6.48987e+00	-2.96138e-01
9.34962e+00	2.02231e+00	9.35595e+00	2.31323e+00
8.84121e+00	-2.05658e+00	9.76391e+00	3.37236e+00
9.22199e+00	-1.31112e+00	7.79393e+00	1.59496e+00
7.28791e+00	2.30947e-01	6.92264e+00	-2.64312e+00
8.79573e+00	-4.00308e-01	5.45159e+00	-8.01874e-01
4.02033e+00	2.31979e+00	8.53098e+00	2.25726e-01
8.92968e+00	-4.36898e+00	7.84855e+00	-1.05495e+00
9.64054e+00	-9.31199e-02	2.14657e+00	1.25923e+00
5.74284e+00	1.00546e+00	8.66163e+00	-3.28689e+00
9.25782e+00	-2.80723e-01	8.02289e+00	-2.46426e+00
8.88554e+00	4.49742e-01	7.33311e+00	1.78915e+00
8.79818e+00	8.50266e-01	4.28850e+00	-2.15191e+00
9.12305e+00	1.11603e+00	2.21165e+00	-1.86891e+00
9.18278e+00	8.62431e-01	7.86420e+00	2.77481e+00
8.21207e+00	7.97456e-01	7.25090e+00	-1.84867e+00
9.36823e+00	2.75119e+00	8.68469e+00	-5.34099e-01
9.71184e+00	4.85616e+00	8.38636e+00	3.87584e+00
9.76270e+00	3.98963e+00	8.90718e+00	-2.42913e+00
8.70288e+00	2.19307e+00	9.05625e+00	1.48935e+00
8.83259e+00	4.14786e+00	8.39026e+00	-9.58337e-01
9.78443e+00	4.47818e+00	9.01359e+00	3.78470e+00
8.26381e+00	4.55132e+00	9.70630e+00	-1.05446e+00
6.99930e+00	1.10419e+00	1.43372e+00	3.70241e+00
9.22925e+00	-4.07675e+00	8.71321e+00	-3.01901e+00
8.38700e+00	-1.64965e-01	8.02983e+00	1.35219e+00
9.15819e+00	-4.01687e+00	3.86738e+00	4.90131e+00
9.71317e+00	-4.14596e+00	8.26389e+00	4.48157e+00
7.06839e+00	-3.68792e+00	4.08309e+00	-2.13486e-01
8.96856e+00	-4.30637e+00	8.24273e+00	2.38799e+00
7.47697e+00	-2.12761e+00	1.67081e+00	1.43277e+00
