# No. of particles = 100 
# Proton - Solar wind	Electron - Solar wind	
1.24197e+00	-1.57987e+00	2.44164e+00	1.76187e-01
2.59038e-01	2.91562e+00	8.05859e+00	-2.24367e+00
2.51262e+00	-4.96853e+00	7.07051e+00	-3.92536e+00
9.10105e-02	-2.06940e+00	9.42574e+00	-3.60935e+00
4.15519e-02	2.66333e+00	8.67882e+00	-4.19013e+00
2.98815e-02	-3.76333e-01	1.07462e+00	2.81904e+00
9.68529e+00	1.52531e+00	3.57942e+00	-4.91469e+00
6.88191e+00	1.04709e+00	3.42140e+00	2.04300e+00
8.06768e+00	-1.64391e+00	8.76473e+00	-2.88767e+00
9.46026e+00	-5.69364e-01	3.46867e+00	-2.77382e+00
9.45464e+00	-4.54774e-01	8.44145e+00	-4.95349e-01
8.99500e+00	1.62615e+00	1.88779e-01	4.55594e+00
7.75157e+00	-8.26427e-01	1.06336e+00	-3.42374e+00
7.99589e+00	-3.20878e+00	3.24587e+00	-4.38781e+00
9.21773e+00	2.46813e+00	7.70467e+00	9.70041e-01
8.66887e+00	-3.44751e+00	1.49876e-01	-7.73062e-01
6.78345e+00	-1.79623e+00	2.30191e+00	-3.37222e+00
9.81671e+00	-1.97656e-01	3.73057e+00	-4.17689e+00
6.72503e+00	-1.70516e+00	5.57789e+00	-2.23069e+00
8.51867e+00	-3.98349e-01	7.85164e+00	-4.53617e+00
9.23054e+00	-3.05093e+00	6.47382e+00	3.63787e+00
5.73391e+00	-3.12241e+00	8.76379e+00	7.90247e-01
7.57218e+00	-5.36189e-01	5.62007e+00	-4.06863e-01
6.60062e+00	1.89698e+00	7.55851e+00	-1.51600e+00
5.82329e+00	-1.51738e+00	9.00013e+00	2.85877e+00
9.51092e+00	-3.25828e-01	8.31247e+00	4.64705e+00
5.59733e+00	-2.75412e+00	4.11526e+00	-8.60100e-02
8.02225e+00	-1.33787e+00	6.69949e-01	-4.66116e+00
9.73376e+00	1.68390e+00	7.90027e+00	1.33492e+00
9.82143e+00	5.11471e-01	2.79330e+00	1.98126e+00
8.38970e+00	4.52105e-01	9.51179e+00	2.52591e+00
9.93201e+00	3.87288e+00	9.91023e+00	-1.51730e+00
8.03433e+00	-9.87856e-01	7.92110e+00	1.71842e+00
9.08730e+00	-1.26498e+00	2.66964e+00	3.70738e+00
4.81291e+00	-2.10911e+00	9.97192e-01	-1.58669e+00
8.48931e+00	-3.37398e+00	6.75383e+00	-1.34005e+00
9.53525e+00	7.49565e-01	1.11508e+00	4.62267e+00
8.46141e+00	-3.47380e+00	9.28145e+00	-9.05769e-01
9.95074e+00	-3.17526e+00	6.02372e+00	2.62354e+00
8.00476e+00	3.87781e+00	5.66204e+00	-7.12441e-01
8.70519e+00	-2.34163e+00	9.07912e+00	-4.51863e+00
9.95940e+00	-6.69541e-01	8.50181e+00	3.37568e+00
7.70635e+00	3.68431e+00	4.03131e+00	-2.89615e+00
6.07005e+00	-5.17994e-01	6.90828e-01	2.25681e+00
9.14693e+00	-2.61446e+00	3.51644e+00	-6.67105e-01
7.33491e+00	-4.60236e+00	8.77091e+00	-3.85891e+00
9.50594e+00	-1.77977e+00	9.05355e+00	-1.88203e+00
6.42290e+00	1.59687e-01	9.82806e+00	3.10405e+00
7.62108e+00	-5.07294e-01	3.16840e+00	3.82406e+00
9.89649e+00	-3.04429e+00	7.03491e+00	2.70866e+00
9.71844e+00	6.65456e-01	5.67235e+00	-4.31868e+00
9.74013e+00	3.87791e+00	3.96484e-01	-4.73433e+00
8.72559e+00	3.45968e+00	6.84157e+00	3.23175e-01
8.94793e+00	8.35042e-01	9.46245e+00	-7.52572e-01
8.51719e+00	4.35324e+00	1.21358e+00	-1.79033e+00
6.66967e+00	-3.95209e-01	7.20416e+00	-2.65081e+00
8.58549e+00	-3.53689e+00	6.62726e+00	1.92197e+00
9.41337e+00	1.61700e+00	9.76138e+00	4.76385e+00
7.34797e+00	-8.92974e-01	6.10903e+00	1.50648e+00
9.90392e+00	-9.34429e-01	7.98123e+00	3.16785e+00
8.84137e+00	-7.41604e-01	8.74666e+00	6.75070e-01
7.65967e+00	-4.38225e+00	3.34543e+00	6.19420e-01
8.70913e+00	2.77725e+00	7.44598e+00	2.30129e+00
8.96765e+00	1.57897e+00	5.17580e+00	4.16712e+00
7.94078e+00	5.29364e-01	7.39182e+00	4.12613e+00
8.19867e+00	-4.04827e+00	8.77815e+00	-1.32837e-01
6.76054e+00	-1.77415e+00	4.98534e+00	9.78146e-01
6.35624e+00	2.93819e+00	3.03341e+00	-1.66416e+00
9.73427e+00	-4.41013e-01	1.02916e+00	2.88447e+00
9.44310e+00	1.05428e+00	2.25482e+00	-2.65397e+00
8.76932e+00	2.49117e+00	7.31655e+00	4.35951e+00
5.56241e+00	-3.62068e+00	9.96383e+00	1.19688e+00
7.22652e+00	1.69320e+00	7.29971e+00	3.39071e-01
6.54317e+00	3.41890e+00	1.27293e+00	1.83124e+00
8.36436e+00	-2.07532e+00	8.32086e+00	4.75025e+00
7.24707e+00	-4.66311e+00	7.40798e+00	-3.25460e+00
6.73503e+00	-3.90397e+00	9.99305e+00	-6.46887e-01
9.66172e+00	-2.34548e-01	3.57366e+00	3.46827e+00
9.79926e+00	2.18867e+00	9.27161e+00	-2.10028e+00
8.70718e+00	-3.32691e+00	9.35665e+00	4.80317e+00
5.54393e+00	1.41847e+00	6.52133e+00	-1.20138e-01
5.70817e+00	4.38736e+00	6.82292e-01	1.07654e-01
7.52933e+00	4.55910e-01	7.42287e+00	-1.49186e+00
8.79617e+00	-3.42143e+00	7.03952e+00	2.87948e+00
9.49759e+00	5.01038e-01	5.45726e+00	-5.89122e-03
7.64737e+00	6.66628e-01	7.55412e+00	-2.57722e+00
9.15177e+00	-4.92432e+00	1.77045e+00	-1.58645e+00
6.84151e+00	4.79212e+00	2.56813e+00	-4.98546e+00
9.32427e+00	2.25167e+00	1.78630e+00	3.44069e+00
9.47882e+00	-4.09952e+00	3.45756e+00	4.59312e+00
8.39255e+00	1.00804e+00	2.02769e+00	-2.09738e+00
8.69337e+00	-3.46728e+00	7.68311e+00	-3.76500e+00
9.91756e+00	-3.09051e+00	9.12935e+00	-1.52963e-01
9.10729e+00	-2.35804e+00	9.79491e+00	4.70529e+00
9.98681e+00	-2.97877e-01	6.03181e+00	-1.26071e+00
7.91692e+00	-1.62256e+00	8.70353e+00	3.42524e+00
7.74716e+00	1.99292e+00	3.77107e+00	-4.79363e+00
9.96714e+00	-2.62413e+00	6.03391e+00	2.38950e+00
9.28475e+00	-2.02120e+00	9.36283e+00	1.30529e+00
9.69781e+00	3.88292e+00	7.59115e+00	2.11349e+00
