# No. of particles = 100 
# Proton - Solar wind	Electron - Solar wind	
1.40110e+00	-8.22150e-02	4.14681e-01	-9.29574e-01
1.43614e+00	-3.39626e-01	1.73476e+00	-2.86961e-01
2.73466e-01	6.83185e-01	1.22316e-01	-9.23426e-01
4.24157e-01	-4.85875e-01	9.50711e-01	-5.79781e-01
1.25536e+00	5.64967e-01	5.72707e-02	-5.37070e-01
1.43634e-01	-3.97589e-01	1.11059e+00	4.04635e-01
7.71981e-02	8.44099e-01	3.84219e-01	2.05512e-01
1.93412e-01	-1.86379e-02	1.79402e+00	2.53748e-02
5.56578e-01	-8.61590e-01	1.86049e+00	2.05691e-01
9.29562e-01	-2.89064e-01	5.31278e-01	-5.69013e-01
1.54881e-01	-7.96083e-01	4.42739e-01	8.36592e-02
5.55076e-01	-6.36300e-01	1.30340e-01	-8.52982e-01
1.18813e+00	-6.69265e-01	1.31723e-01	-5.87523e-01
1.02698e+00	6.33101e-01	1.31928e+00	-1.01345e-01
1.61103e-01	-3.21598e-01	7.77552e-01	9.41888e-01
8.92482e-01	-5.71322e-01	1.84041e+00	-5.47851e-01
4.02026e-01	4.00611e-01	1.17005e+00	-3.85440e-01
1.63284e-01	-8.52895e-01	2.75428e-01	-5.44431e-01
1.41281e-01	-6.16914e-01	8.96111e-01	-2.11285e-01
5.91115e-01	-5.44688e-01	1.14011e+00	-9.94698e-01
7.80708e-01	3.75564e-01	1.95197e-02	-9.63763e-01
9.80417e-01	2.60003e-01	4.68225e-01	-5.99716e-01
1.74632e-01	-5.71129e-01	9.14894e-01	-1.63477e-01
3.60532e-01	-6.85970e-02	1.55638e+00	9.23653e-01
1.91863e+00	-5.15643e-01	5.82205e-02	-9.02796e-01
2.66610e-01	-9.07502e-01	9.38479e-01	4.39795e-01
6.73630e-01	-5.76648e-01	3.49138e-01	-1.58991e-01
4.20388e-01	-6.52762e-01	1.37351e+00	6.52395e-01
4.13915e-01	8.93095e-02	1.24320e+00	2.30314e-01
1.26737e+00	7.95286e-01	7.31425e-01	-7.79006e-01
1.46918e+00	-1.04124e-01	9.88416e-02	-9.06969e-01
5.52865e-01	9.66886e-01	5.31429e-01	8.57147e-01
2.27477e-01	-3.47002e-01	1.39078e+00	-4.30594e-01
5.67232e-02	-9.39885e-01	4.12963e-01	-3.93022e-01
9.44875e-01	-2.14457e-02	2.61585e-01	-9.84598e-01
4.48347e-01	4.76195e-01	1.05165e+00	-6.82824e-01
4.56930e-02	-4.86086e-01	6.52676e-01	-7.42449e-01
9.63122e-01	-4.87652e-01	1.55074e+00	-3.19609e-01
1.81135e+00	-1.46020e-01	2.59693e-01	-6.09176e-01
7.38285e-01	1.32063e-01	1.73509e+00	6.90694e-01
1.32922e-01	-3.69423e-01	7.35081e-01	-8.83111e-01
5.18439e-01	-6.91742e-01	1.53484e+00	1.15019e-01
2.29243e-01	-4.72861e-01	1.39279e+00	-3.39293e-01
5.81508e-01	-1.40042e-01	3.55839e-01	-3.40404e-01
2.07665e-01	-8.74071e-01	1.20256e+00	7.12101e-01
1.34073e-01	-7.29505e-01	1.67983e+00	2.19224e-01
1.31967e-02	-8.50759e-01	9.77352e-01	4.42273e-01
1.47568e+00	-1.97630e-01	1.81936e+00	1.52142e-01
5.77943e-01	-2.54825e-01	6.27172e-01	-7.59719e-01
1.47140e+00	-2.93950e-01	1.89809e+00	-3.85706e-01
4.34077e-02	-9.98262e-01	2.64476e-03	-9.60924e-01
7.95373e-01	-9.57792e-01	7.10422e-01	-6.45985e-01
3.67401e-01	-5.23048e-01	1.25555e+00	-3.87666e-01
1.12073e-01	-2.10869e-02	7.08069e-02	-5.45524e-01
2.90825e-01	-5.02220e-01	1.58304e+00	-4.45720e-01
1.11364e+00	7.74829e-02	7.32894e-02	-8.90563e-01
2.51111e-01	-5.14773e-01	2.57498e-01	-4.27180e-01
7.38080e-02	-9.86190e-01	8.50185e-01	-2.47784e-02
1.98176e+00	2.32661e-01	2.14777e-01	-4.94774e-01
1.58704e+00	6.20752e-01	2.14475e-02	-9.61992e-01
7.57799e-02	-7.66188e-01	6.80746e-01	2.58730e-01
1.43142e+00	6.58499e-01	1.20198e+00	4.35768e-01
1.64852e+00	2.91486e-01	8.48983e-01	-2.76188e-01
2.12910e-01	-4.98948e-02	3.88072e-01	8.72298e-01
1.82413e+00	2.30873e-01	9.59698e-02	-9.39239e-01
1.93509e+00	-5.01489e-01	2.93739e-01	3.17507e-01
1.62271e+00	-4.65068e-01	3.28809e-01	-1.10037e-01
7.02452e-01	-7.32607e-01	1.92043e+00	-5.65090e-01
1.48941e+00	-8.71710e-03	3.07611e-01	-1.77608e-02
4.23093e-01	-8.61078e-01	7.48725e-01	-3.69328e-01
1.89138e-01	-7.34002e-02	7.30099e-01	4.74147e-01
8.60945e-01	-9.05239e-01	6.11825e-02	-1.42333e-02
1.61999e-01	-4.96676e-01	1.05543e-02	-7.91724e-02
8.31840e-01	6.90113e-01	1.51408e+00	-4.80499e-01
8.23528e-02	-9.81826e-01	1.74482e+00	-5.53814e-01
4.66487e-01	1.73409e-01	1.04456e-01	6.37265e-01
7.16589e-02	7.23084e-02	1.01046e+00	-6.16450e-02
1.48254e+00	6.95680e-01	1.45633e+00	-3.49985e-01
2.05389e-01	1.37448e-01	1.48344e-02	-5.33257e-02
7.96540e-02	-9.03119e-01	1.26489e+00	-2.90491e-01
9.76957e-01	5.04593e-01	1.97050e+00	2.47260e-01
8.66685e-01	-7.54117e-01	2.42639e-01	-8.16934e-01
1.13682e+00	9.01445e-01	1.58641e+00	5.25213e-01
1.33737e+00	4.83730e-01	1.44547e+00	7.80203e-02
5.94402e-01	-2.70090e-01	8.23681e-01	7.68806e-01
5.77675e-01	3.74535e-01	3.21588e-01	9.60328e-03
3.78080e-01	8.08332e-01	1.70499e+00	-3.92413e-01
1.44717e+00	8.25926e-01	3.25634e-01	6.08454e-01
3.01078e-01	-6.26448e-01	7.31191e-01	8.38295e-01
1.23889e+00	6.94082e-01	3.09596e-01	6.58015e-01
3.36585e-01	-4.77590e-01	6.42526e-02	-3.55194e-01
1.03030e-01	-7.66095e-01	7.53563e-01	2.05636e-01
5.44785e-01	-6.24378e-01	4.66945e-01	-5.32569e-01
1.83211e+00	4.08977e-01	1.58809e+00	1.62725e-01
1.05505e+00	5.17837e-03	1.41888e+00	8.19853e-01
1.89765e-01	-7.26029e-01	1.36139e+00	8.56649e-01
1.35205e+00	-1.87743e-01	1.75383e+00	2.92905e-03
6.43130e-01	-3.48966e-01	4.09474e-01	-2.28692e-01
9.80445e-01	3.22119e-01	5.20594e-01	9.09833e-01
3.74785e-01	-9.46671e-01	8.90810e-01	-2.16101e-01
