# No. of particles = 100 
# Proton - Solar wind	Electron - Solar wind	
4.01573e-01	5.85100e-01	8.40706e-03	-9.85848e-01
9.84132e-01	9.39930e-01	8.11118e-01	7.26772e-01
1.37152e+00	1.08694e-01	1.30502e+00	-7.64266e-01
6.44836e-01	-9.30702e-02	7.45688e-01	-6.29343e-01
4.08042e-01	2.86072e-01	8.83188e-01	-5.52019e-01
1.00547e+00	2.40031e-01	3.84362e-01	-8.66159e-01
8.22720e-01	6.16978e-02	2.95281e-01	6.65291e-01
4.95787e-01	-5.71397e-01	6.42707e-01	1.93239e-01
6.40311e-01	4.55409e-01	1.21517e+00	2.99956e-01
5.60778e-01	1.73129e-01	1.96569e-01	-9.60367e-01
6.84012e-01	-6.39430e-03	5.56520e-01	6.45049e-02
8.96934e-01	1.39353e-01	2.32812e-01	-9.71861e-01
1.41172e+00	-1.06085e-01	6.53318e-01	-3.96293e-01
4.55279e-01	8.27968e-02	1.25524e-02	-9.82713e-01
8.37071e-01	-8.59077e-01	1.54292e+00	1.72270e-01
4.96657e-01	-4.11547e-01	6.92190e-01	-1.68897e-01
6.09112e-02	-7.17626e-01	7.10737e-01	-8.26609e-01
1.08128e-01	-5.20175e-01	1.40091e+00	-7.76206e-01
7.97781e-01	1.67424e-01	1.89775e+00	-6.36811e-01
3.98789e-01	-5.65383e-01	2.07724e-02	-9.93914e-01
1.00588e+00	6.84514e-01	1.09445e+00	3.79617e-02
3.43732e-01	-5.93310e-01	5.13941e-01	9.97819e-01
1.84864e+00	2.53113e-01	2.31492e-01	-7.88023e-01
3.31487e-01	6.84746e-01	3.64217e-01	1.94274e-01
4.40286e-01	-5.95350e-01	2.46165e-01	-1.13217e-01
7.18876e-01	-9.16367e-01	1.89516e+00	6.24908e-01
1.59210e-01	8.88220e-02	3.54011e-01	-2.40087e-02
4.57801e-01	3.32367e-01	2.48523e-01	-8.45207e-01
1.38071e+00	-1.10587e-01	4.71667e-01	-7.52790e-01
1.48202e+00	5.72593e-01	8.46007e-01	4.84248e-01
1.34159e+00	8.93409e-01	5.14586e-01	2.55364e-01
4.08627e-02	-9.66104e-01	9.79847e-01	7.00352e-01
3.04201e-01	2.69563e-01	1.37289e+00	-9.01574e-01
6.45470e-02	-9.99459e-01	1.99187e+00	-9.16031e-01
8.43454e-01	-2.85659e-01	9.15141e-01	-3.79231e-01
4.64252e-01	-8.92345e-01	1.02544e+00	9.66372e-01
2.08264e-01	-5.42684e-01	2.98798e-01	4.72779e-01
7.76998e-01	-8.25342e-01	1.40152e+00	1.13244e-01
4.75666e-01	8.23157e-01	5.55896e-01	-8.01035e-01
6.08089e-01	-6.14815e-01	4.79258e-01	-7.03328e-02
1.53065e-01	-1.23839e-02	3.49037e-01	-6.77849e-01
2.11540e-01	1.53104e-01	1.89588e+00	3.66153e-01
2.64425e-01	-7.02040e-01	1.27107e+00	2.10501e-01
3.82586e-01	-6.08696e-01	1.62199e-01	-3.18346e-02
5.04844e-01	6.19141e-01	3.20917e-01	-1.44845e-01
1.16351e+00	-3.09521e-01	1.94408e+00	6.36807e-01
1.89350e+00	3.84748e-01	4.15742e-01	2.45521e-01
1.25974e+00	-3.90817e-01	8.15070e-01	6.99801e-01
1.22202e-01	-4.75513e-01	1.39510e+00	-8.52539e-01
4.86792e-01	2.86714e-01	5.62258e-01	3.84446e-01
8.16480e-01	-5.13729e-01	1.92427e+00	1.67459e-01
6.03533e-01	-8.25044e-01	5.84040e-01	-5.80168e-01
6.20622e-01	-4.39331e-01	1.01873e-02	-9.54880e-01
8.02575e-01	2.04080e-01	1.67796e+00	-5.38088e-01
6.73838e-01	-2.47029e-01	1.44975e+00	9.23935e-01
1.23184e-01	-9.84642e-01	8.07203e-01	-2.28678e-01
1.18736e-01	-2.38807e-01	4.02213e-01	1.34074e-01
4.70529e-01	-2.43290e-01	1.68417e+00	4.77018e-01
4.11831e-02	-9.35114e-01	1.00330e+00	-2.05749e-01
2.27657e-01	-7.41416e-01	6.34002e-01	-9.14104e-01
2.00045e-01	-1.70129e-01	1.88070e+00	-7.09191e-01
1.34073e-01	5.65241e-01	1.63060e+00	-4.09678e-01
4.89181e-01	-1.32197e-01	1.59570e+00	-9.73196e-01
1.15589e+00	6.68437e-01	2.20596e-01	-9.27448e-01
1.97645e-01	-9.28986e-01	1.55049e+00	-9.68334e-01
6.23808e-01	-6.29878e-01	4.20331e-01	-6.56602e-01
8.73375e-02	-4.23598e-01	9.54592e-01	-5.56149e-01
9.66508e-02	-8.70525e-01	5.33564e-01	4.17962e-01
1.02777e+00	8.13694e-01	1.60346e+00	7.29133e-01
1.22130e+00	8.73287e-01	1.16801e+00	4.79396e-01
1.19950e+00	3.23536e-01	1.61629e+00	-3.27656e-01
1.37887e+00	6.62932e-01	1.74719e+00	7.54850e-02
2.87552e-01	-4.95588e-01	2.04361e-01	-7.84611e-01
5.23183e-01	2.88580e-02	6.16713e-01	9.11275e-01
6.11826e-01	-4.68459e-01	3.30919e-01	4.89305e-01
4.96155e-02	1.72504e-01	1.53302e-02	-7.19822e-01
3.46785e-02	-9.97510e-01	4.03911e-01	-5.96466e-01
7.02781e-01	-1.14839e-01	1.96436e+00	-4.31015e-01
5.30418e-01	-2.44335e-01	1.48790e-01	-7.70849e-01
1.61227e+00	9.19343e-01	4.57842e-01	-9.98043e-01
2.80338e-02	-8.90567e-01	7.57744e-01	-1.53548e-01
1.12039e+00	5.75972e-01	1.81494e+00	5.75675e-01
1.22950e+00	3.53933e-01	3.42955e-01	-4.85385e-01
1.89955e-02	3.71518e-01	5.10044e-02	3.92947e-01
1.87404e+00	-2.39950e-02	1.52235e-01	-9.59124e-01
2.93029e-01	1.84911e-01	1.66255e+00	6.57086e-01
4.11138e-01	-3.86974e-01	1.80763e+00	7.55778e-01
4.29527e-03	-9.59329e-01	3.66285e-01	-3.22725e-01
8.79633e-03	-9.93791e-01	1.04488e+00	9.28379e-01
9.29863e-02	-9.76092e-01	4.59357e-01	-2.53256e-01
1.44256e-01	-6.26898e-01	1.83397e+00	-4.40429e-02
6.00173e-02	-9.65461e-01	7.69883e-01	-7.02840e-01
6.56985e-01	2.84348e-01	1.20136e+00	-4.71725e-01
3.77978e-01	-5.03000e-01	1.83451e+00	7.02876e-02
1.06563e+00	4.68948e-01	6.50898e-02	6.56793e-01
3.05825e-01	-6.98156e-01	7.85734e-01	9.19118e-01
4.52103e-01	4.76630e-02	4.81631e-02	1.02906e-01
7.99849e-01	8.84114e-01	1.29725e+00	-2.22752e-01
1.93644e+00	7.65581e-01	3.02004e-01	9.63916e-01
8.22038e-01	-8.03107e-01	1.35008e+00	-1.06872e-02
