# No. of particles = 100 
# Proton - Solar wind	Electron - Solar wind	
7.27513e+00	-4.98551e+00	6.97477e-01	2.09554e+00
1.20245e+00	-9.06233e-01	1.55078e+00	-2.61308e-01
6.01776e-01	1.88330e+00	9.46309e+00	-2.83518e+00
4.18839e-01	-3.29763e+00	2.99444e+00	6.46144e-01
2.12142e-01	-1.73955e-01	5.92918e-01	3.75983e+00
9.72783e+00	4.99615e+00	7.73666e+00	2.77917e+00
9.20841e+00	3.52512e+00	9.47630e+00	-6.61870e-01
8.42473e+00	1.02943e+00	1.55034e+00	1.69908e+00
6.87361e+00	2.94310e+00	1.87445e+00	1.93251e+00
5.45870e+00	-6.81184e-01	6.02580e+00	4.59046e+00
6.18653e+00	-3.63905e+00	3.24501e-02	-7.46981e-01
9.92433e+00	-8.85179e-01	9.98693e+00	3.78875e+00
9.63074e+00	1.66962e+00	6.58877e+00	-4.95226e+00
8.54783e+00	4.75056e+00	4.91630e-02	-4.50688e+00
9.47928e+00	1.77735e+00	7.99513e+00	-4.72396e+00
9.62898e+00	4.66398e+00	8.78515e+00	-4.42766e+00
7.57509e+00	-3.42474e+00	8.18636e+00	-2.79827e+00
8.71180e+00	-3.00033e+00	7.62468e+00	1.28619e+00
4.47544e+00	-1.09499e+00	5.08859e+00	1.44029e+00
8.07637e+00	2.73160e+00	9.56280e+00	4.32374e+00
9.07768e+00	-4.95481e+00	1.19979e+00	-4.94029e+00
9.83076e+00	1.57013e+00	1.34511e+00	3.94612e+00
9.86232e+00	2.93740e+00	8.59703e+00	-2.28282e+00
9.81220e+00	1.78086e+00	1.06792e+00	2.86197e+00
8.68144e+00	3.14061e+00	5.45526e+00	-3.00065e+00
8.10088e+00	-2.02913e+00	3.44451e+00	-7.85407e-01
7.49588e+00	-1.87342e+00	3.93155e+00	-3.89999e+00
7.58981e+00	-4.27574e+00	9.83013e+00	-4.51950e+00
7.09476e+00	2.90015e+00	5.90488e+00	-2.48227e+00
5.20726e+00	-2.14081e+00	7.91851e+00	3.16540e+00
9.58389e+00	6.94672e-01	6.72981e+00	3.40672e+00
9.89207e+00	-1.60504e+00	8.46342e+00	3.42426e+00
8.76539e+00	-1.29392e+00	7.99714e+00	-1.68791e+00
9.95949e+00	-2.54346e+00	6.36332e+00	1.33480e+00
8.69694e+00	-3.12915e+00	4.17238e+00	-1.80995e+00
5.32528e+00	-1.67750e-02	7.07322e+00	-2.61508e+00
9.08068e+00	-3.56101e+00	7.72400e+00	4.64721e+00
9.99985e+00	-2.52694e+00	4.30000e+00	2.05285e-01
7.34636e+00	3.58139e+00	4.60113e+00	1.81130e+00
8.04416e+00	-3.71355e+00	7.97177e-02	3.41463e+00
8.09321e+00	3.21420e+00	9.86163e+00	4.18542e+00
9.45028e+00	-4.88259e+00	3.61247e+00	1.55403e+00
8.98411e+00	-1.41105e+00	9.27908e+00	-3.00809e+00
6.67507e+00	-8.48114e-01	6.08034e-01	4.09983e+00
7.91529e+00	-3.94251e-01	8.66834e+00	-4.49348e+00
8.71364e+00	-3.67804e+00	8.93738e+00	3.63347e+00
9.90928e+00	3.75743e+00	6.10642e+00	2.63614e+00
9.84704e+00	-4.93937e+00	7.92090e+00	-2.13108e+00
7.01834e+00	2.48017e-01	1.52959e+00	1.26268e-01
7.84721e+00	6.87616e-01	2.75121e+00	-3.53970e+00
9.60331e+00	-7.70039e-01	7.16620e+00	-4.32060e+00
8.34334e+00	-7.79239e-01	2.28272e+00	1.15680e+00
9.86531e+00	-4.67431e+00	8.76854e+00	2.75092e+00
8.59082e+00	-2.02639e+00	8.81013e+00	-3.51441e+00
8.15463e+00	-4.09103e+00	6.82435e+00	3.83069e+00
9.68426e+00	-1.85599e+00	3.18269e+00	-4.55472e+00
6.56690e+00	-9.82920e-01	4.50254e-01	-1.57356e+00
9.40986e+00	-9.06234e-01	7.56482e+00	-5.20175e-01
6.47635e+00	-2.96356e+00	5.20521e-01	-6.36167e-01
9.20892e+00	4.27745e+00	3.77091e+00	-4.06439e+00
7.43051e+00	-4.68753e+00	7.86941e+00	4.59655e+00
7.72523e+00	9.88993e-01	2.22972e+00	2.15491e-01
9.75313e+00	-1.55979e+00	9.24387e+00	4.94390e+00
9.37069e+00	1.89775e+00	9.80107e+00	2.01138e+00
8.79000e+00	3.89083e+00	7.14984e+00	2.62024e+00
8.02972e+00	-3.93625e+00	5.30596e+00	4.42558e+00
6.29371e+00	-2.69572e+00	3.18466e+00	2.71133e+00
9.28481e+00	2.60856e+00	7.98299e+00	3.62040e+00
9.44049e+00	-1.81480e+00	8.86538e+00	4.66420e+00
7.44414e+00	-3.95826e+00	9.24968e+00	3.98448e+00
9.84411e+00	-1.29197e+00	9.84703e+00	-8.31784e-01
5.76745e+00	-1.51104e+00	2.70236e+00	-3.18972e+00
9.97967e+00	4.19370e+00	5.17936e-01	2.85816e+00
8.26738e+00	-4.44546e+00	6.83841e+00	7.21115e-01
9.12892e+00	-3.68743e-01	4.02071e+00	2.16658e+00
4.04965e+00	3.89895e+00	9.76955e+00	-1.23925e+00
8.18779e+00	4.88206e+00	6.32933e+00	1.26223e+00
7.93188e+00	-3.03632e+00	9.66578e+00	-4.26668e+00
4.90200e+00	-4.80398e+00	3.18757e+00	3.97053e+00
9.00375e+00	1.17915e+00	4.53384e+00	-3.06799e+00
9.10915e+00	-1.88680e+00	9.15885e+00	9.36453e-01
9.59694e+00	-2.59435e+00	8.61218e+00	2.02782e+00
8.04746e+00	-1.14056e+00	5.63449e+00	-4.48641e+00
9.40217e+00	2.34537e+00	1.14104e+00	2.37771e+00
6.06579e+00	7.64031e-01	7.53977e+00	-2.43617e+00
9.20073e+00	-3.47554e+00	3.20803e+00	-1.55215e+00
8.91385e+00	1.26433e-01	3.80301e-01	-3.60428e+00
8.89195e+00	-2.12725e+00	4.02548e+00	-1.95955e+00
7.13355e+00	1.30887e+00	3.05439e+00	-8.69300e-01
9.19802e+00	4.89332e+00	9.44147e+00	-4.86554e+00
8.66781e+00	4.07770e+00	9.07641e+00	2.75291e+00
7.20054e+00	5.43582e-01	1.09822e+00	4.77346e+00
5.29880e+00	1.86521e-01	9.90805e+00	4.44721e+00
7.86134e+00	-1.02676e+00	4.53507e+00	4.95838e+00
9.30788e+00	-3.62195e+00	9.16062e+00	-3.04372e+00
8.66453e+00	-1.43420e+00	7.20341e+00	4.82938e+00
9.72189e+00	4.30156e+00	7.73150e+00	-2.53732e+00
5.65260e+00	-2.22952e+00	5.75806e+00	4.48727e+00
9.67077e+00	3.04232e+00	1.13001e-02	-3.36332e+00
7.50347e+00	4.46256e+00	8.75396e+00	-2.77394e+00
