# No. of particles = 100 
# Proton - Solar wind	Electron - Solar wind	
4.25689e-01	7.02086e-01	1.64050e+00	-1.08757e-01
1.39659e-01	-9.29930e-01	9.23894e-02	-7.67039e-01
1.43500e+00	1.58834e-01	4.01586e-01	-5.85334e-01
8.21945e-01	1.55900e-01	1.22438e+00	5.83871e-01
4.74862e-01	5.30711e-01	3.57421e-01	-2.54281e-02
1.17421e+00	4.48590e-01	7.04954e-01	-2.45050e-01
9.16560e-01	1.81983e-01	6.84029e-01	-4.75031e-01
7.08881e-01	-3.67186e-01	4.45404e-01	-5.34381e-01
7.83816e-01	8.00771e-01	6.05121e-02	-9.44958e-01
7.28832e-01	5.36907e-01	2.59827e-01	-4.27549e-01
8.16396e-01	2.31758e-01	6.21017e-01	-2.03361e-01
9.36961e-01	1.91225e-01	1.14529e+00	-3.94151e-01
1.45292e+00	-7.91057e-02	1.94085e-01	4.58902e-01
5.06092e-01	2.25233e-01	1.53432e-01	1.22472e-01
9.01609e-01	-8.48639e-01	1.99481e+00	3.63735e-02
6.61636e-01	-2.21655e-01	1.19088e+00	-7.79357e-01
8.63939e-02	-5.32556e-01	1.01838e+00	6.51761e-01
1.17849e-01	-4.70205e-01	1.86870e+00	5.73542e-01
8.95115e-01	3.10966e-01	2.64876e-01	9.36727e-01
5.34365e-01	-4.07743e-01	1.15813e+00	7.99815e-01
1.05325e+00	7.67705e-01	8.40292e-01	9.03456e-01
5.19917e-01	-3.77186e-01	1.36003e+00	-5.12726e-01
1.02664e-01	-8.94049e-01	1.66095e+00	-5.14180e-01
3.41008e-01	7.29023e-01	2.09244e-01	-8.90202e-01
7.02341e-01	-3.15839e-01	3.64353e-01	-2.29090e-01
1.11750e+00	-8.76247e-01	8.94134e-01	-6.16235e-01
2.17036e-01	1.36199e-01	1.75834e+00	-9.38387e-01
5.16269e-01	5.13810e-01	5.21902e-01	3.62701e-01
9.71226e-01	-2.22459e-01	1.80073e+00	1.72541e-01
1.57848e+00	6.74556e-01	2.02440e-01	-1.92719e-01
1.96341e+00	-4.72290e-01	5.55227e-01	-3.56114e-01
1.71392e-01	-7.54573e-01	3.23786e-01	1.40172e-02
3.50534e-01	4.69485e-01	1.10541e-01	-8.97809e-01
8.74399e-02	-8.27611e-01	1.79909e+00	-5.37950e-01
1.08224e+00	-8.66120e-02	1.61183e+00	-2.25995e-01
5.08648e-01	-8.82769e-01	1.86412e-01	-1.15827e-01
2.53783e-01	-4.23032e-01	1.44392e+00	-5.19897e-01
8.50730e-01	-8.09147e-01	1.70590e+00	3.28482e-01
5.06601e-01	9.45518e-01	1.28124e+00	-5.60781e-01
7.24271e-01	-5.14650e-01	5.74165e-01	-2.59433e-01
1.98835e-01	2.81622e-01	3.85530e-01	-8.82118e-01
2.93783e-01	2.11025e-01	3.86825e-01	-5.40751e-01
3.13627e-01	-6.28448e-01	1.59725e+00	9.62172e-01
4.09881e-01	-5.71093e-01	9.61099e-03	-7.15482e-01
5.34348e-01	7.17803e-01	9.87223e-01	-7.39779e-01
1.31038e+00	-2.20471e-01	1.89746e+00	-7.47822e-02
1.94564e+00	4.23385e-01	1.45658e-01	-7.91750e-01
1.39531e+00	-4.66317e-01	6.80575e-02	-4.50545e-01
1.43583e-01	-3.86094e-01	1.87540e+00	-9.46958e-01
6.09911e-01	6.13091e-01	1.80745e-01	2.92954e-01
8.91763e-01	-4.59246e-01	6.55443e-01	-4.58070e-01
8.63580e-01	-7.55040e-01	8.49184e-02	-9.12745e-01
7.70250e-01	-2.64504e-01	1.13270e+00	-7.36230e-01
1.08639e+00	6.31265e-01	5.84744e-01	6.92439e-01
8.30749e-01	-5.54908e-02	1.88723e-01	-9.67569e-01
2.89286e-01	-9.77235e-01	2.47921e-01	8.50201e-02
1.28881e-01	-1.31949e-01	7.47368e-01	2.94914e-01
6.84372e-01	1.11538e-01	5.45317e-01	5.44552e-01
1.86301e-01	-6.59168e-01	1.73535e+00	5.84936e-01
2.89141e-01	-6.75651e-01	8.73916e-01	2.67303e-01
2.54504e-01	7.65497e-02	4.41936e-01	-8.07410e-01
1.63175e-01	9.32222e-01	4.56617e-01	7.11913e-01
5.33562e-01	-4.26718e-02	1.03038e+00	-6.91072e-01
1.24643e+00	8.01251e-01	9.55821e-01	-9.47283e-01
5.22829e-01	-8.49859e-01	6.42253e-01	2.39729e-01
6.61754e-01	-6.07009e-01	1.55656e+00	-6.29063e-01
9.83582e-02	-2.42260e-01	1.92905e+00	-4.24804e-02
1.83412e-01	-7.28127e-01	1.05749e+00	-2.59543e-01
1.06040e+00	8.71181e-01	1.04670e+00	-6.88269e-01
9.93834e-03	-9.98052e-01	9.03959e-02	2.25988e-01
9.30467e-01	5.32278e-01	2.43384e-01	-7.34433e-01
1.32940e+00	7.19156e-01	1.71346e+00	-1.45402e-01
3.25840e-01	-4.25892e-01	1.06704e+00	-5.49112e-01
5.87832e-01	1.58814e-01	1.26316e-01	-7.77590e-01
6.26174e-01	-4.53867e-01	1.88021e+00	-8.09763e-02
6.27961e-02	1.86014e-01	1.49386e+00	7.61603e-01
3.55356e-02	-9.29857e-01	1.73658e+00	8.52941e-01
8.46535e-01	6.71032e-02	6.67120e-01	3.67071e-01
6.04717e-01	-1.38762e-01	8.75772e-01	-5.59040e-01
1.08726e-01	-9.70508e-01	3.10091e-01	9.83044e-02
7.70402e-02	-6.87428e-01	1.74816e+00	-1.15495e-02
1.07739e+00	6.11622e-01	1.21017e+00	-7.58927e-01
1.27072e+00	4.01759e-01	6.68393e-01	-1.36873e-01
6.57116e-03	4.84114e-01	6.88846e-01	-2.80339e-01
1.69768e+00	9.67493e-02	3.25169e-01	1.31131e-01
3.02302e-01	2.16251e-01	1.14840e+00	4.51717e-01
4.24834e-01	-3.68974e-01	1.64034e+00	-2.58119e-01
1.14639e-01	-9.68864e-01	5.73056e-02	-5.23426e-01
3.08521e-01	-1.90381e-01	2.34860e-02	-6.35314e-01
1.58994e-01	-9.71038e-01	1.75657e-01	-8.78986e-01
1.48644e-01	-6.11976e-01	8.95522e-01	8.62280e-01
2.56529e-01	-7.25447e-01	2.88575e-01	-6.49279e-01
6.74170e-01	3.19721e-01	1.09762e-01	4.59704e-01
4.11967e-01	-4.46729e-01	6.88616e-01	-4.48406e-01
1.16612e+00	6.38144e-01	4.81014e-01	4.78980e-01
5.23102e-01	-4.08935e-01	1.32342e+00	-1.95246e-01
6.92763e-01	-2.04762e-01	1.38510e+00	1.63600e-01
4.44283e-02	7.94202e-02	1.28904e+00	-4.04025e-01
5.03473e-02	-9.97632e-01	5.90992e-01	-7.32609e-01
9.42460e-01	-7.74627e-01	1.96192e+00	1.65257e-01
