# No. of particles = 100 
# Proton - Solar wind	Electron - Solar wind	
2.72926e-02	-8.51884e-01	8.98401e-01	8.27137e-01
8.05815e-01	-8.45952e-02	5.33853e-01	-5.11749e-01
5.36527e-01	-4.99468e-01	1.35266e+00	-2.24700e-01
1.65477e+00	-3.89395e-02	3.87749e-01	1.82697e-01
1.03155e+00	-4.31298e-01	5.79301e-01	-1.91138e-01
5.97473e-01	7.27327e-01	1.05074e+00	-8.33304e-01
5.83666e-01	-9.02199e-01	4.09221e-01	4.64774e-01
3.43681e-01	-4.58006e-01	7.60394e-02	-6.85204e-01
5.19748e-01	-9.65278e-01	1.22730e+00	-3.16914e-01
7.09060e-01	-6.53360e-01	1.48338e+00	8.73973e-01
8.14722e-01	-1.87726e-01	2.85144e-02	-8.63469e-01
1.91611e-02	-9.78086e-01	6.19630e-01	1.21819e-01
2.84832e-01	-8.84922e-01	8.99234e-01	1.16605e-01
7.97265e-01	1.15258e-01	2.16596e-01	-8.00443e-01
1.74979e+00	-7.92685e-01	1.13415e+00	4.94507e-02
6.62684e-01	-3.34922e-01	1.95048e-02	-9.89391e-01
9.46896e-01	-5.86761e-01	1.10421e+00	1.03986e-01
1.61954e-01	1.62449e-01	1.99928e+00	6.81799e-01
1.65998e+00	-4.91041e-01	1.73361e+00	5.83997e-01
8.19026e-01	1.43419e-01	3.42216e-01	-4.94643e-01
1.98886e+00	-8.61003e-01	7.74681e-01	-5.68101e-01
4.13489e-01	-4.88470e-03	1.20687e+00	2.73696e-01
8.52801e-01	-7.80636e-01	1.26170e+00	1.69944e-01
6.24608e-01	-3.25476e-01	1.06259e+00	-6.29319e-01
4.67833e-01	-9.76244e-01	1.68615e-01	-5.76302e-01
1.64779e+00	6.85834e-01	1.61998e+00	1.83679e-01
8.89615e-01	8.42310e-01	2.67566e-01	1.02921e-02
4.04084e-03	6.29747e-01	1.36063e-01	-8.65903e-01
1.46101e+00	-7.84697e-01	3.58230e-02	-2.63830e-01
7.37928e-01	4.60797e-01	8.21618e-01	9.46066e-02
5.38223e-01	-2.69255e-01	6.85654e-01	-2.91348e-01
4.52949e-02	-9.93965e-01	8.58716e-01	-5.08002e-01
1.96543e-01	4.79196e-01	3.76280e-01	8.39058e-01
5.03555e-01	-2.10940e-01	1.18729e+00	-3.03363e-01
7.61128e-01	8.44147e-01	1.91394e-01	1.26573e-01
1.06526e+00	-8.45350e-01	4.02083e-01	-8.68123e-01
8.53300e-02	-9.49674e-01	8.00676e-02	1.20011e-01
1.82399e+00	-6.83902e-01	1.29642e+00	5.57162e-01
1.50032e-02	-9.67755e-01	1.02093e+00	4.58778e-01
5.49631e-01	2.05537e-01	4.77543e-01	-2.51913e-02
4.75734e-01	-3.74836e-01	4.18457e-01	-9.01653e-01
6.54766e-02	-8.46656e-01	3.96962e-01	2.17542e-01
6.37282e-01	2.62935e-01	6.99720e-01	1.03657e-01
5.98730e-01	-1.92661e-01	1.35591e+00	-2.85917e-02
1.55875e-01	-2.56316e-02	1.51065e-02	-9.92678e-01
9.63138e-02	-9.01270e-01	1.58242e+00	6.39938e-01
3.87313e-01	-3.50560e-01	3.50833e-01	-4.10199e-01
1.96914e-01	-8.23733e-01	1.27269e+00	-6.95953e-01
3.42859e-01	7.80010e-01	1.80013e+00	-3.42798e-02
1.55984e+00	-7.69847e-01	1.69236e+00	8.77926e-01
5.46674e-02	-7.51799e-01	1.66841e+00	9.26893e-01
7.15018e-01	7.45165e-01	4.57257e-01	-1.74732e-01
1.89528e-01	-4.38910e-01	7.22421e-01	-1.53116e-01
3.80807e-01	-3.93174e-01	6.49774e-01	7.16975e-01
6.10882e-01	3.59614e-01	1.00642e+00	2.33441e-01
1.10350e-01	-8.30858e-01	1.41206e+00	-1.45497e-01
4.21543e-01	-6.25517e-01	1.30326e+00	7.50918e-02
1.26719e-01	-9.28530e-01	1.77168e+00	4.67205e-01
1.03156e+00	1.39420e-01	1.25727e+00	2.90721e-01
7.38373e-01	-2.76289e-02	1.12937e+00	-7.20521e-01
9.63974e-01	-6.46208e-01	4.38854e-01	-3.90348e-01
1.49829e+00	-3.42151e-01	1.08807e+00	-9.86701e-02
1.30418e-01	-7.62696e-01	1.72928e-01	-1.20452e-01
8.36278e-02	-1.55314e-01	1.45499e+00	-5.27674e-01
1.05878e-01	-2.00558e-01	1.38274e+00	-6.57819e-01
1.11387e+00	-5.34309e-01	7.95811e-01	1.53899e-02
2.20524e-01	-6.04800e-01	7.08252e-01	5.02624e-01
6.63561e-02	-9.89645e-01	1.88969e+00	-7.50191e-01
1.01014e+00	9.15287e-01	1.25623e+00	-3.97694e-01
5.67175e-02	-5.51949e-01	1.06937e+00	-5.13742e-01
5.54265e-01	-6.11421e-01	1.33739e+00	2.82013e-01
8.07424e-01	-9.69373e-01	1.58935e-01	-4.01738e-01
5.82577e-01	5.11071e-01	1.54305e+00	4.35633e-01
3.76638e-01	-4.02675e-01	3.04553e-01	-5.73840e-01
6.68214e-01	-4.34091e-01	1.11094e+00	-1.65223e-01
1.70327e-01	3.66821e-01	1.06947e+00	9.52304e-01
4.76794e-01	1.99552e-02	9.15211e-01	4.35687e-01
9.44281e-02	7.66396e-02	1.52224e+00	2.38291e-01
6.14547e-01	-5.53090e-01	3.77430e-01	-4.84543e-01
1.23966e-01	-3.49337e-01	1.44803e+00	-5.69977e-01
2.14141e-01	-6.30011e-01	9.42624e-02	8.65550e-01
9.96472e-01	-6.36300e-01	1.24368e+00	3.34674e-01
7.82155e-03	-9.67873e-01	1.36802e+00	6.81483e-01
6.87271e-01	-8.72572e-01	1.37005e+00	7.31461e-03
8.43285e-03	-9.94910e-01	1.94858e-01	-8.37294e-01
3.64435e-01	6.51812e-01	1.80292e+00	5.50112e-01
4.46939e-01	-1.95096e-01	1.89743e+00	-5.67684e-01
4.13718e-01	-6.17697e-01	8.79613e-02	5.58353e-01
1.86647e+00	-2.01321e-01	6.91008e-01	-3.37401e-02
9.99743e-01	-9.70376e-01	8.19540e-02	-8.16524e-01
1.60993e-01	-4.45804e-01	1.07940e+00	1.83776e-02
1.26497e+00	-3.85429e-01	9.17484e-02	-6.68122e-01
8.44996e-01	8.92779e-01	9.80515e-01	-2.92035e-02
5.44968e-01	2.51528e-01	2.79448e-01	-8.77032e-01
4.43273e-01	-6.17258e-01	1.94941e+00	7.21281e-01
1.12528e+00	1.58382e-01	1.60969e+00	5.65509e-01
5.70663e-01	5.80406e-01	3.45098e-01	-8.71110e-01
7.72152e-02	8.38000e-02	1.03127e-01	-9.48605e-01
1.38707e-01	-1.76372e-01	1.06804e+00	6.42444e-02
1.07495e+00	-6.29074e-01	1.30543e+00	-7.80506e-01
