# No. of particles = 100 
# Proton - Solar wind	Electron - Solar wind	
2.55853e-02	-9.07355e-01	3.92438e-01	-2.48911e-01
6.91111e-01	-2.24387e-01	2.98890e-01	-6.29972e-01
4.11641e-01	-6.16346e-01	8.84699e-03	-9.12365e-01
1.46680e+00	-1.25269e-01	1.83532e-01	5.41155e-01
9.44689e-01	-4.72831e-01	5.57122e-01	1.95186e-02
4.75466e-01	3.50131e-01	5.78196e-02	-9.19567e-01
4.77873e-01	-9.14142e-01	2.12602e-01	-6.88728e-01
2.70940e-01	-5.69232e-01	3.64440e-01	1.41905e-01
4.78819e-01	-9.61302e-01	6.11793e-01	6.53572e-01
5.69285e-01	-7.23664e-01	1.84798e+00	-6.62271e-01
5.79659e-01	-4.18242e-01	1.51457e+00	4.96848e-01
1.44808e+00	9.31116e-01	1.42615e-01	-6.60272e-01
1.27076e-01	-9.71008e-01	3.05786e-01	-8.88131e-01
7.22841e-01	-3.32697e-02	5.82117e-01	-7.62050e-01
1.68266e+00	-7.88815e-01	1.23537e+00	6.06307e-02
5.75172e-01	-4.32455e-01	5.74936e-01	8.89695e-02
1.16947e+00	-5.11170e-01	1.73548e-01	7.41726e-03
1.69432e-01	1.14026e-01	1.06873e-01	-9.83010e-01
1.44720e+00	-5.48344e-01	2.74811e-01	2.13643e-01
5.95549e-01	-1.98806e-01	3.24921e-01	1.26504e-01
1.80467e+00	-1.84707e-01	1.05040e+00	-2.41836e-01
3.46925e-01	-1.75558e-01	8.06083e-01	2.34233e-01
7.34448e-01	-8.05464e-01	3.61025e-01	6.23384e-01
5.41240e-01	-4.19941e-01	1.64078e+00	-7.30411e-01
1.23523e-01	-9.82989e-01	3.60277e-01	7.00820e-01
1.38617e+00	4.12144e-01	7.35391e-03	-9.79516e-01
8.45548e-01	7.75687e-01	1.63278e-01	-9.07968e-01
1.75856e-01	4.72450e-01	4.19994e-02	9.51440e-01
1.19348e+00	-8.17713e-01	4.32771e-01	5.95414e-01
6.16820e-01	2.00922e-01	9.43406e-01	-4.29932e-01
4.79959e-01	-3.65567e-01	9.63599e-01	-4.27462e-01
1.20293e-02	-9.18398e-01	6.62409e-02	-8.57857e-01
1.65612e-01	-4.14382e-02	3.17960e-01	-8.65934e-01
2.89565e-01	-5.56838e-01	2.37419e-01	-3.19998e-01
6.62260e-01	5.64456e-01	4.97676e-01	-4.31880e-01
1.02392e+00	-8.36661e-01	4.11912e-01	6.14198e-01
1.57619e-02	-9.69637e-01	1.86344e+00	-6.44128e-01
1.74589e+00	-6.85559e-01	4.28798e-01	-9.49772e-01
1.91177e+00	-7.41178e-01	1.92443e+00	-7.81303e-02
3.30865e-01	-2.92579e-01	2.02171e-01	-8.80177e-01
4.07668e-01	-5.17822e-01	8.28487e-01	2.02946e-01
1.24040e+00	9.88305e-01	9.57957e-01	-6.98802e-01
6.59822e-01	1.92212e-01	4.50754e-01	-2.24661e-01
6.10138e-01	-2.06048e-01	3.29510e-01	-8.40372e-01
1.23755e-01	-3.83656e-01	1.32776e-01	-3.38354e-01
6.52530e-02	-9.25897e-01	1.36508e+00	-6.50240e-01
3.40464e-01	-4.37793e-01	1.67845e+00	1.14454e-01
1.74694e-01	-8.41413e-01	1.42081e+00	-2.11051e-01
3.35952e-01	6.87766e-01	8.88568e-01	9.48013e-01
1.74055e+00	-4.83864e-01	2.97645e-01	-5.92996e-01
1.97638e+00	1.17945e-01	1.06915e+00	-2.99085e-02
6.34658e-01	5.05336e-01	9.96540e-01	-5.32296e-01
1.63449e-01	-5.38885e-01	1.08713e+00	-2.88664e-01
3.54535e-01	-4.43423e-01	1.03363e-01	9.38039e-01
5.38564e-01	1.58290e-01	1.30175e+00	-9.47392e-01
2.77863e-01	-9.98020e-01	1.16187e+00	7.93453e-01
2.41688e-01	-7.78697e-01	6.66853e-01	1.69462e-01
1.75021e+00	-4.93535e-01	1.04982e+00	4.08245e-01
8.07509e-01	-1.37798e-01	5.59898e-01	2.20042e-01
7.75398e-01	-4.61768e-02	2.50573e-01	-5.05617e-01
8.69524e-01	-5.60429e-01	9.65834e-02	-5.42228e-01
1.03288e+00	-5.35786e-01	9.51710e-01	-2.44343e-01
9.65731e-02	-8.69434e-01	1.23210e+00	-5.92026e-01
7.25597e-02	-3.23808e-01	1.28629e-01	7.61284e-01
1.00176e-01	-2.94336e-01	8.64776e-01	3.93716e-01
1.08103e+00	-5.10314e-01	2.83716e-01	-3.03452e-02
1.58975e-01	-7.26159e-01	1.13810e+00	2.55526e-01
1.92811e-02	-9.89131e-01	6.03796e-01	-7.04641e-01
9.34890e-01	7.27257e-01	7.81005e-01	-2.53747e-01
4.75950e-02	-7.13705e-01	4.41209e-01	-2.29115e-01
3.22882e-01	-7.72397e-01	6.93643e-01	-3.08858e-01
5.00091e-01	-9.72789e-01	1.46074e+00	4.15730e-02
5.90025e-01	4.28766e-01	1.03095e-01	-9.21404e-01
2.93403e-01	-7.17230e-01	1.67220e+00	5.59280e-01
6.83547e-01	-4.13083e-01	2.98092e-01	-8.15916e-01
1.70398e-01	3.51442e-01	1.61311e+00	-1.82394e-01
4.58183e-01	-4.86929e-02	3.33727e-01	-4.14751e-01
9.84727e-02	-5.96044e-02	1.83067e+00	9.89046e-01
2.52968e-01	-8.46863e-01	4.24251e-01	-3.98385e-01
1.28865e-01	-3.95088e-01	8.17309e-01	-8.44960e-01
1.72141e-01	-7.09325e-01	1.59226e+00	-9.39362e-01
6.48572e-01	-7.53195e-01	1.03484e-01	-4.61322e-01
2.24760e-02	-9.87529e-01	6.99049e-01	-6.55344e-01
6.33717e-01	-8.75485e-01	1.84807e+00	6.43783e-01
6.22678e-01	6.76696e-01	1.45510e+00	1.96177e-01
3.67255e-01	6.13918e-01	9.19954e-01	-3.06358e-01
4.65969e-01	-2.00229e-01	1.17732e-01	-5.64125e-01
2.56958e-01	-7.82296e-01	1.98081e-02	-9.60124e-01
1.61838e+00	-2.94148e-01	1.39272e+00	-5.36057e-01
9.36041e-01	-9.60024e-01	2.71927e-01	-6.08787e-01
1.66997e-01	-4.55754e-01	1.28284e+00	-5.83628e-01
9.70149e-01	-5.22447e-01	9.49880e-01	2.12244e-01
8.36296e-01	8.34878e-01	1.59859e+00	-9.41732e-01
5.75263e-01	1.95500e-01	1.05720e+00	5.50297e-02
3.32613e-01	-7.23262e-01	4.92264e-01	-6.37444e-01
1.44907e+00	1.62592e-01	1.89616e+00	1.14257e-01
4.57297e-01	4.74876e-01	6.73449e-01	-8.16853e-01
6.65748e-02	-1.79199e-01	8.92663e-01	-3.11762e-01
1.39173e-01	-2.38005e-01	3.61172e-01	-3.14775e-01
8.29609e-01	-4.29632e-01	6.23041e-01	6.60809e-01
