# No. of particles = 100 
# Proton - Solar wind	Electron - Solar wind	
2.20886e+00	3.35603e+00	3.55178e+00	-3.26008e+00
3.39724e+00	-4.77943e+00	9.92755e+00	2.01681e+00
3.40786e+00	-3.74062e+00	6.67794e+00	-3.27227e+00
5.67599e+00	-4.12743e+00	5.52940e+00	-3.77995e+00
3.15842e+00	-4.20927e+00	4.33939e+00	-3.69374e+00
1.76100e+00	-3.81969e+00	9.81927e+00	-6.93468e-01
4.19235e+00	-4.22191e+00	9.54861e-01	1.33324e+00
2.66258e+00	-4.20835e+00	2.03341e-01	-2.18255e+00
3.34251e+00	-4.08325e+00	7.01062e+00	4.68151e+00
2.86688e+00	-3.71679e+00	6.05922e+00	1.30033e-02
2.57696e+00	-3.15399e+00	9.42090e+00	-4.37967e+00
2.88225e+00	-3.21185e+00	6.19380e+00	-1.76018e+00
2.90138e+00	-3.72706e+00	5.49390e-01	4.53850e+00
1.83426e+00	-3.39090e+00	4.55611e+00	-4.02090e+00
2.78059e+00	-1.81609e+00	5.72383e+00	2.55240e+00
2.35203e+00	-1.93595e+00	4.56177e+00	1.76061e+00
2.96468e+00	-1.35732e+00	7.08430e+00	4.53033e+00
3.86251e+00	-8.73498e-01	3.69223e+00	-3.10464e+00
2.74342e+00	7.57572e-02	9.24146e+00	-2.41832e+00
2.72896e+00	-1.31983e+00	2.60166e+00	2.81488e+00
2.31300e+00	-1.15660e+00	8.11983e-01	-1.31366e+00
2.53792e+00	-1.00445e+00	9.66344e-01	-3.15365e+00
2.71863e+00	-4.95652e-01	6.47848e+00	-2.96867e+00
4.38750e+00	-9.82562e-01	6.84105e+00	-2.69738e+00
1.97416e+00	4.66597e-01	6.84341e+00	7.11525e-01
2.86661e+00	7.39730e-01	6.64121e+00	-2.20653e+00
3.33836e+00	1.41986e+00	8.85977e+00	4.03743e+00
2.58402e+00	1.36001e+00	5.73609e+00	-2.93403e+00
1.93445e+00	8.17715e-01	5.69222e+00	-1.56975e+00
3.05801e+00	2.23175e+00	4.99925e+00	-1.53834e+00
3.78497e+00	3.27808e+00	5.35903e+00	1.07735e+00
4.11607e+00	8.97811e-01	5.25782e+00	-1.51560e+00
3.33790e+00	3.09505e+00	8.40975e+00	3.74357e+00
1.20289e+00	2.56200e+00	5.12336e+00	4.99591e+00
3.66443e+00	4.00464e+00	4.10870e+00	3.86853e+00
3.16053e+00	4.22304e+00	5.20654e+00	-7.34948e-01
2.75501e+00	4.29063e+00	5.34096e-01	2.25227e+00
2.88891e+00	4.14157e+00	8.44121e+00	-6.86298e-01
2.30521e+00	3.72446e+00	4.76419e+00	-1.01631e+00
2.92465e+00	4.34655e+00	4.91321e-01	2.14645e-01
3.36321e+00	4.62452e+00	5.76793e+00	-1.58042e+00
2.89582e+00	3.72955e+00	8.90860e+00	1.14120e-01
8.38985e+00	3.60048e+00	3.90123e+00	3.82591e-01
9.20657e+00	4.84803e+00	9.90636e+00	3.09136e+00
3.46566e+00	-4.03878e+00	2.54645e+00	1.15096e-01
6.83553e+00	-3.72269e+00	2.50827e+00	4.59121e+00
3.15360e+00	-4.51503e+00	6.98946e+00	-1.83555e+00
2.60561e+00	-4.74874e+00	5.44986e+00	-1.29411e+00
2.64714e+00	-4.55545e+00	6.01290e-01	1.28932e+00
2.74877e+00	-4.10316e+00	5.30109e-01	-1.06340e+00
3.00703e+00	-3.14624e+00	2.09696e+00	-4.53732e-01
2.51777e+00	-4.22501e+00	8.63110e+00	2.76207e+00
2.58393e+00	-3.75687e+00	5.57570e+00	5.83105e-01
2.62223e+00	-2.96176e+00	9.48439e+00	2.65278e+00
3.21556e+00	-2.00839e+00	7.51137e+00	-4.42490e+00
3.70705e+00	-3.64675e+00	1.07220e+00	2.84076e+00
2.50433e+00	-2.15140e+00	3.83896e+00	5.09338e-01
2.66203e+00	-3.07324e+00	9.80912e+00	3.31761e+00
2.44094e+00	-2.82393e+00	3.23911e+00	-2.36959e+00
2.93578e+00	-2.18633e+00	6.00313e+00	2.48118e-01
2.35933e+00	-1.75937e+00	6.29460e+00	1.68941e+00
2.54956e+00	-1.48770e+00	1.44947e+00	7.56131e-01
2.31238e+00	-1.73745e+00	6.05596e+00	-1.63375e+00
3.14185e+00	5.04436e-02	4.84627e+00	3.87022e+00
2.74015e+00	-1.64805e+00	5.25118e+00	2.56916e+00
2.55890e+00	-1.01405e+00	4.38443e+00	-3.60300e+00
2.52869e+00	-1.73043e+00	5.85557e+00	3.15081e+00
3.09404e+00	-9.77156e-01	4.47869e+00	2.97394e+00
2.65926e+00	-1.86844e-01	8.21093e+00	-1.98183e+00
2.71025e+00	-4.74654e-01	2.73850e-01	3.21829e+00
2.57279e+00	2.54355e-01	4.31041e+00	-4.84292e-01
2.99909e+00	-1.06783e+00	1.57544e+00	2.91534e+00
3.19478e+00	-3.08864e-01	7.59489e+00	6.81093e-01
2.17072e+00	-7.44873e-01	3.31162e+00	-4.75869e+00
1.88856e+00	1.45381e+00	7.20755e+00	3.60485e+00
3.46196e+00	-1.07046e+00	6.93843e+00	1.34479e+00
2.70826e+00	7.68301e-01	7.57424e+00	5.38801e-01
2.61135e+00	5.25878e-01	7.73055e+00	1.94809e+00
2.06923e+00	2.12019e+00	3.24898e+00	-1.88484e+00
2.21858e+00	7.07722e-02	3.53359e+00	1.62870e+00
2.65885e+00	9.74016e-01	6.84932e+00	4.75731e-01
4.17075e+00	1.34115e+00	3.60567e+00	-9.21407e-02
3.09088e+00	2.39396e+00	8.68485e+00	1.93063e+00
4.21072e+00	1.57353e+00	8.64129e+00	3.57911e+00
2.44776e+00	1.65719e+00	8.29781e+00	2.46637e+00
2.73253e+00	2.52524e+00	8.90177e+00	1.45892e+00
2.83612e+00	2.83691e+00	6.51082e+00	1.93781e+00
2.67561e+00	1.99328e+00	4.16364e+00	-2.84983e+00
2.69061e+00	2.36136e+00	3.43560e+00	7.27435e-02
2.16595e+00	2.14725e+00	6.35871e+00	2.05866e+00
2.83985e+00	3.36607e+00	9.90016e+00	4.38210e+00
2.34083e+00	2.43343e+00	7.00897e+00	-1.67734e-01
3.87987e+00	2.47328e+00	2.54763e+00	2.02332e+00
2.92312e+00	3.16661e+00	5.47779e+00	-2.83847e+00
2.64497e+00	3.70724e+00	4.29484e+00	-1.14067e-02
2.89110e+00	3.34363e+00	1.42164e-01	2.13207e+00
2.69308e+00	3.65433e+00	9.26186e+00	-2.61648e+00
3.32294e+00	3.98954e+00	1.90240e+00	6.39303e-01
2.79005e+00	4.22049e+00	6.87100e+00	1.27764e+00
2.85426e+00	4.86045e+00	3.82206e+00	1.92368e+00
