# No. of particles = 100 
# Proton - Solar wind	Electron - Solar wind	
2.60499e-01	2.01555e-01	1.01583e+00	-6.19856e-02
1.78345e-01	-6.26075e-01	1.96762e+00	3.31935e-01
3.23463e-01	-7.43598e-01	9.49134e-02	1.01963e-01
2.23833e-01	4.01133e-01	3.43965e-01	-8.48980e-01
5.14481e-01	9.32862e-01	1.74326e+00	2.10995e-01
9.93877e-02	-9.82824e-01	2.37547e-01	-6.37678e-01
1.70212e+00	5.93124e-01	1.59882e+00	-1.82953e-01
3.63779e-02	-9.85747e-01	9.02527e-02	-8.18721e-01
1.06735e+00	-5.81757e-01	5.61580e-02	-8.88324e-01
2.11001e-01	-4.50387e-01	1.91317e+00	9.53257e-02
1.06951e+00	4.91789e-01	8.52894e-01	4.02365e-01
2.24364e-01	-7.17044e-01	9.88400e-01	-3.93624e-02
7.15984e-01	-5.60083e-01	3.41510e-01	6.98382e-02
1.13217e+00	6.98659e-01	9.01289e-01	-1.16184e-01
3.65844e-01	3.57983e-01	1.56773e-01	-8.82581e-01
1.28437e+00	-2.60703e-01	1.55852e+00	2.99282e-01
6.21661e-02	-6.43233e-01	1.71263e+00	6.01943e-01
1.29515e-01	-9.81829e-01	3.63297e-01	-7.06142e-01
1.01647e+00	5.57762e-01	6.10503e-02	-1.16288e-01
4.71645e-01	-8.96369e-02	1.54175e-01	-6.06882e-01
2.20354e-01	-7.10097e-01	7.80546e-01	5.84446e-01
5.18200e-01	-3.29022e-01	3.25252e-01	2.42577e-01
8.78903e-02	-7.67882e-01	4.36049e-02	-8.33458e-01
1.80518e-01	-5.78042e-02	1.94679e+00	-2.82106e-01
1.80309e+00	-6.28257e-01	7.91504e-02	8.64202e-01
3.20963e-01	-7.33928e-02	1.02139e-01	-8.70307e-01
8.31213e-02	-2.48422e-01	3.84971e-01	3.62172e-01
1.59496e+00	4.34242e-01	4.77387e-01	-2.40655e-01
1.95699e+00	-2.64862e-01	1.33063e+00	-7.48984e-01
1.76653e+00	-2.72891e-01	2.02111e-02	-8.52400e-01
3.84508e-01	-7.71665e-01	2.98412e-01	6.72908e-01
1.89209e+00	-3.53594e-01	1.75169e+00	-7.19437e-02
7.51140e-01	9.01134e-01	5.73177e-01	-4.85178e-01
5.77606e-01	4.59094e-01	1.91550e+00	2.98622e-01
5.64185e-01	-6.30275e-01	8.35268e-01	5.08622e-01
1.31750e+00	-4.72475e-02	6.02353e-01	-7.86939e-01
9.71745e-01	-7.41129e-01	2.28757e-01	-9.54841e-01
3.82761e-01	6.88678e-01	3.94833e-01	-4.74071e-01
3.63410e-01	8.11630e-01	1.58225e+00	-7.09802e-01
8.34774e-01	1.09166e-01	1.43172e+00	5.75894e-01
2.40425e-01	-9.98765e-01	1.64735e-01	6.05757e-01
1.68477e+00	-5.62807e-01	1.01306e+00	2.01362e-01
8.26363e-01	9.87809e-01	3.05841e-01	9.28722e-01
1.10543e-01	-6.17224e-01	3.22001e-03	-9.92864e-01
3.82082e-01	9.09971e-01	1.01894e+00	-4.12261e-01
1.22558e+00	-1.54021e-01	7.95865e-01	-4.32483e-01
1.01060e+00	-2.61524e-01	2.33617e-01	-8.60660e-01
1.75996e+00	-6.75803e-01	5.16821e-01	1.44974e-01
1.57386e-01	-8.52452e-01	1.10288e+00	-5.03517e-01
2.81328e-02	-8.50207e-02	1.70471e+00	5.64139e-02
4.30639e-01	-6.54492e-02	9.81934e-02	-7.66964e-01
8.84361e-01	-4.00454e-01	3.34224e-01	6.63926e-01
1.16849e+00	6.38374e-01	1.56155e+00	1.94733e-01
8.88180e-01	3.33829e-01	4.46689e-01	-2.33552e-01
9.78155e-01	1.57712e-01	7.65935e-01	7.68905e-01
1.89129e+00	-2.76812e-01	1.75520e+00	-1.90358e-01
7.73671e-02	-9.93419e-01	1.38426e-01	-8.77579e-01
1.41209e-01	-7.81976e-02	8.13744e-01	5.60182e-01
1.54965e-01	6.44399e-01	1.60549e+00	4.74459e-01
4.81664e-01	-5.11592e-01	7.66838e-01	-2.41811e-01
5.16185e-02	-3.55555e-01	7.86210e-01	-7.44692e-01
4.35039e-01	-5.22346e-01	1.32343e+00	5.51940e-01
1.44334e+00	2.41930e-02	1.77744e+00	-1.19864e-01
1.29181e+00	2.19438e-01	1.74307e+00	4.92841e-02
1.16477e+00	-7.15009e-01	5.95582e-01	1.95835e-01
4.96878e-01	9.55437e-01	9.79402e-01	-1.31586e-01
1.84382e+00	-1.72801e-01	1.70530e+00	2.52967e-01
2.59703e-01	1.19796e-01	8.95808e-03	-7.54042e-02
4.81275e-01	-1.39602e-01	1.83701e+00	-4.31722e-01
1.38690e+00	7.74591e-01	1.27702e+00	1.29518e-01
4.26823e-01	2.10713e-01	5.82863e-01	1.10101e-01
2.22369e-01	-2.85917e-01	4.32437e-02	-9.17890e-01
1.46971e+00	5.77492e-01	4.28836e-02	1.01030e-01
2.92897e-01	1.54044e-02	2.53727e-01	-1.47146e-01
3.81599e-01	-7.09854e-01	8.47075e-02	-1.62151e-02
7.22948e-02	7.04795e-01	1.89229e+00	-5.27199e-01
1.37055e-01	-8.01644e-01	5.58609e-01	-1.09099e-01
1.41343e+00	-1.74900e-01	1.68715e+00	1.52286e-01
1.55531e+00	6.63888e-01	8.00143e-02	-8.04426e-01
6.83598e-02	-9.98890e-01	3.54610e-01	1.06623e-01
9.15861e-01	-4.54581e-01	8.14339e-01	-6.04886e-01
1.83569e+00	-3.30891e-02	5.93298e-01	-3.23314e-01
5.22043e-01	-4.37181e-01	8.32872e-01	5.10720e-01
6.61211e-01	1.13093e-01	1.97884e-01	-4.21947e-01
9.56371e-02	-8.44163e-01	2.27478e-01	-8.85372e-02
1.46407e-01	-3.33956e-01	4.69530e-01	5.23707e-01
1.91547e-01	-6.82792e-01	5.26732e-01	-8.65312e-01
1.28252e-01	9.11761e-01	8.17574e-01	9.01003e-01
5.33394e-01	-1.58817e-01	1.97090e+00	6.80600e-02
1.29165e+00	-7.49910e-01	2.02120e-01	-3.67666e-01
8.22688e-02	-8.67986e-01	6.01852e-01	-4.50864e-01
7.87590e-01	6.16086e-01	8.37767e-01	-3.39610e-01
3.68345e-01	-3.14245e-01	1.86821e+00	2.08341e-01
1.04478e+00	2.77924e-01	1.08164e+00	5.46195e-01
1.64152e-01	9.49122e-01	5.70267e-01	5.90117e-01
1.21648e+00	7.70163e-01	1.13357e+00	6.67671e-01
1.71900e-01	-8.80356e-01	4.12612e-02	-9.28526e-01
1.33484e+00	-3.53411e-01	1.88903e+00	-9.55364e-02
8.29715e-01	2.74494e-01	1.34621e+00	2.76869e-01
1.26453e+00	-8.80392e-01	1.53707e+00	-1.15537e-01
