# No. of particles = 100 
# Proton - Solar wind	Electron - Solar wind	
2.82514e-01	3.02556e-01	2.25327e-01	-6.91381e-01
2.16489e-01	-5.45443e-01	5.51610e-01	-7.29370e-01
3.48304e-01	-7.22865e-01	9.62347e-01	-1.90633e-01
2.35952e-01	5.21039e-01	5.73351e-01	-7.87195e-01
5.46788e-03	-9.96952e-01	5.99103e-01	-5.55413e-01
1.02909e-01	-9.08747e-01	1.00641e+00	-4.35016e-01
1.79293e+00	6.81764e-01	3.52318e-01	-7.69354e-01
5.53610e-03	-9.65390e-01	5.23092e-01	9.34484e-01
1.18060e+00	-5.36426e-01	3.93612e-01	7.12389e-02
2.24943e-01	-4.07124e-01	8.21441e-01	2.64457e-01
1.08259e+00	5.11246e-01	4.91016e-01	-7.73492e-01
2.40314e-01	-6.96278e-01	5.96391e-01	7.78949e-01
7.32871e-01	-5.49063e-01	8.59312e-01	-9.07059e-01
1.18249e+00	7.74548e-01	8.74009e-03	-9.53811e-01
3.79361e-01	4.27810e-01	1.31554e-01	9.13175e-01
1.43088e+00	-1.78839e-01	8.39255e-01	7.45261e-01
6.33871e-02	-5.82652e-01	9.61994e-01	9.82169e-01
2.35519e-01	-8.94796e-01	1.07541e+00	-1.74517e-01
1.04318e+00	5.99465e-01	1.00741e+00	-4.57792e-01
4.96412e-01	-4.33171e-02	1.37898e+00	6.11656e-01
2.38994e-01	-6.76257e-01	1.86604e-01	-4.86425e-01
5.53394e-01	-2.75894e-01	2.01672e-02	-8.53381e-01
9.33256e-02	-5.61229e-01	1.70888e-01	-8.21016e-01
1.83675e-01	-4.01137e-02	1.45213e+00	-8.72622e-01
1.89447e+00	-6.08884e-01	8.15298e-01	1.06787e-01
3.36006e-01	-2.90369e-02	6.00878e-02	-1.02993e-01
8.96516e-02	-1.80958e-01	1.70386e-01	-8.53039e-01
1.61260e+00	4.49459e-01	1.38671e+00	5.86407e-01
8.98135e-02	-9.76424e-01	1.97584e-01	-7.29816e-01
1.83219e+00	-2.45505e-01	2.75106e-01	-6.84322e-01
5.37538e-01	-6.56152e-01	1.17256e+00	-7.51764e-01
1.98233e+00	-2.46614e-01	1.15006e-01	-6.78925e-01
7.88489e-01	9.95738e-01	1.15344e-01	-9.18162e-01
6.19475e-01	5.72741e-01	5.55571e-01	-2.98738e-01
6.93597e-01	-5.42653e-01	4.09322e-01	-6.50767e-01
1.36155e+00	-1.39645e-02	3.81171e-01	-4.93141e-01
1.03092e+00	-7.25566e-01	1.66884e+00	-5.98498e-01
4.00556e-01	7.09739e-01	1.85506e+00	5.87439e-01
3.71361e-01	8.53949e-01	1.68261e+00	8.83162e-02
8.77765e-01	1.65365e-01	7.02217e-01	3.97151e-01
1.62829e-01	-8.49548e-01	3.79248e-01	1.04464e-01
1.78161e+00	-5.38586e-01	1.66421e+00	2.67855e-01
3.61305e-02	-9.73538e-01	7.80983e-01	6.27237e-01
1.37046e-01	-5.12148e-01	1.34299e+00	5.18578e-02
2.07945e-02	-9.87679e-01	1.14820e+00	-4.45638e-01
1.30632e+00	-9.53054e-02	1.80054e+00	-9.30656e-02
1.03157e+00	-2.45896e-01	9.83628e-01	-4.54142e-01
1.81674e+00	-7.03654e-01	3.72994e-01	-2.79922e-01
2.16398e-01	-7.84461e-01	7.13489e-01	-6.25593e-01
1.62391e-01	-2.03369e-02	1.63584e+00	7.15968e-01
5.17353e-01	1.27766e-01	2.07954e-01	-9.11355e-01
9.15319e-01	-3.79619e-01	1.70992e+00	-1.26906e-01
1.20931e+00	6.53809e-01	1.88290e+00	5.30113e-02
9.10143e-01	3.66901e-01	1.25718e+00	-8.37259e-01
9.99771e-01	1.84077e-01	3.01298e-01	7.33896e-01
1.94245e+00	-2.56489e-01	1.90275e+00	6.55890e-01
1.09055e-01	-9.95510e-01	1.72833e-01	-9.26903e-01
2.12883e-01	-1.53450e-01	1.58785e+00	4.69093e-01
1.60814e-01	7.07724e-01	6.70651e-01	-4.11718e-01
5.26061e-01	-4.60116e-01	1.85641e+00	-3.45393e-01
6.32536e-02	-4.40487e-01	1.41155e-01	-6.38360e-01
4.94959e-01	-4.55860e-01	1.67865e+00	-8.42912e-02
1.49608e+00	6.15890e-02	1.62996e+00	1.68896e-01
1.36038e+00	2.84094e-01	6.54870e-01	6.78288e-03
1.20741e+00	-7.04219e-01	1.88742e+00	-3.09308e-02
8.73373e-03	-9.84267e-01	1.72137e+00	3.13219e-01
1.70521e+00	-2.07675e-01	6.91521e-01	-3.91590e-01
2.89821e-01	2.50667e-01	6.67838e-01	-2.24984e-01
4.94330e-01	-1.16938e-01	1.76399e+00	-7.27980e-01
1.42053e+00	8.20337e-01	2.89673e-01	-6.65150e-01
4.39284e-01	2.47391e-01	4.53887e-01	-8.34139e-01
2.41469e-01	-1.61778e-01	4.51754e-01	-7.21654e-02
1.50985e+00	6.20212e-01	3.18538e-01	-1.60839e-01
3.21590e-01	1.42897e-01	1.07097e-01	1.71826e-02
3.86851e-01	-7.04327e-01	3.35655e-01	1.12930e-01
7.67037e-02	8.24217e-01	9.17905e-01	-4.25184e-01
1.97359e-01	-7.24075e-01	1.35967e-01	2.55919e-01
1.36336e+00	-1.87701e-01	4.53623e-01	4.60025e-01
1.57519e+00	6.71373e-01	3.34198e-01	-1.19383e-02
1.48579e-01	-8.89951e-01	1.16558e+00	1.58999e-01
1.01360e+00	-3.87617e-01	4.48652e-01	-2.23024e-01
1.81878e+00	-1.81769e-02	8.19250e-02	-6.43608e-01
5.39455e-01	-4.18106e-01	1.65936e+00	-5.96746e-01
7.07918e-01	1.91081e-01	6.48024e-01	4.09632e-01
1.29238e-01	-7.73695e-01	8.64178e-01	-2.09262e-01
1.49629e-01	-3.21511e-01	6.69549e-01	5.10325e-01
1.96448e-01	-6.75872e-01	9.57407e-01	-1.57161e-01
1.28802e-01	9.61694e-01	1.14993e+00	-7.61942e-01
5.88989e-01	-1.43090e-01	1.41899e+00	6.97491e-01
1.34584e+00	-7.38870e-01	1.68623e-01	6.50403e-01
8.33415e-02	-8.62351e-01	3.19724e-01	7.72163e-01
7.98108e-01	6.36213e-01	9.56875e-01	-4.54742e-02
3.75138e-01	-2.99900e-01	1.74005e+00	4.88329e-01
1.07508e+00	3.15198e-01	1.50999e+00	5.29557e-01
1.67942e-01	9.82763e-01	8.00478e-01	6.01007e-01
1.23104e+00	7.92030e-01	1.76430e+00	7.80586e-01
2.39075e-01	-8.32094e-01	1.61229e-01	8.93632e-01
1.40460e+00	-3.18883e-01	1.25328e+00	2.65234e-01
8.56323e-01	2.86187e-01	9.80730e-01	-3.64884e-02
1.39172e+00	-8.69178e-01	1.80135e+00	5.10116e-01
