# No. of particles = 100 
# Proton - Solar wind	Electron - Solar wind	
9.07084e-02	-2.34220e+00	9.42521e-01	-1.77851e+00
7.77329e-01	-1.74596e+00	1.56212e+00	1.09560e+00
2.06557e+00	-2.03347e+00	2.51615e-01	-1.43740e+00
7.40346e-01	-2.33180e+00	1.11700e+00	-2.48673e+00
1.52329e+00	-2.14746e+00	2.13958e+00	1.80271e-01
7.78881e-01	-2.27279e+00	1.58730e+00	-2.33829e+00
1.13754e+00	-2.44963e+00	1.10010e-01	-1.61439e+00
6.17847e-01	-2.29750e+00	1.07135e+00	1.21512e-01
1.33557e+00	-2.45579e+00	1.17119e+00	-7.07706e-01
2.47201e+00	-7.89714e-03	3.40163e-01	-4.49844e-01
6.23159e-01	-2.33405e+00	1.23826e+00	1.00695e+00
7.15574e-01	-2.24317e+00	7.90946e-01	-2.62575e-01
1.24587e+00	-2.35951e+00	1.94850e+00	-1.45537e+00
1.70134e-01	-1.37728e-01	1.46934e+00	-1.54954e+00
3.47812e-01	-2.28309e+00	2.58713e-01	-2.02840e+00
1.35875e+00	-2.15342e+00	3.46272e-01	-2.19150e+00
1.72624e-01	-2.44693e+00	1.54730e-02	-2.47948e+00
2.05854e+00	-6.27520e-01	2.36619e+00	2.59222e-02
1.06631e+00	-2.12542e+00	1.10071e+00	-2.43030e+00
9.35428e-01	-2.17467e+00	1.25754e+00	-2.41850e+00
1.59166e+00	-2.39754e+00	6.87910e-01	-1.85910e+00
1.82400e+00	-1.83373e+00	6.59333e-01	-1.54564e+00
1.37170e+00	-1.58610e+00	4.72522e-01	-2.22290e+00
1.08728e+00	-2.24500e+00	1.06838e+00	-9.98767e-01
1.52890e+00	-2.92845e-01	1.26854e+00	-6.44868e-01
5.06310e-01	-2.28438e+00	1.19378e+00	-2.12379e-01
1.83434e+00	-2.22434e+00	1.91175e+00	3.45792e-01
2.14842e-01	-2.29074e+00	3.47496e-01	1.44296e-01
1.98698e+00	5.07183e-01	1.96725e+00	1.07478e+00
1.10981e+00	-2.14040e+00	5.71327e-01	-7.47847e-01
1.36853e+00	-2.37454e+00	1.98911e+00	-1.95660e+00
1.88716e-01	-2.43702e+00	4.29802e-01	1.69865e-01
1.85114e+00	-1.97143e+00	1.52900e+00	-3.11107e-01
2.15455e+00	-1.65635e+00	1.98191e+00	-2.34706e+00
1.07247e+00	-2.30127e+00	1.35842e+00	1.07544e+00
1.22986e+00	-1.11511e+00	2.43963e-01	-2.29227e+00
3.39255e-01	-1.45034e+00	3.51975e-01	-4.59852e-01
5.21956e-01	2.11167e-01	8.54457e-02	-2.38777e+00
1.95693e+00	-2.08384e+00	1.74806e+00	-1.57454e+00
9.73132e-01	-2.38602e+00	1.05285e+00	-2.15265e+00
2.07085e+00	-1.44075e+00	1.97981e-01	-2.34696e+00
2.74234e-01	-2.38015e+00	1.78556e+00	-1.57109e+00
1.34107e+00	-2.23815e+00	1.06726e+00	-1.00037e+00
2.23394e+00	-8.32684e-01	1.20082e+00	4.77097e-01
1.10319e+00	-2.39030e+00	9.70249e-01	-9.76915e-01
1.95343e+00	-1.09923e-01	2.04268e+00	-2.41065e+00
1.68202e+00	-1.14742e+00	9.79575e-01	-2.19921e+00
2.18418e+00	-5.59715e-01	2.78332e-01	1.29317e+00
1.73411e+00	-2.45951e+00	1.85000e+00	3.36521e-01
1.45842e+00	9.71408e-01	1.79512e-01	-5.86657e-01
2.58069e-01	-2.43687e+00	5.83189e-02	-7.00247e-01
1.14057e-02	-2.25575e+00	1.44638e+00	-1.56608e+00
1.19944e+00	-7.22379e-01	1.01593e+00	-2.11311e+00
1.88879e+00	1.84224e+00	1.72825e+00	-3.94676e-01
2.47137e-01	-2.26977e+00	2.80044e-01	-2.49832e+00
2.00674e+00	-1.00414e+00	5.47926e-01	-1.75235e+00
8.59552e-01	3.33690e-01	9.43065e-02	-2.08771e+00
4.46175e-01	-2.47794e+00	1.74924e-01	-2.45389e+00
1.58099e+00	3.01729e-01	3.02010e-02	-2.30952e+00
1.90443e-01	-2.36282e+00	4.22766e-01	-1.06721e+00
5.73933e-01	-3.22910e-01	9.22173e-01	-1.34137e+00
4.32637e-01	6.24823e-01	2.36268e+00	-8.91879e-01
7.86649e-02	-2.46228e+00	6.91580e-01	-7.19756e-01
3.83942e-02	3.33963e-01	1.42174e+00	-2.36660e+00
7.01093e-01	-1.48995e-01	2.15238e+00	-1.26409e+00
3.85313e-01	-1.02050e-01	2.22496e+00	9.71306e-01
1.98431e-01	-1.27806e+00	1.85797e+00	2.06978e-01
1.64409e+00	-9.60752e-01	3.49887e-01	-2.30359e+00
1.96234e-01	2.09816e-01	2.07471e-01	-2.16179e+00
9.76651e-01	-3.68970e-02	6.53516e-01	-6.30743e-01
1.53138e+00	-8.57694e-01	4.05331e-02	-2.23871e+00
1.29077e+00	-2.49652e+00	1.86229e+00	7.78859e-02
1.07955e+00	-2.42216e+00	5.77927e-01	-1.95679e+00
8.75236e-01	-2.21825e+00	2.36498e+00	9.68830e-01
2.17093e-01	-2.36505e-01	1.53365e+00	-7.10796e-02
1.83788e+00	-1.97304e+00	3.88476e-01	-2.16841e+00
4.33046e-01	5.38032e-01	1.96021e+00	-1.35543e+00
1.53627e+00	-2.42323e+00	1.92258e+00	6.33690e-02
4.23012e-01	2.80625e-01	1.01434e+00	-7.92423e-01
1.89381e-01	1.36156e+00	2.13490e+00	5.20089e-01
4.73245e-01	-7.90376e-01	2.22035e+00	-3.16382e-01
1.31853e+00	5.90801e-01	2.05782e+00	-8.93531e-01
2.18718e+00	7.68641e-01	4.35524e-01	-2.28104e+00
7.57072e-01	8.75847e-01	3.58679e-01	-2.18153e+00
1.00194e+00	-2.40778e+00	1.94222e+00	1.17546e+00
1.81695e+00	7.43221e-01	7.93180e-01	1.04611e+00
3.16585e-01	-2.34916e+00	1.13532e+00	-3.79429e-01
2.17746e+00	-6.17840e-01	2.03484e+00	-1.96160e+00
1.67626e+00	-2.29728e+00	1.91191e+00	-1.55687e+00
1.02312e+00	-2.23252e+00	4.54963e-01	1.90565e-01
7.26221e-01	5.40346e-01	1.92024e+00	-7.11030e-02
1.79033e+00	-1.91275e+00	1.84365e+00	2.39378e+00
1.31043e+00	-2.34794e-01	1.48432e+00	-2.12956e+00
2.36537e+00	-2.31329e+00	2.89421e-02	2.18745e+00
7.26450e-01	-2.49354e+00	9.05030e-01	1.25248e+00
1.95737e+00	-9.38934e-01	1.08326e+00	-1.69695e+00
1.53338e-01	-2.37128e+00	1.75547e+00	-2.45925e+00
2.24545e+00	1.03649e-01	5.98656e-01	-1.07626e+00
2.48970e-01	1.04703e+00	2.29056e+00	-1.46775e+00
2.07829e+00	7.08549e-01	1.78189e-01	-2.19904e+00
