# No. of particles = 100 
# Proton - Solar wind	Electron - Solar wind	
6.80195e-02	-6.91387e-01	4.39145e-01	6.39642e-01
8.46649e-01	4.03772e-01	6.98663e-01	-2.49494e-01
1.03510e-01	-9.25768e-01	8.10535e-01	-2.76221e-01
1.17855e-01	-6.58858e-01	2.19738e-01	-3.71839e-01
3.44249e-01	2.93804e-01	2.21685e-01	6.02716e-01
4.89290e-01	-1.29855e-01	3.78851e-01	-9.87240e-01
8.98621e-01	-1.91011e-01	1.19361e+00	4.65024e-01
1.44247e+00	7.78002e-01	1.06843e+00	-7.06327e-02
6.57658e-02	-9.81561e-01	1.36914e-01	-6.83774e-01
8.92085e-02	-8.33363e-01	1.48223e+00	4.25223e-01
9.52991e-01	3.18562e-01	2.74940e-03	-9.04039e-01
8.45247e-02	-9.00017e-01	6.60785e-01	-2.98364e-01
5.66788e-01	-6.55878e-01	1.80649e-01	-8.44587e-01
6.86822e-01	2.72011e-02	1.72997e+00	3.49902e-01
2.47638e-01	-2.59267e-01	3.73883e-02	-9.84018e-01
1.30833e+00	9.94822e-01	2.00787e-01	-8.62011e-02
1.89182e+00	3.05596e-01	6.78192e-01	-1.65361e-01
2.62007e-02	1.96907e-02	9.79469e-01	2.90898e-01
7.79119e-01	1.88327e-01	4.85168e-01	-4.63566e-01
2.53521e-01	-5.00310e-01	1.14816e+00	-4.17718e-01
9.75500e-01	9.75456e-01	1.27211e+00	2.20817e-01
2.06943e-01	-7.97819e-01	4.06727e-01	7.36040e-01
1.48247e+00	-7.51874e-02	1.81150e+00	9.38965e-01
1.54039e-01	-2.14822e-01	6.75831e-01	5.04616e-01
9.94427e-01	-7.99543e-01	1.65698e+00	-5.57802e-01
1.89895e-01	-4.67146e-01	2.71032e-01	-3.84317e-01
2.78329e-02	-8.44761e-01	4.61846e-01	-3.72024e-01
1.43814e+00	2.99403e-01	1.92596e+00	7.00787e-01
8.03066e-01	-7.34575e-01	1.51106e+00	-1.89319e-01
1.18504e+00	-5.13339e-01	7.01752e-01	-9.75017e-01
7.63262e-01	3.22443e-01	1.01977e+00	-4.84988e-01
8.54122e-01	-7.02188e-01	3.80598e-01	-5.73665e-01
4.20358e-01	6.34302e-02	1.00107e+00	-9.96460e-01
2.08703e-01	-5.45612e-01	3.49736e-01	-7.59651e-01
1.71154e+00	4.60368e-01	1.31685e+00	3.34190e-02
9.28097e-01	-3.42014e-01	6.76505e-01	5.75825e-02
4.47582e-01	-8.77567e-01	1.54438e+00	7.99096e-01
2.26647e-01	5.02320e-01	2.29359e-02	-9.05944e-01
2.93679e-01	4.37272e-01	9.62456e-01	-2.23156e-01
4.53152e-01	-3.86601e-01	1.68681e+00	-6.19832e-01
1.20505e+00	-5.85314e-01	8.66835e-01	-4.50122e-01
8.28019e-01	-7.76359e-01	5.83542e-03	-9.79768e-01
7.47665e-01	8.00927e-01	1.15495e+00	7.41877e-01
5.01754e-01	6.29519e-01	8.18407e-01	1.98663e-01
1.87238e-01	-3.39622e-01	1.80993e+00	6.13974e-02
5.11137e-01	-6.72535e-01	1.24481e+00	4.01938e-02
8.25054e-01	-3.99567e-01	1.48632e-01	-8.74440e-01
1.25764e+00	-4.28762e-01	1.89674e-01	-8.91701e-01
1.30583e+00	7.04405e-01	1.23499e-01	-9.33666e-01
1.42022e+00	-1.70481e-01	4.57317e-01	-2.91845e-01
4.33293e-01	2.66647e-01	7.75751e-01	-2.83123e-01
6.09243e-01	-5.85058e-01	3.98859e-01	-3.99274e-01
8.07358e-01	5.00972e-01	6.58060e-01	-5.10342e-01
6.92696e-01	4.11366e-02	3.83466e-01	8.70439e-01
7.84523e-01	-7.35224e-02	2.98907e-01	-8.45503e-01
1.43774e+00	-4.55482e-01	9.44614e-01	-7.29523e-01
1.04724e+00	-3.25441e-01	4.50161e-04	6.87422e-02
1.32965e+00	-1.51869e-01	7.08043e-02	-7.12167e-01
1.04804e-01	8.45322e-02	4.05283e-01	-8.07706e-01
8.88607e-02	-9.65444e-01	1.98570e+00	6.42566e-01
6.27098e-02	-8.38679e-01	2.25074e-01	-2.06014e-01
6.29976e-01	8.63766e-01	6.92870e-01	-2.03158e-01
9.78493e-01	-3.06885e-01	1.37822e+00	3.92166e-01
6.85560e-01	-3.52153e-01	1.46924e+00	-5.34941e-01
7.87758e-01	-8.10139e-01	7.04551e-01	8.88060e-01
1.60244e-01	-5.78018e-01	1.11062e+00	-7.41628e-01
1.98409e-01	3.77807e-01	1.20656e+00	-3.67546e-02
7.52356e-03	-8.33282e-01	1.41792e+00	5.22162e-01
3.67071e-01	-3.41174e-01	4.42681e-01	3.07783e-01
1.08888e+00	3.69110e-01	1.72424e+00	9.38987e-02
3.18329e-01	-1.12954e-01	6.81901e-01	-3.08056e-02
1.57948e+00	3.43636e-01	3.55965e-01	-6.04002e-01
1.11451e+00	1.98922e-01	1.44247e+00	2.08040e-02
1.16092e-02	-8.71346e-01	1.52556e-02	-9.61928e-01
3.34406e-01	-7.57738e-01	1.77387e+00	5.66756e-01
3.60896e-02	-3.50950e-01	9.95115e-01	8.06829e-01
4.20264e-02	-4.45390e-01	9.17777e-01	-4.88125e-01
1.85642e+00	-6.19102e-02	6.99147e-02	-4.64046e-01
1.37894e+00	5.96280e-01	5.28891e-02	-9.44464e-01
3.13222e-01	-2.80907e-01	1.23457e+00	3.05213e-01
1.60882e+00	-9.06064e-01	7.04767e-01	-4.47843e-01
1.98292e+00	-1.64263e-01	1.91970e+00	6.34392e-01
3.68141e-01	-6.05292e-01	1.63189e+00	-3.76804e-01
2.49502e-01	-5.76144e-01	1.82506e+00	7.10147e-01
6.13150e-03	4.62948e-01	1.94050e-01	-6.61703e-01
1.19561e-01	-4.44368e-01	2.58298e-01	-3.27903e-02
1.49730e-01	-7.44253e-01	1.07002e+00	1.69787e-01
1.24724e-01	4.69618e-01	2.13374e-01	1.09654e-01
4.29059e-02	-2.98834e-01	3.90731e-01	-5.00264e-01
8.12652e-01	-8.47296e-01	2.23219e-01	-1.30927e-01
7.41715e-02	-9.16409e-01	4.58186e-01	-6.47377e-01
6.93862e-01	4.36241e-01	5.96645e-01	-5.91053e-01
3.09159e-01	-4.40642e-01	1.45090e-01	-8.74221e-01
7.74870e-01	-5.03087e-02	4.71146e-01	6.21407e-01
1.31045e-01	6.50080e-01	1.19878e-01	8.39323e-01
1.08727e+00	5.75728e-01	1.66094e+00	4.47891e-01
9.23294e-01	4.71670e-01	8.71409e-01	-4.23320e-01
7.17391e-01	-6.58405e-01	9.62700e-01	-6.11684e-01
5.93645e-01	1.71433e-01	9.62850e-01	-1.73350e-01
1.39694e-01	-9.78511e-01	1.20437e+00	3.01039e-01
