# No. of particles = 100 
# Proton - Solar wind	Electron - Solar wind	
1.08315e+00	-4.09067e+00	5.61883e+00	1.27458e+00
1.35010e+00	4.71205e+00	6.69154e+00	-2.12007e+00
4.25659e+00	-4.98117e+00	7.41759e+00	3.87132e+00
9.58929e+00	2.32949e-01	9.36795e-01	-1.84500e+00
8.74255e+00	4.32043e+00	5.12364e-01	1.17983e+00
9.33501e+00	-3.87917e+00	9.59339e+00	-1.48077e+00
7.07235e+00	-2.25104e+00	1.47751e+00	4.86172e+00
5.62056e+00	7.11801e-02	9.84646e+00	1.47585e+00
7.58801e+00	3.98396e+00	2.90270e+00	1.78472e+00
6.19830e+00	4.62882e-01	9.98209e+00	-1.41668e+00
9.83899e+00	-6.60443e-01	3.01863e+00	5.61277e-01
8.22425e+00	-1.99406e+00	8.66521e+00	3.78500e+00
9.41240e+00	-1.39195e+00	1.20544e+00	-1.54015e+00
9.03478e+00	-1.67074e+00	5.28150e+00	-2.02395e+00
9.27338e+00	-3.70393e+00	1.00134e+00	1.32129e+00
5.56977e+00	-2.58459e-01	8.86375e+00	2.61453e+00
9.99880e+00	-4.24285e+00	7.90456e+00	-1.19150e+00
9.63085e+00	3.27580e+00	2.72197e+00	-2.42751e+00
9.37034e+00	1.23255e+00	9.65338e+00	-3.58392e+00
7.69453e+00	1.08927e+00	9.31321e+00	-1.50744e+00
7.16458e+00	-1.01375e-01	8.78464e+00	4.18941e+00
5.46534e+00	1.01800e+00	1.92695e+00	-4.16415e+00
9.92701e+00	7.87683e-01	5.67534e-01	-3.90425e+00
8.38404e+00	-3.17770e+00	3.86915e+00	-3.06886e+00
9.20288e+00	-9.60092e-01	9.84896e+00	-1.19035e+00
9.79648e+00	9.96648e-02	8.33897e+00	3.94758e+00
9.94296e+00	-1.32201e+00	9.53101e-01	3.75471e+00
9.39490e+00	1.44111e+00	6.59486e+00	-6.23189e-01
9.07865e+00	-2.36852e+00	2.32816e+00	2.46127e+00
8.88113e+00	2.18677e+00	3.02391e+00	-2.15845e+00
8.68780e+00	1.61719e+00	3.79665e+00	-2.32552e+00
9.10103e+00	-6.20078e-01	1.53063e+00	-3.81479e+00
9.62762e+00	7.77704e-01	7.37005e-02	-4.09596e+00
6.39916e+00	-2.77770e-01	9.72173e+00	-4.01286e+00
9.96478e+00	7.29605e-01	6.48216e+00	1.86264e+00
9.55146e+00	1.36928e+00	6.43230e+00	4.61431e+00
7.64619e+00	4.42528e+00	2.33395e+00	-6.17185e-01
9.14900e+00	7.02335e-02	2.72415e+00	-3.73429e+00
7.49990e+00	5.14530e-01	9.96263e+00	-2.62897e+00
9.13568e+00	-3.92707e+00	4.64831e+00	-2.13220e+00
8.21169e+00	2.67393e+00	6.56800e+00	-2.58309e+00
8.80564e+00	4.23858e+00	1.07580e+00	-1.07980e+00
9.68017e+00	-4.66526e+00	5.92089e+00	4.69437e+00
9.28573e+00	-1.47693e-02	8.07940e+00	-2.39089e+00
7.48571e+00	-1.35722e+00	6.09151e+00	1.69306e+00
7.12151e+00	9.22908e-01	9.32433e+00	-8.47707e-01
8.63359e+00	1.04973e+00	2.28892e+00	-4.46002e+00
6.13493e+00	-1.59376e+00	9.02692e+00	-2.27670e+00
8.78655e+00	2.68782e+00	5.60610e+00	-4.09388e+00
9.31940e+00	4.09758e+00	6.77806e+00	1.72209e+00
8.98814e+00	2.55573e+00	6.10412e+00	8.20615e-01
8.92862e+00	1.72142e+00	5.94212e+00	-2.30844e+00
9.80882e+00	1.15872e+00	9.08165e+00	1.06368e+00
9.80966e+00	3.40028e+00	9.84941e+00	-3.61020e+00
9.43391e+00	-4.34531e+00	6.08649e+00	4.36932e+00
9.07462e+00	1.81178e+00	8.57840e+00	2.42619e+00
9.62372e+00	3.90087e+00	5.47223e+00	-5.18004e-03
6.89625e+00	-3.58383e+00	9.79379e+00	9.07346e-01
8.79410e+00	4.67554e+00	1.73068e+00	-2.43014e+00
9.03414e+00	-4.57520e+00	4.51753e+00	-3.82838e+00
8.97729e+00	3.22584e+00	8.38609e+00	1.21719e+00
9.93266e+00	-1.47779e+00	4.89209e+00	-4.57656e+00
7.45032e+00	8.96813e-01	5.95456e+00	3.05552e+00
9.91259e+00	3.95478e+00	3.30694e+00	2.68369e+00
6.84372e+00	-1.75554e+00	7.29253e+00	2.17311e+00
9.46640e+00	-4.49838e+00	2.04707e+00	-4.60877e+00
9.46243e+00	-4.89738e+00	9.68177e+00	-4.31786e+00
5.35100e+00	-2.01026e+00	9.12635e+00	4.20808e+00
8.49227e+00	4.91631e-01	7.60371e+00	1.60820e-02
8.38327e+00	-7.03595e-01	6.05224e+00	3.75877e-01
8.34682e+00	2.10152e+00	4.40357e+00	1.91217e+00
9.89460e+00	9.75096e-01	3.12753e+00	-4.25370e-01
9.94790e+00	3.67915e-01	5.84813e+00	1.61520e-01
7.73825e+00	-2.86297e-01	7.82924e+00	2.05364e-01
9.49965e+00	-1.58646e+00	3.09508e+00	4.33432e+00
9.85119e+00	2.81944e+00	3.22709e+00	2.55301e+00
9.68131e+00	-3.02309e-01	8.67773e+00	4.73115e+00
8.37748e+00	1.72021e-01	2.36541e-01	-4.30919e+00
5.29780e+00	-7.53005e-01	8.89657e+00	-4.90551e+00
6.70975e+00	-1.27401e+00	7.06203e+00	-1.55317e+00
9.04034e+00	-2.34504e+00	9.65510e+00	1.21811e+00
8.58770e+00	4.30217e+00	9.74795e+00	1.80592e+00
9.01202e+00	7.92612e-01	6.16120e+00	-1.75459e+00
9.62860e+00	4.55297e+00	6.85587e+00	-4.06838e+00
9.17942e+00	1.81560e+00	9.95430e+00	-3.72939e+00
8.52888e+00	-2.29777e+00	8.87259e+00	2.08285e+00
9.74330e+00	3.17779e+00	8.25711e+00	-3.11563e+00
9.87285e+00	-4.23262e+00	9.15473e+00	-1.30547e+00
7.26030e+00	-1.93549e+00	9.47378e+00	2.24096e+00
9.23815e+00	-3.76724e+00	4.52166e+00	-3.45699e+00
9.10132e+00	7.72036e-01	7.32257e-01	3.99013e+00
4.50871e+00	-1.42455e+00	3.50598e+00	3.60200e+00
5.95287e+00	-4.48701e-01	7.45048e+00	3.00716e+00
9.53559e+00	-1.98285e+00	9.08339e+00	4.61479e+00
9.49411e+00	1.17659e+00	9.92615e+00	1.11851e+00
5.18819e+00	2.27045e+00	4.56604e+00	1.53900e+00
4.57586e+00	-1.68265e+00	9.52029e+00	6.91826e-01
7.47193e+00	-8.29261e-01	2.47246e+00	1.85193e+00
9.44922e+00	4.69294e+00	8.86150e+00	3.15046e+00
4.39648e+00	-2.80329e+00	4.35094e-01	4.68709e+00
