# No. of particles = 100 
# Proton - Solar wind	Electron - Solar wind	
3.95393e-01	8.17860e-01	4.47794e-01	5.41087e-01
4.11127e-01	-1.33865e-01	1.01995e+00	5.32318e-01
4.75147e-01	-6.16836e-01	8.85111e-01	-7.67419e-01
7.19999e-02	-7.98956e-01	1.31369e+00	1.29368e-01
4.99771e-01	-6.72230e-01	6.56378e-01	-6.52785e-01
1.21026e-01	-5.30345e-01	2.93650e-02	-9.72981e-01
3.49004e-01	-7.45981e-01	1.40325e-01	-7.62235e-01
4.78807e-01	-3.85759e-01	7.42847e-01	-9.45123e-01
1.75861e+00	-3.04962e-01	1.39838e+00	7.45683e-02
2.96248e-01	-1.86225e-01	1.67987e+00	6.91833e-03
1.14951e+00	6.10551e-01	2.24052e-01	-6.92075e-01
3.21563e-01	-5.90397e-01	6.77934e-02	-8.71742e-01
8.19039e-01	-4.92626e-01	3.64011e-01	-8.07335e-01
2.00501e-01	-7.95343e-01	4.67911e-02	-9.55862e-01
4.48580e-01	7.83824e-01	5.16884e-01	-2.09858e-01
4.49314e-02	-8.35209e-01	4.48150e-02	-9.27288e-02
6.99983e-02	-2.73435e-01	7.23444e-01	-7.91364e-01
7.76811e-01	-4.50585e-01	8.50530e-01	-4.27030e-01
1.17983e+00	8.12345e-01	1.27824e-02	4.74457e-01
6.22690e-01	1.93252e-01	1.33052e+00	-8.63503e-01
3.34029e-01	-5.03446e-01	4.69377e-01	-1.95534e-01
7.32805e-01	-4.09851e-03	3.13029e-01	-4.90169e-01
1.21345e-01	4.93750e-01	1.45273e+00	5.62138e-01
2.00364e-01	5.05349e-02	1.82095e+00	-7.10908e-01
2.29310e-01	-8.97927e-01	5.18196e-01	4.06646e-01
4.13495e-01	1.97544e-01	8.18254e-01	3.06779e-01
1.23115e-01	1.63644e-01	1.75565e+00	-1.73934e-01
1.70224e+00	5.26963e-01	1.42689e+00	-6.76306e-01
4.90989e-01	-7.99251e-01	1.23593e-01	-9.83734e-01
9.96929e-02	-8.74086e-01	2.00291e-01	-7.78593e-01
1.31869e+00	-6.64369e-02	1.50602e+00	-7.58876e-01
1.02965e+00	-3.23158e-01	2.27179e-01	-8.22442e-01
2.62016e-01	-5.89311e-01	1.78223e-01	-9.44009e-01
1.35519e-01	-9.50432e-01	3.27949e-01	-3.74443e-01
1.35442e+00	-9.51973e-02	1.46215e+00	-3.89361e-01
1.58699e+00	1.55237e-01	8.97354e-01	-5.19912e-01
1.33306e+00	-6.45983e-01	6.49933e-01	-1.29735e-01
4.91711e-01	8.17127e-01	1.11452e+00	-3.13968e-01
3.31801e-02	-9.18951e-01	3.57582e-01	-6.00277e-02
1.09729e+00	4.52486e-01	2.16744e-01	4.87707e-01
6.20414e-01	-5.90231e-02	5.53172e-01	-7.95157e-01
1.53653e-01	-8.29721e-01	5.86901e-01	-6.44836e-01
2.23053e-01	-6.42054e-01	4.26630e-01	-3.94137e-01
2.72731e-01	2.41216e-02	1.39769e+00	8.63276e-01
8.01082e-02	-7.86358e-01	1.78589e+00	7.66894e-01
1.71882e+00	2.04024e-01	1.14206e+00	-7.79659e-01
1.13901e+00	-1.65998e-01	1.83566e-01	2.25669e-02
2.55339e-01	-7.19427e-01	1.79976e+00	-7.63364e-01
5.17398e-01	-4.37264e-01	3.27868e-01	-2.56601e-01
8.48139e-01	3.09857e-01	1.11194e+00	1.82382e-01
9.64063e-02	-9.97424e-01	1.71763e+00	1.68721e-02
1.07372e+00	-2.73087e-01	6.93537e-02	-9.27463e-01
1.41780e+00	7.32541e-01	1.01416e-01	-7.40289e-03
1.02207e+00	5.35723e-01	7.39116e-03	-7.29992e-01
1.11022e+00	3.18800e-01	1.07307e+00	-4.04717e-02
4.03236e-01	9.34703e-02	2.93488e-01	-8.78037e-02
3.76592e-01	-4.78148e-01	1.57629e+00	3.71893e-01
5.79199e-01	-5.37507e-01	1.06266e+00	3.40935e-01
2.46299e-02	-9.68555e-01	1.38631e+00	8.54121e-01
7.52675e-01	-1.97207e-01	1.85007e+00	8.88335e-01
1.22857e-01	-8.74169e-01	1.52846e+00	-4.85483e-01
8.00905e-01	-1.16275e-01	8.01821e-02	-8.44470e-01
1.76575e+00	2.51856e-01	1.16517e+00	-7.33972e-01
1.71091e+00	6.14210e-01	9.15397e-02	-9.13109e-01
1.42498e+00	-6.49045e-01	1.80386e+00	-5.86072e-03
8.59141e-02	-9.41323e-01	5.03175e-01	7.02379e-01
9.97297e-01	-3.85270e-01	7.98445e-01	4.12003e-01
4.44022e-01	9.18628e-01	1.08018e-01	-9.63956e-01
5.60853e-01	-5.76803e-04	1.26539e-01	-4.58016e-01
8.51727e-02	-9.40424e-01	1.47302e+00	-7.53670e-01
5.02886e-01	4.34588e-01	1.93286e+00	-1.14896e-01
3.39739e-01	4.72086e-01	7.18546e-01	4.13149e-01
1.71432e+00	8.38011e-01	1.22841e+00	-9.33338e-01
4.68460e-01	7.93669e-01	4.51400e-01	-7.84481e-02
4.13752e-01	-6.75839e-01	1.38061e+00	-9.34090e-01
7.32171e-01	-4.87630e-01	1.13562e+00	6.06859e-01
5.05080e-01	-3.27982e-01	1.88121e+00	7.98144e-01
1.10787e+00	-2.52780e-01	1.12932e+00	-3.66612e-01
1.67610e+00	7.09148e-01	1.67645e+00	8.12496e-01
5.58068e-01	-3.33520e-01	1.71381e+00	-1.94667e-01
1.51264e+00	-4.57333e-02	1.19342e+00	6.54880e-01
1.73165e+00	5.79275e-02	1.06980e+00	1.34464e-01
6.28266e-01	-3.20470e-01	1.61583e+00	7.39592e-01
9.46082e-01	5.89621e-01	5.70437e-01	-1.07580e-02
3.00920e-01	-4.13878e-01	2.11348e-01	7.11205e-01
1.66420e-01	-2.58246e-01	1.92245e+00	-9.53901e-01
2.21480e-01	-6.40688e-01	6.03072e-01	6.64810e-02
2.61270e-01	-9.62175e-01	4.96348e-01	9.12451e-01
8.72280e-01	-6.24941e-02	1.31273e+00	-2.77230e-01
1.62232e+00	-6.82232e-01	3.29521e-01	9.74449e-01
8.92119e-02	-8.33465e-01	1.11940e-01	7.72467e-02
8.51250e-01	7.38590e-01	9.20505e-01	5.66045e-01
4.10119e-01	-2.26373e-01	1.45163e+00	9.95072e-01
1.22961e+00	5.05393e-01	1.61710e+00	-9.17530e-02
1.53223e-01	-5.00687e-01	1.59829e+00	-2.94913e-01
1.30525e+00	9.03492e-01	1.02350e+00	-4.06439e-01
5.81845e-01	-5.85783e-01	1.00353e-01	-5.61187e-02
1.76085e+00	-1.42139e-01	1.34129e+00	4.64855e-01
9.92070e-01	3.45902e-01	2.09926e-01	-6.86013e-01
1.25534e-01	-9.61561e-01	4.30197e-01	7.50620e-02
