# No. of particles = 100 
# Proton - Solar wind	Electron - Solar wind	
8.38833e+00	-2.68457e+00	8.19251e+00	-4.93469e-01
7.21404e+00	-4.41607e+00	8.89141e+00	7.19152e-02
7.45313e+00	-4.13092e+00	8.06020e+00	-3.53395e-01
4.05957e+00	5.50819e-01	1.28471e+00	-3.23910e+00
7.57289e+00	-1.89939e+00	9.27436e+00	3.07181e+00
7.82059e+00	-2.44566e+00	1.27830e+00	-3.89748e+00
5.90687e+00	-1.95199e+00	5.60348e-02	-4.60851e-02
7.79540e+00	-2.61973e+00	7.30558e+00	2.31557e+00
9.84475e+00	3.89803e-01	2.92196e+00	-1.94710e+00
6.56881e+00	-3.04568e+00	8.53813e+00	2.07406e-01
8.43281e+00	-4.55001e-01	1.85179e+00	-2.93092e+00
8.77870e+00	-4.54838e+00	7.78498e+00	-3.42759e+00
9.11209e+00	8.97467e-01	6.74399e+00	6.10193e-01
7.28842e+00	-1.14088e+00	7.16666e+00	1.77277e+00
9.97173e+00	-4.07838e-01	8.76103e+00	-3.03870e+00
5.19836e+00	3.39882e+00	8.69502e+00	4.61480e-01
8.76666e+00	-2.67169e+00	1.33417e+00	-1.88889e+00
6.73457e+00	-4.23180e-01	9.26333e+00	-3.04427e+00
5.90635e+00	1.16337e-01	7.96303e+00	-1.58149e+00
7.53356e+00	5.35568e-01	5.62408e+00	-5.50176e-01
8.56476e+00	2.40439e+00	9.53557e+00	-3.94099e+00
9.64813e+00	9.27089e-01	8.02514e+00	-3.68332e+00
5.95607e+00	-5.00878e-01	5.11000e+00	1.06576e+00
8.65943e+00	-7.11571e-02	1.95454e+00	-1.25233e+00
7.20113e+00	1.12121e+00	9.07409e+00	-1.57968e+00
8.37616e+00	6.69004e-01	7.28029e+00	-2.51289e+00
9.20566e+00	4.55407e-01	9.09805e+00	3.88283e+00
9.42804e+00	1.10241e+00	4.11365e+00	-1.77176e+00
8.16361e+00	1.48927e+00	9.69851e-01	-3.23052e+00
6.98398e+00	2.67420e+00	1.63218e+00	-4.27638e+00
7.00540e+00	1.32727e+00	6.49275e+00	1.88752e+00
9.62841e+00	2.69955e+00	6.49405e+00	-1.04708e+00
9.88743e+00	2.97488e+00	7.07449e+00	-1.38590e+00
7.33298e+00	3.28560e+00	9.05643e+00	-6.35750e-01
8.22143e+00	2.95684e+00	8.48241e+00	4.46421e+00
6.68491e+00	2.51005e+00	7.37862e+00	-3.86786e+00
6.18268e+00	3.64064e+00	8.00395e+00	-2.86265e+00
7.13548e+00	1.77519e+00	4.35841e+00	-4.18036e+00
8.13436e+00	4.18145e+00	6.63716e+00	-3.53386e-01
7.21094e+00	4.85561e+00	1.02201e-01	3.49108e+00
7.04660e+00	4.52687e+00	7.82028e+00	4.17946e+00
8.69712e+00	4.93516e+00	9.19476e+00	2.85507e-01
9.90927e+00	-4.44704e-01	9.10972e+00	2.13942e+00
9.24477e+00	4.04557e+00	1.41013e+00	-3.49791e+00
7.26550e+00	-4.72436e+00	8.17041e+00	2.64904e+00
7.21456e+00	-4.66465e+00	8.91771e+00	2.23242e+00
6.47709e+00	-1.84135e+00	7.92570e+00	-4.31929e+00
6.59519e+00	-1.34066e+00	6.47318e+00	9.16023e-01
8.68115e+00	-3.10127e+00	9.45282e+00	-4.75838e+00
7.60565e+00	-3.23087e+00	8.17977e+00	-1.04285e+00
4.62969e+00	-2.16923e+00	7.95776e+00	-2.36618e+00
8.20273e+00	-4.70227e+00	7.13399e+00	4.06253e+00
5.44390e+00	7.57948e-01	9.85413e+00	3.64142e-01
8.25923e+00	-2.81661e+00	9.67632e-01	2.38553e-01
7.21397e+00	-1.37840e-01	7.32988e+00	2.19154e+00
9.72665e+00	-7.77792e-01	7.37308e+00	-8.54568e-01
4.48221e+00	2.36378e-01	8.78451e+00	1.53379e+00
7.01763e+00	-6.03416e-01	8.77629e-01	4.40636e+00
7.63847e+00	-3.07195e+00	8.71573e+00	-1.02931e+00
6.66305e+00	-3.81426e-01	5.04325e+00	-3.00674e+00
8.15620e+00	-6.36612e-01	6.59227e+00	-3.93923e+00
7.49518e+00	5.94464e-01	7.88590e+00	1.28678e+00
7.26678e+00	5.78483e-01	8.39617e+00	3.84140e+00
7.87246e+00	2.74795e+00	6.62047e+00	-2.13760e+00
8.09847e+00	1.53146e+00	6.88032e+00	-1.88456e+00
7.46552e+00	1.23034e+00	7.18762e+00	-2.71499e+00
7.53507e+00	8.39827e-01	8.48015e+00	2.77082e+00
5.68339e+00	3.22166e+00	4.69544e+00	3.09267e+00
9.58699e+00	5.50914e-02	4.53268e+00	-1.78395e+00
4.67353e+00	1.07618e+00	7.12489e-01	-2.04398e+00
7.44251e+00	2.39884e+00	6.04526e+00	4.59442e+00
7.86569e+00	1.94857e+00	7.29782e+00	1.06175e+00
9.39562e+00	4.65397e-01	4.92858e+00	8.13823e-01
7.93420e+00	3.40020e+00	8.32770e+00	1.53152e+00
6.55875e+00	2.57838e+00	7.57856e+00	5.99712e-01
6.65346e+00	3.50856e+00	9.90173e+00	4.67575e+00
7.72042e+00	2.54109e+00	4.68908e+00	2.96377e+00
5.53493e+00	2.12588e+00	9.80685e+00	-1.93786e+00
7.41406e+00	3.21229e+00	7.05547e+00	1.51442e+00
7.56647e+00	3.37542e+00	7.60975e+00	-4.63609e+00
7.53642e+00	3.06833e+00	6.87334e+00	-4.60497e+00
7.75807e+00	3.82818e+00	6.87296e+00	3.04438e+00
7.12405e+00	3.35949e+00	8.35249e+00	7.57385e-01
7.35225e+00	3.93043e+00	2.52557e+00	-2.21259e+00
7.31313e+00	4.99726e+00	7.00449e+00	-4.53725e+00
8.04351e+00	2.77488e+00	7.64310e+00	-2.22998e+00
7.50557e+00	4.70196e+00	9.17004e+00	6.82387e-01
6.56095e+00	1.76857e+00	5.58115e+00	-6.86386e-01
7.84860e+00	4.17230e+00	4.63456e+00	-1.81991e+00
9.47546e+00	3.20722e+00	8.88929e+00	-4.39784e+00
8.12490e+00	-2.80074e+00	4.05229e+00	2.10033e+00
7.17286e+00	-4.48064e+00	7.71592e+00	-3.15945e+00
7.25310e+00	-3.82088e+00	4.01542e+00	1.09637e+00
8.37827e+00	-3.41894e+00	7.42437e+00	-4.90905e+00
4.25681e+00	4.93632e-01	1.52850e+00	-2.00616e+00
5.61194e+00	9.92832e-01	6.28928e+00	-3.71493e+00
8.78371e+00	-3.25685e+00	6.75086e+00	2.28042e+00
5.00097e+00	-3.14570e+00	6.43049e+00	4.65291e+00
8.12949e+00	-5.55300e-02	6.37911e-01	3.50483e+00
6.23082e+00	-2.60242e+00	6.27050e+00	-7.81001e-01
