# No. of particles = 100 
# Proton - Solar wind	Electron - Solar wind	
2.79862e-01	-6.63847e-05	5.02552e-01	-3.79463e-01
4.12226e-01	-2.07530e-01	2.07678e-01	-9.80785e-01
1.05526e+00	-1.41606e-01	1.56827e+00	-4.02452e-01
7.84944e-01	5.78362e-01	1.79298e-01	3.54477e-01
7.19369e-02	-9.36153e-01	1.06609e+00	-4.48676e-01
1.62151e-01	-8.02025e-01	1.26032e+00	-4.38703e-02
3.52659e-01	-5.39446e-01	8.30507e-03	-6.76612e-01
8.27462e-01	3.73738e-01	1.60086e+00	-4.88515e-01
4.81963e-02	8.31099e-01	1.93946e-02	-9.69099e-01
6.20154e-01	8.09835e-01	1.98951e-01	-7.53576e-01
3.34622e-03	-9.47396e-01	1.35858e+00	-7.79921e-01
6.95203e-01	-1.16864e-01	5.07831e-01	-4.04450e-01
1.20582e+00	-2.39905e-01	4.31152e-01	-2.72621e-01
2.01154e-01	-6.29535e-01	1.14000e+00	-3.26798e-01
5.15852e-01	-9.10933e-01	1.59840e-01	-5.83711e-01
6.73410e-01	6.44920e-01	1.55950e+00	-5.22076e-01
4.88950e-01	-8.28025e-01	1.03652e-01	-2.60438e-01
6.08559e-02	-7.69509e-01	1.07592e+00	2.53988e-01
3.09828e-01	-5.49680e-01	2.54873e-02	-9.66476e-01
4.45847e-01	5.47188e-04	1.04629e-01	-5.02492e-01
7.70029e-01	2.68979e-01	9.68872e-01	4.77618e-01
2.38016e-01	-2.49189e-01	1.83219e-01	8.86122e-01
7.40540e-01	-5.39598e-01	1.12591e+00	9.17671e-01
2.84040e-01	4.62318e-01	1.48582e+00	-1.03679e-02
1.55932e+00	-3.02269e-01	2.17856e-02	-9.17565e-01
1.35355e-01	-2.26965e-01	1.74308e+00	-9.05251e-01
3.97573e-01	5.56973e-01	9.62794e-01	-7.49205e-01
1.63158e-01	-5.73006e-01	7.46490e-01	-2.32519e-01
6.83606e-01	-5.43909e-01	1.84296e+00	-7.23222e-01
1.00022e+00	6.26840e-02	1.30659e+00	-3.69076e-01
8.30460e-01	1.33334e-01	1.41138e-01	-9.52997e-01
3.93966e-01	-9.61664e-01	1.57014e+00	4.69365e-01
7.32350e-02	-7.28837e-01	1.43996e+00	-4.03520e-01
9.32745e-01	-7.24572e-01	1.44680e+00	-9.52707e-01
8.59475e-02	5.08576e-01	1.74383e+00	-6.57159e-01
2.41566e-01	-9.41066e-01	1.50784e+00	-4.48514e-01
1.58364e+00	-4.14301e-01	6.33733e-01	-4.49472e-01
4.09191e-01	-9.05456e-01	9.28579e-01	1.07068e-01
3.20243e-01	2.11862e-01	1.27125e+00	2.58136e-01
1.85835e-01	6.47489e-01	1.68109e+00	9.68440e-02
5.70343e-01	5.64486e-01	1.56202e+00	-7.55271e-01
1.55839e+00	6.24043e-01	1.84561e+00	-5.49395e-01
1.06861e+00	8.48090e-01	1.36207e+00	-9.25397e-01
2.44895e-01	-7.95270e-01	1.18832e-01	-7.90587e-01
3.55336e-01	1.25957e-01	1.85911e+00	6.61334e-01
4.28582e-01	-7.56053e-01	9.85679e-01	5.36907e-02
1.63018e+00	1.91387e-01	5.24158e-02	-6.99356e-01
5.83112e-01	-1.58423e-02	1.44689e+00	7.49732e-02
1.60486e-02	-9.22481e-01	1.20463e+00	4.23179e-01
4.76705e-02	6.94001e-01	1.73360e+00	-5.08896e-01
4.40424e-01	-7.85519e-01	5.44147e-01	1.95354e-01
1.79362e+00	2.04351e-01	4.98145e-01	8.71218e-01
7.37455e-01	3.19439e-01	7.57730e-01	-6.22675e-01
7.42045e-01	5.33696e-01	1.13958e+00	5.16139e-01
1.60814e+00	9.29719e-01	8.17634e-01	-5.99682e-01
1.90244e+00	-4.59018e-01	1.55539e+00	1.05877e-01
6.99378e-02	-7.73505e-01	1.75792e-01	-8.30113e-01
1.40962e+00	-5.35956e-01	3.65226e-01	1.13310e-02
6.53073e-01	4.09275e-01	2.55583e-01	2.25018e-01
1.76656e+00	9.91451e-01	7.10701e-01	-4.39634e-01
7.04992e-01	6.27188e-01	9.02947e-01	4.34205e-01
9.74139e-02	7.86119e-01	1.89414e+00	9.99261e-02
2.67495e-01	-5.79849e-01	2.93887e-01	-2.63746e-02
7.03636e-01	3.97015e-03	1.03465e+00	-8.99748e-01
3.92455e-01	1.01428e-01	8.82165e-01	-6.98804e-01
4.35236e-01	-7.41532e-01	1.93888e+00	-4.08398e-01
1.02129e+00	5.60374e-01	1.89428e+00	3.41064e-01
2.56709e-01	2.01002e-01	1.98910e+00	-4.43250e-02
8.64128e-01	5.27406e-01	1.14784e+00	1.28067e-01
8.23677e-01	2.36197e-01	1.85352e+00	-1.21199e-01
9.26927e-01	-6.17039e-01	6.27606e-01	4.32722e-01
1.62707e+00	3.82094e-01	1.66179e+00	3.31248e-01
9.55571e-02	-8.42850e-01	1.65517e+00	6.29884e-01
1.99567e-01	-6.20305e-01	9.17077e-01	-7.64446e-01
5.41321e-01	-5.42560e-01	1.58036e+00	6.66991e-01
8.79169e-01	-8.27941e-01	1.46124e-01	2.39145e-02
1.29455e+00	6.96654e-01	1.06447e+00	-3.93138e-01
1.06794e-03	-9.79534e-01	2.75630e-01	2.73834e-01
1.58946e-01	-7.72084e-01	2.34857e-01	-5.35588e-01
7.51305e-01	-1.28946e-01	1.35918e+00	-1.15550e-01
3.02355e-01	4.21491e-02	3.70614e-01	-9.28447e-03
1.33399e+00	3.96579e-01	1.17264e+00	6.94319e-01
1.02418e+00	1.15046e-01	2.24516e-01	-9.24229e-01
8.34055e-02	-1.91198e-01	4.96264e-01	7.73046e-01
1.82161e-01	-5.62906e-01	3.37497e-01	-1.24748e-01
2.47439e-01	2.87190e-02	4.24205e-01	-5.42751e-01
3.41899e-01	-4.78142e-01	2.11291e-01	5.35173e-01
9.77393e-01	-2.71365e-01	5.88141e-02	-9.69907e-01
2.27788e-01	-2.56558e-01	8.70025e-01	1.05031e-02
7.52645e-01	7.91796e-01	1.15890e+00	-7.18662e-01
1.22528e-01	-7.00875e-01	5.59311e-02	-1.28571e-03
5.49023e-01	2.52840e-01	1.83809e+00	-7.18389e-01
5.70298e-01	1.05962e-01	2.42187e-01	7.23555e-01
2.08139e-01	-7.82151e-01	1.23336e+00	3.07833e-01
5.62529e-01	-3.75374e-01	1.07397e+00	8.36800e-01
8.00636e-01	-2.58677e-01	1.21521e+00	8.73152e-01
1.87281e+00	3.24106e-01	5.29167e-01	-9.76825e-01
2.00303e-01	-5.76515e-01	1.74224e+00	-4.85689e-01
1.60598e+00	6.17867e-01	2.25537e-01	4.16179e-01
2.20726e-01	-9.44364e-01	7.60106e-01	6.50111e-01
