# No. of particles = 100 
# Proton - Solar wind	Electron - Solar wind	
1.08287e+00	1.17318e+00	2.42840e+00	4.58628e+00
6.10262e-01	3.08724e+00	6.17685e+00	9.35523e-03
4.32029e-01	3.76743e+00	5.23903e+00	-4.30754e+00
1.71712e-01	1.16075e+00	4.82230e+00	-4.39123e+00
1.70842e-01	-4.02536e+00	7.64355e+00	4.50057e+00
1.05318e-01	-8.71112e-01	6.18507e+00	3.78473e+00
1.27538e-01	-6.72905e-01	1.46173e-01	-3.88168e+00
7.41431e-02	-4.93475e+00	3.68080e+00	-1.55548e+00
2.34795e-02	-3.78313e+00	1.51526e+00	-2.40883e-01
6.81890e+00	-2.98458e+00	6.96943e+00	1.56049e+00
9.14030e+00	-6.91232e-01	1.80917e+00	6.35396e-01
9.52509e+00	-1.09017e-01	8.48918e+00	-4.21709e+00
9.70468e+00	-1.45129e+00	4.70563e+00	1.28435e+00
9.12448e+00	2.14796e+00	5.23462e+00	-2.99700e+00
8.01403e+00	-3.17718e+00	5.43169e+00	-2.03998e+00
9.43589e+00	3.97723e+00	7.00590e+00	3.39166e-01
9.72186e+00	-3.57101e+00	7.99266e+00	4.86129e+00
8.01768e+00	1.46250e+00	1.21693e+00	3.56183e+00
5.46675e+00	-2.12192e+00	6.10647e+00	2.33866e+00
9.26409e+00	3.07017e+00	8.85408e+00	2.45432e+00
7.72984e+00	-1.08205e+00	5.33280e+00	-1.16021e+00
7.86715e+00	3.47000e+00	2.01602e+00	6.17739e-01
8.81752e+00	1.56838e+00	7.72213e+00	-3.59004e+00
8.52665e+00	4.42409e+00	8.57092e+00	-1.39735e+00
9.83141e+00	2.12407e+00	9.54843e+00	-4.80556e+00
9.26099e+00	4.41676e-01	6.99504e+00	4.51128e+00
8.60663e+00	8.41137e-01	8.73193e+00	5.81226e-01
5.64643e+00	-4.01882e+00	9.69838e+00	2.15080e-01
8.86744e+00	-3.38508e+00	9.20638e+00	-2.58415e+00
6.57274e+00	-3.21291e+00	1.62460e+00	-4.02041e+00
6.54944e+00	-5.83933e-01	8.04334e+00	2.69185e+00
8.56205e+00	-2.11003e+00	4.54377e+00	1.90209e+00
9.55856e+00	3.30853e+00	5.52309e+00	-1.69077e+00
9.94119e+00	-1.30830e+00	5.95230e+00	3.10507e+00
9.39243e+00	3.93945e-01	9.12350e+00	-4.60850e+00
7.29580e+00	-3.13129e+00	4.16307e+00	4.81213e+00
9.15450e+00	-2.61351e-01	5.17701e+00	-3.99839e+00
9.16338e+00	2.11955e+00	9.90678e+00	1.24289e-01
8.75054e+00	2.10702e+00	3.19877e+00	3.06708e+00
8.11546e+00	-1.51940e+00	9.98304e+00	2.52461e+00
6.02363e+00	1.39596e-01	8.21584e+00	-4.08255e+00
8.68603e+00	2.22133e+00	8.18050e+00	-2.37798e+00
8.55677e+00	1.90318e+00	8.74844e+00	-4.85745e+00
7.77483e+00	1.14833e+00	5.56507e+00	4.68705e+00
6.30562e+00	-1.88047e+00	7.04609e+00	9.02587e-02
8.06573e+00	1.89284e+00	7.26231e+00	2.65041e+00
9.37292e+00	-2.98394e+00	9.41427e+00	1.07890e+00
9.78046e+00	3.29679e+00	1.06248e+00	-6.88501e-01
8.68933e+00	3.53397e-01	2.56394e+00	-1.10790e-01
7.12646e+00	-3.37455e-01	6.60469e+00	2.86205e+00
9.65717e+00	2.74784e+00	7.02882e+00	-1.11402e+00
9.81350e+00	-4.51889e+00	7.58434e+00	8.62760e-01
7.47055e+00	-3.96895e+00	6.05935e+00	-3.96948e+00
9.84824e+00	3.93454e+00	7.29807e+00	8.11209e-01
9.77820e+00	2.74548e-01	8.26399e+00	1.18642e+00
8.30930e+00	2.00930e+00	8.57153e-01	-2.62203e+00
7.45880e+00	-7.08032e-01	6.24972e+00	-4.19000e+00
9.78518e+00	-2.08836e+00	5.33582e+00	-2.86544e+00
6.86036e+00	-4.53069e+00	1.76918e+00	-4.86118e+00
8.55435e+00	5.23073e-01	5.41079e+00	-3.82133e+00
6.20344e+00	-5.93878e-01	8.35454e+00	-3.80794e+00
6.51869e+00	-1.90189e+00	2.76423e+00	4.21959e-01
8.45835e+00	-6.41970e-01	3.03698e+00	4.43938e+00
7.13073e+00	-3.49273e+00	7.03604e+00	-9.95960e-01
9.77087e+00	4.87000e+00	8.41088e+00	3.70271e+00
8.84662e+00	-2.70441e-01	7.93100e+00	-3.93392e+00
5.43036e+00	1.07665e+00	1.26962e-02	8.19231e-01
7.20782e+00	1.91321e+00	5.01526e+00	1.79355e+00
8.19104e+00	1.23371e+00	5.16811e+00	-1.39714e+00
7.11068e+00	2.99616e+00	5.89459e+00	1.71092e+00
9.55252e+00	-3.84130e+00	8.23167e+00	-1.39872e+00
8.95416e+00	-5.52261e-01	2.25918e+00	-4.81457e+00
6.87038e+00	-4.00553e+00	7.22023e+00	-1.80502e+00
9.58037e+00	1.83307e+00	4.96651e+00	-6.37732e-01
8.80778e+00	-2.87097e+00	9.83515e+00	3.89845e+00
9.20732e+00	-2.13408e+00	5.65561e+00	-3.75167e+00
8.93595e+00	3.74316e+00	8.35866e+00	-3.55630e+00
8.64396e+00	-5.26833e-01	8.54932e+00	3.70978e+00
6.22602e+00	-1.60890e+00	9.76628e+00	3.85673e+00
7.85978e+00	-8.93226e-01	3.51414e+00	-2.70731e+00
9.67992e+00	-1.08914e+00	6.41705e+00	-4.90041e+00
8.88981e+00	-2.94152e+00	2.60700e+00	2.89436e+00
9.09295e+00	-5.10096e-01	5.17484e+00	3.55464e+00
8.21130e+00	4.29350e+00	2.81082e+00	3.15832e+00
6.86593e+00	4.04172e-01	5.74562e+00	-4.45131e+00
8.40204e+00	-2.90507e+00	7.23885e+00	3.30916e+00
5.53645e+00	-2.14664e+00	3.42654e+00	4.87926e+00
8.97085e+00	1.57864e+00	2.71832e+00	3.47270e+00
9.99899e+00	1.87786e+00	5.34794e-01	-3.41594e+00
7.42257e+00	1.71619e+00	4.56924e+00	3.41151e+00
9.03879e+00	-3.75067e+00	1.11385e+00	-3.13863e+00
9.57218e+00	-3.73187e+00	3.68569e+00	6.94649e-01
9.37805e+00	5.34469e-01	6.30803e+00	-2.98361e+00
8.16160e+00	-1.82305e+00	1.99383e+00	3.70227e+00
9.97231e+00	2.06334e+00	8.30547e+00	3.38612e-01
6.83678e+00	-1.98615e-02	8.67331e+00	-1.31850e-01
9.00071e+00	-9.74900e-01	5.48059e+00	-4.60734e+00
8.33874e+00	2.98298e+00	8.33913e+00	2.76839e+00
9.23432e+00	2.55182e+00	9.73528e+00	-2.92158e+00
9.41782e+00	8.16212e-01	4.29859e+00	-1.07824e+00
