# No. of particles = 100 
# Proton - Solar wind	Electron - Solar wind	
8.47292e+00	1.19300e-02	1.76751e+00	4.09411e+00
1.22695e+00	-3.94439e+00	9.00135e+00	3.30188e+00
6.75904e-01	-4.58200e+00	4.53080e+00	1.12153e+00
3.48330e-01	1.85891e+00	5.99087e+00	-1.98354e+00
2.14104e-01	1.55790e+00	1.64427e+00	2.36468e+00
7.77357e+00	-1.62984e+00	1.93059e+00	-3.69955e+00
8.68430e+00	1.77564e+00	9.18794e+00	1.75401e+00
9.90015e+00	-8.88478e-01	7.49768e+00	4.27467e+00
7.30258e+00	2.67647e+00	2.08422e+00	5.13506e-01
9.05846e+00	2.79799e+00	9.42144e+00	8.75031e-01
9.54987e+00	4.08321e+00	9.75842e+00	-4.29799e+00
9.98803e+00	1.88918e+00	9.98908e+00	3.72522e+00
7.53638e+00	-2.90284e+00	5.34953e-02	-4.22929e+00
4.53739e+00	-2.95915e+00	3.45408e-02	-3.26973e+00
5.07716e+00	-2.14232e+00	8.37653e+00	-4.90288e+00
9.08020e+00	-2.43048e+00	8.46526e+00	-2.22231e+00
7.22310e+00	3.03213e+00	5.84204e+00	1.27624e-01
7.72990e+00	-4.07947e+00	5.33145e+00	-2.14329e-01
8.40562e+00	1.17127e+00	2.58083e+00	-1.15402e-01
6.70469e+00	1.79230e+00	9.66109e+00	2.34284e-01
8.51884e+00	-2.16771e+00	4.39648e+00	-3.79190e+00
9.61630e+00	-1.03043e+00	7.53213e+00	4.81011e+00
8.13751e+00	-3.70897e+00	9.32696e+00	-3.02718e+00
8.76591e+00	-3.06865e+00	4.45410e+00	-4.13752e+00
9.32851e+00	-2.73167e+00	7.14867e-01	9.18767e-01
9.62545e+00	-1.74285e+00	2.62398e+00	4.88740e+00
9.81184e+00	-1.28685e+00	6.02543e+00	-3.16297e+00
7.41617e+00	-2.25899e+00	1.10395e-01	-1.50284e+00
8.46017e+00	4.78328e+00	6.77248e+00	2.69150e+00
8.06987e+00	3.65397e+00	3.58143e+00	-2.54309e+00
8.06648e+00	-2.41980e+00	9.13704e+00	-2.86554e+00
6.64636e+00	-1.45241e+00	5.25126e+00	3.13177e+00
6.12378e+00	1.44084e+00	6.16793e-01	-3.18011e-01
9.98325e+00	4.83513e+00	8.89505e+00	-6.29436e-01
8.19474e+00	-1.69001e-01	7.20694e+00	-1.12912e+00
9.65615e+00	3.76123e+00	1.99578e+00	2.86368e+00
4.99409e+00	3.37216e+00	9.92711e+00	-1.47864e+00
9.07808e+00	2.10780e+00	8.65290e+00	3.59060e-01
9.56151e+00	2.03153e+00	2.77939e+00	2.47222e+00
9.53580e+00	2.81594e+00	5.88905e-01	8.08421e-02
8.40090e+00	-3.84663e+00	3.41718e+00	-2.46785e+00
8.86770e+00	7.20095e-01	2.70167e+00	-4.91868e+00
3.95958e+00	-1.07462e+00	6.93141e+00	-1.68585e+00
9.88842e+00	-4.52845e+00	8.45696e+00	3.14053e+00
9.75692e+00	-1.61252e+00	1.30492e+00	2.56165e+00
9.30097e+00	-3.30705e+00	5.79622e+00	-2.58144e+00
8.20680e+00	-6.23537e-01	9.03397e+00	1.14210e+00
9.39693e+00	2.46069e+00	8.23544e+00	2.37111e+00
9.91141e+00	1.97177e+00	3.59936e+00	2.06312e+00
9.78524e+00	3.91215e+00	6.75913e+00	3.67601e+00
9.92059e+00	1.11671e+00	3.78050e+00	-2.04949e+00
9.97274e+00	-2.61514e+00	2.91894e+00	-4.82904e+00
9.25889e+00	4.08042e+00	7.77889e+00	1.16157e+00
8.98274e+00	4.78434e+00	5.81103e+00	-4.34848e+00
9.78667e+00	3.75083e+00	6.63487e+00	4.18213e+00
9.04828e+00	5.76410e-01	8.62261e+00	4.33884e+00
9.31068e+00	-1.68774e+00	1.82760e+00	-4.12462e+00
4.48059e+00	-2.75084e+00	6.36635e+00	-2.58245e+00
7.18900e+00	1.12231e-01	8.41427e+00	4.25774e+00
8.15269e+00	4.94103e-01	3.40780e+00	-3.46220e+00
8.58055e+00	-3.53243e+00	8.64377e+00	1.64835e+00
7.86900e+00	-1.73333e-01	7.54724e+00	-1.73525e+00
7.50823e+00	-2.11991e+00	2.25698e+00	4.15651e-01
9.35541e+00	-2.40911e+00	1.65384e+00	1.28472e+00
9.43825e+00	1.52373e+00	6.13997e+00	-4.68370e+00
7.76289e+00	2.38188e+00	2.81713e+00	4.22244e+00
9.63588e+00	1.71751e+00	9.83657e+00	-3.48515e+00
9.80629e+00	2.07981e+00	6.02128e+00	-2.86806e+00
8.33917e+00	-4.12309e+00	8.15875e+00	4.73652e+00
9.20285e+00	2.29790e+00	4.48709e+00	-4.45694e+00
9.96669e+00	4.87429e+00	7.67280e+00	-3.23680e+00
8.79363e+00	-2.80222e+00	5.42214e+00	4.24361e-03
9.89687e+00	1.28966e+00	6.86121e+00	-4.23398e+00
9.21465e+00	-2.63708e+00	7.23833e+00	3.18750e+00
6.17421e+00	3.49757e+00	9.72145e+00	2.79351e+00
8.41979e+00	2.79485e+00	8.24423e+00	3.51093e+00
9.59833e+00	-1.18391e+00	6.99034e+00	-6.38334e-01
9.04024e+00	-2.46634e+00	9.29743e+00	3.97518e+00
9.31140e+00	5.57888e-01	8.19502e+00	6.53492e-01
6.84288e+00	1.08233e+00	9.72287e+00	-1.29989e+00
6.95194e+00	3.23985e+00	8.61282e+00	1.93357e+00
5.46869e+00	-2.33874e+00	2.63528e+00	2.20895e-01
9.21684e+00	-1.52008e+00	9.04648e+00	-3.23665e+00
7.72336e+00	-9.39958e-01	2.12940e+00	-3.25674e+00
9.67013e+00	7.24695e-01	5.81173e+00	1.56501e+00
8.45935e+00	1.21931e-01	2.31571e-01	4.34843e+00
6.28779e+00	-1.49673e+00	5.48246e+00	-8.73884e-01
8.83950e+00	3.05431e-01	3.16393e-03	1.73006e+00
8.94957e+00	-4.32040e+00	7.00514e+00	-3.73229e+00
8.20154e+00	3.70869e+00	9.04758e+00	2.80539e+00
8.82815e+00	3.81991e+00	7.96731e+00	4.92660e+00
8.88105e+00	-3.96296e+00	4.64905e-01	3.13293e+00
8.54802e+00	-4.56316e-01	4.33246e+00	9.55717e-02
7.93630e+00	1.83909e+00	4.79333e+00	-1.49435e+00
5.84325e+00	4.94071e+00	1.92651e+00	-8.64352e-01
7.31675e+00	2.48189e+00	8.62592e+00	-3.92420e+00
9.43558e+00	6.64786e-01	5.21205e+00	3.98542e+00
9.99840e+00	3.28763e+00	9.75718e+00	-4.71600e+00
9.15124e+00	2.30622e+00	7.52862e+00	-2.52266e+00
3.22342e+00	-1.67020e-01	3.57947e-01	-2.10918e-01
