# No. of particles = 100 
# Proton - Solar wind	Electron - Solar wind	
1.32127e+00	-1.73340e+00	1.02484e+00	-2.36135e+00
2.36787e-01	-2.47578e+00	1.91687e+00	-2.13365e-01
1.19510e+00	-2.39459e+00	1.58458e+00	-2.09217e+00
8.67024e-02	-2.42228e+00	1.98089e-01	2.39261e+00
7.44802e-01	-2.49697e+00	1.82180e+00	7.25275e-02
1.71474e+00	-2.22368e+00	2.10950e+00	-7.00362e-01
2.44314e+00	-2.33674e+00	2.72067e-02	-2.31181e+00
2.41500e+00	-2.39199e+00	3.87570e-01	-1.31358e+00
6.59644e-01	-2.18359e+00	1.54387e+00	7.79849e-01
1.21387e+00	-2.23711e+00	4.88968e-01	-2.23505e+00
2.18572e+00	-2.26341e+00	1.37663e+00	-3.93385e-01
5.21489e-01	-2.45081e+00	2.38005e+00	-1.08208e+00
2.12370e+00	-2.24408e+00	4.34027e-01	-1.00130e+00
1.20264e+00	-2.41881e+00	8.27703e-01	-2.35028e+00
9.25792e-01	-2.26815e+00	1.38549e+00	1.94146e+00
9.94476e-02	-5.13025e-01	2.35543e-01	-2.37332e+00
3.96446e-01	-2.39089e+00	1.45671e+00	4.63609e-01
3.32863e-01	-2.28246e+00	5.94556e-01	-2.21169e+00
2.50134e-01	-2.40088e+00	1.47897e-01	-2.29485e+00
1.16417e-01	-2.31652e+00	7.03741e-01	-1.94275e+00
2.32748e-01	2.73604e-01	1.67145e+00	2.80424e-02
1.08742e+00	-2.28696e+00	6.83092e-01	-4.35022e-01
6.82385e-02	-2.23502e+00	1.67448e+00	1.05187e+00
1.88722e+00	-2.48666e+00	2.47603e+00	-2.50337e-01
1.81724e+00	-2.48804e+00	1.18500e+00	-1.56945e+00
1.76866e+00	-1.96356e+00	5.05611e-01	8.82937e-01
1.55641e+00	-1.43080e+00	3.22483e-02	-2.29553e+00
1.49749e+00	-1.34635e+00	3.47739e-02	3.61884e-01
2.49564e+00	-2.44726e+00	4.91133e-01	-1.71240e+00
1.21728e+00	-2.44045e+00	4.21054e-01	-4.62168e-01
2.99368e-01	-2.34705e+00	2.47997e+00	4.38241e-01
1.83072e+00	-1.73438e+00	9.10798e-01	-2.09825e+00
2.30245e+00	-1.17807e+00	7.54606e-02	-1.07054e+00
2.33044e+00	4.36085e-01	8.39858e-01	-8.46311e-01
4.40200e-01	-2.24423e+00	1.20654e+00	-5.59491e-01
4.19935e-01	-2.46715e+00	1.59289e-01	-2.36384e+00
1.22794e+00	-2.22500e+00	2.14353e-01	-1.35391e+00
2.09756e+00	-2.09722e+00	1.08533e+00	-2.21800e+00
1.43133e+00	-2.45997e+00	9.44511e-01	1.06163e+00
2.33895e+00	-6.08818e-01	1.65578e+00	-2.93184e-01
6.66870e-03	-2.40575e+00	1.95233e+00	4.67356e-01
1.87770e+00	2.00056e-01	4.49458e-01	-2.00918e+00
4.59913e-01	-1.11406e+00	2.23428e+00	-1.69358e+00
9.90102e-02	-2.36499e+00	2.37322e+00	5.02718e-02
1.54801e+00	1.55927e-01	1.91776e-01	-2.11482e+00
7.57328e-01	-2.12078e+00	1.28467e+00	-2.24408e-01
1.77476e+00	1.98882e-01	4.15120e-01	-1.65599e+00
1.63653e+00	-1.84297e+00	4.51006e-01	-8.63688e-01
1.86578e+00	-2.26064e+00	5.63801e-01	-1.60558e+00
1.77908e+00	-2.04458e+00	1.52412e+00	-5.29899e-01
3.33594e-01	-2.49281e+00	2.61979e-01	-2.44177e+00
8.58532e-01	-2.34423e+00	1.13337e+00	-2.20416e+00
3.83053e-01	-2.25645e+00	3.44590e-01	1.16083e+00
4.56362e-01	-2.14029e+00	2.44078e+00	-5.41147e-01
1.10883e+00	-4.26341e-01	1.77543e+00	7.66749e-01
1.99554e+00	-1.60883e+00	1.04610e+00	-2.12994e+00
8.24290e-01	-4.97393e-01	4.51907e-01	1.45992e+00
1.76178e+00	7.07851e-01	2.02550e+00	-1.35932e+00
7.11991e-01	-2.46802e+00	7.61880e-01	-1.03510e+00
6.65282e-01	-2.15459e+00	6.07504e-02	1.56999e+00
3.99388e-01	1.07199e+00	9.49466e-01	7.64773e-01
1.45183e+00	-1.84160e+00	6.55037e-01	1.41722e+00
1.79953e+00	5.87403e-01	2.10054e+00	-1.87390e+00
2.49532e+00	-4.63702e-02	2.17459e+00	3.45070e-03
2.33569e+00	-2.33501e+00	8.62701e-01	-1.01994e+00
2.65997e-01	-2.39720e+00	8.20489e-01	-1.70833e+00
9.80772e-01	-2.43301e+00	1.26618e-01	-2.32855e+00
1.79555e+00	-2.33056e+00	1.62775e+00	-1.11792e+00
2.24624e+00	-2.24696e+00	1.28816e+00	7.23783e-01
1.46132e+00	3.65569e-01	1.21438e+00	-2.39889e-01
7.74297e-01	6.76883e-02	1.21663e+00	2.15727e+00
9.77623e-01	1.36136e+00	6.08204e-01	2.03811e-01
9.86744e-01	-2.44137e+00	2.37755e+00	7.17028e-01
1.95801e+00	-2.03782e+00	3.69101e-01	1.06490e+00
1.34685e+00	1.38731e-01	1.30628e+00	1.52884e+00
1.92986e+00	1.48529e+00	2.43584e+00	1.44846e+00
1.13746e+00	3.19377e-01	8.19839e-01	-2.15974e+00
9.22046e-02	7.72645e-01	1.38231e+00	-1.08188e+00
1.71863e+00	-2.79829e-01	1.23821e+00	2.46528e+00
8.08277e-01	-2.44680e+00	2.39900e+00	-1.59797e-02
2.40662e+00	-2.37926e+00	2.31990e+00	1.06468e+00
3.55169e-01	-2.23902e+00	4.04883e-01	9.77195e-01
1.48163e+00	6.39975e-01	7.42348e-01	-3.30993e-02
1.85190e+00	-1.48880e+00	9.14321e-01	6.37228e-01
1.76872e+00	-2.47912e+00	4.55951e-02	-2.37874e+00
1.43932e-01	-2.45162e+00	1.05948e+00	5.79199e-01
6.82051e-02	-2.24942e+00	1.33926e+00	-1.78291e+00
1.32210e-02	1.57228e-01	2.27072e+00	1.61510e+00
2.41053e+00	-1.96029e+00	1.18211e+00	-1.24306e+00
5.71899e-02	-2.29676e+00	8.45245e-01	-1.87378e-01
7.49219e-02	-1.02990e+00	6.07511e-01	-2.07555e+00
1.78709e-01	-1.10017e+00	1.49673e+00	-8.42529e-01
3.32414e-01	7.77306e-01	1.66950e+00	2.05469e+00
5.89747e-01	-2.46652e+00	1.49392e+00	-1.17053e+00
2.41160e+00	-8.05163e-01	6.93047e-01	-1.18792e+00
2.37636e+00	-2.28887e+00	2.12745e-01	-2.01677e+00
1.26080e+00	6.74210e-01	1.62988e+00	-9.90052e-01
1.12109e+00	2.97799e-02	2.52129e-01	4.74756e-01
4.20081e-01	-4.77498e-01	1.37875e+00	-4.59940e-01
1.42578e-01	9.24507e-01	8.17510e-01	7.66787e-01
