# No. of particles = 100 
# Proton - Solar wind	Electron - Solar wind	
8.83314e+00	5.14265e-01	8.13010e+00	-3.50584e+00
8.44484e-01	-1.52874e-01	3.67576e+00	3.95573e+00
7.50568e-01	-1.58734e+00	1.44968e+00	3.29375e-02
6.12818e-01	4.92742e+00	1.40331e+00	-6.87220e-01
2.49931e-01	2.74449e+00	7.21025e-01	3.55411e+00
1.19741e-02	3.28960e+00	7.41433e-01	-2.59117e+00
5.84243e+00	-2.32116e+00	9.16457e+00	2.66679e-01
8.40378e+00	2.41678e+00	8.07234e+00	-4.55895e+00
8.80201e+00	3.24385e+00	6.82014e+00	-3.06979e+00
9.74109e+00	-2.06581e+00	4.48664e-01	-4.94239e+00
8.73864e+00	-1.94870e+00	6.79012e-01	-4.78682e+00
8.05124e+00	1.09621e+00	8.35539e+00	4.97641e+00
6.56853e+00	3.01275e+00	7.42974e+00	4.98470e+00
5.21536e+00	-7.45045e-01	9.21265e+00	4.97896e+00
5.90962e+00	-3.49488e+00	7.90692e+00	4.93312e+00
9.48034e+00	-7.23281e-01	8.41921e+00	-3.20517e+00
9.34478e+00	1.37047e+00	4.58970e+00	-1.93531e+00
9.90974e+00	-2.07557e+00	8.48426e+00	-3.98261e+00
8.16255e+00	4.54717e+00	1.75551e+00	3.35096e+00
9.05134e+00	1.66454e+00	7.79840e+00	-2.76307e+00
9.19445e+00	4.43282e+00	7.72382e+00	1.46229e+00
7.23318e+00	-3.24846e+00	4.84686e+00	1.54139e+00
8.31834e+00	-2.75626e+00	9.10771e+00	4.21860e+00
9.69438e+00	2.51689e+00	1.61869e+00	-4.47106e+00
4.27221e+00	-9.44363e-01	7.84492e+00	-4.94248e+00
7.70945e+00	2.60406e+00	1.39522e+00	3.51412e+00
8.66480e+00	-4.85452e+00	8.17894e+00	-2.37782e+00
9.38346e+00	1.65627e+00	6.09710e+00	-4.92458e+00
9.41309e+00	2.97431e+00	1.50302e+00	2.50491e+00
9.36475e+00	1.65439e+00	5.46121e+00	-2.61002e+00
9.98872e+00	2.73846e+00	3.76552e+00	-6.57232e-01
8.28493e+00	3.10694e+00	3.73893e+00	-3.62808e+00
7.72965e+00	-2.01066e+00	9.34822e+00	-4.47315e+00
7.20177e+00	-1.55727e+00	6.10832e+00	-2.55379e+00
9.81702e+00	-8.76882e-01	9.59989e+00	-1.64737e+00
7.24034e+00	-4.19295e+00	7.67177e+00	2.75675e+00
9.91823e+00	-4.98097e+00	6.39245e+00	3.30302e+00
9.96301e+00	-3.48298e+00	8.03300e+00	3.12247e+00
6.76757e+00	2.77256e+00	7.58896e+00	-1.55578e+00
4.97733e+00	-2.27285e+00	9.72145e+00	-4.61270e+00
9.14082e+00	7.45334e-01	6.03367e+00	1.13365e+00
9.43476e+00	-1.33081e+00	4.05300e+00	-1.97538e+00
8.35949e+00	-1.33204e+00	6.70315e+00	-2.43317e+00
9.49774e+00	-2.33336e+00	9.87825e+00	-1.93127e-01
9.84275e+00	-2.62865e+00	7.31627e+00	4.53979e+00
8.32724e+00	-2.75107e+00	4.07272e+00	3.16852e-01
5.07730e+00	1.26664e-01	4.49515e+00	1.98121e+00
8.65709e+00	-3.55627e+00	6.10532e-01	3.06749e+00
9.56703e+00	3.08507e+00	9.33071e+00	4.06845e+00
9.53291e+00	-2.47418e+00	3.88443e+00	1.19944e+00
9.61874e+00	4.88181e+00	8.77622e+00	-2.90910e+00
9.96610e+00	-1.41428e+00	8.46177e-01	3.60610e+00
7.00237e+00	3.29946e+00	8.56336e+00	-3.97721e+00
9.83870e+00	3.88600e-01	8.50318e+00	3.16378e+00
7.66580e+00	-3.58623e+00	5.86184e+00	2.21646e+00
7.71225e+00	3.24781e+00	8.03544e+00	-1.97087e+00
9.65373e+00	6.73819e-01	1.54018e+00	3.96612e-01
9.90992e+00	3.14522e+00	2.94860e+00	-3.06523e+00
9.00269e+00	-4.84688e+00	6.90364e+00	-3.80195e+00
8.55865e+00	-1.22287e+00	2.32554e+00	8.10764e-01
6.47702e+00	-5.71062e-01	8.31596e+00	2.31514e+00
7.54023e+00	-4.57245e-01	8.79494e+00	-3.03408e+00
8.30010e+00	-3.60701e+00	6.77542e+00	3.33137e+00
9.88736e+00	3.69042e+00	3.35510e+00	-4.01228e+00
9.43791e+00	3.57547e+00	9.95979e-01	-1.25493e+00
9.37873e+00	-4.53442e+00	7.12821e+00	-3.50709e-01
6.68373e+00	1.15540e-02	6.36998e-01	-3.10852e-01
7.47293e+00	5.29553e-01	3.57693e+00	-3.53996e+00
9.14459e+00	-7.61243e-01	7.41091e+00	4.22835e+00
7.94440e+00	-8.00174e-01	2.68243e+00	4.54733e-01
9.39365e+00	-4.21749e+00	9.22913e+00	2.07761e+00
8.17972e+00	-1.98591e+00	6.73094e+00	2.69611e+00
9.68564e+00	2.67467e+00	2.99688e+00	2.74654e+00
7.76321e+00	-4.00883e+00	3.37824e+00	-4.67340e+00
9.21908e+00	-1.92847e+00	8.69985e+00	3.73420e+00
9.89674e+00	-6.77702e-01	9.25770e+00	-7.65438e-01
6.25100e+00	-8.12974e-01	3.13934e+00	-2.69774e+00
8.95675e+00	-1.08900e+00	2.01719e-01	2.90040e+00
9.87638e+00	4.73341e+00	8.83261e+00	2.05111e+00
6.16393e+00	-2.73107e+00	6.42333e+00	4.45980e-01
8.76385e+00	3.91822e+00	3.84814e+00	1.72728e+00
7.07027e+00	-4.63050e+00	9.27201e+00	-8.56040e-01
7.35086e+00	1.12281e+00	5.94034e+00	9.51140e-01
9.28006e+00	-1.60956e+00	9.06972e+00	-4.02799e+00
9.73423e+00	2.52869e+00	3.60847e+00	4.01704e+00
8.91595e+00	1.85775e+00	6.91178e+00	-4.99669e+00
8.36276e+00	3.88673e+00	3.00788e+00	1.30806e+00
7.77045e+00	-3.98800e+00	8.71538e+00	5.67657e-01
5.98752e+00	-2.45301e+00	5.25133e-01	-2.67579e+00
8.83330e+00	2.69101e+00	8.32797e+00	1.58574e+00
8.98908e+00	-1.48321e+00	5.27851e+00	-4.47721e+00
7.26456e+00	-4.00903e+00	1.70155e+00	2.22124e+00
9.60894e+00	1.01944e+00	7.06221e+00	-2.24998e+00
9.50861e+00	-9.85200e-01	3.63846e+00	-1.24438e+00
5.48592e+00	-1.67160e+00	7.38282e-01	-3.69306e+00
9.49270e+00	4.06342e+00	3.84069e+00	-2.15374e+00
7.86359e+00	-4.36776e+00	3.33065e+00	-4.93529e-01
8.71306e+00	-1.06441e-01	8.83617e+00	-4.51101e+00
3.85165e+00	3.73220e+00	8.49267e+00	2.28530e+00
7.78747e+00	4.68851e+00	1.66925e+00	4.14415e+00
