# No. of particles = 100 
# Proton - Solar wind	Electron - Solar wind	
3.98478e-01	5.70164e-01	8.71679e-01	3.39945e-02
9.69511e-01	9.10621e-01	7.51578e-01	6.01091e-01
1.36341e+00	1.02300e-01	5.61058e-01	-8.92830e-01
6.22212e-01	-1.24856e-01	5.65767e-01	-4.55676e-01
3.99477e-01	2.54838e-01	1.39092e+00	-2.30028e-01
9.83941e-01	2.13395e-01	1.23391e+00	-7.51637e-01
8.10733e-01	4.63545e-02	2.47384e-01	3.45905e-01
4.68589e-01	-5.97467e-01	1.72623e-01	-6.91592e-01
6.21994e-01	4.11325e-01	1.38954e-01	-8.27219e-01
5.39317e-01	1.26677e-01	3.33985e-01	6.34168e-01
6.67094e-01	-3.67942e-02	9.23152e-01	8.21508e-01
8.91833e-01	1.32734e-01	1.05922e+00	-5.78385e-01
1.40647e+00	-1.09519e-01	3.86673e-01	-6.40668e-01
4.48796e-01	6.46126e-02	1.43328e-01	-8.60984e-01
8.28839e-01	-8.60418e-01	1.49488e+00	1.84143e-01
4.75592e-01	-4.35784e-01	1.94720e+00	-5.59465e-02
5.76736e-02	-7.41257e-01	3.72379e-01	-9.00223e-01
1.06890e-01	-5.26560e-01	3.30144e-01	-9.31434e-01
7.85352e-01	1.49091e-01	2.92453e-01	9.34576e-03
3.81480e-01	-5.85508e-01	1.05615e-01	7.68863e-01
9.99840e-01	6.73885e-01	1.89082e+00	-4.69267e-01
3.21241e-01	-6.20908e-01	1.91008e+00	7.36109e-02
1.82035e+00	2.32882e-01	4.21657e-01	6.48284e-01
3.30266e-01	6.79088e-01	2.25982e-01	9.41709e-01
4.06831e-01	-6.31031e-01	2.32578e-01	-1.10131e-01
6.67997e-01	-9.21493e-01	1.82839e-01	-9.97273e-01
1.51835e-01	8.27750e-02	5.56982e-01	-9.71395e-01
4.50305e-01	3.09194e-01	2.76892e-01	-1.91222e-01
1.43300e+00	-9.62874e-02	1.58035e-01	-9.19235e-01
1.46972e+00	5.59569e-01	7.05667e-01	2.69265e-01
1.32854e+00	8.73978e-01	2.91002e-01	-2.98592e-01
2.42059e-02	-9.93099e-01	6.24258e-01	4.56568e-01
2.98295e-01	2.44042e-01	1.00571e+00	1.45450e-01
1.97438e+00	-4.32853e-01	1.21654e+00	-9.38495e-01
8.12964e-01	-3.11083e-01	1.07748e+00	5.44050e-01
4.58578e-01	-8.93564e-01	7.42230e-01	4.22460e-01
2.02444e-01	-5.57972e-01	1.46874e+00	-3.83683e-01
7.67583e-01	-8.27410e-01	6.45105e-02	-1.88702e-01
4.71716e-01	8.07536e-01	4.56989e-01	-8.25541e-01
5.93252e-01	-6.27596e-01	1.27840e+00	5.74885e-01
1.47229e-01	-4.99133e-02	7.08080e-01	1.08731e-01
2.01053e-01	1.45713e-01	3.47522e-01	-7.69234e-01
2.58133e-01	-7.11434e-01	1.16739e+00	7.66639e-02
3.79094e-01	-6.13495e-01	4.95728e-01	2.63673e-01
5.01075e-01	6.06555e-01	1.48002e+00	-8.79983e-01
1.14476e+00	-3.20888e-01	1.11963e+00	-5.87819e-02
1.88683e+00	3.79803e-01	1.57604e+00	-9.50568e-01
1.24245e+00	-3.81195e-01	9.20701e-01	9.75322e-01
1.19472e-01	-4.86939e-01	1.31528e+00	-8.05825e-01
4.71057e-01	2.45045e-01	4.89611e-01	1.09961e-01
8.06869e-01	-5.20694e-01	1.03953e+00	-3.63824e-01
5.70328e-01	-8.33988e-01	2.95522e-01	-7.92665e-01
6.01515e-01	-4.61653e-01	2.73027e-02	-9.86529e-01
7.66347e-01	1.49553e-01	2.72722e-01	-3.42337e-01
6.53796e-01	-2.71480e-01	4.45791e-01	-3.97927e-01
1.01982e-01	-9.85568e-01	8.41651e-02	-9.88511e-01
1.17441e-01	-2.52435e-01	7.65361e-01	5.98984e-01
4.43235e-01	-2.88580e-01	1.73615e+00	4.14367e-01
2.26687e-02	-9.70335e-01	1.47567e+00	5.51718e-01
2.19794e-01	-7.49816e-01	1.26096e+00	2.45669e-01
1.93108e-01	-2.01610e-01	7.33033e-01	-3.72223e-01
1.30372e-01	5.18391e-01	1.06580e+00	3.22531e-01
4.83520e-01	-1.43621e-01	6.13608e-01	-2.50994e-01
1.14433e+00	6.51482e-01	1.36759e-01	-9.40143e-01
1.56129e-01	-9.39078e-01	3.45981e-01	-9.91810e-01
6.18955e-01	-6.32791e-01	9.55091e-01	6.90070e-01
8.59264e-02	-4.46755e-01	4.43629e-01	-7.97702e-01
8.55841e-02	-8.88697e-01	4.21752e-03	-7.10089e-01
1.02361e+00	8.06356e-01	1.22256e+00	3.12591e-01
1.21116e+00	8.56993e-01	8.79314e-01	3.49601e-01
1.23384e+00	2.96886e-01	9.88277e-03	-9.99075e-01
1.38520e+00	6.55761e-01	3.54664e-01	9.38058e-01
2.82660e-01	-5.04485e-01	4.11616e-01	-6.98713e-01
5.14926e-01	1.22725e-02	5.30495e-02	-1.90069e-02
6.10001e-01	-4.70325e-01	7.17010e-01	5.16632e-01
4.79370e-02	1.70775e-01	7.54443e-02	-1.97151e-01
1.14960e-03	-8.62628e-01	2.24836e-01	-7.67928e-01
6.84408e-01	-1.38070e-01	5.04384e-01	-3.70937e-01
5.20933e-01	-2.57801e-01	2.29826e-02	-5.22827e-01
1.59029e+00	8.92562e-01	1.25438e-01	-9.79114e-01
2.17956e-02	-9.16497e-01	5.58589e-01	5.38525e-01
1.12587e+00	5.71433e-01	7.18454e-01	7.21728e-01
1.22426e+00	3.47815e-01	3.00999e-01	-5.39065e-01
2.05946e-02	3.57145e-01	2.17931e-01	1.38455e-01
1.89654e+00	-3.94083e-02	9.72046e-01	5.51905e-01
2.91855e-01	1.80924e-01	1.90242e+00	1.72672e-01
4.09384e-01	-3.89274e-01	1.63911e+00	5.59407e-01
2.69875e-02	-9.72103e-01	2.16601e-01	-5.91417e-01
1.23760e+00	-9.94689e-01	6.68291e-01	2.19597e-01
8.45640e-02	-9.76725e-01	5.18416e-01	9.77031e-01
1.43697e-01	-6.28816e-01	1.27364e+00	-5.83896e-02
3.49362e-02	-9.96089e-01	1.23409e+00	7.63598e-01
6.54778e-01	2.79817e-01	1.21534e+00	4.61330e-01
3.73641e-01	-5.10185e-01	7.67437e-01	1.82109e-01
1.05279e+00	4.47358e-01	8.02468e-01	-9.66428e-01
2.78086e-01	-7.35080e-01	9.09022e-01	-1.21787e-01
4.21380e-01	7.98913e-02	1.54476e+00	7.06791e-02
7.84536e-01	8.46808e-01	1.27424e+00	-2.55396e-01
1.92803e+00	7.61813e-01	1.00064e+00	2.98284e-01
8.06671e-01	-8.06738e-01	1.03286e+00	9.58783e-01
