# No. of particles = 100 
# Proton - Solar wind	Electron - Solar wind	
4.37278e-01	-4.50490e-01	4.58590e-01	4.34028e-01
1.43861e+00	3.56158e-01	2.98490e-01	-9.71550e-01
1.73206e+00	3.95565e-01	8.60615e-01	-1.58046e-01
1.81123e-01	-9.07726e-01	1.03865e+00	-1.80136e-01
2.83869e-01	-8.75645e-01	1.41856e+00	3.90179e-01
7.66148e-01	-7.07119e-01	7.84058e-01	-6.77530e-01
1.35735e+00	7.46741e-01	2.08182e-01	-6.93077e-01
1.71157e+00	5.93130e-01	8.05801e-01	7.64152e-01
1.76653e-01	-9.65486e-01	8.39523e-01	1.30214e-02
2.65493e-01	1.22631e-02	1.05410e+00	-6.97002e-01
1.49668e-01	-5.23687e-01	7.34867e-01	-5.10857e-01
1.12588e+00	4.36727e-01	1.47644e+00	-7.08123e-01
1.64505e+00	4.90415e-02	1.50194e+00	3.28049e-01
7.45181e-01	8.92878e-01	2.24071e-01	-9.46186e-01
1.20607e+00	-7.99895e-01	1.14681e+00	6.54645e-02
1.43531e+00	6.73780e-01	2.57727e-01	-6.95102e-01
2.06739e-01	3.37673e-01	8.11791e-01	-6.45252e-01
1.64239e-01	-2.37054e-01	1.44646e+00	6.06586e-01
1.35366e+00	9.84175e-01	4.16884e-01	5.99979e-01
1.17109e+00	3.35254e-01	5.41044e-01	-2.39467e-01
2.84455e-01	-8.79808e-01	1.08433e+00	8.54844e-01
1.34813e+00	6.40219e-01	1.13244e+00	2.17662e-01
1.44286e+00	7.77301e-01	1.92043e+00	1.02693e-01
3.86612e-01	9.36921e-01	1.81561e-01	8.96267e-01
1.93383e+00	9.99139e-01	1.59285e+00	-8.98675e-01
1.43914e-01	-9.99141e-01	1.99401e+00	-3.00027e-01
4.91955e-01	3.59176e-01	7.62348e-01	-9.68607e-01
1.56579e+00	8.52342e-02	5.44807e-01	-3.64989e-01
9.25631e-01	-8.38662e-01	1.22092e-01	-8.90529e-01
3.41610e-01	-9.95298e-01	9.38281e-01	8.24491e-01
1.42184e+00	-9.10535e-01	1.02048e+00	1.21441e-01
7.83724e-01	2.41188e-01	8.78508e-02	-9.10091e-01
1.41918e+00	-7.76617e-03	2.80254e-01	-5.95693e-01
1.96560e-01	-2.02044e-02	1.37693e+00	-5.23325e-01
8.05455e-02	-7.10516e-01	1.74233e+00	4.22725e-01
7.17638e-01	-8.37060e-01	2.40614e-02	-1.37223e-01
4.67937e-01	1.39956e-01	8.29224e-01	-2.42540e-01
1.19744e+00	-7.33373e-01	3.70348e-01	1.73354e-01
6.63841e-01	-8.72943e-01	1.89539e-01	-4.83624e-01
1.27103e+00	-4.42409e-02	2.31450e-01	-2.84956e-01
7.52980e-01	-7.66596e-01	1.62738e+00	-1.14752e-01
6.81423e-01	4.81658e-01	1.38799e+00	7.04219e-01
5.42321e-01	-2.82556e-01	9.33220e-01	8.88055e-01
5.37145e-01	-3.94029e-01	1.82878e+00	7.30701e-01
3.76152e-01	-5.60610e-01	1.03898e+00	-5.85704e-04
3.72354e-04	-1.16481e-01	7.16993e-01	1.30594e-01
1.54889e+00	-3.04218e-01	1.06341e-01	-9.47404e-01
6.13038e-03	-9.80472e-01	1.51303e+00	8.35656e-01
2.45310e-01	3.42298e-02	1.62576e+00	4.08773e-01
4.32952e-02	-6.58257e-01	1.00862e+00	6.14078e-01
1.24603e+00	-2.02246e-01	1.54993e+00	-8.38742e-01
9.76074e-03	-9.19647e-01	1.95361e+00	-6.75833e-01
1.47308e+00	5.58352e-01	1.24529e+00	-2.82578e-01
1.27985e-01	-8.33856e-01	1.16044e-01	-6.60153e-01
1.56492e+00	8.47494e-01	1.88486e+00	2.80242e-02
1.07035e+00	-9.42518e-01	1.24705e+00	-3.42698e-01
1.78036e-01	3.70072e-01	1.61925e+00	4.88044e-02
1.22425e+00	-7.76538e-01	1.40109e+00	4.14802e-01
8.68267e-01	6.39116e-01	8.65745e-01	1.08468e-01
5.75540e-01	-3.66944e-01	4.18975e-01	8.67632e-01
1.03474e-01	-1.86482e-02	7.43192e-01	-6.59314e-01
9.51425e-01	-3.16063e-01	5.70449e-01	-2.33582e-02
7.40836e-01	3.79932e-01	6.98413e-01	9.01761e-01
5.76851e-01	-1.52158e-02	8.20574e-01	1.91520e-01
2.31242e-02	-9.83894e-01	7.37063e-01	7.43250e-01
8.40281e-01	-5.00820e-01	9.78272e-01	6.94971e-01
1.51365e-01	6.10481e-01	1.85575e+00	2.09356e-01
5.89527e-01	-5.75191e-02	1.05501e-02	-9.63823e-01
2.72799e-01	-5.56483e-01	1.97067e+00	-1.52996e-01
7.34117e-01	-4.17185e-01	9.79779e-01	5.88129e-01
9.85500e-01	6.51635e-01	1.04731e+00	1.14985e-01
1.09791e+00	9.82351e-01	1.82612e+00	2.23649e-01
5.05550e-01	-9.74118e-02	1.51378e+00	-4.79894e-01
8.92066e-01	7.68032e-01	1.37655e+00	8.62296e-01
6.93026e-01	-3.84428e-01	1.37393e+00	5.70235e-01
1.26356e-01	2.48823e-01	6.36307e-01	-9.05544e-01
2.27162e-01	-5.71345e-01	1.17278e+00	6.51280e-01
1.52038e+00	9.23437e-01	1.07424e+00	4.38950e-01
9.54145e-01	3.59219e-01	5.78842e-01	-4.99576e-01
1.27641e-01	-7.39176e-01	1.17057e+00	-4.73508e-01
3.09113e-01	2.67062e-01	1.03212e+00	-3.84019e-01
8.75629e-01	7.77790e-01	1.85057e+00	2.86606e-01
1.46537e+00	6.24950e-01	7.32608e-01	-6.58912e-01
2.36227e-01	-9.34245e-01	3.19213e-01	3.12992e-01
8.67754e-01	6.64462e-01	1.41100e+00	7.37611e-01
3.48527e-01	3.63019e-01	1.68701e+00	-6.90637e-01
4.88966e-01	-2.82471e-01	1.74242e+00	-1.89405e-01
9.50640e-01	-8.54252e-01	5.70850e-01	-3.32673e-01
1.79369e+00	-7.46885e-01	3.25883e-01	-2.78903e-01
4.68793e-01	-9.45505e-01	1.95527e-01	3.28014e-01
1.71411e-01	-5.42946e-01	5.56339e-01	-3.45077e-01
1.17921e+00	4.04785e-01	1.23576e+00	-4.72447e-01
7.54475e-01	4.83203e-01	3.00816e-01	6.67462e-01
5.71167e-01	-1.80597e-01	1.42328e+00	7.08493e-01
7.39000e-01	-4.85630e-01	4.31758e-02	-9.10327e-01
1.54384e+00	9.52436e-01	1.49540e+00	5.09653e-01
5.10957e-02	-3.69104e-01	1.24737e+00	-8.13026e-01
3.95707e-01	5.64127e-01	1.91207e+00	-6.56949e-02
9.86875e-02	-6.94109e-01	2.76283e-01	5.62360e-01
1.50993e+00	-6.41718e-01	4.85676e-01	-3.72249e-01
