# No. of particles = 100 
# Proton - Solar wind	Electron - Solar wind	
2.26995e-01	4.74453e-02	9.21117e-01	9.16791e-01
1.20160e-01	-7.49177e-01	1.17037e+00	-4.47999e-01
2.85482e-01	-7.75239e-01	1.04227e+00	-4.39714e-01
2.05368e-01	2.18125e-01	4.36432e-01	3.22643e-01
4.84896e-01	8.22722e-01	4.86144e-01	-6.64122e-01
9.46349e-01	8.31295e-01	7.20824e-01	-8.28237e-01
1.56346e+00	4.57784e-01	6.54410e-01	-6.55947e-01
8.77357e-02	-8.62218e-01	4.64830e-01	-7.96043e-01
8.94496e-01	-6.50952e-01	1.34882e+00	-9.10758e-02
1.89716e-01	-5.16472e-01	1.25680e+00	4.83635e-01
1.04946e+00	4.62018e-01	5.02226e-01	-4.20347e-01
2.00022e-01	-7.48737e-01	1.09923e+00	7.59741e-02
6.90241e-01	-5.76796e-01	1.07952e+00	-6.80802e-01
1.05536e+00	5.82803e-01	8.53050e-01	-6.51361e-01
3.45271e-01	2.51392e-01	9.02734e-01	-3.96359e-01
1.06076e+00	-3.85629e-01	8.99014e-01	-8.36508e-01
6.03987e-02	-7.35725e-01	3.37262e-01	-7.77406e-01
4.40542e-02	9.10698e-01	1.27053e+00	-9.16646e-01
9.75548e-01	4.94076e-01	9.04082e-02	-7.17049e-01
4.33854e-01	-1.60387e-01	7.04029e-01	-8.74784e-02
1.91907e-01	-7.61752e-01	5.49580e-01	1.46370e-01
4.64466e-01	-4.10026e-01	1.37276e-01	-7.44471e-01
1.97233e+00	2.23624e-01	1.88680e-01	-7.76520e-01
1.75724e-01	-8.48268e-02	8.18065e-01	-6.46273e-01
1.66358e+00	-6.57801e-01	1.26268e+00	-8.29361e-02
2.98082e-01	-1.41191e-01	9.14086e-01	-7.19537e-01
7.31899e-02	-3.51391e-01	5.44321e-01	-9.25708e-01
1.56795e+00	4.11031e-01	7.43606e-01	-9.04156e-01
1.75794e+00	-3.46186e-01	5.15980e-01	-8.07244e-01
1.66623e+00	-3.14632e-01	5.42542e-01	3.24911e-01
1.50917e-01	-9.47939e-01	1.10211e+00	-1.70015e-01
1.71301e+00	-4.13981e-01	2.98807e-01	5.31422e-02
6.94112e-01	7.56636e-01	5.50700e-01	-9.63372e-01
5.13775e-01	2.85594e-01	1.71780e+00	-8.74789e-01
3.66617e-01	-7.63995e-01	3.35089e-01	4.88080e-01
1.25030e+00	-9.80944e-02	9.50472e-02	-3.98543e-01
8.81409e-01	-7.64896e-01	3.08797e-01	-4.71075e-01
3.55638e-01	6.56536e-01	2.11149e-01	-5.72351e-01
3.51278e-01	7.47047e-01	9.18573e-02	-9.71355e-01
7.69126e-01	2.35030e-02	1.55791e-01	-8.40322e-01
4.07073e-01	-9.27563e-01	1.92535e+00	2.85613e-01
1.53691e+00	-5.99715e-01	8.01451e-01	-7.21812e-02
8.12885e-01	9.55762e-01	1.08426e-02	-1.63732e-01
7.01616e-02	-7.77636e-01	1.63404e+00	-9.35078e-01
3.48303e-01	6.94331e-01	1.36452e+00	8.52850e-01
1.10238e+00	-2.43613e-01	1.21274e+00	-5.13311e-01
9.78589e-01	-2.85380e-01	7.98858e-01	8.44637e-01
1.67327e+00	-6.33292e-01	4.57920e-01	-3.18104e-01
6.73009e-02	-9.56184e-01	1.81764e+00	-4.74158e-02
1.90971e+00	1.18142e-01	1.40349e+00	3.35533e-03
2.98305e-01	-3.60363e-01	1.42604e+00	2.26196e-01
8.37034e-01	-4.32319e-01	8.86519e-01	5.20286e-01
1.10619e+00	6.14794e-01	1.44316e+00	-2.05130e-01
8.54580e-01	2.83343e-01	1.70859e+00	8.60631e-01
9.45093e-01	1.17581e-01	8.72928e-01	9.12773e-01
1.81317e+00	-3.07777e-01	9.43176e-01	-5.10131e-01
2.90030e-02	-9.90181e-01	5.07746e-01	-4.82085e-01
3.18278e-02	3.66684e-02	1.58044e+00	-3.41802e-01
1.46053e-01	5.47753e-01	2.77439e-01	-5.44452e-02
4.13875e-01	-5.90112e-01	6.90781e-01	-2.74778e-01
3.39201e-02	-2.25953e-01	1.91092e+00	-3.68783e-01
3.43541e-01	-6.23794e-01	1.67280e+00	-7.93971e-01
1.36295e+00	-3.29309e-02	1.46050e+00	-8.44883e-01
1.18713e+00	1.20814e-01	1.21639e+00	-5.61125e-02
1.09968e+00	-7.31480e-01	7.33670e-01	-7.04215e-01
4.38588e-01	6.90728e-01	2.67959e-01	-3.04289e-01
4.87762e-01	9.66277e-01	1.09157e+00	-6.88119e-01
2.13823e-01	-7.99465e-02	6.22291e-02	9.74201e-01
4.61360e-01	-1.74246e-01	1.93695e-02	4.76669e-01
1.33559e+00	7.04777e-01	8.15105e-01	-4.35957e-01
4.07865e-01	1.54793e-01	1.41085e-01	-9.06120e-01
1.93265e-01	-4.75396e-01	8.54101e-01	-3.94033e-01
1.40852e+00	5.12242e-01	1.12818e-01	-5.16633e-01
2.49212e-01	-1.79207e-01	2.58524e-01	-4.34229e-01
3.73499e-01	-7.18257e-01	1.14149e+00	-8.52335e-01
6.56714e-02	5.22524e-01	1.02857e+00	2.34906e-01
4.50257e-02	-9.19986e-01	6.27332e-03	-9.54508e-01
1.48996e+00	-1.55313e-01	3.15845e-01	-5.95059e-02
1.52496e+00	6.52371e-01	1.93164e+00	-7.11114e-01
7.24973e-01	7.83313e-01	8.11480e-01	3.63159e-01
7.66648e-01	-5.56796e-01	1.89971e+00	2.83553e-02
1.86141e+00	-5.58017e-02	8.45970e-02	4.66216e-01
4.95471e-01	-4.66259e-01	1.91227e+00	-6.75476e-02
5.89931e-01	-5.83394e-03	1.51715e+00	9.67146e-01
4.43629e-02	-9.51701e-01	1.74936e+00	9.17378e-01
1.41498e-01	-3.52972e-01	1.59279e+00	-2.06233e-01
1.84090e-01	-6.93375e-01	1.61263e+00	2.17319e-01
1.27429e-01	8.35495e-01	6.69310e-01	-9.79334e-01
4.48548e-01	-1.82863e-01	1.38295e+00	9.99719e-01
1.20893e+00	-7.66760e-01	1.58088e+00	8.23869e-02
8.06611e-02	-8.76538e-01	1.65993e+00	-9.98693e-01
7.71485e-01	5.85283e-01	8.58219e-02	-9.63221e-01
3.58034e-01	-3.36073e-01	7.74749e-01	-5.09465e-03
9.98467e-01	2.21039e-01	7.50969e-01	3.20444e-02
1.58348e-01	8.97681e-01	1.17320e-01	6.05659e-01
1.19427e+00	7.36783e-01	2.84876e-01	3.58589e-02
6.93571e-02	-9.53973e-01	1.01157e+00	-7.58673e-01
1.22841e+00	-4.06131e-01	1.07344e+00	7.35237e-01
7.89040e-01	2.56666e-01	2.95811e-01	4.19672e-01
1.07038e+00	-8.97503e-01	2.81125e-01	-3.77827e-01
