# No. of particles = 100 
# Proton - Solar wind	Electron - Solar wind	
1.21745e+00	9.49133e-01	8.34413e-01	-9.49190e-01
1.76512e+00	-3.48502e-01	3.79607e-01	3.23405e-01
8.30222e-03	-9.92901e-01	1.15233e+00	1.47420e-01
2.76036e-01	-5.99346e-01	1.64914e+00	5.87813e-01
2.05846e-01	-8.35035e-01	5.94061e-01	-3.52727e-02
1.36546e-01	3.65781e-02	1.19074e+00	7.95864e-02
8.30868e-01	-4.34580e-01	3.20576e-01	-7.57233e-01
1.40274e-02	-9.95707e-01	2.03450e-01	-8.20285e-01
4.05110e-01	-8.08349e-01	1.08533e+00	-9.25294e-01
3.13843e-01	-5.01920e-01	1.53076e-01	-8.65855e-01
1.30845e-01	-8.71062e-01	4.09658e-01	-7.13514e-01
8.29953e-01	-2.73638e-01	5.01474e-02	-8.94485e-01
6.07506e-01	-9.07039e-01	1.82053e-01	2.14125e-02
9.40505e-02	-9.43707e-01	2.01825e-01	7.35614e-01
7.85620e-01	8.15861e-02	1.96481e+00	-5.98240e-01
1.35035e+00	8.82948e-01	5.51047e-01	-4.71523e-01
9.56874e-01	-9.58929e-01	1.74018e-01	-6.06824e-01
1.73815e+00	8.80747e-01	1.33947e+00	3.49014e-01
1.99486e+00	-2.25020e-02	1.81306e+00	-4.59414e-01
1.05184e-01	7.86802e-01	8.99903e-02	-9.84261e-01
9.49907e-01	-5.61060e-01	7.12848e-01	-6.87868e-01
1.54251e-01	-8.08899e-01	1.13808e+00	8.40050e-01
3.76847e-01	-8.86791e-01	1.23254e+00	-4.52126e-01
4.54538e-01	-5.80251e-01	1.04626e+00	-8.04754e-01
5.07014e-01	-9.28991e-01	6.73045e-01	-5.76405e-01
1.76872e+00	7.98323e-01	4.17352e-01	2.71687e-01
9.33059e-01	-3.09151e-01	9.66853e-01	-2.02074e-02
1.65300e+00	7.21900e-01	4.48047e-01	-6.59401e-01
1.58089e+00	-9.42943e-03	5.73629e-01	-4.72863e-01
1.88804e+00	7.71622e-01	2.87521e-01	-8.00044e-01
1.02630e-01	-3.47158e-01	1.20486e-01	-7.78745e-02
1.26674e-02	-7.18524e-01	1.18293e+00	6.49074e-01
9.03629e-02	6.01437e-02	3.69158e-01	-5.46713e-01
2.99087e-01	-3.51549e-01	5.04152e-01	-6.65848e-01
1.51930e-01	-8.57419e-01	8.17608e-01	-9.25265e-01
7.08697e-01	-6.69305e-01	1.48177e+00	-3.35232e-01
5.62244e-01	9.25303e-01	5.59429e-01	7.70045e-01
3.32532e-01	-7.59954e-01	9.60193e-01	-6.46557e-01
8.77228e-01	-6.52179e-01	2.70377e-02	-5.97740e-01
1.56727e+00	-4.08555e-01	1.66843e+00	-1.51931e-01
1.25909e+00	-6.86747e-01	7.62615e-01	8.19064e-02
1.45031e+00	1.14606e-01	7.61948e-01	7.21433e-01
1.86874e+00	-7.20310e-01	6.81720e-02	1.07558e-01
4.89327e-01	-9.24882e-02	5.56808e-01	-5.73865e-01
4.54684e-02	-9.61529e-01	1.17200e-01	5.65434e-01
2.51449e-01	-9.29010e-01	3.03489e-01	1.32936e-01
1.08443e+00	-6.25367e-01	1.69614e+00	1.45892e-01
5.38647e-01	-5.20703e-01	1.55601e+00	-2.12549e-01
6.46698e-02	7.37517e-01	1.91656e+00	-1.62471e-01
9.86791e-01	-2.96232e-01	1.37278e+00	1.43438e-01
7.45307e-02	-9.14156e-01	4.64725e-01	-6.37277e-01
4.15749e-01	-7.68969e-01	1.22967e-01	-2.65346e-01
1.27014e-01	-1.87915e-01	2.07232e-01	-8.98038e-01
1.64839e+00	-8.22009e-01	2.25779e-01	7.97059e-01
3.09333e-01	-7.73890e-01	1.35981e-01	3.77786e-02
1.00124e+00	-2.02731e-01	4.54246e-01	-7.98379e-01
8.63026e-01	1.42717e-02	1.51725e+00	4.10207e-01
1.27423e+00	-5.81763e-02	6.86882e-02	1.08210e-01
6.71441e-01	-6.36411e-01	3.91532e-01	6.84434e-01
1.31908e+00	6.63375e-01	1.88575e-01	2.72508e-02
1.34895e+00	2.26366e-01	4.25272e-01	-7.96683e-01
1.10973e+00	-7.44352e-01	6.50523e-01	1.59490e-02
1.67173e+00	-3.50458e-01	9.74493e-01	1.56700e-01
5.85775e-01	6.33687e-01	5.11193e-01	2.70286e-01
1.93528e+00	-2.19239e-01	2.38742e-01	-9.36656e-01
8.47343e-01	-4.73964e-01	1.15978e+00	3.93458e-01
5.80568e-01	-3.41211e-01	2.47275e-02	6.56444e-02
3.03255e-02	-9.93556e-01	7.26998e-01	-5.34993e-01
5.04079e-01	-7.51523e-02	1.13880e+00	2.07367e-01
1.20450e-02	-9.92769e-01	2.99709e-01	-5.30820e-01
1.58285e+00	-2.33075e-01	3.82854e-01	-9.87185e-01
1.93880e+00	3.19544e-01	8.60117e-02	-8.05783e-01
2.69960e-01	4.65620e-01	5.92810e-01	3.54831e-01
6.40637e-02	4.26041e-02	3.71043e-01	9.26087e-01
1.81066e+00	-5.51775e-01	4.70288e-01	5.90220e-01
5.44133e-02	-7.40168e-01	1.85702e+00	-4.02874e-01
1.12045e+00	2.80686e-01	1.90389e+00	7.57765e-01
2.55750e-04	-2.84703e-01	5.32070e-02	-9.38279e-01
8.98457e-01	2.63583e-01	6.64769e-01	-5.96392e-01
7.44603e-01	-3.08697e-01	1.13023e+00	-3.47443e-01
3.28203e-01	3.39411e-02	6.19478e-01	4.07576e-01
8.93283e-01	3.81685e-01	2.95577e-01	-5.42973e-01
8.80395e-01	-7.21225e-01	6.91738e-01	-8.40059e-01
1.96578e+00	1.97094e-01	8.55580e-01	-9.01337e-01
2.33091e-01	9.47754e-01	4.66345e-02	-2.81057e-01
1.82615e+00	-1.87691e-01	1.53121e+00	-2.56775e-01
1.30821e+00	-2.55948e-02	1.62910e-01	4.80813e-01
2.57607e-01	-6.33819e-01	4.79454e-01	3.35926e-01
4.07775e-01	-6.03998e-01	3.63757e-01	-2.38578e-01
1.62304e+00	-6.42168e-01	1.33462e-01	8.10793e-02
9.57487e-01	8.06927e-01	3.77713e-02	-6.94954e-01
1.27629e+00	-1.86041e-01	1.96623e+00	-5.09575e-02
8.50069e-01	-4.19956e-01	6.12665e-02	-7.74806e-01
1.60672e+00	7.61184e-01	1.84390e+00	-5.95327e-01
9.79872e-01	8.03743e-01	7.62746e-01	8.91666e-01
1.13806e+00	7.79547e-01	1.51919e+00	-8.57952e-01
1.55676e+00	-3.24516e-01	4.42382e-01	2.16976e-01
9.91449e-01	1.57025e-01	1.42646e+00	-8.87194e-01
1.70363e+00	4.84215e-01	1.95025e+00	5.38449e-01
3.82457e-01	-3.48102e-01	1.81936e+00	1.28305e-01
