# No. of particles = 100 
# Proton - Solar wind	Electron - Solar wind	
3.27893e-01	2.31591e-01	1.46832e+00	-2.57093e-01
6.38491e-01	2.46340e-01	6.58168e-01	-4.58061e-01
1.17997e+00	-4.23663e-02	3.48865e-01	-7.01439e-01
1.09390e-01	-8.45544e-01	2.44866e-01	-5.84651e-01
2.04857e-01	-4.52437e-01	5.76710e-01	1.84878e-01
4.95989e-01	-3.89617e-01	1.22643e+00	2.06070e-01
5.38704e-01	-3.01417e-01	9.98079e-01	-2.08344e-01
1.18506e+00	9.82392e-01	7.63300e-01	-9.36122e-01
2.06776e-01	-5.87607e-01	1.40618e-01	-8.80574e-01
5.23784e-02	-9.26303e-01	6.76828e-01	6.80973e-01
2.83632e-01	-7.26344e-01	5.29663e-02	7.56878e-01
7.75719e-01	-1.59212e-02	4.44535e-01	2.96768e-01
1.28731e+00	-1.86978e-01	1.45051e-02	-9.93345e-01
3.01579e-01	-3.47780e-01	9.27394e-01	5.99184e-04
6.42841e-01	-8.90498e-01	8.68423e-03	-9.92575e-01
2.70336e-02	-9.98354e-01	1.61352e-01	-8.30769e-01
1.34598e+00	-3.95548e-01	1.15746e+00	5.77483e-01
7.93503e-02	-6.71184e-01	1.11301e+00	2.76612e-01
5.03132e-01	-2.65911e-01	1.40959e+00	9.73346e-01
8.15837e-01	8.80450e-01	1.64459e-01	-7.19307e-01
8.63120e-01	4.32806e-01	9.61046e-01	8.93608e-01
5.08747e-01	6.24007e-01	1.56805e+00	-5.65877e-02
1.17906e+00	-2.25924e-01	5.11778e-01	4.63191e-01
3.02664e-01	5.50382e-01	1.30149e+00	-3.27274e-01
1.84294e+00	-1.75875e-01	1.91622e-01	-5.40837e-01
2.05317e-01	5.43652e-01	8.12326e-03	-5.22483e-01
1.10897e-01	-9.95827e-01	1.28377e+00	-8.12498e-01
2.79795e-01	-2.14956e-01	4.15088e-01	-9.93914e-01
1.43124e+00	5.20518e-02	1.91465e+00	-6.26986e-01
1.19086e+00	2.64104e-01	7.49376e-01	9.76663e-02
1.03280e+00	4.33657e-01	6.87378e-01	5.15382e-01
1.05125e+00	-9.07677e-01	8.77800e-01	7.27859e-01
1.64543e-01	-3.33946e-01	5.76945e-02	2.79440e-02
1.35573e+00	-6.06104e-01	1.83837e+00	6.68111e-01
1.21921e-01	-8.87588e-01	8.14396e-01	7.07924e-01
3.29775e-01	-9.21620e-01	1.14844e-01	9.96301e-02
7.03340e-02	-9.04625e-01	3.76968e-01	6.26016e-01
5.54589e-01	-8.73974e-01	1.79039e+00	1.48713e-01
3.81870e-01	4.53547e-01	4.09234e-01	-9.42085e-01
2.57295e-01	-9.16793e-01	1.86654e+00	-5.62760e-02
1.56407e-02	-9.00833e-01	1.91983e+00	-7.17874e-01
1.85731e+00	9.33114e-01	1.82977e+00	-3.01179e-01
1.15329e-01	-9.24212e-01	6.96092e-01	8.50015e-01
2.99488e-01	-7.21759e-01	2.97278e-01	-5.30037e-01
4.14670e-01	3.21237e-01	5.02967e-01	-4.61242e-01
7.19615e-01	-5.79266e-01	1.37132e+00	3.49904e-01
1.73476e+00	2.67948e-01	5.86870e-02	-9.50071e-01
8.50829e-01	-1.63820e-01	1.27188e+00	6.54823e-01
5.80082e-02	-7.45815e-01	2.62532e-01	-7.53389e-01
1.14063e-01	-6.99260e-01	6.26897e-01	6.27219e-01
5.89042e-01	-6.78389e-01	1.39825e+00	2.68438e-01
1.94686e+00	3.05659e-01	6.27666e-01	-3.20922e-01
1.68931e-01	-9.67386e-01	1.34934e-02	-9.72662e-01
5.09483e-02	7.87968e-01	5.99767e-02	-9.54306e-01
1.99950e-01	-8.25761e-01	3.90595e-01	1.72609e-01
1.83530e+00	-7.10313e-01	9.23238e-01	8.60664e-01
8.88041e-02	-5.61723e-01	6.88737e-01	-7.65625e-02
1.81905e+00	-4.03808e-01	1.72217e+00	-2.27425e-01
7.87756e-01	7.03073e-01	4.23624e-01	-6.22902e-01
4.16325e-02	-9.40247e-01	8.21671e-01	-8.98953e-01
3.61618e-02	-9.14938e-01	1.37969e+00	8.91611e-01
4.66812e-02	-5.43502e-01	8.94780e-01	2.62065e-01
3.55148e-01	-4.02803e-01	8.64752e-01	-4.11588e-01
8.82524e-01	2.66657e-01	6.03332e-01	2.77354e-01
5.96181e-01	6.71949e-01	1.68485e-01	-9.73043e-02
5.09519e-01	-6.97772e-01	8.88510e-01	-8.54264e-02
5.44991e-02	-9.71726e-01	1.21501e+00	5.02142e-01
7.94068e-01	6.28637e-01	4.42688e-02	1.48871e-01
9.28798e-01	6.40448e-01	4.67003e-01	-8.24513e-01
9.81176e-01	4.87737e-01	7.21818e-02	-2.12506e-01
2.54806e-02	-6.40292e-01	4.14413e-01	4.37245e-03
1.52874e+00	4.93438e-01	8.55562e-01	3.67204e-01
1.71546e-01	-7.05790e-01	5.77478e-01	1.75205e-01
3.27512e-01	-3.63511e-01	4.75477e-02	-7.80448e-01
5.69125e-01	-5.13214e-01	6.46353e-01	-3.87154e-01
1.03704e-02	1.31617e-01	1.59863e-01	5.06790e-02
6.98106e-01	7.66720e-01	1.84093e+00	4.69751e-02
2.67997e-01	-6.65122e-01	1.48487e+00	-7.17587e-01
3.06026e-01	-5.63107e-01	1.50474e+00	1.83889e-01
1.09203e+00	2.85476e-01	1.90176e+00	3.12604e-01
1.05490e+00	-8.01490e-02	3.89764e-01	3.26645e-01
1.24968e+00	4.67798e-01	1.57559e+00	1.26248e-02
1.10532e+00	2.09184e-01	7.75944e-03	-6.94365e-01
5.73995e-02	3.14903e-02	1.84231e-01	-1.20243e-01
1.26589e-01	1.58079e-01	5.96168e-01	8.36179e-01
2.65404e-01	9.06183e-02	2.53299e-01	-7.52842e-01
3.69257e-01	-4.42095e-01	1.60197e+00	1.74918e-01
1.41981e+00	-4.21343e-01	2.71166e-01	3.49751e-01
6.37977e-01	-5.56534e-01	4.58075e-01	3.86855e-01
3.38177e-01	7.72881e-01	2.08909e-01	-4.50726e-01
1.31094e-01	-6.71992e-01	2.48864e-02	8.42228e-01
9.25844e-03	-9.83790e-01	1.05065e+00	-6.56580e-01
6.04663e-01	1.76793e-01	8.66065e-01	6.67574e-01
2.75356e-01	-6.72189e-01	5.72881e-01	-2.64015e-02
7.61937e-01	-4.13400e-02	1.47951e-01	-6.99138e-01
1.38659e+00	3.72482e-01	1.45399e+00	-7.27822e-01
1.54327e+00	7.61365e-01	1.85137e-01	-1.54794e-01
4.37473e-01	1.36586e-03	1.82164e-01	-8.84055e-02
1.73693e+00	6.76517e-01	3.25990e-01	4.59148e-01
4.58693e-01	-8.88602e-01	1.50628e+00	-4.99606e-02
