# No. of particles = 100 
# Proton - Solar wind	Electron - Solar wind	
1.18056e-01	-4.57463e-01	6.84982e-01	-8.03027e-01
1.03957e+00	7.32892e-01	1.30786e+00	1.86544e-01
1.60977e-01	-8.78434e-01	3.42679e-02	2.83647e-01
1.45349e-01	-3.81220e-01	2.07443e-01	-7.92012e-01
3.88548e-01	4.61345e-01	6.15719e-01	-9.69048e-01
6.33909e-01	1.74397e-01	1.37049e+00	-7.37451e-01
1.10894e+00	1.44449e-02	1.03029e+00	1.62084e-01
1.51152e+00	8.62857e-01	2.58569e-01	-1.24865e-01
3.28054e-01	-8.77139e-01	7.00473e-01	7.77094e-01
1.20651e-01	-7.33048e-01	1.55946e-01	-6.35306e-01
9.83636e-01	3.63975e-01	2.17643e-01	-4.54427e-01
1.20829e-01	-8.52363e-01	2.60055e-02	-9.93410e-01
6.05891e-01	-6.30964e-01	9.00225e-01	-5.70001e-01
8.03642e-01	2.03027e-01	1.53791e-01	-8.93504e-01
2.78443e-01	-9.76045e-02	9.26036e-01	-7.61153e-01
3.27975e-01	-7.94565e-01	1.73530e+00	-7.36034e-01
1.97555e+00	3.63331e-01	1.12381e+00	-8.09679e-01
3.13489e-02	3.01752e-01	5.31228e-01	-1.37478e-01
8.41354e-01	2.85026e-01	1.52006e-01	-5.16245e-01
3.10479e-01	-3.92649e-01	1.75730e+00	-7.87908e-01
9.93471e-02	-9.30599e-01	5.54166e-01	-8.96735e-01
2.88372e-01	-6.75070e-01	3.02681e-01	-6.58334e-01
1.63768e+00	1.94520e-02	7.48224e-01	-4.84970e-01
1.60746e-01	-1.73692e-01	4.87031e-01	6.68583e-01
1.20628e+00	-7.54750e-01	1.45473e+00	-4.90080e-02
2.23910e-01	-3.63897e-01	1.76912e+00	7.77217e-02
4.17603e-02	-6.88618e-01	1.65898e-01	-8.58590e-01
1.47929e+00	3.34863e-01	1.56893e+00	-4.87972e-01
1.10534e+00	-6.11783e-01	3.59057e-01	-4.93749e-01
1.33734e+00	-4.50592e-01	3.59648e-01	-9.48339e-01
8.97384e-01	5.50558e-01	1.56829e+00	-8.26151e-01
1.12601e+00	-6.11081e-01	1.27396e+00	4.26960e-01
5.06874e-01	2.82866e-01	1.91670e-01	-7.39141e-01
3.05140e-01	-2.82501e-01	1.47797e+00	-2.34961e-01
1.86476e+00	5.89030e-01	6.72182e-01	4.10038e-01
1.02999e+00	-2.64794e-01	1.76918e+00	8.43571e-01
5.85003e-01	-8.42165e-01	1.45699e+00	2.67116e-01
2.67326e-01	5.51107e-01	1.78802e+00	-9.75175e-01
3.11776e-01	5.35367e-01	5.33514e-01	-9.37430e-01
5.53217e-01	-2.56833e-01	1.50364e-01	-9.23098e-01
9.52635e-01	-6.93645e-01	2.16206e-01	-4.28094e-01
1.05239e+00	-7.20514e-01	9.28868e-01	-2.73106e-01
7.68363e-01	8.50068e-01	6.24115e-01	-5.30488e-01
5.43801e-01	8.05653e-01	1.85508e+00	8.83869e-02
2.38077e-01	-1.23208e-02	1.50557e+00	1.76547e-01
6.98463e-01	-5.36792e-01	1.53970e+00	3.90793e-01
8.73805e-01	-3.63432e-01	3.58449e-01	9.64128e-01
1.38911e+00	-4.93717e-01	9.99382e-01	-4.00240e-01
1.38270e+00	8.11063e-01	1.67167e-01	-7.56188e-01
1.57528e+00	-7.91261e-02	7.64083e-01	-4.64156e-01
5.72240e-01	6.90102e-01	2.43655e-01	1.73519e-01
6.81544e-01	-5.36760e-01	6.09424e-01	2.29828e-01
9.02000e-01	5.37166e-01	6.17428e-01	6.00349e-02
7.44236e-01	1.17846e-01	1.76987e+00	-6.92849e-01
8.35894e-01	-1.30622e-02	7.09787e-01	4.57232e-02
1.55664e+00	-4.08758e-01	1.50245e+00	8.65049e-02
1.39097e+00	-8.61155e-02	1.62001e-01	-5.63577e-01
1.55650e+00	-3.82935e-03	1.94801e+00	-2.43678e-01
1.17564e-01	2.31209e-01	1.14382e+00	4.61404e-01
1.91664e-01	-8.46845e-01	9.15434e-01	-4.62407e-01
2.54983e-02	-4.78631e-01	8.00067e-01	-8.74281e-02
4.38467e-02	-9.55675e-01	1.06298e+00	-4.40737e-01
1.10009e+00	-2.20142e-01	6.05176e-03	-1.05675e-01
8.44400e-01	-2.02290e-01	4.42822e-02	-9.21493e-01
8.86582e-01	-7.85250e-01	1.50803e+00	1.84150e-02
2.48179e-01	-1.76440e-01	5.22635e-01	6.09673e-02
2.89933e-01	5.64131e-01	1.88870e+00	1.95666e-02
6.44627e-02	-7.34749e-01	1.68474e+00	-4.91540e-01
3.96690e-01	-2.88233e-01	6.79148e-01	-2.03599e-01
1.16725e+00	4.75444e-01	1.22054e+00	7.07078e-01
3.46472e-01	-2.82776e-02	1.45828e+00	-5.10365e-01
1.89652e+00	6.25186e-01	1.69822e+00	-4.74160e-01
1.20780e+00	2.98193e-01	3.69715e-01	4.45704e-01
1.07119e-01	-8.17081e-01	1.79162e-02	-9.46796e-01
3.46703e-01	-7.45368e-01	9.12972e-01	-6.98462e-01
4.50073e-02	-7.44651e-02	6.02551e-02	-9.84527e-01
2.67027e-02	-2.10821e-01	5.73919e-01	-2.60431e-01
1.74061e+00	-9.13851e-02	1.55953e-01	-9.56516e-01
1.42521e+00	6.13992e-01	6.34040e-01	-6.40186e-01
4.43440e-01	5.59777e-02	5.82446e-01	-4.17299e-01
2.77933e-01	-8.91095e-01	3.50594e-01	-5.12765e-01
1.94475e+00	-1.29951e-01	2.64906e-02	-9.40343e-01
4.08280e-01	-5.61277e-01	1.16470e+00	-4.26525e-01
3.57024e-01	-3.95545e-01	6.20070e-01	3.99686e-02
8.13575e-03	6.64938e-01	1.28386e+00	5.16729e-01
1.26217e-01	-4.15317e-01	9.17804e-01	-1.75562e-01
1.60351e-01	-7.28146e-01	1.72186e+00	3.38982e-01
1.25336e-01	5.85427e-01	4.75538e-01	6.69015e-01
1.71152e-01	-2.62093e-01	4.51494e-02	8.54639e-01
9.38132e-01	-8.21806e-01	4.81464e-01	-8.16113e-01
7.59966e-02	-9.04021e-01	4.28179e-01	-4.34606e-01
7.18450e-01	4.83703e-01	1.94864e+00	1.21425e-01
3.24504e-01	-4.07490e-01	1.94280e+00	9.85924e-01
8.46135e-01	3.54179e-02	5.94377e-01	4.66194e-01
1.39487e-01	7.28499e-01	3.73987e-01	-5.27489e-01
1.12125e+00	6.26849e-01	4.41552e-01	-2.16402e-02
1.33713e+00	6.23959e-01	1.63720e-01	-9.21907e-01
8.79366e-01	-5.78650e-01	2.29483e-01	1.63756e-01
6.55659e-01	1.98454e-01	7.18888e-02	8.08671e-01
4.34278e-01	-9.53308e-01	6.57745e-01	-5.89046e-01
