# No. of particles = 100 
# Proton - Solar wind	Electron - Solar wind	
9.89586e-01	2.64419e+00	1.76950e+00	-2.10829e+00
8.90280e+00	-4.93111e+00	1.71069e+00	-2.43695e-01
4.68138e-01	-9.39868e-01	1.97984e+00	-1.28836e-01
5.26697e+00	4.90568e+00	1.54377e+00	2.73069e+00
2.18462e-01	-2.16263e+00	4.70528e+00	-3.79114e+00
8.11935e-02	-3.41756e-01	9.24340e-01	-4.77335e+00
1.15458e-01	-1.14197e-01	9.98080e+00	-4.84001e+00
1.12767e-01	2.87929e+00	6.60043e+00	1.64990e+00
5.17731e-02	-3.11233e+00	4.32649e+00	2.07590e+00
9.23886e+00	4.99969e+00	5.91573e+00	-3.92061e+00
1.97654e-02	4.00972e+00	4.87279e+00	-2.97677e+00
2.13163e-03	4.27171e-01	7.15600e+00	-2.88282e-01
9.72789e+00	1.08411e+00	3.73168e-01	4.72824e+00
7.43931e+00	-3.53983e+00	5.57547e+00	2.35348e+00
7.41462e+00	-3.92068e-01	8.88418e+00	3.47991e+00
9.69413e+00	-2.64749e+00	5.47054e+00	-2.00788e+00
8.27488e+00	-3.40582e+00	1.95908e+00	8.94785e-04
9.93735e+00	2.07482e+00	8.83328e+00	-3.57640e+00
9.24227e+00	-2.25764e+00	9.80523e+00	-1.94894e+00
6.86172e+00	-5.57666e-02	7.32325e+00	4.43948e+00
9.89553e+00	2.10849e+00	9.76115e+00	1.40586e+00
9.74912e+00	1.78517e+00	9.15691e+00	-3.72546e+00
8.86784e+00	1.49657e+00	8.64279e+00	3.86500e+00
7.19839e+00	-2.52358e+00	5.24041e+00	2.61954e+00
9.12654e+00	2.87401e+00	4.82996e+00	-2.25223e+00
9.94457e+00	3.67927e-01	5.77543e+00	4.36284e+00
8.15926e+00	2.50797e-01	2.44028e+00	4.34140e+00
9.52542e+00	2.29834e+00	8.99103e+00	-3.58872e+00
8.31882e+00	-1.54386e+00	8.21153e+00	3.65229e-01
7.87141e+00	-4.75835e+00	8.37699e+00	3.92119e+00
9.81581e+00	1.00545e+00	9.06884e-01	4.09264e-02
7.12655e+00	-1.14547e+00	2.68898e+00	7.17508e-01
7.47346e+00	-1.44043e+00	7.73688e+00	2.70263e+00
9.72358e+00	-3.68385e-01	6.51496e+00	-7.39251e-01
8.20206e+00	-4.03069e+00	7.44401e+00	1.42119e-01
6.24944e+00	1.84319e+00	8.27715e+00	1.82710e+00
8.01917e+00	1.44752e+00	8.93188e+00	5.16601e-01
9.42767e+00	9.23534e-01	1.01021e+00	-2.35017e+00
8.18968e+00	3.60539e+00	4.89567e+00	-4.27740e+00
7.91666e+00	-4.25557e+00	2.98855e+00	1.40933e+00
9.88427e+00	-4.08036e+00	7.62392e+00	-2.66465e-01
9.98641e+00	-6.69874e-01	4.09234e+00	1.71941e+00
7.19617e+00	-2.32365e+00	4.87437e+00	-2.58602e+00
8.99641e+00	-1.81115e+00	6.99537e+00	2.53713e+00
7.94862e+00	7.32307e-01	9.77104e+00	-1.60062e+00
9.73434e+00	-3.39103e+00	8.57515e+00	-1.34862e+00
6.41527e+00	-2.72420e+00	5.90185e+00	-1.31121e+00
8.60899e+00	1.88491e+00	9.93792e+00	-3.61498e+00
9.48365e+00	-1.73628e+00	3.32373e+00	-2.27062e+00
7.80324e+00	-8.35158e-01	7.64715e+00	4.32458e-01
9.70378e+00	2.74405e+00	2.73380e+00	4.20855e+00
9.38146e+00	4.12268e+00	1.17942e+00	2.94245e+00
8.31292e+00	-7.33581e-01	2.48198e+00	2.62038e+00
8.13865e+00	-8.05538e-02	6.19188e+00	3.72589e+00
9.53742e+00	5.56278e-01	5.29541e+00	-3.81341e+00
9.27104e+00	6.41032e-01	1.42543e+00	2.79280e+00
9.23033e+00	-4.61244e+00	6.76835e+00	-1.18087e+00
9.81230e+00	-1.46842e+00	9.97744e+00	1.37070e+00
6.74683e+00	5.21530e-01	9.00053e+00	3.40342e-01
9.42333e+00	1.46622e+00	8.20536e+00	4.97990e+00
9.19666e+00	-1.61055e+00	8.53078e+00	-3.22476e+00
7.96713e+00	9.63813e-01	3.57696e+00	2.41631e+00
9.73369e+00	2.94871e+00	3.42932e+00	2.26007e+00
9.56314e+00	-2.11588e+00	6.65935e+00	-2.74988e+00
9.46488e+00	-2.50226e+00	1.23568e+00	4.82851e+00
6.16978e+00	-1.68857e-01	8.96788e+00	4.34081e+00
7.62650e+00	1.84463e+00	6.91807e+00	-2.31261e+00
8.34205e+00	-4.61978e+00	4.16432e+00	-2.95801e+00
9.90001e+00	-3.75865e+00	6.38577e+00	5.26917e-01
6.94904e+00	-2.79155e+00	1.34735e+00	-4.39115e+00
9.91352e+00	1.95140e+00	3.79621e+00	-3.00689e+00
9.38654e+00	4.26110e+00	4.23431e+00	1.89205e+00
6.97599e+00	-3.74875e-01	4.82680e+00	1.61321e+00
9.45947e+00	4.07806e+00	7.64652e+00	-3.70251e+00
6.49298e+00	1.56792e+00	7.40988e+00	-4.53189e+00
9.09556e+00	1.81849e-01	6.23577e+00	1.40966e+00
9.04600e+00	-8.68784e-01	6.46183e+00	8.94851e-01
9.90687e+00	1.94903e+00	8.67472e+00	-1.26659e+00
6.02646e+00	-1.39184e+00	1.69059e+00	-1.71868e+00
8.67955e+00	-4.81626e+00	6.28374e+00	-1.64571e+00
9.63408e+00	-7.76400e-01	3.34937e+00	4.07556e+00
9.32596e+00	-1.26128e+00	5.27346e+00	-5.53169e-01
9.59826e+00	4.21390e+00	6.55876e+00	4.81417e+00
8.97384e+00	-4.26025e+00	4.78643e+00	-6.42935e-01
9.44871e+00	-3.14177e-01	4.39527e+00	3.03567e-01
8.89635e+00	4.61889e+00	7.51095e+00	-3.64600e+00
7.71582e+00	-3.90354e+00	9.50256e+00	-2.45378e+00
9.21794e+00	1.30898e+00	6.87193e+00	4.27800e-01
9.54232e+00	1.50344e+00	9.80536e+00	4.97838e+00
6.43421e+00	3.57218e+00	7.45948e-01	2.25768e+00
9.98407e+00	3.93044e+00	5.77756e+00	-2.10932e+00
7.96861e+00	1.99163e+00	8.17568e+00	-3.03575e+00
8.41037e+00	-2.41596e+00	6.68080e+00	1.07596e+00
5.93291e+00	-2.83875e+00	8.74176e+00	-3.29235e-01
9.60110e+00	-8.86113e-01	3.91945e+00	-1.26670e+00
7.89558e+00	-1.63341e+00	8.47135e+00	-2.38004e+00
6.56349e+00	4.40093e+00	5.11479e+00	8.81090e-01
8.57182e+00	-5.94867e-01	7.28475e+00	1.78482e+00
8.48485e+00	4.93569e+00	4.28431e+00	-2.01987e+00
9.47079e+00	4.86905e-01	8.00945e+00	4.53706e+00
