# No. of particles = 100 
# Proton - Solar wind	Electron - Solar wind	
1.17938e+00	6.27797e-01	1.80802e+00	-7.60253e-01
3.12419e-01	-6.70682e-01	4.72019e-01	-5.04407e-01
2.73026e-02	-9.77313e-01	8.35231e-01	-3.96078e-01
9.28158e-01	-4.14926e-01	1.17320e-01	-9.78241e-01
6.76039e-01	-6.25858e-01	6.02367e-01	-9.89454e-01
8.92450e-02	-7.93897e-01	7.12926e-01	-2.63989e-01
1.54576e-01	-9.56515e-01	1.94168e+00	3.13797e-01
4.39457e-02	-9.10526e-01	9.32457e-01	-5.32020e-01
3.53655e-01	-9.56959e-01	1.24624e+00	-9.23153e-02
1.40444e-01	-9.44836e-01	4.14664e-01	-6.71401e-01
5.41114e-01	8.20247e-01	5.46062e-01	-7.86593e-01
1.30901e+00	7.07204e-01	4.05801e-01	-6.05982e-01
1.84769e+00	1.66678e-01	1.18727e-01	-8.32445e-01
4.35813e-01	-4.95908e-01	5.48778e-01	8.45305e-01
1.48103e+00	-7.83031e-01	8.11014e-01	-1.30671e-01
2.98525e-01	-7.39416e-01	9.65591e-01	6.52578e-01
1.85732e+00	-2.98104e-01	1.55182e-01	-8.02739e-01
1.81161e-01	-3.25191e-02	2.65091e-01	-7.13712e-01
8.05571e-01	-7.35792e-01	1.21275e+00	2.00795e-01
5.42687e-02	-9.33214e-01	7.17340e-02	-5.74182e-01
1.16416e+00	-4.50397e-01	1.11465e+00	2.66064e-01
1.31619e-01	-6.97716e-01	7.19136e-01	-6.77382e-02
3.72117e-01	-8.91043e-01	1.12641e+00	-2.08355e-01
2.77142e-01	-7.16557e-01	1.68007e+00	2.82246e-01
7.83958e-01	-7.10274e-01	9.82574e-01	-3.23011e-01
6.02394e-01	-3.86349e-01	1.81704e+00	-6.28317e-01
7.08717e-01	5.84835e-01	7.96157e-01	-4.17781e-01
7.60717e-01	2.37076e-01	9.44960e-01	-9.96337e-01
3.79378e-01	-9.28676e-01	1.11505e+00	-4.45828e-01
2.20967e-01	-5.83250e-01	4.97200e-01	-3.53011e-01
2.91494e-01	-6.66442e-01	1.44770e+00	-6.55184e-01
5.64556e-02	-9.82464e-01	6.86263e-01	-9.32138e-01
3.21735e-01	-3.18880e-01	1.76227e-01	-6.44167e-01
2.71156e-01	6.99001e-01	6.05424e-01	-4.41704e-01
3.45749e-01	-2.74822e-01	5.64737e-01	-5.07277e-01
8.97783e-01	-8.22170e-01	7.84809e-02	-4.86225e-01
6.16696e-01	6.60937e-01	7.67425e-01	-1.81837e-02
1.51259e+00	-6.94822e-01	1.13597e+00	-9.74797e-01
1.38998e+00	-7.84417e-01	1.12097e+00	3.43127e-01
1.84217e+00	3.78078e-01	8.62992e-02	-4.27654e-01
1.94374e-01	-9.58148e-01	1.76551e+00	1.93477e-01
1.00965e+00	7.59429e-01	6.65781e-01	-1.27362e-01
6.76897e-01	-2.69490e-03	1.59025e+00	-2.30289e-01
6.11199e-01	-2.65020e-01	6.81424e-01	6.36395e-01
1.45264e+00	7.53377e-01	1.83162e-01	-9.71946e-01
2.87195e-01	-8.30868e-01	4.90313e-03	-9.74094e-01
1.90044e-01	-7.07780e-01	1.29470e+00	-9.35361e-01
1.05499e-01	-8.97581e-01	1.03335e+00	-4.33175e-01
3.09472e-01	4.10945e-01	1.47206e+00	4.47856e-01
1.79622e-02	-2.53607e-01	1.56628e+00	6.14179e-01
1.64291e+00	-1.16284e-02	1.58548e+00	6.39907e-03
3.72862e-01	-2.12322e-01	7.40901e-01	5.85056e-03
7.85569e-02	-8.44885e-01	1.03297e+00	-3.41474e-01
2.66353e-01	-6.01428e-01	1.55512e+00	-8.33417e-01
2.93232e-01	-4.50819e-01	3.95010e-01	7.11422e-02
1.76424e+00	-9.35665e-01	9.34791e-01	1.76031e-01
2.06571e-01	8.18537e-01	2.72555e-01	-2.48602e-01
3.40843e-01	-8.99269e-01	5.60718e-01	-4.12107e-01
4.95113e-02	-9.95144e-01	7.60946e-01	8.82004e-01
7.71864e-01	-1.36463e-01	6.67210e-01	-8.67529e-02
5.72292e-01	-3.20851e-01	3.45673e-02	-7.81195e-01
1.82956e+00	2.22941e-01	1.30453e+00	5.10747e-01
9.01980e-01	8.03751e-01	3.39161e-01	-9.52070e-01
3.07906e-02	-8.37120e-01	9.42048e-01	7.99623e-02
7.39777e-02	-5.80332e-01	9.43420e-01	-7.65791e-01
9.84013e-01	-4.66601e-01	1.68895e+00	5.36782e-01
1.70298e+00	6.84953e-01	1.76618e+00	8.79105e-01
8.62305e-01	5.70852e-01	4.80721e-01	-5.63900e-01
6.97986e-01	1.76079e-01	7.95267e-01	1.07816e-01
1.69289e+00	2.19727e-01	1.74906e+00	-9.48031e-02
7.77243e-01	3.19155e-01	6.88828e-01	1.86410e-01
1.40485e+00	-2.27846e-01	4.00803e-02	-7.55989e-01
5.94267e-01	1.95258e-01	1.75835e+00	-2.93263e-01
7.50946e-02	7.02815e-02	5.66679e-01	4.95688e-01
7.11860e-01	-3.71288e-01	7.39981e-01	2.57767e-02
1.62490e-01	3.06448e-01	6.33643e-02	7.68185e-01
3.78590e-01	-2.60667e-01	1.98557e+00	-4.44173e-02
1.01142e-01	-4.74779e-01	3.50526e-02	-9.96507e-01
1.26550e+00	8.67515e-01	1.54460e+00	4.51585e-01
1.35420e-01	-5.35897e-01	2.47685e-01	-5.72854e-01
4.13080e-02	-9.52068e-01	1.02022e+00	-2.65559e-01
6.94630e-01	9.47534e-01	1.69603e+00	-8.21730e-01
1.64692e+00	8.41432e-01	2.37278e-01	-7.11549e-02
4.70057e-01	-8.92680e-01	7.04752e-01	-3.95390e-01
2.10570e-01	-4.30449e-01	4.33791e-01	-3.59155e-02
3.69387e-01	5.03484e-01	1.85898e+00	8.12258e-01
5.02218e-01	-2.23751e-01	1.30688e+00	-6.45840e-01
1.69463e+00	-7.78682e-01	1.45925e-01	-7.95145e-01
8.76340e-01	-5.90219e-01	1.30032e+00	-3.85161e-01
7.41648e-01	-9.41057e-01	1.41750e+00	-3.29575e-01
1.77511e-01	-4.88597e-01	1.10427e+00	-5.66585e-02
7.15234e-02	-9.57193e-01	1.29457e+00	1.80393e-01
8.07864e-01	6.69203e-01	6.01351e-01	-7.31109e-01
6.30351e-01	3.75296e-02	1.52018e+00	1.50784e-02
1.98942e+00	2.84518e-01	9.28074e-01	2.56643e-01
1.11278e+00	4.82222e-01	5.67287e-01	7.22739e-01
1.01538e-01	1.60009e-01	4.91888e-01	-3.66420e-01
2.58507e-02	-9.80053e-01	1.72801e+00	9.82289e-01
1.30969e-01	-4.26194e-01	2.79199e-01	-4.25637e-01
6.47961e-02	1.58373e-01	1.95160e+00	5.74967e-02
