# No. of particles = 100 
# Proton - Solar wind	Electron - Solar wind	
9.77492e-01	-2.46472e+00	9.86091e-01	-1.46838e+00
2.14808e-01	-2.10824e+00	8.39915e-01	-9.21996e-01
1.37391e+00	-2.17846e+00	9.84104e-01	6.48846e-01
1.09575e+00	-2.49911e+00	1.90545e-01	-2.12784e+00
9.66336e-01	-2.23695e+00	1.67067e+00	-4.20159e-01
3.87751e-01	-2.41117e+00	1.39849e+00	-1.50356e+00
4.27549e-01	-2.35976e+00	2.00321e+00	-1.47050e-01
2.05886e-01	-2.47913e+00	1.80214e+00	1.21674e+00
6.60900e-01	-2.40140e+00	7.38409e-01	-1.08783e+00
1.78638e+00	-2.16113e-02	2.64071e-01	-9.58690e-01
2.28760e+00	-2.05791e+00	1.86434e+00	-1.37936e-01
1.56884e-02	-2.26962e+00	7.14953e-01	-1.96205e+00
5.45220e-01	-2.35724e+00	1.32759e+00	1.22746e+00
1.80032e+00	-2.44440e+00	4.47921e-02	-2.25126e+00
1.94560e+00	-2.18116e+00	2.19038e+00	1.09983e+00
7.71349e-01	-2.23044e+00	1.96064e-01	-4.93588e-01
1.80555e+00	-2.26933e+00	1.33010e+00	-4.75794e-01
1.35398e+00	-6.26520e-01	1.83075e+00	-1.02171e+00
5.92618e-01	-2.21807e+00	8.57520e-02	-2.37378e+00
2.40235e-01	-2.26458e+00	2.03371e+00	1.77116e+00
8.19569e-01	-2.35637e+00	1.39234e+00	-1.49656e+00
8.75075e-01	-2.12859e+00	4.78401e-01	8.14481e-01
6.57372e-01	-1.57553e+00	1.23186e+00	2.19169e+00
3.21217e-01	-2.28205e+00	3.75471e-01	-4.34903e-01
8.66585e-01	-2.18401e-01	2.13096e+00	1.08470e+00
2.26388e+00	-2.38331e+00	9.20994e-01	2.41669e+00
1.00940e+00	-2.28961e+00	6.41405e-01	-6.68174e-01
2.20396e+00	-1.77075e+00	7.34901e-01	-2.21250e+00
1.37411e+00	4.53752e-01	1.58170e+00	9.34423e-01
4.34345e-01	-2.37840e+00	1.32715e+00	1.08771e+00
5.46243e-01	-2.37853e+00	7.13987e-02	-1.08448e+00
7.04670e-02	-2.37714e+00	1.58515e+00	4.41616e-02
1.11681e+00	-2.12468e+00	1.37376e+00	6.66576e-01
1.61568e+00	-1.61257e+00	1.19488e+00	-2.30986e+00
3.98358e-01	-2.33042e+00	5.30920e-01	-2.21130e+00
4.56576e-01	-1.03786e+00	3.88597e-01	-2.40428e+00
2.05158e+00	-1.99107e+00	2.24195e+00	1.35096e-01
8.18929e-01	-2.48311e+00	6.99193e-01	-1.90565e-01
1.10289e+00	-2.19199e+00	5.21817e-01	-1.76718e+00
2.96414e-01	-2.38148e+00	1.98417e-02	-2.42164e+00
1.50478e+00	-1.35805e+00	2.45725e+00	-1.09192e+00
1.12794e+00	-2.44831e+00	1.56958e+00	-1.66447e+00
7.03139e-01	-2.26404e+00	1.51329e+00	-1.96106e+00
1.23105e+00	-5.63727e-01	1.52950e+00	2.68488e-01
4.87047e-02	-2.37120e+00	1.68323e+00	-1.91267e-01
1.25976e+00	-6.76314e-02	5.10048e-01	1.47765e+00
1.15690e+00	-9.05625e-01	7.74910e-02	-1.37403e+00
1.45455e+00	-3.37007e-01	3.90562e-01	-7.28291e-01
1.10640e+00	-2.42080e+00	1.87718e+00	1.82715e+00
5.40972e-01	8.35475e-01	7.23279e-01	-2.53845e-01
2.25332e+00	4.09792e-01	1.18159e-02	-2.11403e+00
1.81521e+00	5.24011e-01	5.14612e-01	-2.45144e+00
5.77702e-01	-4.53110e-01	8.84731e-01	2.33232e+00
1.48127e+00	1.47402e+00	2.20119e+00	1.68126e+00
2.00138e+00	-1.31257e+00	4.71578e-01	-2.92720e-01
1.23097e+00	-6.11191e-01	6.27179e-01	-2.16345e+00
5.65569e-01	4.84725e-01	9.07801e-02	-4.15988e-01
2.14976e+00	-1.03772e-01	1.64647e+00	-1.12452e+00
4.68999e-01	2.29656e-01	6.77078e-01	-5.71850e-01
1.86567e+00	-2.30040e+00	1.09226e+00	-1.44411e+00
2.36481e-01	-2.49196e+00	1.83526e+00	-1.34011e+00
2.07935e-01	9.32547e-01	1.65635e+00	-9.09012e-01
1.64399e+00	-2.40786e+00	1.23588e+00	-3.11232e-01
1.83639e+00	-2.41710e+00	3.46148e-01	8.59324e-01
3.58256e-02	3.50385e-01	1.90557e+00	-1.41374e+00
2.06776e+00	-1.87537e+00	6.31387e-02	-8.89711e-01
1.92028e+00	-2.15167e+00	9.86780e-03	-2.48413e+00
1.39708e+00	-8.19927e-01	2.00046e+00	-1.92452e+00
1.92207e+00	-1.53774e+00	5.78619e-01	-2.11298e+00
2.24700e-01	1.46156e-01	9.15373e-01	-2.37660e+00
8.01248e-01	-8.65752e-01	6.49014e-01	-2.36371e+00
5.49296e-01	-2.41072e+00	3.91464e-01	-1.04062e+00
4.96124e-01	-2.37603e+00	2.88848e-01	-2.13027e+00
1.74681e+00	-2.49657e+00	7.21309e-01	-1.82100e+00
2.01982e+00	-2.33104e+00	2.06937e+00	1.61669e+00
1.42249e+00	-2.08390e+00	1.21689e-01	-2.25668e+00
2.02695e+00	4.00749e-01	7.30263e-01	1.98929e-01
8.41346e-01	-2.42148e+00	1.98853e+00	2.55462e-02
2.35934e+00	9.56611e-02	6.00171e-01	5.43765e-01
2.04415e+00	-2.19825e+00	6.58988e-02	-2.38288e+00
2.34257e+00	-1.51461e+00	2.23416e+00	1.05334e+00
6.89014e-01	6.52272e-01	5.60402e-01	-2.21112e+00
1.69151e+00	5.12287e-01	2.35304e+00	1.24167e-01
2.26233e+00	1.35230e+00	9.79655e-01	-4.85445e-01
1.63218e-01	-2.37463e+00	2.09213e+00	-1.23029e+00
1.15659e+00	5.96544e-01	8.93191e-01	-1.89447e+00
1.13485e+00	-2.46664e+00	2.94453e-01	-2.12781e+00
1.46801e+00	-5.89651e-01	1.33217e+00	-2.12556e+00
9.64824e-01	-2.27838e+00	3.66826e-01	-2.30163e+00
3.45838e-01	-2.26405e+00	2.22449e+00	8.61973e-01
2.49361e+00	-1.83551e+00	1.11897e+00	-1.36680e-01
1.12056e+00	-2.03004e+00	1.23289e+00	6.64059e-01
7.99235e-01	-2.76287e-01	2.44743e+00	-8.62697e-01
1.14616e+00	-2.40248e+00	2.17853e+00	-2.39754e+00
2.33327e+00	-5.73389e-01	1.76347e+00	-1.49929e+00
1.55572e+00	-1.21494e+00	1.86593e+00	1.02044e+00
2.01953e+00	-2.44106e+00	7.69836e-01	-2.20930e+00
1.61882e+00	3.79428e-02	2.58729e-01	-4.31734e-01
1.91619e+00	4.77561e-01	1.65585e+00	-8.48700e-01
1.29866e+00	5.85160e-01	1.97156e+00	-3.39464e-01
