# No. of particles = 100 
# Proton - Solar wind	Electron - Solar wind	
2.28992e+00	-2.33841e+00	1.21141e+00	-2.30315e+00
9.27821e-02	-2.34939e+00	4.02522e-01	-1.23745e+00
3.03882e-02	-2.48579e+00	3.29657e-01	-2.25212e+00
3.59272e-01	-2.13719e+00	1.60745e+00	-1.23977e+00
2.31974e+00	-1.69118e+00	5.71450e-01	-2.10161e+00
1.01508e+00	-2.29156e+00	1.64476e+00	-1.26614e-01
9.59088e-01	-2.13494e+00	2.08614e+00	-2.49674e+00
4.79731e-01	-6.97710e-01	2.46729e+00	2.14923e-01
1.37475e+00	-2.13766e+00	1.89876e+00	-2.03305e-01
1.84779e+00	-1.70357e+00	4.63343e-01	-1.01887e+00
6.42280e-01	-2.26705e+00	1.07621e+00	-2.19002e+00
1.93476e+00	-2.05468e+00	2.26599e+00	1.42638e+00
5.58770e-01	-1.93963e+00	1.47222e+00	-7.39632e-01
2.43962e+00	-1.92047e+00	6.84500e-01	1.17059e+00
2.09946e-01	-2.26190e+00	2.45891e+00	1.16314e-01
2.03561e+00	-2.46713e+00	2.33444e+00	-1.84413e+00
1.32168e+00	-2.30519e+00	2.48397e+00	1.46340e+00
8.31570e-01	-2.43200e+00	7.57627e-01	-2.04098e+00
2.19357e+00	-1.68585e-01	1.10318e+00	-1.03060e+00
2.32921e+00	5.54635e-01	1.06974e-01	-2.07875e+00
2.60115e-01	-2.31899e+00	4.34017e-01	2.31706e+00
1.08040e+00	-2.20507e+00	1.60983e+00	-1.98309e+00
5.46565e-01	-2.12195e+00	1.01028e-02	2.41545e+00
1.56970e-01	-2.45257e+00	1.85567e+00	-5.87914e-01
2.41559e-01	-2.27783e+00	2.82079e-01	-2.04040e-01
1.57242e+00	4.02373e-01	1.89942e+00	1.16263e+00
3.11796e-01	-2.28730e+00	3.62077e-01	-2.94540e-02
1.95601e+00	-2.24302e+00	2.04918e+00	1.03129e-01
7.60975e-01	-2.39131e+00	1.69636e+00	2.41969e+00
6.88441e-01	-2.32273e+00	1.00287e+00	-1.98030e+00
1.59044e+00	-2.05200e+00	1.04890e+00	-2.32695e+00
2.47975e+00	-1.09904e+00	1.82015e+00	-1.12789e+00
4.22357e-01	-4.61197e-01	1.56043e+00	1.01479e+00
1.44874e+00	-2.38208e+00	3.86878e-01	4.60721e-01
1.96009e-01	-2.45961e+00	1.75267e+00	8.65221e-01
1.95683e+00	-1.82700e+00	4.55166e-01	-1.98702e+00
1.00554e+00	-2.32896e+00	2.44921e+00	4.82163e-01
1.03596e+00	-2.24002e+00	1.75350e+00	-2.09562e+00
9.80201e-01	-2.42680e+00	4.20295e-01	1.21629e+00
2.38825e+00	-2.36609e+00	1.30996e+00	-1.83023e-01
5.33593e-01	-2.28338e+00	1.63438e-01	-2.37636e+00
1.11715e+00	-2.27400e+00	2.27456e+00	2.32290e+00
2.28431e+00	-2.44063e+00	5.87049e-01	-1.61463e+00
1.59952e+00	-6.88893e-01	1.95086e-01	-2.27471e+00
2.05128e+00	-2.18258e+00	9.91387e-01	1.66630e+00
1.59093e-03	-2.48272e+00	3.29895e-01	1.50872e+00
2.26305e+00	-2.15917e+00	1.10164e+00	-1.19182e-01
2.48188e-01	6.68656e-01	1.97875e+00	1.37369e+00
1.22418e+00	-2.21260e+00	9.03475e-01	-9.20039e-01
1.68831e+00	-2.47919e+00	1.97809e+00	1.90169e+00
1.19153e+00	6.38001e-01	7.99261e-01	-2.25712e+00
2.45124e+00	-2.38517e+00	2.26702e-01	-2.08100e+00
5.50964e-01	-2.47347e+00	1.91473e+00	-2.37143e+00
2.22040e+00	-2.18563e+00	2.35091e+00	1.51011e+00
1.26264e+00	-2.29878e+00	2.04224e+00	-2.41642e+00
2.20132e+00	-2.35110e+00	8.43957e-01	-1.00150e+00
1.04716e-02	-1.24523e+00	6.00793e-01	-2.28537e+00
2.09713e+00	-4.50018e-01	6.62938e-01	-1.40036e+00
1.99056e+00	-1.22501e+00	1.08757e+00	-1.72709e+00
1.48987e+00	6.50577e-01	9.05906e-01	7.35637e-01
5.74436e-01	-2.18040e+00	2.12067e+00	-1.30714e+00
2.49320e+00	-2.19707e+00	1.12527e+00	8.95552e-01
1.52691e+00	-2.49439e+00	1.21703e+00	-2.43243e+00
3.36362e-01	-9.78313e-01	4.04236e-01	-2.00352e+00
7.67696e-01	-2.13811e+00	2.27384e+00	5.90918e-01
1.10022e-02	3.28097e-01	2.48444e+00	5.13681e-01
1.42009e+00	-2.43765e+00	3.97736e-01	7.00981e-01
1.60813e+00	-2.32218e+00	7.83579e-01	1.93821e-01
1.76398e+00	-1.60047e+00	1.79593e+00	1.18967e+00
5.06460e-01	-2.16883e+00	1.72746e+00	1.05432e+00
4.75663e-01	-2.44938e+00	1.71653e-01	1.84199e+00
1.79057e+00	8.70843e-01	2.28801e+00	1.44321e+00
3.40079e-01	4.62139e-01	1.02355e-01	-2.14900e+00
1.77694e+00	-1.43498e-01	2.11810e+00	-2.22151e+00
8.81615e-01	-2.40309e+00	1.48089e+00	-1.23360e-01
1.85762e+00	-1.39364e+00	3.32585e-01	-2.21145e+00
1.67802e+00	-8.28339e-01	5.55214e-01	-4.66362e-01
3.57858e-01	6.48748e-01	1.55090e+00	-1.93543e+00
3.14435e-01	-2.41854e+00	1.15853e+00	-6.44238e-01
4.80081e-01	1.18320e+00	2.19717e+00	6.88092e-01
7.48242e-01	-3.51187e-01	4.93723e-01	-2.20262e+00
1.53419e+00	1.00023e+00	5.29195e-01	2.28968e+00
8.49462e-01	-8.56405e-01	5.97870e-01	5.15949e-03
9.23859e-02	-2.35825e+00	2.41935e+00	-5.20387e-01
2.02875e+00	-2.01878e+00	4.27863e-01	-2.06420e+00
7.52550e-01	-1.85837e-01	1.98402e-01	-4.48457e-01
2.19983e+00	1.08118e-01	9.97949e-01	1.73260e+00
1.17933e+00	-2.42143e+00	1.95649e+00	-1.24049e+00
5.39802e-01	-1.27533e-01	2.42025e+00	-6.14000e-01
1.23201e+00	2.93417e-01	1.83079e+00	-2.01454e+00
8.59882e-01	1.08488e-01	1.51145e+00	-2.10475e+00
1.60852e-01	-2.47156e+00	4.40187e-01	3.31997e-01
1.15347e+00	1.70980e+00	6.66852e-01	-2.10474e+00
9.09446e-02	-7.37169e-02	1.43592e+00	-1.05795e+00
6.55737e-01	-2.46310e+00	2.49379e+00	6.40786e-01
2.20788e+00	8.31896e-01	3.38581e-02	6.12410e-01
1.51108e+00	-2.15690e-01	6.51387e-01	-2.17210e+00
4.01728e-01	-2.46584e+00	1.73229e+00	6.26581e-02
1.95111e+00	2.73651e-01	2.04393e+00	-6.31018e-01
4.19818e-01	-3.92702e-01	5.56842e-01	1.15559e+00
