# No. of particles = 100 
# Proton - Solar wind	Electron - Solar wind	
8.56903e-01	-2.45003e+00	2.25797e+00	-2.76833e-01
1.97418e+00	-9.75140e-01	1.75427e-03	-2.37486e+00
1.38240e-01	-2.46407e+00	1.12596e-01	-2.19623e+00
2.34401e+00	-2.37396e+00	1.26541e+00	-1.08071e+00
2.82369e-01	-2.49301e+00	1.40734e+00	-1.98834e+00
1.61107e+00	-1.97837e+00	1.88004e+00	8.81499e-01
1.36631e+00	-2.13300e+00	4.65075e-01	-2.21941e+00
2.11427e+00	-2.29238e+00	1.89160e+00	-8.02778e-01
9.37113e-01	-2.26608e+00	1.73706e+00	-2.14874e+00
8.47370e-01	-2.24228e+00	5.02061e-01	6.32805e-01
2.42580e+00	-2.01764e+00	1.79713e+00	-2.09877e+00
2.20469e+00	-2.18688e+00	1.48545e+00	7.96238e-01
2.32777e-01	-2.25644e+00	1.32467e+00	1.48549e+00
7.92503e-02	-2.35859e+00	6.41377e-01	1.42904e+00
1.99789e+00	-2.12867e+00	1.56330e+00	-6.38284e-01
1.10851e-01	-2.42672e+00	1.06046e+00	-5.61727e-01
1.93564e+00	-2.27438e+00	2.20061e+00	1.80651e+00
1.05650e+00	-1.19235e+00	1.56994e-01	1.24776e+00
2.07418e+00	-1.92830e+00	3.62793e-01	-2.37658e+00
2.41456e+00	-1.98338e+00	1.07261e+00	-6.27067e-01
6.55457e-01	-2.28726e+00	1.86240e+00	-1.91427e+00
4.99798e-02	-2.46757e+00	2.15815e-01	-2.15732e+00
3.81923e-01	-2.38060e+00	8.09305e-01	-2.21215e+00
2.17258e-01	-2.44514e+00	1.73588e+00	-1.44248e+00
4.77845e-01	-2.23310e+00	2.48793e-01	-2.08654e+00
1.92264e+00	-2.22765e+00	1.02436e-01	5.42248e-01
9.39519e-01	-2.30778e+00	4.17957e-01	1.95373e+00
2.11913e-01	2.78101e-01	3.53966e-01	-2.24324e+00
9.91363e-01	-2.16250e+00	1.08367e+00	5.19316e-01
5.62288e-02	-2.23639e+00	2.17400e-01	7.49213e-01
5.05834e-01	-2.47399e+00	6.45966e-01	1.02710e+00
1.82337e+00	-2.10540e+00	8.83474e-01	-1.54083e+00
2.04497e-01	-2.41480e+00	1.43019e-02	4.18799e-01
1.45831e+00	-2.22979e+00	1.52578e+00	1.58867e+00
1.76975e-03	-2.32888e+00	7.65172e-01	-1.39935e+00
5.11303e-01	-2.20867e+00	2.31846e-01	2.33065e+00
1.91644e+00	-2.05305e+00	7.85702e-01	-1.44655e+00
2.00186e+00	1.73594e-01	5.23407e-01	-5.31552e-01
1.25221e+00	-1.09889e+00	1.17377e+00	-1.85250e+00
2.41296e+00	-2.39566e+00	2.38468e+00	2.87760e-01
1.08189e+00	-2.24566e+00	2.24442e-01	1.05402e-01
1.77247e+00	-2.38358e+00	2.24507e+00	-1.37242e+00
2.06822e-01	-2.32897e+00	2.17175e+00	2.28381e+00
1.09372e+00	-1.61796e+00	5.01509e-01	9.20945e-01
8.44597e-02	-2.27707e+00	5.82170e-01	-6.03116e-01
1.24780e+00	1.77478e-01	4.44967e-02	-2.34828e+00
3.14668e-01	-2.13987e+00	1.59624e+00	5.34044e-01
1.64416e+00	-2.38500e+00	4.38954e-02	-2.14817e+00
8.23882e-01	-2.40040e+00	2.07727e+00	-2.35196e+00
1.15946e+00	-2.25777e+00	1.86408e-01	-2.45825e+00
1.75469e+00	-2.38145e+00	1.57262e-01	2.30780e+00
1.33502e+00	-1.86285e+00	1.12283e+00	4.17414e-01
2.02812e-02	-2.33896e+00	5.64166e-01	-2.10120e+00
4.47412e-01	-2.44261e+00	1.94051e-01	-3.66311e-01
1.53611e+00	-2.22194e+00	1.86186e+00	-2.20673e+00
1.11811e+00	3.56505e-01	1.65891e+00	-2.42733e+00
1.48505e+00	1.23379e-02	9.63614e-01	6.06535e-01
1.94781e+00	-2.47702e+00	1.73833e+00	-1.90929e+00
9.36032e-01	-1.20540e-01	3.59106e-01	-1.83103e-01
1.60246e+00	-2.28195e+00	2.24092e+00	5.99939e-02
1.94067e+00	-2.96382e-01	1.80251e+00	-1.52061e+00
9.10726e-01	-2.99074e-02	2.65264e-01	-7.48973e-01
1.58106e+00	-2.01834e+00	2.27501e+00	7.19001e-01
7.11751e-01	5.37555e-01	9.27022e-01	9.09976e-01
2.11656e+00	-1.21151e+00	2.22391e+00	-2.43130e+00
2.37584e+00	-2.50634e-01	7.83174e-01	-1.47666e+00
1.69872e+00	-1.20652e+00	8.91940e-02	-2.44515e+00
2.16964e+00	-1.26038e+00	8.40719e-01	-1.67253e+00
1.64414e+00	2.98400e-01	1.36888e-01	-2.37290e+00
7.97042e-02	1.74856e-01	2.00101e+00	7.11592e-01
7.09007e-01	4.59351e-01	1.79314e+00	-5.75235e-01
1.59030e+00	-5.05184e-01	1.15005e-01	-1.06948e+00
3.38944e-01	-2.44398e+00	1.19299e+00	-1.58767e+00
2.98700e-01	-2.34801e+00	1.99996e-01	3.05653e-01
1.57310e+00	-5.07067e-01	2.29015e+00	-1.74170e+00
3.97371e-01	-1.91931e+00	5.78418e-01	5.63576e-01
2.44420e+00	9.59162e-03	5.02299e-01	-2.30903e+00
5.16625e-01	-2.41689e+00	7.07967e-01	-2.02267e+00
1.77726e+00	2.96012e-01	1.62355e+00	-1.11338e+00
1.60852e+00	1.71516e+00	1.00310e+00	-2.09535e-01
1.84458e+00	-7.43186e-01	1.11532e+00	-1.29756e+00
2.61457e-01	-2.48873e+00	7.69179e-01	1.70527e+00
1.13309e+00	1.60036e+00	2.18783e+00	-2.08427e+00
3.77281e-01	-9.32717e-02	7.18370e-01	1.19646e+00
2.47224e-01	-2.27467e+00	7.83596e-01	7.36116e-01
8.33382e-01	-2.48556e+00	6.61926e-01	1.95402e+00
1.88892e+00	-2.07862e+00	2.46692e+00	-5.27805e-01
9.08637e-01	-1.39260e-01	6.39520e-01	-2.38077e+00
6.74881e-01	-2.34821e+00	7.41575e-01	-1.58323e+00
2.46415e+00	-2.16543e+00	2.34927e+00	1.52770e+00
2.27844e+00	6.23991e-01	1.60979e-01	1.85824e+00
7.49956e-01	-4.74201e-01	1.62776e+00	8.57217e-01
2.39808e+00	-1.46513e-01	4.96786e-02	-2.35893e+00
3.40178e-01	4.88235e-01	1.84114e-01	1.60539e+00
1.32793e+00	1.07414e+00	4.78366e-01	-5.74763e-01
5.07696e-01	-2.30169e+00	2.35555e-01	-2.22784e+00
1.65316e+00	-2.37157e+00	2.24697e+00	-9.57674e-01
4.46756e-01	2.15575e-01	2.49747e+00	1.03994e+00
1.74831e+00	1.00531e+00	1.98886e+00	1.20617e+00
3.07904e-01	1.51091e+00	5.06124e-01	-4.44849e-03
