# No. of particles = 100 
# Proton - Solar wind	Electron - Solar wind	
3.19658e-01	4.72690e-01	5.53201e-01	-4.95116e-01
2.80673e-01	-4.09658e-01	1.21990e+00	6.54977e-01
3.90085e-01	-6.87916e-01	9.28756e-01	5.49284e-01
2.56373e-01	7.22933e-01	9.26436e-01	-5.87653e-01
1.68509e-01	-8.89844e-01	5.42461e-02	-7.85099e-01
1.08851e-01	-7.83896e-01	1.81968e-01	-9.25129e-01
1.94585e+00	8.31050e-01	1.13622e+00	8.68825e-01
1.71068e-01	-8.11687e-01	3.30009e-01	2.63290e-01
1.37133e+00	-4.60072e-01	3.04425e-01	-9.97262e-01
2.48387e-01	-3.34232e-01	5.19644e-01	-2.74465e-01
1.10462e+00	5.44040e-01	3.09382e-01	-6.95138e-01
2.67108e-01	-6.61330e-01	1.80356e-01	-9.02125e-01
7.61323e-01	-5.30453e-01	2.74393e-01	-6.72413e-01
1.26717e+00	9.02351e-01	1.14987e+00	-5.34217e-01
4.02137e-01	5.45342e-01	4.94150e-02	-9.71317e-01
1.67769e+00	-4.09343e-02	2.69291e-01	-8.70722e-01
6.54856e-02	-4.80653e-01	1.94411e-01	-8.62535e-01
4.14016e-01	-7.48220e-01	4.22512e-01	-5.53613e-01
1.08816e+00	6.69716e-01	1.40590e+00	5.20175e-02
5.38101e-01	3.47390e-02	1.05657e+00	8.32318e-01
2.70332e-01	-6.19286e-01	1.35236e+00	-1.84173e-01
6.12651e-01	-1.86356e-01	9.24864e-01	-4.46475e-01
1.02514e-01	-2.13210e-01	6.70484e-01	-3.92216e-01
1.89070e-01	-1.02929e-02	4.09047e-01	-1.53501e-01
3.24162e-02	-9.85220e-01	6.08099e-01	-6.02744e-01
3.61444e-01	4.56762e-02	7.97186e-01	6.87840e-01
1.00622e-01	-6.73188e-02	1.32190e+00	9.11183e-01
1.64226e+00	4.75032e-01	6.49829e-01	-9.76685e-01
2.22133e-01	-9.18033e-01	9.49378e-01	2.01417e-01
1.94267e+00	-1.99284e-01	6.42689e-01	-9.19129e-01
7.95249e-01	-4.61620e-01	1.65360e+00	-7.97521e-02
1.66807e+00	-2.71987e-01	1.02689e+00	8.12318e-01
1.09428e-01	-8.66232e-01	8.58608e-01	6.06730e-01
6.90055e-01	7.64150e-01	1.43380e+00	3.94499e-01
9.11557e-01	-3.95055e-01	1.36775e-01	-9.14355e-01
1.43582e+00	4.19854e-02	1.44148e+00	2.29220e-01
1.13064e+00	-6.99345e-01	1.46883e+00	-3.30560e-01
4.30569e-01	7.45219e-01	4.02171e-02	-9.78813e-01
3.84776e-01	9.25211e-01	7.07637e-01	3.62815e-01
9.50118e-01	2.60089e-01	6.85284e-01	-6.99730e-01
3.13808e-01	-5.88795e-01	1.10588e-01	6.07824e-02
1.94467e+00	-4.97760e-01	2.05233e-02	-9.12864e-01
9.77275e-02	-8.64174e-01	3.19283e-01	-3.30166e-01
1.81713e-01	-3.35199e-01	1.87117e+00	2.78180e-01
4.02924e-02	-9.21285e-01	1.32207e+00	-6.81908e-01
1.44233e+00	3.54321e-03	1.07434e-01	7.34851e-01
1.06693e+00	-2.19525e-01	1.12480e+00	-2.03195e-01
1.91234e+00	-7.50593e-01	1.29648e-01	-7.80124e-01
3.15698e-01	-6.69950e-01	1.49397e+00	1.18151e-01
3.88578e-01	8.86391e-02	2.14926e-01	-1.25484e-01
6.63419e-01	4.53199e-01	1.83190e+00	-1.59369e-01
9.67465e-01	-3.44516e-01	2.60881e-01	5.14415e-01
1.27808e+00	6.79776e-01	1.33048e+00	-5.40095e-02
9.47060e-01	4.22605e-01	1.04409e+00	5.98587e-01
1.03614e+00	2.28539e-01	1.42167e+00	-5.22817e-01
5.73738e-02	-7.53770e-02	3.49036e-01	4.89342e-02
1.62423e-01	-9.98997e-01	1.96471e+00	-6.15051e-02
3.33699e-01	-2.80139e-01	1.91723e-01	7.77721e-01
1.70623e-01	8.14361e-01	1.37265e+00	-2.28443e-01
6.00840e-01	-3.73369e-01	1.57036e+00	5.70401e-01
8.28848e-02	-5.83543e-01	1.50976e+00	1.58007e-01
5.95907e-01	-3.43828e-01	9.48251e-01	-6.81213e-01
1.58500e+00	1.24458e-01	7.80167e-01	7.09988e-01
1.47596e+00	3.93005e-01	1.83919e+00	-1.74639e-01
1.27920e+00	-6.86075e-01	6.18158e-01	6.89298e-01
3.41668e-02	-9.70145e-01	1.17454e+00	2.42801e-01
1.47170e+00	-2.66328e-01	1.63710e-01	5.20831e-01
3.40602e-01	4.71132e-01	3.50839e-01	1.85884e-01
5.16300e-01	-7.87093e-02	1.15061e+00	-1.64395e-01
1.47721e+00	8.97363e-01	1.59461e-02	-9.95868e-01
4.60308e-01	3.09162e-01	1.68022e+00	-3.48042e-01
2.73742e-01	4.73221e-02	9.00146e-01	-1.31652e-01
1.57743e+00	6.92142e-01	1.53148e+00	1.53851e-01
3.70008e-01	3.57632e-01	5.80068e-01	-8.76751e-01
3.95663e-01	-6.94957e-01	1.38416e-01	3.61666e-01
2.89727e-01	-9.67487e-01	1.24592e+00	-7.22523e-01
2.98874e-01	-5.93461e-01	1.68297e+00	1.01134e-01
1.27906e+00	-2.09218e-01	5.36587e-01	2.97785e-01
1.60864e+00	6.83944e-01	2.98338e-01	-9.07390e-01
2.83669e-01	-7.06407e-01	7.94281e-04	-6.22384e-01
1.17824e+00	-2.74845e-01	8.03883e-02	-8.12323e-01
1.79021e+00	6.94904e-03	4.96869e-01	-7.46053e-01
5.68770e-01	-3.85915e-01	1.21070e+00	4.75105e-01
7.86518e-01	3.22498e-01	1.85478e+00	-1.96510e-02
1.85843e-01	-6.55037e-01	1.90913e+00	-4.50123e-01
1.55089e-01	-3.00586e-01	6.06658e-01	2.66927e-01
2.04668e-01	-6.64257e-01	4.43753e-01	-3.81342e-02
5.54234e-02	-9.94795e-01	8.37619e-01	8.05048e-01
6.82527e-01	-1.16592e-01	2.82495e-01	8.76901e-01
1.43706e+00	-7.20290e-01	1.07132e+00	-1.92122e-01
8.52110e-02	-8.52817e-01	3.11274e-02	-5.64779e-01
8.15730e-01	6.70057e-01	1.91381e+00	-3.11820e-01
3.86639e-01	-2.75650e-01	1.68152e+00	9.86341e-01
1.12608e+00	3.77969e-01	1.64262e+00	-1.25269e-02
5.25603e-02	-8.70515e-01	1.26281e+00	6.35405e-01
1.25551e+00	8.28854e-01	6.31003e-01	8.14682e-01
3.52121e-01	-7.50813e-01	3.88871e-03	2.17437e-01
1.52214e+00	-2.60731e-01	1.98726e-01	8.65470e-01
9.01058e-01	3.05880e-01	3.88787e-01	3.60580e-01
1.60585e+00	-8.50211e-01	5.69010e-01	-3.05182e-01
