# No. of particles = 100 
# Proton - Solar wind	Electron - Solar wind	
1.65414e+00	-2.21815e+00	2.41228e+00	4.60676e-01
6.58034e-01	-2.33645e+00	1.14269e+00	-2.42606e+00
1.84306e+00	-2.42313e+00	2.23715e-01	-9.81077e-01
1.32965e+00	-2.26786e+00	1.56742e+00	-2.31739e+00
6.57445e-01	-2.39493e+00	2.93876e-01	-2.18312e+00
1.61267e+00	-2.20984e+00	8.24538e-01	-2.11419e+00
8.68897e-01	-2.28435e+00	1.77815e+00	-1.43841e+00
1.05037e+00	-2.45657e+00	6.42465e-01	-2.02907e+00
1.15854e+00	-2.34868e+00	1.09155e+00	1.70149e+00
2.26217e+00	-2.41633e+00	4.06515e-02	-2.45275e+00
2.45623e-02	-2.41495e+00	1.27150e+00	1.96163e+00
5.51865e-01	-2.22132e+00	6.89463e-02	1.97613e+00
1.89906e+00	-1.99797e+00	1.38090e+00	-1.63249e+00
1.88337e+00	-1.68190e+00	1.46664e+00	2.06332e+00
1.67596e+00	-1.91156e+00	5.46521e-01	2.14934e+00
1.37214e+00	-1.96994e+00	9.78793e-03	-2.42040e+00
1.61715e+00	-2.30008e+00	4.80996e-01	-2.45850e+00
1.69659e+00	-2.30043e+00	1.14133e+00	-1.74597e-01
1.24159e+00	-2.33156e+00	9.19768e-01	2.38579e+00
1.22415e+00	-2.04805e+00	4.16652e-01	-2.15447e+00
1.20471e+00	-2.60587e-01	6.23620e-01	-2.05150e+00
2.08578e+00	-2.29732e+00	5.07672e-01	-9.48933e-01
1.14688e+00	-5.25876e-01	2.10030e+00	-2.05502e+00
4.93473e-01	-2.37473e+00	1.53453e+00	-6.21605e-01
1.33118e+00	-2.26297e+00	1.08910e+00	-3.80199e-01
2.43769e+00	-2.24405e+00	1.65490e-01	-1.80248e+00
4.81075e-01	-2.41915e+00	9.78439e-02	2.05833e+00
8.44694e-01	-1.44630e+00	6.92610e-01	-1.25353e+00
1.94541e+00	-2.23259e+00	4.49659e-01	5.22315e-01
1.88994e+00	-2.36447e-01	1.33746e+00	-8.72220e-01
5.67218e-02	-2.37006e+00	2.41335e-01	-2.42161e+00
1.76796e-01	-2.49988e+00	8.95093e-02	-2.16530e+00
1.21858e+00	6.42252e-01	2.01916e+00	-1.89444e+00
3.34660e-02	-1.48401e+00	2.37055e+00	3.72847e-01
1.18464e+00	-2.15726e+00	1.68742e+00	1.34706e+00
7.07979e-01	-1.05663e+00	8.83126e-01	8.41976e-01
2.08258e+00	-2.25652e+00	1.69476e-01	-8.17187e-01
6.02907e-01	-2.42513e+00	6.59368e-01	6.90359e-01
1.35891e+00	-2.54847e-01	9.63816e-01	-4.02323e-02
9.47340e-01	-2.17400e+00	2.12905e+00	-5.09418e-01
9.92172e-01	-2.45829e+00	1.39795e+00	5.04000e-01
4.84185e-01	-2.45479e+00	9.35445e-01	-1.93864e+00
1.56189e+00	-2.42864e+00	1.21612e-01	-8.77649e-01
1.38806e+00	-2.02290e+00	2.49455e+00	-3.44023e-01
2.41751e+00	-2.21121e+00	5.43772e-01	-1.95643e+00
1.70887e+00	-2.16295e+00	1.22931e+00	1.18904e+00
4.33627e-01	-2.42746e+00	1.04093e+00	1.31770e+00
2.00893e+00	-2.08849e+00	4.59351e-01	-1.40252e+00
4.64745e-01	-2.38910e+00	7.78557e-01	2.97207e-01
1.46608e+00	-2.42379e+00	9.46112e-01	6.90962e-01
4.67680e-02	7.24170e-01	8.52031e-01	8.51731e-01
1.17564e+00	-2.48587e+00	1.31524e+00	-1.93128e+00
1.51679e+00	-2.44314e+00	2.11302e+00	1.06183e+00
2.84728e-01	3.92847e-01	1.90118e+00	-2.36987e+00
2.03349e+00	-1.74611e+00	2.09652e+00	-5.33614e-01
9.79312e-01	-2.26327e+00	1.86807e+00	-1.23473e-01
1.81040e+00	-2.28512e+00	1.14077e+00	1.07202e-04
2.04528e+00	2.90774e-01	1.98732e+00	2.87613e-01
1.49109e+00	-7.32076e-01	5.80853e-01	9.96725e-01
1.76380e+00	-1.86745e+00	2.07155e+00	-1.27829e+00
1.54315e+00	1.37040e-01	1.44743e+00	1.21964e+00
3.58844e-01	-2.44358e+00	8.48123e-02	-2.40697e+00
1.89663e+00	1.97835e-01	1.90849e+00	-3.95411e-01
2.00540e+00	3.36398e-01	3.64078e-01	-5.64948e-01
4.97205e-01	4.87497e-01	1.18087e+00	-1.85316e+00
2.77333e-01	-2.46852e+00	9.47976e-01	-3.04267e-01
2.04489e+00	3.45446e-01	3.31031e-01	-2.29072e+00
6.71824e-01	-4.06444e-01	2.19140e-01	-2.28036e+00
2.22727e+00	-1.86679e+00	2.23843e+00	-2.20660e+00
3.71908e-01	-2.38441e+00	7.60956e-01	1.59817e+00
1.64202e+00	1.31440e-01	9.17339e-01	1.01479e+00
1.08463e+00	5.49191e-01	1.46271e+00	-7.16351e-01
8.29747e-01	-2.30851e+00	1.18060e-01	-1.09309e+00
2.22258e+00	1.81604e-01	2.41664e+00	-9.64926e-01
2.35588e+00	-2.01487e+00	6.44616e-01	-1.11285e+00
2.02866e-01	-2.40941e+00	1.55168e+00	1.11139e-01
2.07249e+00	-2.44744e+00	1.77177e+00	-8.05725e-01
1.28977e+00	-2.57135e-01	1.36880e+00	-1.64609e+00
1.96374e-01	1.52243e-01	9.66309e-01	-1.42990e+00
1.58374e-01	-2.40685e+00	7.57266e-01	6.70140e-01
6.05485e-01	-1.16412e+00	4.76428e-01	-3.48502e-01
8.97621e-01	4.16626e-01	1.31991e+00	-2.14822e+00
2.36144e-01	-2.40413e-01	1.55047e+00	-1.47717e-01
2.25187e+00	-3.09865e-01	1.92891e+00	-1.63322e+00
3.60813e-01	1.27552e-01	7.76352e-01	-1.54206e+00
1.51262e+00	1.20869e+00	1.98300e+00	-1.55651e+00
8.17190e-01	-2.03222e+00	3.15977e-02	-5.64052e-01
1.01617e+00	-2.39560e+00	6.09747e-03	-2.05392e+00
1.05714e+00	-2.36398e+00	1.56704e+00	2.14701e+00
9.99809e-01	-2.29462e+00	9.50289e-01	6.50245e-01
3.92806e-01	-2.34876e+00	2.08077e+00	1.43790e+00
2.01852e+00	-1.39941e+00	1.57404e+00	1.42075e+00
1.40343e+00	7.05728e-01	4.10114e-02	-2.26499e+00
7.89660e-01	7.16841e-01	7.83451e-02	-1.49280e+00
8.48779e-01	-2.48179e+00	2.86643e-02	-2.48896e+00
3.76398e-01	-2.02533e+00	1.50222e+00	-2.44076e+00
1.92464e-01	-2.30808e+00	2.39165e+00	-1.38439e+00
2.20768e+00	-1.83946e+00	2.49598e+00	-6.35563e-01
1.85701e+00	-2.44455e+00	1.32114e+00	-2.46415e+00
1.40765e+00	-8.58150e-01	2.13415e+00	1.04656e+00
