# No. of particles = 100 
# Proton - Solar wind	Electron - Solar wind	
1.80475e+00	-4.74614e+00	3.16079e+00	-8.48089e-01
2.84167e+00	-4.77783e+00	1.49312e+00	1.13458e+00
4.05496e+00	-4.68041e+00	7.49784e+00	7.64522e-01
6.76240e+00	-4.82494e+00	2.87663e+00	-4.76060e-02
6.45252e-01	-4.72731e+00	3.45042e-01	-4.73440e+00
4.72877e-01	-4.64743e+00	7.34246e+00	-6.15910e-01
4.54603e-01	-4.20772e+00	1.55515e+00	-4.55166e+00
5.08128e-01	-4.26986e+00	8.23384e+00	4.42845e+00
4.89160e-01	-4.12421e+00	6.25756e+00	-1.07081e-01
4.99116e-01	-3.99174e+00	4.64717e+00	3.17864e+00
4.27499e-01	-3.88293e+00	8.63272e+00	-4.06206e+00
5.01581e-01	-3.36509e+00	6.01944e+00	-2.75455e+00
5.76623e-01	-3.27820e+00	5.00925e+00	1.95491e-01
3.74188e-01	-3.18643e+00	9.42777e+00	-1.66615e+00
5.32772e-01	-3.14308e+00	3.29311e+00	-1.55759e+00
4.24304e-01	-2.90077e+00	5.07052e+00	2.75549e+00
5.46749e-01	-2.96179e+00	2.89706e+00	-1.51116e+00
4.72043e-01	-2.66300e+00	1.73952e+00	4.82099e+00
4.49731e-01	-2.43209e+00	7.22160e+00	3.14195e-01
4.94784e-01	-2.40058e+00	2.91184e+00	-2.38865e+00
4.31707e-01	-1.47569e+00	2.12758e+00	8.09345e-01
3.81458e-01	-2.01967e+00	4.45829e+00	1.63596e-01
4.62120e-01	-1.73207e+00	2.78311e+00	-1.08475e-01
6.26117e-01	-1.52251e+00	4.42322e+00	-2.80250e-01
6.94437e-01	-1.44162e+00	6.58168e+00	2.80065e+00
5.26305e-01	-7.89286e-01	1.13040e+00	1.26133e+00
4.13856e-01	-8.64832e-01	6.13239e+00	2.47439e+00
4.93239e-01	-3.55643e-01	3.49739e+00	3.67299e+00
3.74983e-01	-3.00382e-01	4.62637e+00	4.66570e+00
5.06669e-01	1.41389e-01	3.64134e+00	4.12828e+00
5.14282e-01	-2.00525e-01	3.33043e+00	2.68901e+00
4.49244e-01	9.80613e-01	3.84651e+00	1.92403e+00
4.50469e-01	7.81598e-01	5.41541e+00	-6.28617e-01
5.75181e-01	1.29153e+00	1.39054e+00	-4.14230e+00
4.53876e-01	1.18335e+00	9.36390e+00	-3.75319e+00
5.80913e-01	1.06131e+00	5.26062e+00	-1.07315e+00
5.05035e-01	1.10613e+00	3.48496e+00	2.52640e+00
7.16160e-01	1.21987e+00	5.88696e+00	2.40816e+00
5.08403e-01	1.29534e+00	5.88534e+00	2.88102e+00
4.57716e-01	1.76177e+00	4.31813e+00	-4.60447e+00
5.44367e-01	2.11295e+00	3.38782e+00	2.01726e+00
5.78009e-01	2.48983e+00	6.30767e+00	3.51796e+00
5.84108e-01	3.69146e+00	9.51802e+00	3.18117e+00
6.26442e-01	3.89117e+00	4.16431e+00	2.04994e+00
4.62024e-01	4.07998e+00	1.07277e+00	-1.01333e+00
6.31284e-01	3.83786e+00	4.15393e+00	-5.88470e-02
4.83263e-01	4.17091e+00	5.27258e+00	-3.91103e+00
6.01830e-01	4.58758e+00	6.97162e+00	-2.01236e+00
2.30622e+00	4.76586e+00	5.30169e+00	7.38753e-01
4.54510e+00	4.77716e+00	2.70597e+00	3.67474e+00
9.20092e+00	4.81859e+00	4.66898e+00	-6.86678e-01
9.56594e+00	4.78655e+00	7.85697e+00	-1.07260e+00
4.22240e-01	-4.93237e+00	6.48014e+00	-3.34165e+00
1.77045e+00	-4.74899e+00	5.08045e+00	2.09614e+00
2.37973e+00	-4.95104e+00	1.71293e+00	1.26087e+00
2.70276e+00	-4.93053e+00	5.27876e+00	4.25445e+00
2.87552e+00	-4.91128e+00	6.40803e+00	-2.53569e+00
2.83529e+00	-4.89965e+00	3.88525e+00	-3.51934e+00
4.29471e+00	-4.80196e+00	6.31115e+00	1.00712e+00
4.63509e-01	-4.81838e+00	4.51826e+00	-1.91560e-02
4.28449e-01	-4.44442e+00	3.35298e+00	-2.25467e+00
6.69145e-01	-4.35653e+00	7.35648e+00	-3.32571e+00
5.45243e-01	-4.37089e+00	4.27207e+00	3.62796e+00
4.69737e-01	-4.21782e+00	5.81956e+00	-8.20429e-01
4.27251e-01	-3.85623e+00	3.77245e+00	-1.39267e+00
4.57881e-01	-4.03975e+00	4.45913e+00	1.81736e+00
5.36195e-01	-3.59543e+00	5.57055e+00	2.20254e+00
5.65516e-01	-3.83804e+00	3.16329e+00	-2.46761e+00
5.50731e-01	-3.79450e+00	3.07959e+00	-8.26330e-02
5.22289e-01	-3.51622e+00	1.68283e+00	-1.16505e+00
5.99102e-01	-3.40177e+00	8.08730e+00	-1.81226e-01
5.00197e-01	-3.25250e+00	5.27680e+00	-2.81494e-01
4.50536e-01	-2.98425e+00	2.22060e+00	2.50380e+00
5.69257e-01	-2.89978e+00	6.09265e+00	-3.98061e+00
2.93147e-01	-2.55781e+00	7.05009e+00	1.66646e+00
5.34536e-01	-2.30599e+00	3.71634e+00	2.84049e+00
3.60278e-01	-1.68880e+00	8.06148e+00	3.55468e+00
3.86392e-01	-1.48825e+00	1.90750e+00	2.42033e+00
3.28791e-01	-1.20349e+00	3.62506e+00	7.06585e-01
3.83207e-01	-9.37432e-01	5.48266e+00	-9.91083e-01
5.14475e-01	-5.29108e-01	2.98040e+00	2.49826e+00
5.39151e-01	-5.60938e-01	4.25897e+00	3.55708e-01
4.63421e-01	-4.38755e-01	8.24235e-01	-2.82446e+00
4.55098e-01	-6.22015e-01	7.95913e+00	3.25148e-01
4.64430e-01	-2.97907e-01	9.49201e+00	2.14324e+00
4.17290e-01	-7.99567e-02	5.41246e+00	3.57005e+00
4.71535e-01	-1.40496e-01	2.14028e+00	1.24533e-02
5.43305e-01	1.89394e-01	2.44663e+00	-1.84901e+00
4.82544e-01	7.14855e-02	1.81530e+00	-5.68106e-01
4.61274e-01	4.71923e-01	2.98597e+00	-2.25458e+00
4.30975e-01	8.62566e-01	1.35474e+00	-2.23115e+00
6.25698e-01	1.12788e+00	2.43178e+00	-1.76344e+00
6.12662e-01	1.28819e+00	6.30195e+00	-3.79164e-01
4.63025e-01	1.88383e+00	9.94272e+00	3.83834e+00
5.02535e-01	1.93601e+00	4.42766e+00	3.00765e-01
4.63020e-01	1.87017e+00	9.51898e+00	-7.94784e-01
5.80986e-01	1.96467e+00	5.97950e+00	-1.58072e+00
5.07125e-01	2.23267e+00	4.85557e+00	-1.80958e+00
5.09648e-01	2.41525e+00	8.47829e+00	4.14265e+00
4.15987e-01	2.46284e+00	4.01151e+00	-4.78388e+00
