# No. of particles = 100 
# Proton - Solar wind	Electron - Solar wind	
9.67770e-02	-8.85572e-01	9.60385e-01	-1.65605e-01
5.73691e-01	2.09865e-01	1.07412e-01	-7.19042e-01
5.81392e-01	-5.28416e-01	1.78445e+00	9.11507e-01
3.49644e-01	-6.86007e-02	6.55361e-01	8.76941e-01
9.12641e-01	-4.01313e-01	1.00160e+00	-9.39896e-01
1.36368e-01	-2.14440e-01	1.72029e-01	-8.56037e-01
8.64013e-01	-3.62362e-01	4.91462e-01	-8.59618e-01
8.62501e-01	1.44976e-01	2.48044e-01	-7.54560e-01
1.51018e-02	-8.13000e-01	9.93076e-01	-2.29883e-01
3.55992e-01	-1.59077e-03	3.91266e-01	4.10285e-01
1.20550e+00	6.93449e-01	3.98876e-01	-9.14735e-02
3.89963e-01	-5.02641e-01	1.27592e-02	-9.83595e-01
8.91247e-01	-4.45436e-01	1.95567e+00	3.20655e-01
6.93856e-01	-2.58266e-01	3.73561e-01	-8.80461e-01
2.99009e-02	-9.84112e-01	8.96912e-01	-3.86220e-01
1.97859e-01	-3.30589e-01	2.70305e-01	-8.10420e-01
7.62018e-02	-1.50022e-02	3.10720e-01	-5.64311e-01
1.22901e+00	-7.99697e-02	6.73495e-01	-3.85012e-01
1.29460e+00	9.89495e-01	1.81499e-02	-9.79119e-01
7.27613e-01	3.90409e-01	1.70281e+00	3.91478e-01
4.14043e-01	-3.59314e-01	1.51415e+00	6.92160e-01
8.81949e-01	2.23316e-01	4.81972e-01	9.94194e-02
1.12535e-01	-7.29536e-01	9.76896e-02	4.80947e-01
2.14786e-01	1.26838e-01	3.25976e-02	-9.78200e-01
4.75011e-01	-7.88559e-01	8.56386e-01	-1.46259e-01
4.78535e-01	3.86986e-01	9.79221e-01	-9.61903e-01
1.52074e-01	4.51774e-01	7.16957e-01	9.05279e-01
1.77673e+00	5.91296e-01	1.47625e+00	3.78427e-01
8.25827e-01	-6.50829e-01	2.86483e-01	-4.04897e-01
2.65861e-01	-7.01360e-01	1.91036e+00	-6.85749e-01
1.97093e+00	4.26012e-01	8.35732e-01	4.89932e-01
2.34202e-01	-3.87130e-01	6.63047e-01	5.87149e-01
4.52400e-01	-2.44626e-01	1.31131e+00	-6.72842e-01
7.88879e-01	-7.55395e-01	2.43695e-01	7.70880e-01
1.90626e+00	2.78428e-01	1.83052e+00	8.73144e-01
1.77542e+00	2.95942e-01	8.01559e-01	6.77259e-01
1.58516e+00	-5.79266e-01	8.56563e-01	7.95971e-01
5.67959e-01	9.05998e-01	8.13320e-03	-7.83977e-01
8.55794e-02	-7.09569e-01	8.86626e-01	7.38904e-01
1.28094e+00	6.92172e-01	1.48563e+00	-3.19462e-01
1.00211e+00	6.01350e-01	4.95850e-02	-9.87233e-01
4.13400e-01	-5.59644e-01	1.39413e+00	7.43083e-01
3.79555e-01	-3.65608e-01	1.99618e+00	4.98880e-03
3.86474e-01	4.72055e-01	5.66610e-01	-5.98443e-01
1.30106e-01	-6.18003e-01	1.89800e-01	-5.63417e-02
1.16588e-01	-9.19467e-01	9.11020e-01	9.59689e-01
1.22937e+00	-9.94275e-02	5.43215e-01	-4.79646e-01
7.61370e-01	-6.73637e-02	5.27082e-02	-8.94688e-01
7.68677e-01	-1.47308e-01	1.95325e+00	2.37833e-01
1.42092e+00	5.85364e-01	3.83618e-02	-6.42741e-01
7.73821e-01	-9.94745e-01	2.36168e-01	-7.25918e-01
1.20657e+00	-1.84102e-01	6.02014e-01	-8.43925e-01
1.59171e+00	7.98031e-01	3.66234e-01	-6.27258e-03
1.11583e+00	6.76734e-01	1.96342e-02	-9.89718e-01
1.20290e+00	4.31270e-01	5.45844e-01	-7.94361e-01
8.34585e-01	3.04172e-01	3.36720e-01	5.08528e-01
9.03813e-01	2.81049e-01	4.55156e-01	5.14668e-01
8.84913e-01	-8.58294e-01	3.39688e-01	-3.67438e-02
1.40538e-01	-7.13579e-01	1.56390e-01	-6.91505e-02
9.41601e-01	2.25067e-02	7.98886e-01	-8.72748e-01
4.74130e-02	-9.86877e-01	2.48422e-01	8.09788e-01
1.05565e+00	1.67397e-01	4.92894e-01	-1.88524e-01
1.99047e+00	4.10178e-01	1.38608e+00	-2.85979e-01
1.96428e-02	-9.99516e-01	1.39787e+00	7.79606e-01
1.60645e+00	-6.02347e-01	1.75880e+00	8.29156e-01
1.50527e-01	-9.05020e-01	1.92038e+00	9.19444e-02
4.06293e-01	-5.33773e-01	1.62086e+00	-2.08649e-01
3.08293e-01	-6.37623e-01	2.13799e-01	-8.36867e-02
6.16804e-01	9.74012e-02	1.94688e+00	-7.55771e-01
2.21365e-01	-7.23050e-01	9.61029e-02	-9.86181e-02
5.55856e-01	5.90908e-01	1.37690e+00	-9.67208e-02
1.99901e+00	-4.67864e-02	1.75270e+00	2.84029e-01
5.00168e-02	-9.72250e-01	1.51797e+00	7.14034e-01
4.27020e-01	-7.56967e-01	1.94135e+00	-7.04069e-03
4.36698e-01	-6.52141e-01	6.06795e-01	1.12443e-01
1.28363e+00	1.10058e-01	1.35824e-01	3.11105e-02
7.62218e-01	2.85512e-03	9.40096e-01	-2.21615e-01
8.95095e-01	-3.07053e-01	1.21844e+00	-5.52671e-02
1.75947e+00	7.40112e-01	2.24074e-01	2.89415e-01
8.99952e-01	1.31243e-01	5.71108e-01	8.73797e-01
1.92950e+00	2.39747e-01	1.49581e+00	-2.30009e-01
1.65787e+00	1.21308e-01	1.32988e-01	-2.48954e-01
7.02388e-01	-2.39116e-01	3.99502e-01	-1.66699e-01
1.14510e+00	9.22544e-01	1.13149e+00	1.77246e-01
4.44458e-01	-1.13009e-01	4.22491e-01	8.74191e-01
1.80632e-01	-2.05465e-01	1.26675e+00	6.99133e-01
2.42769e-01	-6.11392e-01	8.84054e-01	3.64063e-01
1.07481e+00	-8.86888e-01	4.68909e-02	1.13822e-01
1.10816e+00	4.71313e-03	1.40640e+00	3.67297e-01
1.85353e+00	-6.34408e-01	1.60695e+00	2.16753e-01
9.45807e-02	-8.09312e-01	8.83556e-02	9.39793e-01
8.95197e-01	8.24023e-01	3.27812e-02	6.65858e-01
4.39240e-01	-1.64928e-01	7.56702e-01	3.78942e-01
1.35831e+00	6.64074e-01	1.52414e+00	-9.83224e-01
2.78776e-01	-3.97451e-02	1.22429e+00	-1.85725e-01
1.36695e+00	9.95483e-01	3.94178e-01	-8.98273e-01
8.68193e-01	-3.80462e-01	1.44283e-01	-8.42432e-01
1.49699e-01	-9.75673e-01	6.72004e-01	-9.84409e-01
1.10582e+00	3.95716e-01	1.29671e+00	-4.78644e-01
3.92962e-01	-5.07799e-01	5.81048e-01	-8.97053e-02
