# No. of particles = 100 
# Proton - Solar wind	Electron - Solar wind	
1.17574e+00	-2.47525e+00	6.75176e-01	-5.51045e-01
3.58431e-01	-2.01574e+00	2.43051e+00	1.63940e+00
1.55050e+00	-2.14145e+00	2.80123e-01	-2.07497e+00
1.79062e-01	-2.31704e+00	6.21939e-01	-7.43340e-01
1.10854e+00	-2.21411e+00	1.79039e+00	-2.66858e-01
4.87614e-01	-2.37584e+00	6.54692e-01	-1.91883e+00
6.08823e-01	-2.38270e+00	1.20651e+00	-1.80088e+00
9.40995e-02	-2.29929e+00	4.84928e-01	-2.26692e+00
8.33156e-01	-2.41528e+00	1.27114e+00	-6.94305e-02
1.96143e+00	-1.81098e-02	2.83499e-01	-8.28772e-01
2.48439e+00	-2.02687e+00	8.58903e-03	-2.45234e+00
1.94383e-01	-2.26287e+00	2.35091e+00	-1.18778e+00
7.24108e-01	-2.35782e+00	1.20893e+00	-1.75887e+00
2.00834e+00	-2.45111e+00	4.08506e-01	-2.07210e+00
2.20421e+00	-2.16883e+00	1.86399e+00	-1.23265e+00
9.21323e-01	-2.21077e+00	2.24922e-01	-2.25202e+00
2.02700e+00	-2.23941e+00	2.29831e+00	8.25928e-01
1.53387e+00	-6.26775e-01	4.47920e-01	-2.42488e-02
7.13561e-01	-2.19441e+00	2.24295e+00	-8.80065e-01
4.17731e-01	-2.24162e+00	2.29786e+00	2.34949e+00
1.01670e+00	-2.36688e+00	2.04143e-01	9.73961e-03
1.11735e+00	-2.05331e+00	7.07136e-01	2.30779e+00
8.39753e-01	-1.57823e+00	1.09595e+00	1.05710e+00
5.16808e-01	-2.27259e+00	8.39276e-01	1.79563e+00
1.03569e+00	-2.37408e-01	4.46282e-01	-1.29072e+00
1.05932e-02	-2.30423e+00	1.87744e+00	-2.49303e+00
1.22002e+00	-2.27295e+00	1.66874e+00	1.92344e+00
2.32216e+00	-1.79896e+00	6.87151e-01	-1.92788e+00
1.53058e+00	4.67394e-01	1.68014e+00	9.70259e-01
6.06803e-01	-2.31763e+00	6.92404e-01	-1.90329e+00
7.56189e-01	-2.37751e+00	1.36211e-01	1.72368e+00
2.61538e-01	-2.41873e+00	1.29017e+00	7.62562e-02
1.30430e+00	-2.08555e+00	1.96479e+00	1.03413e+00
1.75326e+00	-1.62375e+00	1.39583e+00	-2.31936e+00
5.70471e-01	-2.32298e+00	1.19127e-01	-5.24286e-01
6.54011e-01	-1.05759e+00	2.12129e+00	-2.02054e+00
2.26652e+00	-1.93653e+00	7.43641e-01	-5.63930e-01
3.99012e-03	2.24317e-01	1.17190e+00	-6.77971e-01
1.32095e+00	-2.16438e+00	1.13157e+00	-9.55117e-01
4.69193e-01	-2.38264e+00	2.83588e-01	-2.35296e+00
1.64931e+00	-1.37917e+00	2.31874e+00	2.27768e-01
1.24138e+00	-2.47012e+00	1.62472e+00	-1.64063e+00
8.66014e-01	-2.25743e+00	8.44762e-01	-4.14361e-01
1.48711e+00	-6.32397e-01	1.44558e+00	3.21750e-01
3.17936e-01	-2.37608e+00	6.17264e-02	-2.43469e+00
1.43687e+00	-7.84293e-02	2.07376e+00	-1.46196e+00
1.29097e+00	-9.67360e-01	1.31188e+00	-2.12873e+00
1.64084e+00	-3.93869e-01	1.29537e+00	6.06388e-02
1.26666e+00	-2.43068e+00	3.71880e-01	-1.73973e+00
7.75215e-01	8.70181e-01	1.88747e+00	-9.52197e-01
2.44519e+00	3.82455e-01	2.36890e-02	-1.75306e+00
1.99035e+00	5.09705e-01	8.06993e-01	-2.48543e+00
7.36444e-01	-5.21859e-01	6.90775e-01	-1.50962e+00
1.58532e+00	1.56803e+00	1.51970e+00	1.05142e+00
2.22233e+00	-1.20287e+00	8.13266e-01	1.52966e+00
1.42904e+00	-7.11517e-01	1.15748e+00	-2.10721e+00
6.40628e-01	4.46163e-01	1.20262e+00	-1.80475e+00
2.38400e+00	-1.07373e-01	3.51280e-01	5.03067e-01
7.52913e-01	2.48058e-01	3.77718e-01	-9.60256e-01
2.09439e+00	-2.30868e+00	1.78611e+00	-6.89712e-01
9.55761e-02	-3.32195e-01	2.12351e+00	-1.15022e+00
2.65306e-01	8.53979e-01	1.83669e+00	-9.04638e-01
1.88865e+00	-2.39417e+00	1.09691e+00	-4.15536e-01
2.03001e+00	-2.41556e+00	1.07638e+00	-1.32911e+00
2.05681e-01	2.22884e-01	1.96858e+00	-1.37553e+00
2.25797e+00	-1.81918e+00	1.92485e-02	-2.23629e+00
2.13026e+00	-2.13444e+00	1.71819e+00	-7.03947e-01
1.46015e+00	-8.55883e-01	2.17416e+00	-1.71628e+00
2.12727e+00	-1.46031e+00	2.36010e+00	-2.22964e+00
4.16688e-01	9.94192e-02	1.40669e+00	-2.35888e+00
9.87665e-01	-8.63695e-01	1.38517e+00	-2.39885e+00
7.38610e-01	-2.43263e+00	1.36701e-01	-2.49215e+00
6.45084e-01	-2.38781e+00	3.62655e-01	-2.08598e+00
1.24731e-01	-2.26092e+00	4.52112e-01	-1.98641e+00
2.20888e+00	-2.33125e+00	2.19326e+00	1.85405e+00
1.52855e+00	-2.05560e+00	8.95808e-01	-7.19919e-01
2.24847e+00	4.46568e-01	1.29880e+00	8.90131e-01
1.01877e+00	-2.42192e+00	2.39409e+00	-1.37290e+00
4.10830e-02	-2.47966e+00	4.88559e-01	2.01887e-01
2.20813e+00	-2.18011e+00	1.11400e+00	4.85954e-02
2.49362e+00	-1.54509e+00	8.95866e-01	-8.46054e-01
8.49741e-01	6.36577e-01	1.59629e+00	-1.51523e+00
1.81806e+00	5.77739e-01	2.07330e+00	-1.88776e+00
2.48715e+00	1.44244e+00	2.84643e-01	7.45717e-01
3.77359e-01	-2.38310e+00	4.66100e-01	1.59619e+00
1.32519e+00	6.33994e-01	1.52706e-01	1.26848e+00
1.39284e+00	-2.48157e+00	1.54275e-01	1.02570e+00
1.64914e+00	-5.96848e-01	1.51158e+00	-2.08369e+00
1.14647e+00	-2.28321e+00	1.74355e+00	-2.07727e+00
5.18762e-01	-2.25600e+00	6.44047e-01	-1.75527e+00
1.82943e-01	5.11070e-01	1.32355e+00	-1.19937e-01
1.29156e+00	-2.00009e+00	1.38883e+00	1.10569e+00
9.29753e-01	-2.65693e-01	1.43847e-01	-2.45227e+00
1.45745e+00	-2.37971e+00	1.91993e+00	2.65170e-01
8.95100e-02	-2.35133e+00	9.10250e-01	8.38007e-01
1.65827e+00	-1.14447e+00	1.78954e-01	1.44230e+00
2.17841e+00	-2.45262e+00	7.32172e-01	-1.32642e+00
1.77881e+00	5.47188e-02	1.44765e+00	-2.71385e-01
2.14953e+00	5.62428e-01	2.42026e+00	-1.51595e-01
1.49772e+00	6.16664e-01	2.69839e-01	-2.08311e+00
