# No. of particles = 100 
# Proton - Solar wind	Electron - Solar wind	
2.45782e-01	-1.64434e-01	1.57427e+00	5.51262e-01
2.51659e-01	-5.29664e-01	6.47830e-01	-9.98690e-01
9.67119e-01	-2.12744e-01	1.40922e+00	-8.87611e-03
5.66562e-01	1.43532e-01	1.00275e+00	-1.14461e-01
2.79889e-02	-8.44575e-01	4.27789e-01	-7.35480e-01
1.95413e-01	9.15881e-01	1.95822e+00	4.08866e-01
2.20913e-01	-7.08423e-01	3.64311e-01	9.56105e-01
5.73767e-01	-5.79897e-02	6.50576e-01	-8.91120e-01
4.10008e-02	5.26238e-01	6.96713e-01	4.94120e-02
5.71136e-01	6.59734e-01	6.61552e-01	-5.25571e-01
1.40636e+00	9.88367e-01	9.58449e-01	-1.08426e-01
6.38083e-01	-1.88566e-01	1.23604e+00	-8.09356e-01
1.14780e+00	-2.77500e-01	1.13027e+00	-3.14462e-01
1.29743e-01	-8.29435e-01	1.64434e+00	-2.45536e-01
4.25679e-01	-9.25219e-01	3.32635e-01	-7.76454e-01
3.60417e-01	3.84269e-01	1.15450e+00	-6.15306e-01
1.04223e-01	9.10230e-01	4.25176e-01	7.33658e-01
4.79444e-02	-8.39384e-01	6.33516e-01	-2.94691e-01
1.72596e-01	-7.50914e-01	1.12345e-01	4.66837e-01
1.83533e-01	-6.24012e-01	1.32700e+00	4.11014e-01
7.03954e-01	1.52950e-01	3.06980e-01	-5.85068e-01
4.57356e-02	-8.69042e-01	1.76272e+00	-5.49778e-01
4.29407e-01	-7.62214e-01	1.79979e+00	2.91767e-01
2.70730e-01	3.99956e-01	1.93178e+00	-4.43759e-01
1.35824e+00	-3.92487e-01	4.95036e-01	4.97576e-01
8.57361e-02	-7.73901e-01	3.73959e-01	-4.96171e-01
2.71976e-01	4.87531e-02	1.08616e+00	2.75886e-01
8.03990e-02	-8.27003e-01	1.33840e+00	-6.95395e-01
1.52994e-01	-9.66839e-01	1.36090e+00	4.82054e-01
8.64382e-01	-7.92284e-02	6.12981e-01	8.15516e-01
6.86971e-01	-7.93749e-02	1.18120e+00	1.12515e-01
1.49709e-01	9.20742e-01	1.71379e+00	-9.25235e-01
1.13522e+00	9.90101e-01	1.09625e+00	9.95551e-01
6.32542e-01	-8.08462e-01	5.18959e-01	-5.93499e-01
2.36671e-01	6.72970e-01	2.85947e-01	3.04226e-01
1.78862e-01	-9.54788e-01	1.76865e+00	7.20066e-01
1.08810e+00	-3.18919e-01	2.99632e-01	9.87889e-03
3.05985e-01	-9.27588e-01	1.21569e+00	6.80779e-01
2.76415e-01	4.06934e-02	6.15566e-01	-7.43580e-01
1.38696e-01	2.15826e-01	2.57026e-01	7.75480e-01
4.39468e-01	1.95534e-01	3.97013e-01	-1.54192e-01
1.34631e+00	4.04721e-01	5.40459e-01	-8.91739e-01
9.41076e-01	6.23227e-01	1.79555e+00	9.35195e-01
2.06116e-01	-8.47484e-01	6.84354e-03	-7.57898e-01
3.13261e-01	-1.25367e-02	1.18949e-01	-9.32817e-01
2.22152e-01	-8.81224e-01	9.22902e-01	-5.25246e-01
1.55581e+00	1.37312e-01	5.29879e-02	-9.64978e-01
3.92904e-01	8.93801e-02	5.90438e-02	-9.95552e-01
1.66514e+00	8.91806e-01	2.64274e-01	-3.07554e-01
4.55331e-02	2.86836e-01	1.18860e+00	5.91686e-01
3.34950e-01	-8.61377e-01	8.72699e-02	-8.68681e-01
1.68461e+00	1.32400e-01	1.85592e-01	-9.34103e-01
4.41380e-01	-2.12741e-01	1.59623e+00	-9.86541e-01
1.23255e+00	3.53446e-01	1.67328e+00	6.58375e-01
1.53321e+00	8.37219e-01	5.76314e-01	-6.77544e-01
1.94982e+00	-2.80752e-01	7.03894e-01	-3.23617e-01
5.67516e-02	-9.23960e-01	4.73470e-01	-7.64185e-01
1.11928e+00	-6.29997e-01	2.59949e-02	-9.62144e-01
5.57953e-01	2.00911e-01	1.51693e+00	-7.53114e-01
1.61330e+00	8.11717e-01	1.40651e+00	-3.30431e-01
5.65732e-01	3.06691e-01	3.75801e-01	-8.52513e-01
4.31101e-02	3.71605e-01	4.73026e-01	7.02893e-02
2.05240e-01	-7.05360e-01	7.23104e-01	-6.44491e-01
5.76545e-01	-1.82007e-01	1.18311e-01	-8.39916e-01
2.48163e-01	-3.03520e-01	1.19423e+00	2.50487e-01
3.82572e-01	-7.72481e-01	6.79434e-01	5.47028e-01
7.97544e-01	2.19318e-01	1.60488e+00	-9.14901e-03
6.80876e-01	8.84917e-01	3.40990e-01	-7.22649e-01
8.18359e-01	4.47468e-01	1.85412e+00	-5.40649e-01
7.12072e-01	5.80226e-02	6.15914e-01	-6.09453e-01
1.56686e+00	-6.00698e-01	1.76203e+00	-8.98606e-01
1.69660e+00	3.02849e-01	8.31782e-01	-9.46099e-01
4.16800e-02	-9.40026e-01	6.55109e-01	-6.86131e-01
1.08603e-01	-8.02473e-01	6.63016e-01	-8.63823e-01
5.21824e-01	-5.63300e-01	5.37257e-02	-6.71615e-01
1.21258e+00	-6.21473e-01	1.23500e+00	-7.83395e-01
1.71782e+00	6.46811e-01	8.90548e-01	7.90596e-01
1.36153e-01	-5.04486e-01	1.83059e+00	-8.24619e-01
5.44268e-02	-9.20560e-01	1.41710e+00	6.90097e-02
5.09618e-01	-4.23056e-01	1.99351e-01	7.28807e-01
1.81393e+00	-7.00167e-01	1.16913e-01	-2.70527e-02
1.39369e+00	3.46085e-01	9.95000e-01	6.17886e-02
9.66338e-01	4.91232e-02	6.94263e-02	9.65396e-01
1.02328e-01	-3.49391e-01	1.71326e+00	3.53680e-01
9.59534e-01	9.64504e-01	1.75462e-01	-6.83610e-01
2.34539e-01	-1.50296e-02	1.19010e+00	-3.45077e-01
3.22649e-01	-5.03447e-01	7.27143e-02	-6.11096e-01
6.63354e-01	-1.65294e-01	1.82950e+00	7.81428e-01
1.95670e+00	2.41692e-01	3.39638e-01	1.33203e-01
1.04716e+00	8.05201e-01	8.37784e-01	-7.21280e-02
1.16437e-01	-7.21430e-01	7.75100e-01	-3.98168e-01
1.05997e+00	1.79820e-01	5.81344e-01	-7.71709e-01
5.45913e-01	5.60331e-02	9.98209e-02	-9.12542e-01
1.60258e-01	-8.60281e-01	4.54059e-01	-5.85747e-01
4.21092e-01	-6.12745e-01	1.98498e+00	9.33322e-01
3.85058e-01	-7.06911e-01	1.27081e+00	-2.44946e-01
1.89351e+00	3.48754e-01	3.55910e-01	-3.03446e-01
3.18205e-02	-9.86483e-01	1.84824e+00	-1.92819e-01
1.51305e+00	5.76246e-01	1.72983e-01	3.84781e-01
5.18038e-02	-9.83755e-01	3.14021e-01	4.37806e-01
