# No. of particles = 100 
# Proton - Solar wind	Electron - Solar wind	
1.11886e+00	3.63777e+00	5.21876e+00	-8.56159e-01
5.33830e-01	-4.49706e+00	1.39532e-01	-2.17761e+00
2.73887e-01	2.05954e+00	9.70641e+00	-3.91402e+00
2.41475e-01	2.47568e-01	8.71086e+00	6.99668e-01
6.09311e+00	4.97931e+00	8.02998e+00	-4.31382e+00
1.13277e-01	-4.23427e+00	5.49254e+00	4.18134e+00
1.43056e-01	-2.87625e+00	8.45207e+00	-4.89211e+00
7.96153e-02	2.30901e+00	1.10610e+00	-2.65255e-01
6.06461e-02	3.84726e+00	1.65430e+00	4.23596e-01
9.97444e+00	-6.39791e-02	8.76227e+00	-4.66985e+00
8.39985e+00	-3.10739e+00	4.55512e+00	1.59858e+00
9.89112e+00	4.06510e+00	5.50501e+00	-3.36366e+00
8.40697e+00	1.46942e+00	5.20982e+00	-2.41187e+00
5.70819e+00	-1.97999e+00	7.06549e+00	9.00790e-02
9.72116e+00	3.03314e+00	8.81972e-01	4.02488e+00
8.11199e+00	-1.22456e+00	5.89568e+00	2.34455e+00
8.25823e+00	3.82639e+00	8.86603e+00	2.86147e+00
9.24128e+00	1.39743e+00	5.38748e+00	-1.49672e+00
8.95378e+00	4.46150e+00	1.99341e+00	3.72861e-01
9.73751e+00	3.15592e-01	8.16324e+00	-3.58462e+00
9.05175e+00	9.37593e-01	9.06092e+00	-1.61632e+00
5.94017e+00	-4.29515e+00	7.12534e+00	4.48278e+00
9.33083e+00	-3.78481e+00	9.14051e+00	9.08594e-01
6.91676e+00	-3.34269e+00	9.18674e+00	-3.03724e+00
6.89290e+00	-5.07765e-01	1.50995e+00	-4.56104e+00
9.01147e+00	-2.32339e+00	8.28131e+00	3.15757e+00
9.79480e+00	6.79843e-01	4.82032e+00	2.18691e+00
7.68448e+00	-3.24028e+00	5.24793e+00	-1.91366e+00
9.64309e+00	-4.24305e-01	5.88209e+00	3.60439e+00
9.65578e+00	2.13541e+00	9.68817e+00	-4.88840e+00
9.22168e+00	2.09424e+00	5.08608e+00	-4.56172e+00
8.56279e+00	-1.81247e+00	2.89766e+00	3.57297e+00
6.35634e+00	6.20402e-02	8.09976e+00	-4.52998e+00
9.16618e+00	2.17654e+00	8.50226e+00	-2.85863e+00
9.03012e+00	1.85633e+00	5.92997e+00	4.98771e+00
8.20874e+00	1.28657e+00	7.50875e+00	1.99418e-01
6.66003e+00	-2.13577e+00	7.70482e+00	3.15489e+00
8.48685e+00	2.28235e+00	9.85478e+00	1.48285e+00
9.90961e+00	-3.05454e+00	1.00071e+00	-3.98929e-01
9.18764e+00	3.59165e-01	2.61358e+00	2.18032e-01
7.53646e+00	-1.03928e-01	7.05415e+00	2.79876e+00
7.90285e+00	-4.39086e+00	6.82482e+00	-9.65243e-01
8.79208e+00	2.12405e+00	7.52863e+00	5.76676e-01
7.80022e+00	-1.03984e+00	6.17769e+00	-4.59175e+00
7.26173e+00	-4.62106e+00	7.68675e+00	1.21450e+00
9.05513e+00	7.14570e-01	8.52913e+00	9.20515e-01
6.56990e+00	-8.12851e-01	9.17915e-01	-2.51410e+00
6.89772e+00	-1.71869e+00	6.05357e+00	-4.84173e+00
8.96063e+00	-5.33361e-01	5.16109e+00	-3.42597e+00
7.55603e+00	-3.70629e+00	5.78765e+00	-4.45534e+00
9.37508e+00	-1.65925e-01	8.23571e+00	-4.35329e+00
5.75552e+00	1.38096e+00	2.85328e+00	8.13930e-01
7.52991e+00	1.72834e+00	7.26942e+00	-7.06362e-01
8.68196e+00	1.11057e+00	8.38449e+00	4.33438e+00
7.53902e+00	3.23802e+00	8.25256e+00	-4.58341e+00
9.49455e+00	-5.64677e-01	4.64888e+00	1.76412e+00
7.28574e+00	-4.10479e+00	5.05150e+00	-1.86910e+00
9.23513e+00	-3.35108e+00	6.33158e+00	2.03891e+00
9.76996e+00	-2.43185e+00	8.84278e+00	-1.47887e+00
9.48340e+00	3.69991e+00	7.75811e+00	-1.62384e+00
9.17690e+00	-5.83618e-01	5.33782e+00	-9.05094e-01
6.61115e+00	-1.89265e+00	5.66895e+00	-4.40687e+00
8.31101e+00	-1.25763e+00	8.98560e+00	-3.57960e+00
9.44330e+00	-3.42898e+00	9.19191e+00	3.91676e+00
9.65954e+00	-4.41914e-01	3.43855e+00	-2.53395e+00
8.72361e+00	4.71341e+00	6.90217e+00	3.09263e-01
7.29574e+00	5.34437e-01	2.62933e+00	4.28566e+00
8.93095e+00	-3.09799e+00	2.04027e+00	2.91345e+00
5.88533e+00	-2.37592e+00	9.50346e+00	2.69216e-01
9.50673e+00	1.99367e+00	3.21432e+00	1.86778e+00
7.89356e+00	1.78317e+00	5.57859e+00	3.62263e+00
9.61473e+00	-3.94058e+00	9.06458e+00	-2.05762e+00
9.98068e+00	4.18114e-01	5.76390e+00	-3.37386e+00
8.68643e+00	-1.78860e+00	2.26084e+00	3.01322e+00
7.22045e+00	-3.43522e-01	6.83182e+00	-1.56248e+00
9.55771e+00	-1.36292e+00	9.56867e+00	7.32573e-01
8.88064e+00	2.88813e+00	6.20093e+00	-4.83720e+00
9.83477e+00	2.63372e+00	8.09593e+00	4.68255e-01
8.58012e+00	3.63342e+00	3.99987e-01	-1.08558e+00
9.66963e+00	6.61613e-01	7.62254e+00	3.97242e+00
7.60066e+00	-8.40888e-01	8.53435e+00	-2.39374e+00
7.54389e+00	3.54749e-01	6.99867e+00	-2.16513e+00
9.16894e+00	-3.87318e-01	8.04945e+00	4.16977e+00
8.73576e+00	9.37242e-01	4.58327e+00	4.10068e+00
8.91020e+00	1.01481e+00	3.39881e+00	-2.39815e+00
8.43431e+00	-4.18607e+00	6.83939e+00	-3.26900e+00
8.95642e+00	-1.77255e+00	1.87551e+00	4.44037e+00
6.15706e+00	9.42488e-02	9.02118e+00	3.82312e-02
9.93946e+00	-1.40654e+00	8.67387e+00	-5.82327e-01
8.59686e+00	1.22597e+00	5.59029e+00	-1.84605e+00
8.58550e+00	-1.03092e+00	2.97791e+00	4.09339e+00
7.26808e+00	1.24790e+00	4.68560e+00	-8.69796e-01
9.37936e+00	4.06351e+00	7.07600e+00	-4.57925e+00
8.87718e+00	2.96304e+00	6.18692e+00	2.19206e-01
8.72019e+00	-1.72528e+00	9.62481e+00	1.63842e+00
8.62947e+00	-2.26139e+00	4.31756e+00	-1.14006e+00
9.57964e+00	7.97917e-01	3.89079e+00	1.48394e-01
5.62318e+00	1.44723e-01	6.64407e+00	-3.76735e+00
6.94865e+00	2.02927e+00	4.83552e+00	-2.87092e-02
9.60415e+00	4.93882e+00	8.46964e+00	-1.57550e+00
