# No. of particles = 100 
# Proton - Solar wind	Electron - Solar wind	
9.55668e+00	-4.88887e+00	2.59568e+00	-5.07760e-01
1.23869e+00	-4.93835e+00	5.82372e+00	-3.00357e+00
5.47157e-01	4.48603e+00	2.23486e+00	4.33005e-01
3.79367e-01	-2.16266e+00	7.18356e+00	1.56758e+00
2.20100e-01	2.98246e+00	2.79524e+00	-2.56487e-01
6.46812e+00	4.99661e+00	9.34559e+00	4.06950e+00
3.42292e-02	5.00158e-01	1.36491e+00	-2.07984e+00
7.81610e+00	2.72795e+00	8.79850e+00	-4.20912e+00
7.04196e+00	-4.08444e+00	1.28163e+00	-3.86865e+00
8.63134e+00	-3.96931e+00	9.95833e+00	4.51964e+00
9.92731e+00	-3.75430e+00	2.78446e+00	-4.82221e+00
5.10326e+00	-1.56032e+00	8.86499e+00	4.97902e+00
9.20987e+00	3.12559e+00	8.83677e+00	4.98685e+00
9.90635e+00	3.24465e+00	5.04697e+00	4.97524e+00
9.24771e+00	-2.08617e+00	5.92218e+00	4.91632e+00
8.40447e+00	-2.85008e+00	5.83536e+00	1.12798e+00
8.66944e+00	-4.53149e+00	5.43688e+00	-4.20743e+00
8.10552e+00	3.29431e+00	2.45283e+00	-1.18138e+00
5.91757e+00	-1.73292e+00	4.52662e+00	-4.73999e+00
9.83906e+00	-4.29713e+00	5.27638e+00	-2.26135e+00
6.09135e+00	-4.59900e-01	8.68076e+00	4.42786e+00
8.40904e+00	4.45234e+00	7.77201e+00	3.72709e+00
9.21304e+00	-4.10687e+00	9.79310e+00	4.35658e+00
9.27011e+00	3.11036e+00	9.25812e+00	-2.09610e+00
7.28691e+00	-1.70401e+00	7.38169e+00	1.95620e+00
9.07395e+00	-1.99644e-01	4.54119e+00	-1.29890e+00
9.99119e+00	-3.89748e+00	8.21647e+00	-3.17708e+00
8.05206e+00	9.78519e-01	8.98362e+00	4.97906e+00
9.00349e+00	1.17592e+00	5.00215e+00	-1.39377e-01
9.57581e+00	-7.14563e-01	4.92853e+00	1.28641e+00
9.86085e+00	-2.15142e+00	2.77232e+00	2.64945e+00
9.36385e+00	-4.34497e+00	6.86199e+00	3.93268e+00
7.54281e+00	-1.50793e+00	7.56705e+00	-2.62599e+00
7.44149e+00	-3.68177e+00	1.49685e+00	-7.08902e-01
8.54339e+00	-4.86372e+00	2.15042e+00	2.22580e+00
8.88176e+00	5.75606e-01	8.85708e+00	-4.99828e+00
8.83067e+00	-3.77640e+00	8.91361e+00	-1.04371e+00
7.23961e+00	-3.44552e+00	1.60691e-01	-1.64116e+00
7.99891e+00	-3.80144e+00	8.31158e-01	-5.23596e-01
6.63718e+00	-1.01503e+00	8.44395e+00	2.38585e+00
9.51480e+00	-4.68550e+00	3.76476e+00	2.60255e+00
4.66130e+00	4.41409e+00	4.66477e+00	1.11711e+00
9.13080e+00	-2.87939e+00	8.42321e+00	3.48305e+00
9.27412e+00	-7.58011e-01	1.35243e+00	-4.70957e+00
6.99367e+00	1.16104e+00	9.91103e+00	3.91070e+00
8.23391e+00	1.60179e+00	8.12068e+00	1.57108e+00
8.31360e+00	1.13954e+00	7.71471e+00	-3.29890e+00
6.11863e+00	-7.84087e-03	4.55382e+00	3.52373e+00
9.07855e+00	-1.56174e+00	5.46099e+00	-7.60716e-01
6.53267e+00	-2.55650e+00	7.53101e+00	2.22328e+00
8.67691e+00	4.59090e+00	8.90485e+00	3.02659e+00
9.33408e+00	-2.67861e+00	1.88730e+00	3.82685e+00
4.91271e+00	-3.08361e+00	4.19383e+00	-2.69785e+00
9.68164e+00	4.20339e-01	3.82125e+00	3.34908e-01
8.55434e+00	2.15702e+00	9.49018e+00	3.39356e+00
9.98982e+00	-6.56238e-01	6.08081e+00	2.05619e+00
6.89409e+00	7.71383e-01	6.73423e+00	-4.51482e+00
9.58437e+00	3.48894e+00	9.01510e+00	-3.01137e+00
9.04519e+00	-8.18288e-01	7.57430e+00	4.67977e+00
8.67972e+00	8.66533e-01	1.87831e+00	-2.50295e+00
9.09086e+00	-3.25304e+00	4.59635e+00	-1.35966e+00
9.38850e+00	3.21987e+00	7.92930e-01	3.93976e+00
9.28264e+00	-2.99706e+00	2.20097e+00	-2.03017e+00
9.43610e+00	-1.77371e-01	8.81621e+00	-2.70351e+00
9.85105e+00	6.73287e-01	5.45665e+00	4.15443e-01
9.58811e+00	-1.80695e+00	2.53098e+00	-3.00447e+00
9.02784e+00	1.62288e+00	2.95981e+00	2.47950e+00
7.63023e+00	-4.20737e+00	2.21588e+00	-2.39993e-01
7.86232e+00	-1.54373e+00	9.30815e+00	-2.85835e+00
6.24241e+00	-1.78561e+00	3.56290e+00	-1.18458e+00
8.77606e+00	-2.97252e+00	3.55674e+00	-3.22246e+00
9.25206e+00	5.38074e-01	6.09678e+00	-5.24974e-01
9.58630e+00	-4.92017e+00	9.56894e+00	-3.25502e+00
9.30821e+00	-2.27497e+00	9.92280e-01	-2.28331e+00
9.53434e+00	4.84548e+00	8.46034e+00	4.29721e+00
9.99592e+00	-2.32620e+00	7.36635e+00	3.19369e+00
7.97122e+00	1.73991e+00	5.62931e+00	-3.97993e-01
8.94621e+00	1.30529e+00	7.86886e+00	-2.17566e+00
9.24253e+00	2.06660e+00	9.79451e+00	-2.46718e+00
3.85283e+00	-3.27806e+00	8.09423e+00	7.78404e-01
9.55727e+00	2.82698e-01	7.83330e+00	-4.03638e+00
6.77168e+00	2.25852e+00	7.95879e+00	-1.00681e+00
9.00379e+00	-4.49010e+00	2.50297e+00	3.79383e+00
9.78945e+00	1.10731e+00	7.38269e+00	1.09969e+00
6.64949e+00	-1.75392e+00	8.99946e+00	-2.11157e+00
8.81872e+00	-2.20941e+00	7.78490e+00	4.53686e+00
6.60390e+00	-4.49911e+00	4.59981e+00	1.51823e+00
9.31221e+00	2.67787e+00	5.25211e+00	7.51312e-01
7.57537e+00	-6.50745e-01	8.54921e+00	-1.03505e+00
9.91556e+00	9.16154e-01	1.79517e+00	-1.44112e-01
9.62784e+00	-2.88280e+00	7.62535e+00	4.04241e+00
9.52969e+00	1.80224e+00	2.04215e+00	2.03235e+00
9.93529e+00	-2.75063e+00	2.98403e+00	2.04614e+00
9.13625e+00	6.92426e-01	8.76623e+00	-3.75759e+00
9.96319e+00	3.13901e+00	3.26416e+00	2.94197e+00
8.41582e+00	4.35773e+00	1.68238e+00	4.20865e+00
9.65357e+00	2.98936e-01	9.43409e+00	-6.37061e-02
8.30503e+00	2.31265e+00	5.15040e+00	-6.47318e-01
8.25039e+00	-3.60744e+00	9.74532e+00	2.85368e+00
7.26302e+00	1.03084e+00	8.91919e+00	3.01704e+00
