# No. of particles = 100 
# Proton - Solar wind	Electron - Solar wind	
1.66010e+00	-4.70876e+00	7.19045e+00	4.84792e+00
4.72767e-01	2.98303e+00	4.94860e+00	3.99936e+00
1.24769e-01	3.78636e-01	1.54601e+00	3.80313e+00
5.78900e-02	-4.48240e-01	2.86274e+00	3.85930e+00
4.83374e-02	7.62396e-01	5.93804e-01	2.01184e+00
9.43138e+00	-1.79716e+00	4.78071e-01	9.60170e-01
8.82668e+00	1.33725e+00	3.68870e-01	-2.69778e-01
8.22014e+00	6.17864e-01	7.09485e-01	3.30165e+00
6.27095e+00	1.03455e+00	3.24768e+00	1.40394e+00
9.62249e+00	-3.83759e+00	9.97940e+00	4.26495e+00
9.97610e+00	1.55831e+00	6.08558e+00	-2.04557e+00
7.34805e+00	-1.05470e+00	9.92922e+00	2.24871e+00
8.61476e+00	-1.01883e-01	8.39374e+00	-2.15612e+00
9.43505e+00	2.73028e+00	3.14662e+00	-2.62446e+00
8.60544e+00	-8.43997e-01	9.78445e+00	-9.57987e-01
8.18697e+00	1.32284e+00	4.06549e+00	-4.34303e+00
9.92548e+00	1.01092e+00	7.64502e+00	-5.50486e-01
7.05431e+00	-1.15738e+00	1.11149e+00	3.65251e+00
7.52162e+00	-3.37054e+00	1.90894e+00	-2.87802e+00
8.45545e+00	1.79042e+00	3.48342e+00	-3.49835e+00
7.88169e+00	-2.71777e+00	7.17741e+00	1.35502e+00
6.16564e+00	-1.88854e+00	1.09186e+00	-7.05833e-01
9.78556e+00	6.17247e-01	2.48402e+00	-3.52838e+00
9.66239e+00	-5.59911e-01	4.12639e+00	-3.29502e+00
9.62017e+00	2.28338e+00	6.00492e+00	-2.38268e+00
8.92028e+00	-2.35887e-01	7.94987e+00	-3.61092e+00
9.66001e+00	-3.71944e-02	6.30893e+00	2.79908e+00
6.10947e+00	-1.29450e+00	9.87423e+00	-1.59879e-01
7.73849e+00	-7.76021e-01	7.90735e+00	1.19215e+00
9.90800e+00	4.86832e+00	5.82884e+00	1.22546e-01
9.84175e+00	-1.95187e+00	6.86136e+00	-1.85778e+00
8.38078e+00	-2.56985e+00	9.03529e+00	2.08455e+00
5.20548e+00	-2.39013e+00	8.42717e+00	3.68920e+00
6.87377e+00	-4.98455e-01	4.70052e+00	-5.11482e-02
5.99144e+00	2.05805e+00	1.12744e+00	-3.69892e+00
5.28528e+00	-1.58866e+00	8.10980e+00	1.28414e+00
8.63151e+00	-5.42958e-01	5.50150e+00	4.44337e+00
5.07940e+00	-2.77533e+00	3.01483e+00	2.28422e+00
7.27997e+00	-9.33612e-01	8.55463e+00	2.37375e+00
9.13311e+00	-1.01977e+00	8.91543e+00	-8.55958e-01
9.93622e+00	-2.68043e+00	7.11507e+00	1.13939e+00
9.98206e+00	-3.82216e+00	3.41748e+00	2.93311e+00
8.82945e+00	1.41616e+00	1.91600e+00	-1.08582e+00
8.90928e+00	4.57290e-01	6.36320e+00	-6.92424e-01
7.60960e+00	1.30621e-01	9.21458e+00	-6.40684e-01
9.88162e+00	3.47414e+00	2.02599e+00	3.73003e+00
8.94625e+00	4.81937e+00	8.32422e+00	-1.18499e+00
9.00644e+00	3.80929e+00	2.82405e+00	4.60926e+00
7.28509e+00	-9.11747e-01	5.56613e+00	1.83257e+00
9.54486e+00	-5.42435e-01	5.87732e+00	-1.16192e+00
9.84242e+00	2.14162e+00	6.29787e-01	-1.50914e+00
8.93902e+00	-4.79014e+00	8.12024e+00	-4.32444e+00
8.23629e+00	-1.29828e+00	8.66173e+00	2.81808e+00
4.36136e+00	-1.91204e+00	9.80704e+00	-4.44948e+00
7.69230e+00	-3.28969e+00	4.16052e+00	-2.04022e+00
9.07601e+00	-5.28903e-01	1.48484e+00	1.46770e+00
8.63925e+00	5.83880e-01	7.53057e+00	4.94402e+00
7.66463e+00	-3.53559e+00	5.39433e+00	-4.56891e+00
9.69666e+00	1.10334e+00	3.12968e+00	-1.42646e-01
9.01120e+00	-3.31007e+00	8.90660e+00	4.30069e+00
9.81451e+00	-2.61037e+00	1.09844e-01	1.54000e+00
7.26096e+00	3.03784e+00	8.54038e+00	-2.87610e+00
7.88167e+00	-2.32495e+00	8.04687e+00	-1.27833e+00
9.95381e+00	3.26510e+00	9.43540e+00	2.19984e+00
9.01622e+00	-1.02438e+00	3.77120e+00	2.83852e+00
9.31064e+00	3.36773e+00	6.24534e+00	1.85988e+00
6.97589e+00	3.49918e+00	6.15963e+00	-3.34964e+00
9.07171e+00	-3.04558e+00	9.44120e+00	-2.66742e+00
5.49373e+00	-3.93468e-01	9.54997e-01	1.33721e+00
8.27807e+00	-2.58117e+00	1.48336e+00	-4.61982e+00
9.24355e+00	3.79176e+00	9.80035e+00	4.80088e+00
6.63786e+00	-3.82382e+00	9.95919e+00	3.72632e-02
9.89905e+00	1.05322e+00	7.15894e+00	8.55120e-01
8.60184e+00	-1.54594e+00	1.36915e+00	-4.76845e+00
9.41496e+00	8.74839e-01	8.37448e+00	-8.06864e-01
5.81122e+00	3.51228e-01	1.99323e+00	-1.00812e+00
9.89388e+00	2.85866e+00	6.37368e+00	-2.45335e+00
6.89338e+00	-4.86636e-01	6.54202e+00	2.27826e+00
8.94967e+00	-3.10564e+00	8.62888e+00	4.53769e+00
9.97121e+00	4.35826e+00	5.68503e+00	7.51308e-01
9.86676e+00	4.78247e+00	9.94715e+00	-9.36866e-01
8.78710e+00	1.03484e+00	7.78570e+00	7.41225e-03
8.80655e+00	3.75471e+00	9.33966e+00	4.64687e+00
8.47665e+00	4.80205e+00	9.57731e+00	4.59592e+00
7.88772e+00	2.94919e+00	8.76106e+00	-7.15205e-01
8.08837e+00	6.44047e-01	9.12612e+00	-7.32133e-01
6.51901e+00	4.78877e+00	5.25048e-01	1.89113e+00
7.69711e+00	3.82660e+00	8.76155e+00	4.86753e-01
6.02692e+00	-4.59631e-01	1.68845e+00	1.00473e+00
9.49269e+00	4.48653e+00	7.31108e+00	4.07241e+00
7.75590e+00	-3.09206e+00	9.61803e+00	9.81300e-01
8.61734e+00	1.94378e+00	8.62409e+00	-4.58861e+00
8.85146e+00	-4.59528e+00	9.59277e+00	5.29577e-01
6.63745e+00	-5.32900e-01	1.84259e+00	-3.07623e-01
7.68083e+00	4.76861e+00	8.97859e+00	-3.74150e+00
9.58724e+00	-6.04327e-01	4.69821e+00	4.33871e+00
8.99695e+00	-3.59689e-01	8.19087e+00	-2.42682e+00
9.49450e+00	-9.60735e-01	3.66129e+00	-3.52635e+00
7.98346e+00	-6.55390e-01	4.75637e+00	3.07325e-01
9.47745e+00	-2.82967e+00	7.38879e+00	-9.38404e-01
