# No. of particles = 100 
# Proton - Solar wind	Electron - Solar wind	
2.16525e+00	-2.24365e+00	1.87593e+00	-6.66506e-01
2.03302e+00	-2.36595e+00	4.40971e-01	-1.57967e+00
2.49034e+00	-2.43907e+00	1.99371e+00	-8.69308e-02
5.50975e-01	-2.45794e+00	2.72588e-02	-2.37621e+00
2.21508e+00	-2.34514e+00	2.33201e+00	-1.65504e+00
8.43915e-01	-2.34426e+00	8.19420e-01	9.34443e-01
9.35852e-01	-2.35907e+00	9.47579e-01	-8.12720e-01
1.91127e+00	-2.23247e+00	8.54741e-01	-1.81106e+00
1.03276e+00	-2.37492e+00	9.07431e-01	-2.30792e+00
2.22661e+00	-2.08083e+00	7.61098e-01	2.36504e+00
5.21721e-02	-2.38324e+00	1.55372e+00	-4.90485e-01
2.12966e+00	-2.39359e+00	2.04206e-02	-2.47697e+00
1.99408e-01	-2.35967e+00	4.50187e-01	-2.15365e+00
1.85684e+00	-1.61602e+00	6.84216e-01	-1.82456e+00
2.05132e+00	-2.09967e+00	4.14972e-02	-2.37144e-01
2.30879e+00	-1.62717e+00	2.33135e+00	-8.70598e-01
1.91646e-01	-2.38206e+00	1.73793e+00	-1.85389e+00
8.65174e-01	-2.29282e+00	5.53444e-02	-2.27518e+00
1.94653e+00	-2.48494e+00	1.43882e+00	-1.56457e+00
2.30236e+00	-2.30910e+00	2.31496e+00	2.54172e-01
2.73164e-01	-2.30090e+00	2.26686e-01	-2.09722e-01
1.76791e+00	-2.46149e+00	7.59823e-01	-2.12326e+00
4.03904e-01	-2.17710e+00	2.22353e+00	1.09447e+00
2.77748e-01	1.26121e-01	1.69166e+00	-1.94259e+00
4.92140e-01	-2.32803e+00	1.32604e+00	-1.12310e+00
1.88526e+00	-2.46859e+00	2.49107e+00	-6.05401e-01
5.52613e-01	-1.99620e+00	2.93902e-01	-2.07760e+00
2.11132e+00	3.01982e-01	2.23081e+00	-1.09864e+00
1.99411e-01	-2.44128e+00	2.14534e+00	-1.77367e+00
2.39255e+00	-2.43725e+00	2.09630e+00	-1.94571e+00
2.32496e+00	-1.79204e+00	6.64856e-01	-2.44288e+00
1.06913e+00	-1.92631e+00	6.36103e-01	6.43876e-01
1.40876e+00	-1.73244e+00	9.11886e-01	-2.31391e+00
1.50826e+00	-2.45719e+00	1.66139e+00	-1.43758e+00
7.14391e-02	-2.48621e+00	2.06942e+00	-1.19727e+00
5.73685e-01	-2.11608e+00	1.67211e-01	2.40142e+00
1.58953e+00	-2.36425e+00	7.32369e-01	-1.82383e+00
1.96470e+00	-5.92020e-02	1.25687e+00	4.68758e-01
1.17978e+00	-1.97087e+00	1.10737e+00	-1.60331e+00
2.32306e+00	-2.00495e+00	5.12822e-01	-5.43458e-01
1.45489e+00	-2.40816e+00	8.75749e-01	-2.20407e+00
1.45337e+00	-2.43067e+00	4.27439e-01	-1.66385e+00
2.43690e+00	-2.25200e+00	1.32457e+00	1.00623e+00
1.36986e+00	-1.80881e+00	1.60484e+00	3.05910e-01
2.36312e+00	-2.02964e+00	2.05266e+00	-1.06897e+00
2.40088e+00	-2.40189e+00	1.07780e+00	3.23597e-01
2.23012e+00	-1.54853e+00	3.78880e-01	1.66735e+00
1.30265e-01	-2.32166e+00	9.45874e-01	3.83333e-01
9.52263e-01	-2.40339e+00	6.05514e-02	-2.30811e+00
1.33595e+00	-1.65165e+00	1.36926e+00	7.72819e-02
1.85130e+00	3.66170e-01	6.92217e-01	-2.07705e+00
2.88688e-01	-2.29271e+00	8.23460e-01	1.02505e-01
2.39084e+00	-2.36594e+00	2.29545e+00	6.76066e-01
5.11456e-01	-2.39875e+00	1.38272e+00	-1.30492e+00
1.31646e+00	-2.20886e+00	3.55788e-01	-1.80041e+00
1.25381e+00	-1.00762e+00	1.12943e+00	5.99589e-01
2.48584e+00	-5.01825e-01	1.38756e+00	5.39660e-01
1.94448e+00	-1.95366e+00	1.74431e+00	-6.37448e-01
1.26930e+00	-2.39248e+00	1.86241e+00	1.50655e+00
1.34641e+00	-2.23136e+00	2.95306e-01	-2.38837e+00
8.27015e-01	1.71367e+00	9.27862e-02	-1.05608e+00
1.67567e+00	-1.07748e+00	1.79578e+00	2.00764e+00
1.46782e+00	-8.47475e-02	1.01911e+00	3.22932e-01
1.78912e+00	8.63304e-01	1.93071e+00	5.34704e-01
2.20039e+00	-2.30008e+00	1.78359e+00	-1.60883e+00
2.42647e+00	-9.65880e-01	1.09939e+00	8.70853e-02
1.54121e+00	-9.63456e-01	9.66597e-01	1.62113e-02
1.49724e+00	-8.96105e-01	1.87295e+00	-3.13083e-01
1.91458e+00	-2.41329e+00	1.33792e+00	3.35644e-01
1.75385e-01	-2.39177e-01	1.96044e+00	-1.68127e+00
8.64135e-02	-2.26615e+00	1.04453e-01	-2.42473e+00
1.50543e+00	-2.10816e+00	3.16810e-02	-5.13708e-01
6.32443e-01	-2.46993e+00	2.17709e+00	-9.97092e-01
1.66642e+00	-2.48245e+00	2.34655e+00	-4.22417e-01
1.12857e+00	-2.25446e+00	2.20578e-01	-1.79876e+00
2.19521e-01	-1.45367e-01	1.95630e+00	-9.00028e-01
1.76958e+00	-2.37080e+00	2.53952e-01	-2.48088e+00
3.70960e-01	1.45539e-02	8.36434e-01	2.04672e-01
2.10993e+00	1.54060e+00	1.10575e+00	-8.66217e-01
2.38536e+00	1.08554e+00	6.37833e-01	-2.21480e+00
1.18881e+00	-1.99168e+00	1.52673e+00	-3.17248e-02
2.18409e+00	-2.33586e+00	1.34470e+00	-2.36019e+00
1.09046e+00	3.69434e-01	8.55232e-01	-6.57214e-01
6.09513e-01	4.82210e-01	1.43030e+00	-1.55888e+00
1.44826e-01	-2.45909e+00	9.82182e-01	7.71421e-01
5.36506e-01	-2.37058e+00	5.67837e-01	-1.55224e+00
2.08167e+00	-1.97715e+00	1.93419e+00	2.44390e+00
9.56842e-01	6.40766e-01	2.29703e+00	-2.36376e+00
5.29626e-01	-2.24044e+00	7.13675e-01	2.34638e+00
2.48120e+00	-3.43915e-02	1.78572e+00	-1.47121e+00
7.29219e-01	-3.51632e-01	2.34202e+00	9.92977e-01
1.35033e-01	-2.38488e+00	1.54502e+00	-3.18701e-01
6.84555e-01	-2.26957e+00	1.88632e+00	-1.10389e+00
2.46203e+00	8.03047e-01	6.92276e-01	-2.13321e+00
1.05629e+00	4.29838e-01	1.72715e+00	-2.16230e+00
2.25040e-01	-2.43918e+00	1.29385e-01	-2.42998e+00
1.47298e+00	2.26609e-01	6.68929e-02	-2.30680e+00
3.55413e-01	-2.25009e+00	2.39004e+00	-2.20440e+00
1.64414e+00	5.92751e-01	9.51775e-02	5.93653e-01
2.27099e+00	1.79611e+00	1.72398e+00	-7.23484e-02
