# No. of particles = 100 
# Proton - Solar wind	Electron - Solar wind	
7.48412e-02	-9.92212e-01	1.11706e+00	-9.84115e-02
4.87371e-01	2.73544e-02	1.39638e+00	-4.46420e-01
5.24941e-01	-5.75305e-01	1.89675e-01	-8.99026e-01
2.02252e-01	-4.56299e-01	1.31525e+00	6.81097e-01
6.93477e-01	-5.45079e-01	3.46583e-01	7.61110e-01
1.28221e-01	-3.82161e-01	1.19507e+00	-3.70676e-01
5.90581e-01	-5.65946e-01	2.02745e-02	-9.80542e-01
6.58776e-01	-1.36801e-01	1.30724e-01	-9.22354e-02
1.98495e+00	-2.14337e-01	1.13412e+00	5.47535e-01
3.24291e-01	-9.96943e-02	1.38043e-01	7.04820e-01
1.17575e+00	6.49420e-01	6.75166e-01	-4.96067e-01
3.53589e-01	-5.49094e-01	5.68185e-01	-7.01865e-01
8.52886e-01	-4.70506e-01	2.51686e-02	-1.87523e-01
4.31866e-01	-5.43303e-01	9.81443e-01	9.34477e-01
4.75832e-01	9.23075e-01	2.48856e-01	-4.93422e-01
1.16667e-01	-5.98434e-01	1.21414e-01	3.71423e-01
7.28890e-02	-1.52191e-01	7.44835e-01	3.42178e-01
9.88956e-01	-2.76662e-01	1.06547e+00	-6.36602e-01
1.23365e+00	8.95596e-01	1.65335e-01	-8.28809e-01
6.71995e-01	2.85772e-01	9.37274e-01	2.87272e-01
3.71480e-01	-4.35792e-01	1.88928e+00	-1.47105e-01
8.02931e-01	1.02633e-01	3.92057e-01	-1.05441e-01
1.32564e-01	9.07013e-01	7.51289e-01	5.00098e-01
2.07117e-01	8.62935e-02	8.73924e-01	-9.71411e-01
3.44500e-01	-8.46655e-01	1.44227e+00	-3.45796e-01
4.44027e-01	2.86400e-01	1.49556e-01	-9.11167e-01
1.36587e-01	2.98788e-01	2.74766e-01	-2.44309e-01
1.73722e+00	5.57191e-01	5.66439e-02	6.18662e-01
6.48139e-01	-7.29655e-01	1.93596e+00	-2.02903e-01
1.77615e-01	-7.93050e-01	9.95479e-01	6.09307e-01
1.62472e+00	1.64583e-01	4.28473e-01	-7.73066e-01
6.56434e-01	-3.53114e-01	3.77071e-01	-9.05013e-01
3.51304e-01	-4.27565e-01	6.65040e-01	5.82804e-01
4.41974e-01	-8.58964e-01	5.13457e-01	6.58499e-01
1.61334e+00	8.00806e-02	3.96118e-01	-6.31180e-01
1.67543e+00	2.21253e-01	1.52945e-01	-1.63111e-02
1.45134e+00	-6.14713e-01	3.64235e-01	-2.60965e-01
5.27515e-01	8.58940e-01	1.94263e+00	6.21474e-01
5.77368e-02	-8.20708e-01	1.46327e-03	-9.45008e-01
1.18345e+00	5.64939e-01	8.32339e-01	7.55661e-01
7.99580e-01	2.50756e-01	1.81626e+00	1.78054e-01
2.75470e-01	-7.03028e-01	3.91620e-01	-2.23918e-02
2.96447e-01	-5.12261e-01	6.71513e-01	4.36975e-01
3.26072e-01	2.34207e-01	1.13237e+00	8.84833e-01
1.03540e-01	-7.07430e-01	1.90174e+00	2.83627e-01
1.88039e+00	3.21007e-01	5.48097e-01	4.10261e-01
1.18134e+00	-1.34720e-01	6.45164e-01	-8.61978e-01
4.92681e-01	-4.13449e-01	6.67854e-01	-6.89696e-01
6.35289e-01	-3.01235e-01	6.98144e-01	-8.40933e-01
1.11682e+00	4.39069e-01	3.50600e-01	-3.65546e-01
4.14204e-01	-9.96414e-01	1.01005e+00	-4.29418e-02
1.13599e+00	-2.31326e-01	2.75863e-01	-6.07635e-01
1.49937e+00	7.63360e-01	2.61124e-01	-2.38193e-02
1.06607e+00	6.01908e-01	2.70304e-01	-4.31813e-02
1.15366e+00	3.71524e-01	4.02988e-01	3.07708e-01
6.05591e-01	1.92285e-01	1.09292e+00	-5.32201e-01
6.23900e-01	-1.21998e-01	1.40299e+00	-8.55340e-02
7.22679e-01	-6.88035e-01	1.13460e+00	-9.63559e-01
7.89800e-02	-8.48920e-01	1.84714e+00	-2.51236e-03
8.41448e-01	-9.41634e-02	1.75263e+00	3.53638e-01
8.45682e-02	-9.29863e-01	3.94266e-01	-6.45113e-01
9.20616e-01	1.68018e-02	2.01250e-01	2.49142e-01
1.87126e+00	3.26152e-01	1.00904e+00	7.02681e-02
1.84816e+00	7.43361e-01	6.37384e-01	-2.90326e-01
1.51015e+00	-6.27190e-01	1.64938e-01	2.19249e-01
1.16223e-01	-9.24344e-01	1.94357e+00	-2.03155e-01
7.19990e-01	-4.54882e-01	1.72741e+00	2.29845e-01
2.53330e-01	-8.63352e-01	1.14494e+00	-9.17695e-01
5.86998e-01	4.53463e-02	7.41987e-01	8.82139e-01
1.49045e-01	-8.38433e-01	1.93383e+00	-8.59113e-01
5.27703e-01	5.07872e-01	6.92377e-04	-5.12577e-01
3.78372e-01	7.20370e-01	1.01437e+00	5.02579e-01
1.79424e+00	9.23245e-01	5.58424e-01	-2.63602e-01
1.17762e-01	-9.63338e-01	1.46513e+00	5.20028e-01
4.24430e-01	-6.64716e-01	1.39036e+00	4.74920e-02
9.90868e-01	-2.07197e-01	2.41178e-01	3.61030e-01
6.25637e-01	-1.72827e-01	1.14753e-01	8.64668e-01
1.00800e+00	-2.78214e-01	1.49090e+00	7.43256e-02
1.71529e+00	7.23736e-01	1.87832e+00	-1.76789e-01
7.18477e-01	-1.15521e-01	1.46131e+00	-6.84934e-01
1.70825e+00	8.82146e-02	6.56051e-02	-7.85037e-01
1.69712e+00	8.76855e-02	8.16398e-02	-9.65874e-01
6.63014e-01	-2.82324e-01	4.85813e-01	-2.32037e-01
1.03945e+00	7.45830e-01	1.32717e-01	-8.97690e-01
3.68256e-01	-2.72734e-01	1.88389e+00	-9.08418e-02
1.73111e-01	-2.33498e-01	7.17771e-01	-2.91333e-01
2.31431e-01	-6.26958e-01	2.66723e-01	7.32700e-01
6.42941e-01	-9.26998e-01	3.34318e-01	-3.06568e-01
9.82988e-01	-3.07921e-02	1.42578e+00	-3.84192e-01
1.73075e+00	-6.59794e-01	5.55118e-02	-8.70237e-01
9.17041e-02	-8.22106e-01	1.88912e-02	-5.31811e-02
8.71927e-01	7.78678e-01	2.29657e-01	-5.67414e-01
4.23773e-01	-1.97590e-01	2.54254e-01	-9.72824e-01
1.29002e+00	5.79816e-01	4.13914e-01	-8.16807e-01
2.12128e-01	-2.84476e-01	1.56140e+00	5.27864e-01
1.33424e+00	9.46796e-01	4.97083e-01	-1.01821e-01
7.16183e-01	-4.89388e-01	1.14350e+00	1.56509e-01
1.90026e+00	-7.26565e-02	1.94017e+00	-1.97173e-01
1.04542e+00	3.69227e-01	4.02425e-01	3.05831e-01
2.50950e-01	-7.48699e-01	4.72775e-01	7.03948e-01
