# No. of particles = 100 
# Proton - Solar wind	Electron - Solar wind	
9.28028e+00	-7.36918e-01	7.82782e+00	4.83379e+00
4.84491e-01	7.79729e-01	8.87892e+00	-1.92713e+00
9.96862e+00	-5.71611e-01	8.53009e+00	1.96517e+00
9.34197e+00	-4.10014e+00	5.03716e-01	-1.74649e-01
9.04864e+00	-1.83504e+00	1.35474e+00	3.62113e+00
6.45413e+00	-3.05489e+00	1.18761e+00	-1.75588e+00
9.77590e+00	-1.20718e+00	5.20226e+00	3.73767e+00
8.27270e+00	-2.21730e+00	3.70007e+00	2.41791e+00
9.65862e+00	3.88367e+00	1.06637e+00	3.67015e+00
9.57672e+00	-7.95315e-01	1.23663e-01	3.18530e+00
8.12238e+00	-1.76101e+00	2.48658e-01	-3.91907e-01
8.91715e+00	-1.20005e+00	7.81211e+00	-1.89613e+00
9.56990e+00	-7.83444e-01	8.17518e+00	-8.98219e-01
6.93699e+00	-3.72852e-02	7.36557e+00	-3.88877e+00
9.08174e+00	1.09960e+00	9.35420e-01	3.94309e+00
6.79764e+00	-2.02772e+00	4.87658e+00	-2.41123e+00
4.22024e+00	2.85256e+00	9.16510e+00	-3.73024e+00
8.10443e+00	2.63021e+00	9.84375e+00	-3.16463e+00
5.81208e+00	5.25335e-01	8.37991e+00	4.72125e-01
8.21282e+00	-1.61102e+00	9.62207e+00	2.86741e+00
9.21194e+00	-4.75771e+00	2.92969e+00	-3.36857e+00
9.68340e+00	-3.55470e+00	6.96757e+00	-2.50661e+00
8.87160e+00	-4.66703e+00	9.17759e+00	-4.87166e+00
9.10664e+00	-3.76478e+00	8.81032e+00	1.41315e+00
9.24946e+00	-1.56653e+00	8.97155e+00	2.09295e+00
8.82531e+00	-4.48702e-01	7.49608e+00	-1.47238e+00
9.39968e+00	-3.06541e+00	7.26194e+00	-3.78720e+00
8.63262e+00	-2.68788e+00	8.57308e+00	-3.88900e+00
8.33152e+00	-1.18655e+00	9.09113e+00	-2.95155e+00
8.98389e+00	-6.28176e-01	8.99452e+00	1.35401e+00
8.15939e+00	-1.93996e+00	9.87109e+00	1.53300e+00
9.68148e+00	-2.00224e+00	8.89561e+00	-2.67055e+00
9.03496e+00	1.91593e-01	7.85086e+00	-1.78770e+00
8.93813e+00	-3.50411e+00	4.82155e+00	8.74816e-01
9.37774e+00	1.14701e+00	7.71423e+00	-2.85874e+00
9.58221e+00	-4.99283e-01	7.32172e+00	-3.21564e+00
9.08298e+00	1.39100e+00	5.17362e+00	4.71662e+00
7.66503e+00	-3.16108e+00	8.59826e+00	-7.20256e-02
6.67345e+00	4.71283e+00	7.32659e+00	4.04871e+00
9.55682e+00	1.05906e+00	2.36578e-02	1.04343e+00
9.19915e+00	4.30293e-01	7.46544e+00	1.30313e+00
7.84386e+00	-1.79058e+00	8.76752e+00	9.41002e-01
9.39701e+00	1.01723e+00	5.34784e+00	-1.60774e+00
8.63034e+00	8.90717e-01	6.42747e+00	2.78052e+00
9.65868e+00	4.16446e+00	4.07654e+00	4.66711e+00
9.99388e+00	4.63372e+00	7.80490e+00	-4.75462e+00
9.45446e+00	1.74602e+00	7.23481e+00	1.31230e+00
9.51287e+00	2.12061e+00	9.94956e+00	3.22167e+00
7.63388e+00	6.31213e-01	8.65999e+00	2.58176e+00
8.25890e+00	6.11668e-01	8.65322e+00	1.87329e+00
9.34667e+00	3.69494e+00	9.97608e+00	-1.15170e+00
9.49276e+00	3.10684e+00	8.91357e+00	-4.87112e-01
9.86452e+00	3.67360e+00	3.07000e+00	3.72216e+00
6.92353e+00	3.15078e+00	6.57735e+00	-1.83252e-01
8.90172e+00	-9.60341e-01	8.87387e+00	-4.79255e+00
9.55265e+00	-3.27821e+00	8.93767e+00	-4.66870e+00
9.64671e+00	-4.33836e+00	4.98035e+00	1.34629e+00
9.80487e+00	-4.84601e+00	4.67115e+00	-2.18231e+00
7.06315e+00	-4.24460e+00	9.36616e+00	2.44305e+00
8.68415e+00	-2.40716e+00	7.26240e+00	-4.16983e+00
9.61445e+00	-2.08710e+00	9.78159e+00	4.10199e+00
9.53256e+00	2.09982e+00	8.85748e+00	-1.87800e+00
9.01404e+00	-2.07027e+00	7.57116e+00	-9.92539e-01
9.40243e+00	-1.30788e+00	6.75946e+00	-1.52956e+00
7.43035e+00	2.65456e-01	9.54122e+00	-4.03517e+00
8.96784e+00	-3.83164e-01	6.62610e+00	-2.20576e-01
4.09903e+00	2.38701e+00	6.32366e+00	-1.49499e+00
9.10423e+00	-4.43754e+00	9.55258e+00	2.31942e+00
9.82900e+00	-7.57046e-02	8.51920e+00	-4.36897e+00
5.85525e+00	1.03489e+00	9.96921e+00	3.38852e+00
9.43885e+00	-2.81964e-01	7.95809e+00	1.60157e+00
9.05943e+00	4.55048e-01	7.06870e+00	-2.73151e+00
8.97040e+00	8.47874e-01	5.65277e+00	3.90456e+00
9.30162e+00	1.11576e+00	8.28643e+00	-4.96619e+00
9.36251e+00	8.47792e-01	9.19236e+00	4.83443e+00
8.37259e+00	7.75832e-01	1.36376e+00	-1.82564e+00
9.55138e+00	2.75846e+00	4.69084e+00	3.18301e+00
9.90182e+00	4.88648e+00	6.67103e+00	3.74166e-01
9.95353e+00	3.99788e+00	6.55598e+00	-3.23876e+00
8.87315e+00	2.16265e+00	3.49086e+00	-2.77952e-01
9.00531e+00	4.13882e+00	6.32476e+00	-9.89377e-01
9.97572e+00	4.47683e+00	8.38315e+00	3.51499e+00
8.42549e+00	4.54783e+00	6.94565e+00	3.80152e-01
7.11016e+00	1.02804e+00	8.93182e+00	-4.23758e+00
9.37471e+00	-4.05867e+00	9.09900e+00	-2.46808e+00
8.50167e+00	-7.01652e-02	9.25157e+00	1.57352e+00
9.33750e+00	-4.01363e+00	8.57129e+00	-9.61390e-01
9.90336e+00	-4.15830e+00	9.20823e+00	3.90720e+00
7.20686e+00	-3.70253e+00	9.87822e+00	-1.18519e+00
9.14428e+00	-4.33842e+00	1.24840e+00	3.68118e+00
7.62344e+00	-2.12079e+00	8.90192e+00	-3.15809e+00
7.51177e+00	-1.74752e+00	8.20405e+00	1.33694e+00
7.37221e+00	-2.05967e+00	6.38720e+00	-3.67425e+00
9.89744e+00	-1.23683e+00	3.95437e+00	-1.70215e-01
9.46287e+00	-9.65968e-01	8.35461e+00	2.54897e+00
4.92241e+00	1.66544e+00	1.70724e+00	1.56479e+00
8.75583e+00	-2.39773e+00	9.92304e+00	-7.91368e-01
6.10715e+00	1.87888e+00	4.29719e+00	2.90852e+00
6.43631e+00	2.77171e+00	8.64677e+00	4.10656e+00
8.88548e+00	2.48537e+00	7.90583e+00	-4.57975e+00
