# No. of particles = 100 
# Proton - Solar wind	Electron - Solar wind	
1.69959e+00	1.87011e-01	7.10599e-01	-5.62091e-01
3.07098e-02	-9.87084e-01	8.55771e-02	-8.62069e-01
1.03122e+00	-7.10876e-01	2.84545e-01	-4.52110e-02
1.38541e+00	-3.26056e-01	2.31073e-02	-9.83203e-01
1.60195e-01	-4.15048e-01	1.12595e+00	1.92400e-02
1.62131e+00	1.14378e-02	9.51377e-01	1.44857e-01
1.88468e+00	-7.11655e-01	2.73727e-01	-7.80617e-01
1.15022e+00	4.18944e-01	4.89112e-02	-8.56431e-01
6.16227e-01	-1.98893e-01	5.51270e-01	1.10699e-01
1.54567e+00	1.39149e-01	1.46060e+00	-2.11054e-01
8.21206e-01	1.28685e-01	1.21398e+00	2.13613e-02
1.62215e+00	-7.52928e-01	4.27859e-01	-9.07487e-01
4.02361e-01	-7.60646e-01	1.21049e+00	-5.91111e-01
1.93222e-01	-7.16324e-01	1.29129e-01	-2.76904e-01
1.19454e-01	-9.42734e-01	5.38631e-02	-9.40806e-01
8.42984e-01	2.82054e-01	1.40445e+00	-4.79462e-01
1.53492e+00	5.95346e-02	7.69837e-01	-4.40116e-01
1.70156e+00	-4.47658e-01	1.24685e+00	-8.43044e-01
5.13692e-01	-2.19826e-01	1.83665e+00	-9.26872e-01
1.51512e-02	-9.54623e-01	4.38047e-01	7.32101e-01
5.02167e-01	8.92967e-03	1.98784e+00	-1.61689e-01
1.67264e+00	-6.95032e-01	2.99940e-01	-1.84088e-01
8.27097e-01	-4.75824e-01	1.96664e-01	-3.39366e-01
1.28088e-01	-3.88439e-01	3.86654e-01	-9.11945e-01
9.87779e-02	-9.85320e-01	4.36098e-01	-4.23540e-02
4.85656e-02	-9.03027e-01	1.89065e-01	-8.02845e-01
9.23519e-01	5.68077e-01	2.08700e-01	9.90208e-01
1.26323e+00	1.49000e-01	2.46686e-02	-9.29481e-01
9.92508e-01	6.61346e-01	4.31602e-01	5.18907e-01
5.39739e-01	-7.76960e-01	5.43424e-01	6.11043e-01
1.96083e-01	-6.40877e-01	8.26197e-01	2.10443e-01
1.55081e-02	-9.59984e-01	1.84384e+00	-3.78155e-01
5.67442e-02	-8.63788e-01	9.13367e-02	-9.09212e-01
8.73512e-01	-7.15171e-01	8.51173e-01	3.53544e-02
1.06406e+00	-8.45672e-02	1.59581e+00	-7.61161e-01
4.97469e-01	-6.68942e-01	6.15837e-01	1.99648e-01
1.80351e-03	-8.67739e-01	1.58741e+00	-3.97344e-01
5.74344e-02	2.96260e-01	4.97524e-02	7.87403e-01
2.19524e-01	2.30594e-02	1.43204e-01	8.60461e-01
3.14578e-02	-9.34004e-01	3.31482e-02	-8.56937e-01
1.53201e+00	6.89736e-01	2.32408e-01	-7.41216e-01
1.92059e+00	-3.01720e-01	4.69542e-02	-8.65650e-01
6.59658e-01	5.90760e-01	1.37589e+00	9.55142e-01
3.26319e-01	-1.16463e-01	5.52937e-01	1.33529e-01
1.31802e+00	7.34017e-01	7.39954e-01	-3.27362e-01
6.55006e-01	8.84142e-01	6.95325e-02	7.94356e-03
6.19538e-01	-5.52253e-01	1.19357e+00	7.15075e-01
7.01364e-01	-1.54197e-01	1.34349e-01	-8.35401e-01
9.79630e-01	2.53504e-01	1.21475e+00	9.73321e-01
7.65197e-01	-5.57445e-01	2.39389e-01	1.42502e-01
1.21017e+00	8.52280e-01	9.13458e-01	6.81648e-02
3.04880e-01	-7.88590e-01	3.99363e-01	4.41111e-01
4.07405e-01	3.47148e-01	2.68534e-01	-4.73161e-01
4.74455e-01	-2.82448e-01	9.97512e-01	-7.04038e-01
5.65084e-01	-3.29482e-01	8.10373e-01	-2.65160e-01
9.35050e-01	-6.52178e-01	3.67912e-01	1.44427e-01
1.74537e+00	1.86130e-01	2.52669e-01	-9.46143e-01
3.70537e-01	-7.78167e-01	1.07460e+00	1.32133e-01
5.48190e-02	-5.34869e-01	1.30336e+00	-4.81874e-01
1.21832e+00	6.86428e-01	6.94011e-01	-6.07465e-01
5.20161e-02	-8.17250e-01	1.92486e+00	7.28888e-01
3.53714e-01	6.04946e-02	6.99317e-01	-2.05956e-01
4.64550e-01	-6.73679e-01	1.26461e+00	-7.15072e-01
1.50031e-02	-9.85089e-01	1.62041e+00	-4.85776e-01
3.69793e-01	-9.11295e-01	4.41043e-01	-9.60590e-01
3.48617e-01	5.21429e-01	6.08028e-01	-3.45439e-01
9.58560e-01	-8.97953e-01	1.63144e+00	5.97762e-01
1.92614e+00	-2.90092e-02	8.55712e-01	-2.02329e-01
2.43381e-01	-5.65724e-01	8.99691e-01	-6.48178e-01
7.55558e-01	-7.89812e-02	1.73373e+00	4.56228e-02
2.00975e-01	-4.69838e-01	1.24103e+00	5.81996e-01
2.39459e-01	-8.47009e-01	3.86756e-01	2.12929e-01
7.18292e-01	-2.18819e-01	1.96115e-01	-4.21971e-01
1.70803e+00	-3.16226e-01	3.49287e-01	-5.16749e-01
2.84610e-01	-8.08888e-01	8.23881e-01	-2.13410e-01
1.23257e+00	-4.18607e-01	5.12506e-02	-9.30740e-01
2.03743e-02	-1.77672e-01	7.25370e-01	-5.21029e-03
9.78186e-01	5.54504e-01	1.49080e-01	-8.31769e-01
1.18266e+00	5.22632e-01	8.30042e-01	-4.92584e-01
1.34595e-01	6.21455e-01	6.36517e-01	5.68175e-01
1.90036e+00	8.06183e-01	3.21842e-01	-7.41893e-01
5.58000e-01	-2.83086e-01	1.33589e+00	-5.69491e-01
2.00438e-01	-7.90117e-01	4.05780e-01	-9.87614e-01
1.08807e-01	9.01885e-01	1.13752e+00	2.12866e-01
2.32009e-03	-3.90958e-01	1.31282e+00	5.80660e-01
9.46511e-02	-5.67054e-01	7.97562e-02	4.65372e-01
1.06495e-01	-8.12322e-01	1.69361e+00	-7.67142e-01
1.25083e-01	-1.95788e-02	3.42754e-01	4.58150e-01
3.81284e-01	-8.49169e-01	5.21502e-01	-7.47403e-01
2.82228e-01	-9.50805e-01	1.48207e+00	4.66812e-01
6.73979e-02	-9.67522e-01	5.77109e-01	4.93816e-02
5.90755e-01	2.35508e-01	4.43674e-01	-7.37339e-01
2.46250e-01	-5.80990e-01	1.31314e-02	5.58459e-02
4.71685e-01	-4.12542e-01	5.60051e-01	-7.82353e-01
9.93127e-02	3.18697e-01	1.13440e+00	-2.69870e-01
9.40872e-01	3.60740e-01	4.24683e-01	1.54790e-01
1.36034e+00	-6.03084e-01	1.34649e-01	8.54124e-01
3.33149e-02	-9.93833e-01	1.75066e-02	-5.28814e-01
3.31956e-01	5.83273e-02	8.52963e-01	5.70886e-01
5.40718e-01	-1.98817e-01	1.86644e-01	-7.47120e-01
