# No. of particles = 100 
# Proton - Solar wind	Electron - Solar wind	
2.29303e-01	5.80739e-02	9.55730e-01	9.95602e-01
1.24171e-01	-7.40687e-01	1.54567e+00	-2.73278e-01
2.88103e-01	-7.73057e-01	1.29574e+00	-3.10064e-01
2.06640e-01	2.30744e-01	5.86649e-01	8.02996e-01
4.86935e-01	8.30320e-01	5.75250e-01	-6.04416e-01
9.52928e-01	8.45115e-01	1.04358e+00	-7.50816e-01
1.57303e+00	4.67119e-01	7.23702e-01	-6.21516e-01
7.63316e-02	-8.50712e-01	7.92605e-01	-6.48530e-01
9.06417e-01	-6.46182e-01	1.72400e+00	1.67231e-01
1.91184e-01	-5.11914e-01	1.34212e+00	5.73694e-01
1.05084e+00	4.64075e-01	7.05722e-01	-1.92749e-01
2.01699e-01	-7.46552e-01	1.46067e+00	4.31729e-01
6.92014e-01	-5.75648e-01	1.52630e+00	-5.56915e-01
1.06066e+00	5.90795e-01	9.63795e-01	-6.10745e-01
3.46687e-01	2.58742e-01	1.09741e+00	-2.67211e-01
1.07618e+00	-3.77012e-01	1.01982e+00	-8.20750e-01
6.05152e-02	-7.29346e-01	8.75069e-01	-4.34894e-01
4.43430e-02	9.23516e-01	1.57292e+00	-9.04818e-01
9.78373e-01	4.98470e-01	1.35030e-01	-5.46978e-01
4.36458e-01	-1.55505e-01	8.81186e-01	5.12103e-02
1.93867e-01	-7.58189e-01	7.09865e-01	5.01386e-01
4.68173e-01	-4.04441e-01	3.04151e-01	-4.40914e-01
1.97936e+00	2.27922e-01	5.38984e-01	-3.62389e-01
1.76052e-01	-8.29602e-02	8.95381e-01	-6.16579e-01
1.67321e+00	-6.55765e-01	1.56524e+00	1.32604e-01
2.99657e-01	-1.36511e-01	8.58623e-01	-7.28012e-01
7.38717e-02	-3.44290e-01	8.77136e-01	-8.83425e-01
1.56982e+00	4.12630e-01	1.35414e+00	-8.41908e-01
1.77167e+00	-3.40579e-01	1.05597e+00	-6.15427e-01
1.67315e+00	-3.11755e-01	5.66797e-01	4.01932e-01
1.67025e-01	-9.35786e-01	1.55411e+00	-1.91897e-01
1.72536e+00	-4.09819e-01	4.14426e-01	-6.45095e-01
6.98049e-01	7.66602e-01	9.39519e-01	-9.46824e-01
5.18176e-01	2.97558e-01	4.59975e-01	-6.72712e-01
3.80246e-01	-7.54772e-01	2.42400e-02	-9.93249e-01
1.25494e+00	-9.45871e-02	1.21345e-01	-2.17526e-01
8.87638e-01	-7.63258e-01	5.33808e-01	-7.70139e-02
3.57507e-01	6.58754e-01	1.81289e-01	-9.40410e-01
3.52115e-01	7.51501e-01	1.96330e-01	-9.48770e-01
7.73654e-01	2.94077e-02	2.39725e-01	-7.37564e-01
3.95580e-01	-9.32477e-01	2.62214e-01	-9.28306e-01
1.54711e+00	-5.97170e-01	9.13877e-01	5.48841e-02
8.13815e-01	9.57975e-01	3.99620e-03	1.19194e-01
7.29427e-02	-7.66573e-01	1.71927e+00	-4.74372e-01
3.50632e-01	7.09202e-01	1.37121e+00	8.78883e-01
1.11088e+00	-2.37434e-01	1.89821e+00	-2.41051e-01
9.80795e-01	-2.83733e-01	8.67748e-01	9.24890e-01
1.67925e+00	-6.36225e-01	6.50154e-01	-4.36942e-02
7.35130e-02	-9.49031e-01	1.54168e+00	-8.97642e-02
1.91674e+00	1.22298e-01	9.65129e-01	8.03898e-02
3.07431e-01	-3.40026e-01	1.97222e+00	7.07120e-01
8.40299e-01	-4.30119e-01	1.00808e+00	7.34942e-01
1.11048e+00	6.16422e-01	1.50646e+00	-2.45270e-01
8.56899e-01	2.86826e-01	3.10688e-02	-7.30710e-01
9.47374e-01	1.20344e-01	1.50260e-01	-7.61039e-01
1.81856e+00	-3.05643e-01	9.98453e-01	-4.87341e-01
3.23384e-02	-9.90406e-01	6.13436e-01	-3.75050e-01
3.93710e-02	2.87478e-02	1.67744e+00	-3.06036e-01
1.46665e-01	5.54418e-01	8.13475e-01	-2.63082e-01
4.18554e-01	-5.84700e-01	4.19611e-01	-4.57843e-01
3.51355e-02	-2.34890e-01	1.66879e-01	-4.55085e-01
3.49855e-01	-6.16800e-01	7.67645e-02	-9.77044e-01
1.36849e+00	-2.89919e-02	8.45596e-02	-1.02453e-02
1.19435e+00	1.27611e-01	1.25514e+00	-5.07573e-02
1.10417e+00	-7.30346e-01	1.43656e+00	-4.18819e-01
4.42607e-01	7.08983e-01	3.35417e-01	-6.74951e-02
4.91932e-01	9.74731e-01	1.64028e+00	-5.33025e-01
2.16985e-01	-6.61692e-02	4.06999e-02	-8.55075e-01
4.62732e-01	-1.71855e-01	2.45001e-03	5.19001e-01
1.33913e+00	7.09593e-01	2.14980e-01	-3.38619e-01
4.09170e-01	1.58647e-01	5.01784e-01	-6.55341e-01
1.95272e-01	-4.62327e-01	1.34545e+00	-5.01608e-02
1.41274e+00	5.16743e-01	2.08379e-01	-1.14245e-01
2.52221e-01	-1.65782e-01	2.63804e-01	-4.10703e-01
3.74062e-01	-7.17678e-01	1.88963e+00	5.94415e-01
6.61242e-02	5.35093e-01	4.50587e-01	7.51273e-01
5.13716e-02	-9.11827e-01	1.91825e+00	8.31924e-01
1.48467e+00	-1.56664e-01	4.12508e-01	-4.24690e-02
1.52706e+00	6.53169e-01	1.96013e+00	-7.28700e-01
7.30895e-01	7.98617e-01	9.38459e-01	4.08817e-01
7.76938e-01	-5.49749e-01	1.56666e+00	1.52188e-01
1.85964e+00	-5.42377e-02	3.06289e-02	4.76739e-01
4.97305e-01	-4.64256e-01	1.90027e+00	-1.98439e-01
5.94847e-01	2.36822e-03	3.02622e-03	-9.41737e-01
4.78987e-02	-9.44285e-01	3.19384e-01	-6.18596e-01
1.41835e-01	-3.51661e-01	1.35065e+00	-7.00388e-01
1.84602e-01	-6.92645e-01	1.68528e+00	2.72175e-01
1.27483e-01	8.40756e-01	9.59931e-01	-9.73319e-01
4.54397e-01	-1.81203e-01	1.97509e+00	-1.23648e-02
1.21463e+00	-7.65601e-01	1.40162e+00	5.61472e-02
8.07705e-02	-8.75951e-01	2.62094e-01	6.73025e-01
7.72598e-01	5.87410e-01	6.84358e-01	-6.89588e-01
3.58744e-01	-3.34568e-01	1.25835e+00	-2.26234e-02
1.00166e+00	2.24962e-01	1.03188e+00	4.17158e-01
1.58748e-01	9.01232e-01	1.51837e-01	6.03970e-01
1.19580e+00	7.39085e-01	5.43576e-01	-5.23438e-02
7.64284e-02	-9.48897e-01	1.30082e+00	-9.74840e-01
1.23575e+00	-4.02495e-01	7.60834e-01	7.92297e-01
7.91845e-01	2.57894e-01	1.98491e+00	-7.46700e-02
1.08377e+00	-8.96324e-01	3.81655e-03	-9.74605e-01
