# No. of particles = 100 
# Proton - Solar wind	Electron - Solar wind	
9.22047e+00	-4.87321e+00	5.57241e+00	-3.60494e+00
1.37775e+00	-2.88895e+00	4.94965e+00	1.10840e+00
6.48140e-01	-1.24148e+00	1.85097e+00	1.44255e+00
4.29830e-01	2.61687e+00	8.36636e+00	2.56064e+00
7.61151e+00	-4.97655e+00	7.69879e+00	2.01637e+00
7.85801e+00	-1.72261e+00	2.27060e+00	3.17810e+00
8.80608e+00	1.80752e+00	3.12257e+00	3.48301e+00
7.40504e+00	2.71999e+00	1.01146e+00	3.42882e+00
9.18550e+00	2.83756e+00	8.74281e+00	-4.27742e+00
9.68390e+00	4.13966e+00	9.60566e+00	4.72620e+00
7.64220e+00	-2.89590e+00	1.05547e-01	-9.51044e-01
4.59609e+00	-2.93045e+00	7.28267e+00	4.98360e+00
5.14854e+00	-2.15664e+00	1.26649e+00	4.99289e+00
9.19405e+00	-2.53493e+00	3.25478e+00	4.99250e+00
7.27621e+00	3.00445e+00	5.78030e+00	5.88344e-02
7.83870e+00	-4.07638e+00	2.59611e+00	-4.28046e-02
8.52400e+00	1.23873e+00	9.80471e+00	2.86958e-01
6.79904e+00	1.85760e+00	4.31969e+00	-3.92323e+00
8.63875e+00	-2.19377e+00	7.64471e+00	4.86430e+00
9.75168e+00	-1.07438e+00	9.46668e+00	-3.06160e+00
8.25224e+00	-3.71656e+00	4.37089e+00	-4.15746e+00
8.88946e+00	-3.07173e+00	5.75418e-01	9.65644e-01
9.45995e+00	-2.73252e+00	6.05445e+00	-3.28577e+00
9.76106e+00	-1.74033e+00	6.87476e+00	2.67531e+00
9.95026e+00	-1.23903e+00	3.63578e+00	-2.65540e+00
7.52075e+00	-2.25030e+00	9.18373e+00	-2.98508e+00
8.57977e+00	4.83892e+00	5.31283e+00	3.25537e+00
8.18413e+00	3.71544e+00	6.14991e-01	-3.98855e-01
8.18068e+00	-2.44337e+00	9.02607e+00	-5.62979e-01
6.74048e+00	-1.47473e+00	7.26147e+00	-1.22250e+00
6.21048e+00	1.42534e+00	1.87359e+00	2.86721e+00
8.31094e+00	-1.47358e-01	8.72135e+00	4.41103e-01
9.79319e+00	3.79808e+00	2.71734e+00	2.58733e+00
5.06492e+00	3.35599e+00	5.70914e-01	4.98633e-03
9.20698e+00	2.06785e+00	3.46992e+00	-2.44390e+00
9.69740e+00	2.06203e+00	7.00126e+00	-1.78916e+00
9.67141e+00	2.82298e+00	8.48893e+00	3.26686e+00
8.52048e+00	-3.87596e+00	1.32519e+00	2.59715e+00
8.99406e+00	7.29209e-01	5.88628e+00	-2.58961e+00
4.01607e+00	-1.05979e+00	9.13171e+00	1.08214e+00
9.89626e+00	-1.60205e+00	8.21243e+00	2.33023e+00
9.43378e+00	-3.33586e+00	3.65548e+00	2.03965e+00
8.32401e+00	-6.83371e-01	6.86477e+00	3.70042e+00
9.53106e+00	2.43820e+00	3.68325e+00	-2.15842e+00
9.92508e+00	3.90586e+00	2.90149e+00	-4.98284e+00
9.39137e+00	4.10781e+00	7.90130e+00	1.16784e+00
9.11132e+00	4.80278e+00	5.90252e+00	-4.37520e+00
9.92678e+00	3.73478e+00	6.73950e+00	4.24289e+00
9.13223e+00	6.56318e-01	8.71876e+00	4.48613e+00
9.44413e+00	-1.69612e+00	1.74240e+00	-4.26882e+00
4.54487e+00	-2.78431e+00	6.34091e+00	-2.70255e+00
7.29207e+00	7.46476e-02	8.54769e+00	4.34611e+00
8.26976e+00	4.58272e-01	3.45816e+00	-3.59647e+00
8.69311e+00	-3.51134e+00	8.78102e+00	1.63628e+00
7.93538e+00	-1.03889e-01	7.66725e+00	-1.69606e+00
7.61626e+00	-2.11791e+00	2.14504e+00	3.42679e-01
9.49026e+00	-2.41998e+00	1.64220e+00	1.38501e+00
9.57431e+00	1.53692e+00	6.12049e+00	-4.83847e+00
7.87479e+00	2.35912e+00	2.70221e+00	4.28155e+00
9.77496e+00	1.70563e+00	9.99466e+00	-3.48673e+00
9.94780e+00	2.05213e+00	6.11833e+00	-2.84601e+00
8.45974e+00	-4.12228e+00	8.15832e+00	4.89364e+00
9.33581e+00	2.27035e+00	4.55951e+00	-4.47797e+00
8.92080e+00	-2.78078e+00	3.64740e+00	7.45106e-01
9.34798e+00	-2.67520e+00	7.64910e+00	-3.37019e+00
6.26365e+00	3.54478e+00	5.49052e+00	-6.84746e-01
8.54176e+00	2.77388e+00	5.34762e+00	-2.55114e-02
9.70724e+00	-1.12857e+00	2.78958e+00	-2.28795e+00
9.17154e+00	-2.43282e+00	6.97308e+00	-4.24473e+00
9.44664e+00	6.17076e-01	7.35734e+00	3.29924e+00
6.94222e+00	1.10852e+00	9.88261e+00	2.75754e+00
7.05281e+00	3.29352e+00	8.38155e+00	3.60765e+00
5.54807e+00	-2.37966e+00	7.10772e+00	-6.83723e-01
9.35084e+00	-1.48926e+00	9.40793e+00	4.12595e+00
7.83558e+00	-9.05257e-01	8.33331e+00	7.36411e-01
9.81059e+00	7.59693e-01	9.88725e+00	-1.33827e+00
8.58228e+00	1.18885e-01	8.75863e+00	1.92741e+00
6.37913e+00	-1.55339e+00	2.51021e+00	2.55568e-01
8.96794e+00	2.71994e-01	9.20055e+00	-3.29707e+00
9.07975e+00	-4.32729e+00	1.99497e+00	-3.32547e+00
8.32091e+00	3.74735e+00	5.91165e+00	1.63507e+00
8.95669e+00	3.81546e+00	8.99792e-02	4.50966e+00
9.01059e+00	-3.97184e+00	5.57721e+00	-9.04558e-01
8.67271e+00	-5.01568e-01	9.75013e+00	-2.36392e+00
8.05218e+00	1.86058e+00	7.93229e+00	1.74697e+00
7.42370e+00	2.48346e+00	9.19145e+00	4.88100e+00
9.57365e+00	7.17458e-01	3.63505e-01	3.27597e+00
9.28517e+00	2.32689e+00	4.40899e+00	1.42267e-01
3.27060e+00	-2.01987e-01	4.87924e+00	-1.53658e+00
8.90474e+00	2.29191e+00	1.78146e+00	-8.18980e-01
8.25816e+00	-2.09965e+00	8.60938e+00	-4.08595e+00
8.22403e+00	-4.85221e+00	5.30670e+00	4.01036e+00
9.68553e+00	2.97731e+00	9.93524e+00	-4.82928e+00
5.90109e+00	1.97548e+00	7.64109e+00	-2.47728e+00
8.32527e+00	3.36186e+00	1.80951e-01	-2.40570e-01
9.93960e+00	-2.24749e+00	3.97283e+00	2.81862e+00
6.62989e+00	-4.36021e+00	9.50305e+00	3.49162e+00
7.97011e+00	2.33172e+00	8.68419e+00	7.31061e-01
9.77671e+00	8.41572e-01	3.22669e+00	1.35661e+00
8.77981e+00	-3.03904e+00	8.28359e+00	-3.48625e+00
