# No. of particles = 100 
# Proton - Solar wind	Electron - Solar wind	
1.37996e+00	9.62490e-01	5.71956e-01	-1.35329e-01
4.68808e-01	-4.87119e-01	9.69437e-01	-7.96305e-02
1.84227e-01	-8.29680e-01	4.39604e-01	-5.96108e-01
1.14188e+00	-2.87785e-01	9.58205e-01	2.77737e-01
7.86680e-01	-5.59745e-01	1.77235e+00	-3.88014e-01
2.48771e-01	-3.27897e-01	1.09909e+00	-7.92029e-01
2.86447e-01	-9.38350e-01	1.74430e+00	5.55927e-01
1.37029e-01	-7.71151e-01	9.57315e-01	-3.70872e-01
4.04699e-01	-9.57322e-01	8.71071e-01	7.98934e-01
3.15468e-01	-8.53919e-01	2.24856e-01	-2.79166e-01
1.49745e-01	-8.39768e-01	1.16027e+00	5.59637e-01
1.36516e+00	7.96603e-01	7.87418e-01	8.42734e-01
1.91551e+00	2.02233e-01	2.79693e-02	6.17798e-01
5.57928e-01	-3.04690e-01	7.07572e-01	5.71980e-01
1.56272e+00	-7.84217e-01	1.12030e+00	1.31567e-01
4.12330e-01	-6.13159e-01	1.32447e+00	7.07754e-01
1.57486e+00	-3.82887e-01	1.54224e-02	-9.95671e-01
1.78548e-01	2.69802e-02	9.74550e-01	-8.13171e-02
1.06629e+00	-6.56450e-01	8.79466e-01	-9.03704e-01
1.79116e-01	-8.19982e-01	2.37984e-01	-8.61501e-01
1.42178e+00	-3.39642e-01	1.45997e+00	-2.23941e-01
2.20844e-01	-4.84566e-01	1.08377e+00	-2.99209e-01
5.19944e-01	-8.54780e-01	2.05114e-01	2.96570e-01
3.85892e-01	-5.94603e-01	4.34784e-01	7.86996e-01
1.40340e+00	-4.85683e-01	4.81456e-01	-9.72900e-01
9.28901e-01	-6.20173e-02	1.80307e+00	-4.05112e-01
7.65211e-01	6.59978e-01	7.62342e-01	3.75011e-01
5.26109e-01	3.30426e-01	1.01395e+00	3.13145e-01
7.11112e-01	-8.81634e-01	1.28516e+00	-9.16686e-01
3.85514e-01	-2.63377e-01	4.88172e-02	-9.72477e-01
3.69594e-01	-5.42825e-01	4.60413e-02	-8.79432e-01
3.86212e-02	-9.56169e-01	6.69771e-01	8.18395e-01
1.06148e-01	-9.80963e-01	8.20596e-02	-2.17149e-01
2.88386e-01	9.09959e-01	4.54822e-01	-2.58291e-01
4.79017e-01	6.57592e-02	1.53098e-01	-2.02104e-01
9.49213e-01	-8.25731e-01	9.40150e-01	5.43334e-02
6.52918e-01	8.19914e-01	1.66395e-02	8.46184e-01
1.60690e+00	-6.90032e-01	1.97797e+00	-6.79804e-01
1.60190e+00	-7.65799e-01	7.52268e-01	3.85554e-01
6.06205e-02	-9.60414e-01	1.68829e+00	7.12330e-01
2.81844e-01	-7.78016e-01	7.19662e-01	-4.53741e-01
1.10346e+00	8.50622e-01	1.54775e+00	3.43254e-01
6.81656e-01	7.38136e-02	2.95251e-01	-5.06467e-01
6.16819e-01	-2.37604e-01	1.84652e+00	-6.36197e-01
9.06164e-03	-9.39523e-01	5.95944e-01	-9.23112e-01
8.21480e-03	-9.71174e-01	1.27661e+00	5.22677e-01
2.52377e-01	-5.97110e-01	3.65481e-01	-2.71487e-01
1.33944e-01	-8.74269e-01	1.05901e+00	-5.81069e-01
3.21525e-01	5.22820e-01	7.21630e-01	8.61837e-01
4.83338e-03	-1.36135e-01	1.42210e+00	-1.39157e-01
1.77601e+00	4.08439e-02	1.75061e+00	7.84703e-01
4.84038e-01	7.87020e-02	3.83547e-01	-2.29656e-01
1.13984e-01	-7.20076e-01	7.35269e-01	1.75593e-02
3.03533e-01	-5.36069e-01	3.65115e-01	-8.26703e-01
3.96630e-01	-2.02290e-01	2.35810e-02	-9.78567e-01
1.96664e+00	-9.38517e-01	1.26420e+00	-6.37068e-01
2.12504e-01	9.50123e-01	1.18529e+00	9.18538e-01
9.14470e-01	-7.31785e-01	9.61752e-01	-6.84015e-01
3.59835e-01	-6.44468e-01	9.12696e-01	-1.25199e-01
7.93640e-01	-9.16197e-02	1.72028e+00	6.73111e-01
6.96337e-01	-4.14286e-01	1.40044e+00	1.21491e-02
1.93739e-01	-8.92596e-01	9.11686e-01	3.06908e-01
9.46468e-01	9.37259e-01	2.48991e-01	-5.65262e-01
4.90426e-02	-6.28033e-01	5.66961e-01	-7.69676e-01
8.62213e-02	-4.63676e-01	1.58235e-01	5.43805e-01
1.02330e+00	-4.78187e-01	1.98635e+00	6.33579e-01
4.66707e-02	-9.45543e-01	3.95599e-01	-2.78331e-01
9.28608e-01	7.70595e-01	1.39514e+00	-4.41660e-01
7.97712e-01	3.94726e-01	1.98172e+00	-2.21020e-02
1.99402e+00	3.94069e-01	8.49899e-02	-6.36346e-01
1.02898e+00	8.62750e-01	7.71288e-01	-3.03562e-01
1.92287e+00	3.68355e-02	2.15130e-01	5.37740e-01
5.97095e-01	2.86860e-01	1.31922e+00	9.49384e-01
7.19115e-02	6.05989e-01	1.53051e+00	-8.12304e-01
7.04133e-01	-3.83708e-01	1.53472e+00	2.71311e-01
1.67262e-01	3.24434e-01	2.10554e-01	-7.43051e-01
4.14572e-01	-1.73585e-01	5.99189e-01	-8.06820e-02
1.01910e-01	-3.05538e-01	1.73257e+00	8.52146e-01
1.79923e-02	-9.96885e-01	1.63432e+00	1.24985e-03
1.34270e-01	-4.78150e-01	1.05015e+00	7.87967e-01
9.50388e-02	-8.52925e-01	1.56140e+00	1.17464e-01
1.95222e-02	-9.67712e-01	1.74959e+00	2.08475e-01
1.70165e+00	9.08581e-01	5.29463e-01	-8.27354e-01
5.36835e-01	-8.84283e-01	1.15233e+00	-8.25385e-01
3.81646e-01	1.96171e-02	1.21132e+00	5.91628e-03
3.69839e-01	5.47487e-01	1.09333e+00	7.38372e-01
4.91634e-01	-2.12700e-01	1.30737e-01	-6.57619e-01
1.91253e+00	-7.61739e-01	3.06652e-01	-8.60913e-01
1.17647e+00	-4.65076e-01	1.26179e+00	-8.96962e-01
8.20852e-01	-9.46557e-01	3.76601e-01	4.85057e-01
1.74769e-01	-4.74687e-01	1.60220e+00	5.56248e-01
4.38048e-01	-7.78590e-01	2.03086e-01	-4.53654e-01
8.19984e-01	7.34359e-01	8.39447e-01	8.93648e-01
6.16226e-01	9.97808e-02	1.88156e+00	1.46110e-02
1.31762e-01	-9.16327e-01	4.71639e-02	-7.33086e-01
1.42065e+00	9.45567e-01	1.00387e+00	3.78660e-01
2.48390e-01	2.87482e-01	9.74415e-01	6.90614e-01
4.36670e-02	-6.53905e-01	1.39022e+00	-2.84258e-02
1.36109e-01	-3.49382e-01	3.84291e-01	-2.85635e-01
3.79968e-01	-7.98056e-02	7.94935e-01	9.25487e-01
