# No. of particles = 100 
# Proton - Solar wind	Electron - Solar wind	
1.93480e+00	2.68650e-01	1.18818e+00	-3.45988e-01
1.97795e+00	-4.90969e-02	4.70876e-01	-4.83640e-01
3.38524e-01	-6.25072e-01	1.87588e-02	-9.15320e-01
1.14555e+00	4.04144e-01	1.34079e+00	-9.94283e-01
1.44413e+00	-2.99329e-01	1.36059e+00	2.95865e-01
1.30489e-01	2.28563e-01	4.72237e-02	6.39976e-01
4.83911e-01	-9.04018e-01	1.89405e+00	-5.05054e-01
4.60588e-02	-9.06148e-01	1.74279e+00	-1.62892e-01
1.36905e+00	-6.69614e-01	1.22730e-01	-7.88298e-01
1.81251e+00	3.80712e-01	1.21084e+00	-4.88184e-01
2.84178e-01	-6.10228e-01	1.50234e+00	6.36825e-01
1.01295e+00	-2.95271e-01	9.41741e-01	-7.09665e-01
1.96099e-01	-5.25905e-01	1.48409e+00	-5.05027e-01
1.92682e-01	-8.59459e-01	1.00973e+00	-6.89171e-01
1.48726e-01	-9.44566e-01	7.40064e-01	9.23174e-02
1.25212e+00	-5.41864e-01	3.88110e-01	-7.15926e-01
9.56296e-02	-9.23573e-01	2.15421e-02	-8.95955e-01
6.16484e-01	-4.02943e-01	1.95673e+00	9.84370e-02
9.09815e-02	6.66509e-01	1.89202e+00	5.46289e-01
1.04086e+00	-1.53736e-01	1.30207e+00	-5.30621e-01
7.11811e-01	7.26494e-01	1.94713e+00	-2.94911e-01
1.29317e+00	6.61354e-01	1.86411e+00	7.28081e-01
3.74004e-01	1.49830e-01	5.49460e-01	-8.22477e-01
8.97241e-02	-8.60387e-01	1.52801e+00	-9.24914e-01
4.04483e-01	1.12324e-03	3.82633e-01	-8.85933e-01
1.12213e+00	-5.47345e-01	3.32723e-02	-9.62503e-01
1.15372e-01	-8.62159e-01	1.89625e-01	-8.58925e-01
5.89607e-01	-4.84703e-01	1.75852e+00	-7.31376e-01
2.15244e-01	-5.91151e-01	1.02291e-02	4.91134e-01
1.83293e+00	-2.46155e-01	9.45628e-01	8.60479e-02
2.57924e-01	-7.45756e-01	3.49426e-01	-5.59165e-01
1.28130e+00	-1.86522e-01	1.70534e+00	-5.36425e-01
1.30432e-01	-9.66862e-01	5.98139e-01	1.43391e-03
4.55560e-01	-5.04258e-01	7.73397e-01	-5.56334e-01
1.24401e+00	2.97422e-01	6.47285e-01	1.81839e-01
1.22779e+00	9.11302e-01	4.12453e-01	1.79530e-01
2.37597e-01	-7.08950e-01	9.27634e-01	-9.73547e-01
1.20026e+00	-3.69618e-01	2.07176e-01	-1.01864e-01
1.22985e+00	-5.31871e-01	6.98364e-02	-4.35717e-01
4.19478e-01	3.26724e-01	4.07605e-01	8.03563e-01
3.09910e-01	-6.54581e-01	6.86525e-01	-3.53509e-01
1.17848e+00	-2.76093e-01	5.30749e-01	-3.13288e-01
3.10592e-01	-2.55397e-01	1.36248e+00	3.06204e-01
9.21767e-01	3.43859e-01	7.34686e-01	-3.82180e-01
1.22391e+00	4.14433e-01	5.02631e-01	-6.91432e-01
2.31132e-01	-3.96655e-01	1.37611e+00	-8.49887e-01
7.96357e-01	-8.94862e-01	1.84479e+00	-2.31530e-01
1.81993e+00	-7.28406e-02	1.67195e+00	-3.29111e-02
1.05251e+00	3.33740e-01	1.12041e-01	1.12520e-01
1.07733e+00	-1.59315e-01	4.08509e-01	9.64581e-01
1.43929e+00	-4.81951e-01	7.81089e-02	1.16467e-01
1.51327e+00	-1.03189e-01	4.89602e-01	-2.44864e-01
6.67406e-01	-1.25571e-01	7.19885e-02	-8.12651e-01
1.23316e+00	-3.24219e-01	2.40593e-01	-3.31148e-01
6.51174e-01	1.51885e-01	1.76123e+00	-6.13585e-01
9.72519e-02	3.21006e-01	8.69754e-01	-3.64942e-01
4.07620e-01	-7.45380e-01	1.22687e+00	-5.52904e-01
4.28718e-02	-9.20314e-01	1.58075e+00	-4.96175e-01
1.35948e+00	-7.77914e-01	1.94014e+00	-2.87177e-01
1.54080e-01	-8.05603e-01	1.77270e+00	2.01407e-01
2.50419e-01	-2.37713e-02	1.27949e+00	1.05062e-01
1.25468e-01	-5.52698e-01	1.25258e+00	-5.28633e-01
1.18308e+00	8.89204e-01	4.70890e-01	-4.58041e-03
1.61164e-02	-4.70145e-01	1.02380e+00	-9.01105e-01
1.05745e+00	1.22748e-01	2.39706e-01	-5.76270e-01
2.03195e-01	-2.38594e-01	1.68503e+00	-3.93199e-01
1.99968e+00	-5.02947e-01	2.56113e-01	-7.94858e-01
9.60724e-01	-5.94852e-01	9.81932e-01	8.14275e-01
1.85378e+00	1.06519e-02	2.23990e-01	-9.11001e-01
1.21321e+00	-6.25313e-01	1.08763e+00	-7.39087e-01
1.11043e-01	-9.79604e-01	1.08745e+00	-4.49148e-01
1.94245e+00	-7.93653e-01	2.37904e-01	-8.29357e-01
5.00983e-01	5.06970e-01	4.39877e-01	1.82920e-01
2.11549e-01	-4.21389e-01	4.28190e-01	-6.88137e-01
1.19023e-01	-9.62311e-01	6.57063e-01	6.70453e-01
7.32505e-01	9.33551e-01	1.92166e+00	8.64919e-01
2.36218e-01	5.39759e-01	1.75757e+00	-7.58742e-02
2.77665e-01	-4.19165e-01	8.74052e-01	-8.29439e-01
4.00224e-01	2.19747e-01	4.24869e-01	-6.47792e-01
7.51758e-01	-2.56488e-01	2.92795e-01	8.83486e-01
1.38266e-01	-7.15888e-01	2.43938e-01	4.78527e-01
5.23925e-01	3.68270e-02	6.37064e-01	-4.96300e-01
4.46581e-01	-9.13585e-01	9.65713e-01	-9.58450e-02
1.08341e+00	5.83261e-01	2.03908e-01	2.65879e-01
8.47674e-01	3.67833e-02	1.71598e+00	2.01019e-01
1.26728e+00	5.87351e-01	1.83873e-01	7.18550e-02
7.73457e-01	-8.60478e-01	7.41791e-01	4.48924e-01
5.30274e-01	6.44656e-01	1.99449e+00	6.14875e-01
1.07169e+00	3.30180e-01	6.11635e-01	9.26988e-01
5.33962e-02	-7.45130e-01	1.77660e-01	5.34034e-01
6.68125e-01	4.51274e-02	1.85544e+00	2.49864e-01
1.91741e-01	-5.62064e-01	1.28889e-01	7.11351e-02
1.28532e+00	-1.35686e-01	1.60708e+00	2.25646e-01
1.00262e+00	5.91139e-01	9.52805e-01	-9.67641e-02
2.14044e-02	9.16590e-02	3.52801e-04	-6.03086e-01
3.39334e-01	-5.02118e-01	1.62987e+00	-1.42801e-01
5.40832e-01	-4.18795e-01	7.37910e-02	-1.90289e-02
1.14793e+00	-4.78661e-01	1.94199e+00	7.79573e-02
7.03672e-01	2.57904e-01	1.95427e-01	-9.39119e-01
1.59777e+00	-7.82759e-01	1.59023e+00	9.71143e-01
