# No. of particles = 100 
# Proton - Solar wind	Electron - Solar wind	
1.74450e+00	2.17974e-01	1.45408e+00	-4.45891e-01
1.13955e-01	-8.45031e-01	5.11974e-01	-7.79551e-02
1.19261e+00	-6.61354e-01	5.23697e-01	8.24446e-01
1.47446e+00	-2.82359e-01	3.52319e-01	-6.72764e-01
1.78825e-01	-3.42698e-01	2.37440e-01	-9.08113e-01
1.74618e+00	8.76402e-02	3.36234e-01	-6.10048e-01
1.00648e-01	-9.71384e-01	5.01590e-01	-6.51713e-01
1.18000e+00	4.55555e-01	1.75039e+00	5.72726e-01
6.95349e-01	-7.16133e-02	2.08644e-01	-8.56291e-01
1.62257e+00	2.00763e-01	8.15298e-01	-1.78722e-01
8.34856e-01	1.47976e-01	6.03234e-01	-1.52368e-01
1.71741e+00	-7.37778e-01	1.82068e+00	-8.06076e-01
4.19140e-01	-7.50019e-01	3.35006e-01	-3.17671e-01
2.43484e-01	-6.40293e-01	3.25071e-01	-9.78192e-01
1.32374e-01	-8.72986e-01	6.48445e-01	-4.14765e-01
8.90603e-01	3.54965e-01	1.21957e+00	2.06725e-01
1.57154e+00	8.48228e-02	9.31975e-01	-4.03394e-01
1.91169e+00	-3.78622e-01	3.00406e-01	-1.97402e-01
5.40846e-01	-1.78137e-01	7.08889e-01	-3.85566e-01
3.93488e-02	-9.08299e-01	1.50911e+00	2.32413e-01
5.50439e-01	1.07766e-01	1.05185e+00	-1.99211e-01
1.72762e+00	-6.84075e-01	4.75355e-02	-2.15965e-01
8.93992e-01	-4.34863e-01	2.17907e-01	-2.25018e-01
1.30586e-01	-3.70784e-01	1.79638e+00	-4.95786e-01
1.90219e-01	-9.66633e-01	2.70249e-02	-2.19677e-01
6.27989e-02	-8.58555e-01	8.64265e-01	3.41594e-02
9.55249e-01	6.29037e-01	1.55807e+00	5.33528e-01
1.28106e+00	1.64404e-01	1.41819e+00	-6.34115e-01
1.03393e+00	7.32493e-01	1.65998e-01	-9.61449e-01
6.05735e-01	-7.50157e-01	1.75520e+00	-3.75449e-01
2.53900e-01	-5.42568e-01	3.81993e-01	-7.11696e-01
9.30564e-03	-9.33073e-01	9.23488e-01	6.06865e-02
9.37215e-02	-7.69024e-01	1.49053e+00	-2.51584e-01
1.06736e+00	-6.43902e-01	5.21730e-01	7.87029e-01
1.13008e+00	-2.88266e-02	1.53662e-01	-8.58488e-01
5.41373e-01	-6.35540e-01	8.46508e-02	-7.07901e-01
5.66358e-04	-8.54287e-01	1.11193e+00	8.87625e-01
7.44353e-02	3.17254e-01	1.86300e+00	1.09799e-01
2.26983e-01	6.53647e-02	1.70454e+00	1.41234e-01
7.44097e-02	-8.78213e-01	2.11877e-01	2.46238e-01
1.45725e+00	8.15033e-01	1.71626e+00	8.40339e-01
1.99360e+00	-2.75655e-01	2.51546e-01	-2.37959e-01
6.68786e-01	6.12284e-01	1.82573e+00	1.57528e-01
3.44114e-01	-4.01919e-02	4.75123e-01	2.77458e-01
1.35751e+00	7.85889e-01	1.38538e+00	2.01459e-01
6.66136e-01	9.16256e-01	1.97553e+00	9.35700e-02
6.40432e-01	-5.36654e-01	1.51932e+00	1.65200e-01
7.58190e-01	-1.82231e-01	7.75238e-01	4.29765e-03
1.01302e+00	2.99592e-01	1.57785e+00	5.20500e-01
8.32063e-01	-5.17876e-01	2.13561e-01	4.80025e-01
1.24409e+00	9.04084e-01	6.51593e-01	-6.80301e-01
3.35883e-01	-7.67874e-01	1.82059e+00	-2.46677e-02
4.48195e-01	3.62840e-01	9.13338e-01	8.82918e-01
4.96698e-01	-2.49474e-01	1.86727e+00	5.44304e-01
5.87489e-01	-3.03363e-01	6.75422e-01	-5.68593e-01
9.86410e-01	-6.32140e-01	4.06058e-01	6.32024e-01
1.82354e+00	2.39898e-01	1.03666e+00	-3.63392e-01
4.68524e-01	-7.14189e-01	4.94636e-01	-9.31157e-01
5.96931e-02	-4.71670e-01	1.76641e+00	6.33223e-01
1.24539e+00	7.24359e-01	1.00245e+00	7.71537e-01
2.81706e-02	-7.45589e-01	6.79755e-03	1.69124e-02
3.81702e-01	1.42567e-01	1.16444e-01	-7.73246e-01
5.16971e-01	-6.36208e-01	1.72259e-01	1.03423e-01
8.33658e-02	-9.20545e-01	3.03220e-01	6.32536e-01
4.12470e-01	-9.01294e-01	9.74491e-01	9.92909e-01
3.63028e-01	5.86966e-01	1.61744e+00	-7.42520e-01
1.17829e+00	-8.71015e-01	4.46525e-02	-5.92045e-02
1.95008e+00	-1.43765e-02	1.26395e+00	-3.28782e-01
2.55832e-01	-5.42689e-01	1.07261e+00	8.88438e-01
7.89764e-01	-3.32920e-02	7.89623e-01	-9.91407e-01
2.12841e-01	-4.33472e-01	2.55819e-01	8.15757e-01
3.76331e-01	-7.25343e-01	1.34318e+00	-3.86376e-01
7.58906e-01	-1.76170e-01	3.84614e-01	2.12666e-01
1.78072e+00	-2.87218e-01	3.23295e-01	4.12920e-01
2.89505e-01	-8.03798e-01	2.36886e-02	-8.80334e-01
1.41021e+00	-3.34735e-01	3.74856e-02	8.62365e-01
1.54806e-02	-7.18968e-02	1.06862e+00	3.18528e-01
1.07423e+00	6.24438e-01	3.36472e-01	4.29060e-02
1.20266e+00	5.30042e-01	3.15818e-02	-5.74033e-02
1.33363e-01	7.01669e-01	6.87833e-01	-2.07559e-01
1.97780e+00	8.82241e-01	4.11066e-01	8.25792e-01
6.60109e-01	-1.36430e-01	8.94279e-01	6.65112e-01
2.17404e-01	-7.71338e-01	1.53227e+00	-3.91216e-01
8.39747e-02	9.08832e-01	1.08384e+00	5.90331e-01
2.41057e-03	-3.03731e-01	3.17725e-02	-7.30953e-01
9.69871e-02	-5.54489e-01	1.35759e+00	-4.20932e-01
1.10766e-01	-8.05427e-01	1.24258e+00	4.54357e-02
1.24807e-01	3.03328e-02	1.15371e+00	-6.67197e-01
5.60592e-01	-7.77888e-01	1.29711e+00	5.99748e-01
3.36337e-01	-9.40611e-01	2.69184e-01	9.32544e-01
6.80509e-02	-9.62345e-01	2.76295e-01	-9.16056e-01
6.01243e-01	2.56062e-01	1.74295e+00	5.93797e-02
2.52487e-01	-5.66521e-01	8.78722e-02	3.96321e-01
5.02594e-01	-3.75617e-01	1.89191e+00	3.96208e-02
1.02224e-01	3.52492e-01	1.17896e+00	-2.22169e-01
9.55963e-01	3.82698e-01	1.77685e+00	8.48252e-02
1.49905e+00	-5.60339e-01	5.55632e-01	-6.98966e-01
1.03112e-01	-9.59733e-01	1.30515e-01	-6.67603e-01
3.58553e-01	6.99372e-02	7.57912e-01	6.70175e-01
6.03756e-01	-6.13423e-02	5.36461e-01	-5.83808e-01
