# No. of particles = 100 
# Proton - Solar wind	Electron - Solar wind	
1.17500e+00	-8.53482e-01	7.55564e+00	-2.17708e+00
6.71790e-01	-1.37385e+00	7.23332e+00	1.79175e+00
3.05994e-01	-7.68762e-03	1.44836e+00	3.54445e+00
1.60618e-01	-1.93248e+00	6.33361e+00	2.44900e+00
3.60677e+00	4.95411e+00	6.97040e-01	-4.32833e-01
9.80924e-02	-3.14301e+00	6.42418e-02	-3.80557e+00
1.25738e-01	-2.96638e+00	7.73238e+00	4.93158e+00
1.42612e-01	4.08399e+00	6.61156e+00	1.64721e+00
4.50985e+00	4.97621e+00	4.33792e+00	2.05204e+00
1.34126e-02	-1.52052e+00	5.89519e+00	-3.89276e+00
2.20647e-02	-6.59867e-02	4.88964e+00	-2.94853e+00
1.50469e-02	4.56219e+00	7.15148e+00	-2.69364e-01
9.69408e+00	1.07678e+00	3.98608e-01	4.69307e+00
9.99954e+00	-4.36164e+00	5.59148e+00	2.35303e+00
7.41318e+00	-3.52997e+00	8.88327e+00	3.44899e+00
7.38853e+00	-3.97853e-01	5.46639e+00	-1.98233e+00
9.66000e+00	-2.63129e+00	1.96080e+00	1.94931e-02
8.24536e+00	-3.39755e+00	8.79978e+00	-3.57681e+00
9.90157e+00	2.07579e+00	9.76801e+00	-1.93231e+00
9.20829e+00	-2.23538e+00	7.31336e+00	4.44165e+00
6.83645e+00	-4.98763e-02	9.73011e+00	1.38100e+00
9.85906e+00	2.11190e+00	9.15840e+00	-3.69105e+00
9.71317e+00	1.78872e+00	8.62472e+00	3.82963e+00
8.83489e+00	1.48607e+00	5.21941e+00	2.59791e+00
7.17147e+00	-2.50419e+00	4.85086e+00	-2.23530e+00
9.09456e+00	2.84443e+00	5.78077e+00	4.32491e+00
9.90672e+00	3.67489e-01	2.46315e+00	4.30298e+00
8.12812e+00	2.33061e-01	8.96659e+00	-3.55222e+00
8.52667e+00	-4.99970e+00	8.17639e+00	3.56938e-01
9.48875e+00	2.28963e+00	8.34338e+00	3.88287e+00
8.29289e+00	-1.51866e+00	9.11575e-01	1.89336e-02
7.84093e+00	-4.75149e+00	2.68521e+00	6.92534e-01
9.77777e+00	9.90907e-01	7.70275e+00	2.70744e+00
7.09872e+00	-1.12884e+00	6.53045e+00	-7.50550e-01
7.44468e+00	-1.45434e+00	7.44824e+00	1.63847e-01
9.68543e+00	-3.76634e-01	8.24763e+00	1.79647e+00
8.16976e+00	-4.01447e+00	8.91175e+00	5.36797e-01
6.22474e+00	1.82008e+00	1.00560e+00	-2.35837e+00
7.99471e+00	1.46156e+00	4.90894e+00	-4.23483e+00
9.39038e+00	9.32886e-01	2.98178e+00	1.37956e+00
8.15715e+00	3.58702e+00	7.60620e+00	-2.88460e-01
7.88512e+00	-4.24803e+00	4.12016e+00	1.72165e+00
9.85181e+00	-4.04389e+00	4.88323e+00	-2.55017e+00
9.94594e+00	-6.65561e-01	6.96218e+00	2.51222e+00
7.16692e+00	-2.30210e+00	9.72462e+00	-1.59453e+00
8.96214e+00	-1.78347e+00	8.53430e+00	-1.36238e+00
7.91597e+00	7.22414e-01	5.87365e+00	-1.29091e+00
9.69417e+00	-3.37638e+00	9.89031e+00	-3.61321e+00
6.38877e+00	-2.70679e+00	3.32947e+00	-2.28379e+00
8.57322e+00	1.87983e+00	7.60990e+00	4.26298e-01
9.44379e+00	-1.73889e+00	2.72857e+00	4.21240e+00
7.77410e+00	-8.10576e-01	1.22246e+00	2.94100e+00
9.66263e+00	2.75125e+00	2.51860e+00	2.58275e+00
9.34139e+00	4.09822e+00	6.16122e+00	3.72072e+00
8.27731e+00	-7.38947e-01	5.31883e+00	-3.79143e+00
8.10891e+00	-5.87886e-02	1.46720e+00	2.80382e+00
9.98611e+00	-4.63766e-01	6.77153e+00	-1.19995e+00
9.49734e+00	5.75326e-01	9.95700e+00	1.33879e+00
9.25299e+00	6.59720e-01	8.95530e+00	3.46737e-01
9.19053e+00	-4.59112e+00	8.17622e+00	4.92953e+00
9.76950e+00	-1.48362e+00	8.53096e+00	-3.18321e+00
6.71734e+00	5.00166e-01	3.59719e+00	2.37883e+00
9.38201e+00	1.45421e+00	3.41198e+00	2.26778e+00
9.16611e+00	-1.58157e+00	6.67632e+00	-2.72064e+00
7.93218e+00	9.78018e-01	1.28038e+00	4.78764e+00
9.69086e+00	2.94943e+00	8.92196e+00	4.33225e+00
9.52099e+00	-2.09635e+00	6.88254e+00	-2.28757e+00
9.42311e+00	-2.49022e+00	4.14285e+00	-2.93463e+00
6.14245e+00	-1.53178e-01	6.35266e+00	5.28357e-01
7.59261e+00	1.85386e+00	1.34031e+00	-4.35339e+00
8.30484e+00	-4.61867e+00	3.77634e+00	-2.97646e+00
9.85582e+00	-3.74412e+00	4.21777e+00	1.85595e+00
6.91791e+00	-2.76446e+00	4.80316e+00	1.57836e+00
9.86901e+00	1.93106e+00	7.60617e+00	-3.68083e+00
9.34434e+00	4.23255e+00	7.40188e+00	-4.48139e+00
6.94440e+00	-3.68455e-01	6.21379e+00	1.42895e+00
9.41661e+00	4.07622e+00	6.42825e+00	8.62934e-01
6.46346e+00	1.57936e+00	8.67467e+00	-1.23238e+00
9.05388e+00	1.72042e-01	1.73633e+00	-1.69681e+00
9.00379e+00	-8.71207e-01	6.24906e+00	-1.65573e+00
9.86060e+00	1.93864e+00	3.33079e+00	4.07645e+00
5.99821e+00	-1.40341e+00	5.24407e+00	-5.69000e-01
8.63886e+00	-4.79148e+00	6.57729e+00	4.75902e+00
9.58890e+00	-7.60042e-01	4.76299e+00	-6.67791e-01
9.28208e+00	-1.27080e+00	4.37004e+00	2.95808e-01
9.55307e+00	4.18329e+00	7.46760e+00	-3.65206e+00
8.93146e+00	-4.26135e+00	9.45091e+00	-2.40986e+00
9.40409e+00	-3.30146e-01	6.83109e+00	4.50344e-01
9.98626e+00	1.21005e+00	9.74557e+00	4.92302e+00
8.85427e+00	4.61266e+00	8.03145e-01	2.23932e+00
7.67930e+00	-3.90442e+00	5.74962e+00	-2.06530e+00
9.17431e+00	1.31112e+00	8.12433e+00	-3.04116e+00
9.49686e+00	1.48591e+00	6.70183e+00	1.06825e+00
6.40350e+00	3.56911e+00	8.74448e+00	-3.58959e-01
9.93635e+00	3.93376e+00	3.95836e+00	-1.24715e+00
7.93048e+00	1.96289e+00	8.41916e+00	-2.33277e+00
8.37014e+00	-2.41908e+00	5.13526e+00	9.07856e-01
5.90449e+00	-2.80863e+00	7.28851e+00	1.74065e+00
9.56117e+00	-9.05859e-01	4.31544e+00	-1.97380e+00
7.85770e+00	-1.62691e+00	7.95656e+00	4.53313e+00
