# No. of particles = 100 
# Proton - Solar wind	Electron - Solar wind	
4.21582e-01	6.82174e-01	1.17009e+00	-3.57271e-01
9.26401e-02	-9.76486e-01	5.83221e-01	2.57922e-01
1.42419e+00	1.50281e-01	1.36779e+00	-3.41043e-01
7.91812e-01	1.13530e-01	7.70784e-01	4.36660e-03
4.63515e-01	4.89073e-01	1.68917e+00	2.28342e-01
1.14548e+00	4.13103e-01	1.62859e+00	-8.56525e-01
9.00590e-01	1.61510e-01	4.08789e-01	6.58829e-01
6.72612e-01	-4.01956e-01	5.44195e-01	-6.29805e-01
7.59384e-01	7.41986e-01	1.95350e+00	-1.50274e-01
7.00225e-01	4.74989e-01	3.32030e-01	-7.40069e-01
7.93869e-01	1.91233e-01	3.13387e-01	-5.91540e-01
9.30139e-01	1.82400e-01	4.58625e-01	9.41707e-01
1.44592e+00	-8.37023e-02	5.66615e-02	-6.27611e-01
4.97438e-01	2.00993e-01	3.11211e-01	8.17465e-01
8.90624e-01	-8.50407e-01	1.89899e+00	5.46566e-02
6.33558e-01	-2.53983e-01	9.27293e-01	7.16235e-01
8.20444e-02	-5.64051e-01	4.02570e-01	-3.50975e-01
1.16187e-01	-4.78706e-01	1.25016e+00	6.54281e-02
8.78542e-01	2.86547e-01	1.97785e-02	-9.50796e-01
5.11284e-01	-4.34575e-01	1.97781e+00	7.35031e-02
1.04519e+00	7.53557e-01	4.43312e-01	-1.61990e-02
4.89920e-01	-4.13969e-01	1.59861e+00	7.10085e-01
5.41081e-02	-9.54520e-01	8.83676e-01	-7.37540e-01
3.39386e-01	7.21493e-01	1.07195e+00	4.15050e-01
6.57739e-01	-3.63427e-01	3.53205e-01	-2.02661e-01
1.04964e+00	-8.83071e-01	7.43576e-01	7.14286e-01
2.07195e-01	1.28126e-01	1.32313e-03	-9.97244e-01
5.06333e-01	4.82933e-01	1.80911e-01	-5.60597e-01
1.04092e+00	-2.03426e-01	9.73290e-01	-3.60523e-01
1.56206e+00	6.57211e-01	1.19953e+00	-5.21853e-01
1.98301e+00	-4.56357e-01	1.50359e+00	8.07190e-01
1.49170e-01	-7.90590e-01	1.34902e+00	6.31806e-02
3.42655e-01	4.35462e-01	7.55656e-01	6.85204e-01
8.35365e-02	-8.56869e-01	5.75805e-01	-2.40388e-01
1.04159e+00	-1.20472e-01	8.70026e-01	5.68190e-01
5.01094e-01	-8.84405e-01	1.36790e+00	4.28376e-01
2.46036e-01	-4.43388e-01	3.15429e-01	-8.81516e-01
8.38193e-01	-8.11904e-01	1.07265e+00	-9.15132e-01
5.01331e-01	9.24696e-01	1.16440e+00	-6.03574e-01
7.04495e-01	-5.31705e-01	6.40296e-01	-9.45876e-01
1.91045e-01	2.31566e-01	2.80974e-01	-9.03404e-01
2.79782e-01	2.01154e-01	1.57995e+00	-3.93839e-01
3.05265e-01	-6.40979e-01	1.89217e+00	-4.02551e-01
4.05238e-01	-5.77506e-01	2.71404e-01	9.48295e-01
5.29327e-01	7.01009e-01	1.72379e-01	-9.35386e-01
1.28540e+00	-2.35641e-01	7.77995e-01	-1.21725e-03
1.93679e+00	4.16820e-01	4.27549e-01	-1.87664e-01
1.37223e+00	-4.53457e-01	1.24732e+00	9.19806e-01
1.39938e-01	-4.01300e-01	2.10532e-01	-9.83019e-01
5.88957e-01	5.57528e-01	1.23828e+00	2.27657e-01
8.78948e-01	-4.68522e-01	1.70091e+00	-4.66818e-01
8.19330e-01	-7.66953e-01	6.94886e-02	-6.17996e-01
7.44795e-01	-2.94267e-01	1.84617e+00	-1.99410e-01
1.03808e+00	5.58545e-01	1.98153e+00	-4.71107e-01
8.04065e-01	-8.80888e-02	3.14516e-02	-9.95054e-01
2.61012e-01	-9.78505e-01	1.40770e+00	4.17040e-01
1.27152e-01	-1.50146e-01	9.90658e-02	2.70500e-02
6.47972e-01	5.11460e-02	1.45468e+00	9.80826e-01
1.61592e-01	-7.06142e-01	1.04894e+00	-4.80456e-02
2.78690e-01	-6.86844e-01	6.17218e-02	-6.89428e-01
2.45218e-01	3.45583e-02	5.62883e-02	-9.77250e-01
1.58214e-01	8.69762e-01	5.26700e-01	-1.25251e-01
5.26003e-01	-5.79105e-02	1.92988e+00	-1.86945e-01
1.23102e+00	7.78633e-01	8.28066e-01	-9.41008e-01
4.67483e-01	-8.63335e-01	1.60357e+00	9.87659e-02
6.55297e-01	-6.10904e-01	1.70495e+00	2.83106e-01
9.64839e-02	-2.73123e-01	1.46403e+00	-3.32285e-02
1.68641e-01	-7.52371e-01	1.59166e+00	-1.45609e-01
1.05484e+00	8.61400e-01	7.25607e-01	8.86438e-01
1.28721e+00	9.79162e-01	1.79208e+00	4.99359e-01
9.76259e-01	4.96744e-01	6.89722e-01	-7.37669e-01
1.33780e+00	7.09586e-01	3.49586e-02	-4.84645e-01
3.19323e-01	-4.37757e-01	5.80118e-01	-7.43080e-01
5.76823e-01	1.36703e-01	1.28089e-01	-4.73566e-01
6.23735e-01	-4.56363e-01	1.47687e+00	3.95511e-01
6.05383e-02	1.83716e-01	1.05930e+00	2.56193e-01
2.86584e-02	-9.42769e-01	1.52919e+00	5.76383e-01
8.22094e-01	3.61325e-02	1.27774e+00	-1.15121e-01
5.92069e-01	-1.56735e-01	4.14883e-01	-5.61368e-01
1.08075e-01	-9.78842e-01	1.59931e+00	1.36945e-01
6.86796e-02	-7.22008e-01	9.54029e-01	2.92779e-01
1.08472e+00	6.05547e-01	3.10222e-01	7.60229e-01
1.26368e+00	3.93643e-01	6.16566e-01	-1.78201e-01
8.65865e-03	4.64948e-01	2.80170e-01	-9.15077e-01
1.72770e+00	7.61928e-02	1.16913e+00	8.14435e-01
3.00722e-01	2.10903e-01	1.33101e+00	-8.34534e-01
4.22503e-01	-3.72041e-01	5.02689e-01	8.93507e-01
8.43642e-02	-9.72974e-01	5.62387e-01	9.25027e-02
2.54758e-01	-1.70204e-01	6.46806e-01	-2.51099e-01
1.47758e-01	-9.71909e-01	1.58203e+00	5.53558e-01
1.47891e-01	-6.14506e-01	1.09837e-01	-8.05727e-01
2.23082e-01	-7.66313e-01	1.36003e+00	-8.42446e-01
6.71258e-01	3.13713e-01	1.21045e+00	1.39768e-01
4.06179e-01	-4.56303e-01	3.53815e-02	-9.69602e-01
1.14903e+00	6.09336e-01	1.49790e+00	-9.03326e-01
4.86117e-01	-4.58171e-01	6.30000e-01	9.70672e-01
6.51799e-01	-1.61802e-01	1.20022e+00	7.50317e-01
3.17776e-02	6.18657e-02	1.28822e+00	-3.30922e-01
1.99107e+00	7.90095e-01	1.29133e-01	-2.15566e-01
9.21958e-01	-7.79479e-01	1.40531e+00	-3.54835e-01
