# No. of particles = 100 
# Proton - Solar wind	Electron - Solar wind	
6.46935e+00	-3.18662e+00	8.40857e+00	1.94667e+00
5.56303e+00	-4.50334e+00	7.88566e+00	2.80197e+00
5.74867e+00	-4.12634e+00	8.49559e+00	1.63855e+00
3.13185e+00	-2.45494e-01	2.01640e+00	1.34595e+00
8.22513e+00	-2.74263e+00	3.18457e-01	4.45431e+00
5.84087e+00	-2.08934e+00	4.66228e-01	4.28048e+00
6.03232e+00	-2.53007e+00	9.34885e+00	3.90341e+00
4.55573e+00	-2.12498e+00	5.81566e+00	-1.03686e-01
6.01340e+00	-2.58305e+00	5.62755e+00	2.65725e+00
7.87446e+00	-1.07939e+00	4.09136e+00	-3.14372e+00
7.59403e+00	-2.10561e-01	9.07090e+00	1.85487e+00
5.06537e+00	-2.84209e+00	4.92846e+00	-1.18273e+00
6.50318e+00	-7.78274e-01	3.88467e+00	-3.49413e-01
6.77283e+00	-3.88195e+00	6.91004e+00	-9.91295e-01
7.76463e+00	-7.83861e-01	7.73988e+00	-3.62020e+00
7.02707e+00	4.41639e-01	4.20315e+00	-4.50526e+00
5.62062e+00	-1.17243e+00	3.73265e+00	-2.19142e+00
7.69133e+00	-5.14621e-01	5.98754e+00	-3.11131e+00
4.00966e+00	2.47859e+00	5.18657e+00	7.10034e-02
8.15424e+00	1.32620e+00	8.06105e+00	1.78479e+00
6.76258e+00	-2.17807e+00	5.50897e+00	1.59852e+00
5.19474e+00	-2.70564e-01	7.56859e+00	-1.17892e+00
4.55439e+00	1.59385e-01	6.68250e+00	-7.18281e-01
5.81076e+00	5.09313e-01	1.41066e+00	-2.60903e+00
6.60615e+00	1.92211e+00	9.49395e+00	3.77022e+00
7.44051e+00	8.20824e-01	8.54702e+00	1.19499e+00
4.59272e+00	-2.87086e-01	7.14784e+00	-1.18056e+00
6.67872e+00	9.16887e-02	6.11741e+00	-1.73783e+00
5.55398e+00	1.06555e+00	5.02787e+00	7.36379e-01
6.45919e+00	6.97694e-01	8.08821e-01	4.27764e+00
7.10067e+00	5.92577e-01	7.32208e+00	-4.04323e+00
7.26994e+00	1.17254e+00	6.99857e+00	-1.66780e+00
6.29566e+00	1.50844e+00	3.92358e+00	-3.12211e-01
5.38821e+00	2.52215e+00	3.82269e+00	5.64191e-03
5.40192e+00	1.52900e+00	9.87246e+00	-5.68228e-03
7.42467e+00	2.66854e+00	8.14316e+00	3.91830e+00
7.62427e+00	2.96962e+00	7.16185e+00	-4.79442e+00
5.65478e+00	3.19022e+00	7.86151e+00	-4.77805e-02
6.34181e+00	2.96553e+00	5.58446e+00	-2.43867e+00
5.15742e+00	2.65971e+00	6.97894e+00	3.58493e+00
8.52301e+00	2.04347e+00	5.30527e-01	-3.10033e-01
4.76893e+00	3.66230e+00	6.46211e+00	-4.71371e+00
5.50282e+00	2.21739e+00	5.48696e+00	-8.79928e-01
8.24749e+00	2.15441e+00	1.34406e+00	-1.31051e+00
6.27315e+00	4.22014e+00	1.25135e+00	-2.94085e+00
5.56069e+00	4.78813e+00	4.97671e+00	2.61495e+00
5.43405e+00	4.53583e+00	4.97606e+00	-8.02155e-01
6.70701e+00	4.90009e+00	5.42044e+00	-1.37090e+00
7.92584e+00	8.00308e-01	8.39500e+00	7.01344e-01
7.85738e+00	4.26384e+00	9.23601e+00	-5.91949e-01
9.72541e+00	3.88526e+00	7.86029e+00	6.83790e-01
8.22854e+00	-3.26860e+00	8.17338e+00	-5.60302e-01
9.49160e+00	-4.08466e+00	6.89805e+00	2.88383e+00
9.46897e+00	-3.69862e+00	6.49023e+00	3.15106e+00
8.64634e+00	-3.36036e+00	5.64466e+00	-3.91805e+00
5.59951e+00	-4.69844e+00	6.16901e+00	4.93164e+00
6.30010e+00	-4.87912e+00	6.12277e+00	-1.76099e+00
8.87143e+00	-2.63411e+00	6.32239e+00	-2.82676e+00
5.56006e+00	-4.58580e+00	9.76632e+00	-2.11922e+00
8.19998e+00	-4.67347e+00	3.33294e+00	-4.34216e+00
5.18557e+00	-4.91532e+00	8.18134e+00	6.40699e-01
4.99197e+00	-2.26804e+00	5.07513e+00	-6.51994e-01
8.09449e+00	-3.21718e+00	9.72144e+00	7.47378e-01
5.08336e+00	-1.83794e+00	2.43414e+00	2.86357e+00
6.69348e+00	-3.18818e+00	5.97609e+00	4.19052e+00
5.86322e+00	-3.22832e+00	7.63670e+00	-4.23954e+00
8.20389e+00	8.90675e-02	8.76336e+00	-4.98883e+00
3.56877e+00	-2.22978e+00	7.52891e+00	-9.62031e-01
7.71780e+00	-3.88891e+00	9.46338e+00	-5.52180e-01
6.32365e+00	-4.12613e+00	8.88748e+00	-3.43072e+00
8.01866e+00	-2.46964e+00	1.28897e+00	4.94629e+00
4.19667e+00	2.41926e-01	7.37838e+00	4.52077e-01
6.36748e+00	-2.42295e+00	9.30253e+00	2.78840e+00
5.56161e+00	-2.49971e-01	2.92458e+00	2.80556e+00
7.49566e+00	-7.67241e-01	1.64794e+00	-1.48803e+00
3.45529e+00	1.12291e-01	6.23532e+00	2.27706e+00
5.40909e+00	-5.65233e-01	7.07562e+00	4.81163e+00
5.88746e+00	-2.45032e+00	6.80504e+00	2.67225e+00
5.13710e+00	-3.05049e-01	1.84300e+00	-1.53463e+00
6.28769e+00	-5.26810e-01	8.35750e+00	-4.15838e+00
5.77792e+00	6.04511e-01	8.92965e+00	1.18379e-01
5.60320e+00	6.45536e-01	9.68705e+00	3.24728e+00
6.06935e+00	2.37956e+00	7.86351e+00	-2.07604e+00
6.24398e+00	1.43700e+00	9.71813e+00	-8.72003e-01
5.75411e+00	1.25444e+00	7.65005e+00	-2.99293e+00
5.80962e+00	9.68060e-01	7.50639e+00	6.02591e-01
4.38107e+00	2.87804e+00	7.99947e+00	-6.58509e-01
7.38991e+00	4.54048e-01	7.07335e+00	-2.58243e-02
3.60202e+00	1.25998e+00	8.43466e+00	-2.72993e-01
5.73742e+00	2.31669e+00	6.63225e+00	-7.69047e-01
6.06476e+00	1.94433e+00	5.77292e+00	3.94358e+00
7.89455e+00	1.65483e-01	5.99513e+00	1.19144e+00
7.24115e+00	8.44785e-01	8.11891e+00	3.52782e+00
6.11695e+00	3.13259e+00	9.78617e+00	2.08997e+00
5.05491e+00	2.62110e+00	6.43810e+00	2.66870e+00
5.12886e+00	3.29347e+00	3.56182e+00	2.19041e+00
5.95031e+00	2.63606e+00	1.62621e+00	-2.75783e+00
4.26641e+00	2.30384e+00	5.68959e+00	-5.92049e-01
5.71541e+00	3.21588e+00	7.50329e+00	3.63158e+00
5.83150e+00	3.34139e+00	8.52645e+00	4.58232e+00
