# No. of particles = 100 
# Proton - Solar wind	Electron - Solar wind	
9.40981e-01	-3.33409e-01	1.43562e-01	-3.04697e-01
1.13434e+00	-8.35335e-01	1.13039e+00	1.59334e-01
1.31513e+00	9.60379e-01	1.00410e+00	6.65396e-01
1.88073e-02	-9.78289e-01	3.70643e-01	-5.89985e-01
1.51026e+00	4.05907e-01	5.95543e-01	9.09403e-01
8.35669e-01	4.31350e-01	6.34927e-01	-7.08046e-01
1.63522e+00	-6.83154e-01	4.04532e-01	2.37238e-01
6.47422e-01	-1.97087e-01	1.35977e+00	3.09508e-01
1.14871e+00	-8.69930e-01	1.20551e+00	-1.80852e-01
2.49282e-01	-9.00077e-01	1.00289e+00	8.53858e-02
5.89628e-01	-1.93695e-01	1.67697e+00	-8.01800e-01
1.69271e-02	-9.98519e-01	1.77642e-02	-9.68271e-01
1.22871e-01	-9.35146e-01	9.85723e-02	5.52282e-01
1.33103e+00	-8.94562e-02	1.92631e+00	-7.12557e-03
1.22598e+00	-1.17712e-01	5.11228e-02	-4.59714e-01
4.21215e-02	-9.46458e-01	1.58341e+00	-7.78214e-01
9.15432e-01	-3.65930e-01	8.85551e-01	-7.62186e-01
1.61104e+00	5.81046e-01	1.95739e+00	6.52977e-01
6.09779e-02	-9.21217e-01	1.38553e+00	-6.36903e-02
1.11754e-01	-9.70678e-01	4.54702e-01	-9.93859e-01
1.50084e+00	-2.15991e-01	2.63910e-02	-3.60284e-01
7.45353e-01	-8.73971e-01	2.87980e-01	-8.62827e-01
1.39439e+00	-1.99428e-02	8.38129e-01	-7.56018e-01
9.33128e-02	-6.81445e-01	6.27009e-01	9.24236e-01
1.52627e+00	-6.10428e-01	2.86949e-01	-2.57755e-01
4.64909e-01	7.57667e-01	5.18546e-02	-9.37294e-01
3.87333e-01	-4.57198e-01	1.50393e-01	-9.07751e-01
9.68372e-01	-1.14938e-01	1.72619e+00	2.80966e-01
2.94215e-01	-5.36459e-01	1.69829e+00	-2.02047e-01
1.37053e+00	3.73449e-01	5.60722e-01	-6.38055e-01
2.30719e-01	4.83307e-02	6.78984e-01	3.88788e-01
6.06698e-02	-9.96970e-01	7.53608e-01	3.27317e-01
1.10882e-01	-2.15889e-01	1.59029e+00	-2.02950e-01
1.33806e+00	4.54072e-01	1.79211e-01	-4.05654e-02
1.88693e+00	9.88637e-01	8.33705e-01	-2.97733e-01
8.43219e-01	4.85842e-01	1.06468e+00	6.37853e-02
7.89525e-01	5.92062e-01	3.91572e-01	2.70032e-01
1.70565e+00	-1.11236e-01	1.03291e+00	7.17776e-02
9.86451e-02	-6.89270e-01	1.88754e-01	-6.19261e-01
5.60531e-01	5.12999e-01	7.37919e-01	3.08809e-01
1.19755e+00	4.72106e-01	1.39177e+00	-3.10976e-01
6.84679e-01	-7.40167e-01	5.91181e-02	-2.04318e-01
5.06172e-01	2.26073e-01	1.09364e+00	-2.21019e-01
1.25624e+00	-7.33408e-01	8.01127e-03	-9.84827e-01
6.52768e-01	-1.42107e-01	1.29056e+00	-5.64535e-01
4.68069e-01	3.36235e-01	1.85831e+00	-5.23870e-01
2.69690e-01	-8.13442e-01	1.58523e+00	3.83922e-02
1.41018e+00	5.58773e-01	3.01799e-02	2.44888e-01
4.15546e-01	-5.22538e-01	1.07886e+00	4.47599e-01
2.14875e-01	1.26862e-01	5.71965e-01	4.16226e-01
6.37546e-01	-2.37681e-02	1.12149e+00	8.85245e-01
1.46416e+00	-7.70895e-02	3.10175e-01	5.31177e-01
1.31834e+00	7.39314e-01	1.28431e+00	-1.85616e-01
1.03563e-01	-8.37152e-01	1.23159e+00	2.17540e-01
1.91763e-01	-7.67411e-01	1.59842e+00	-1.38354e-01
7.05541e-02	-9.82918e-01	1.05164e+00	8.39432e-01
4.25725e-01	-7.19340e-01	1.08010e+00	3.41286e-01
1.30636e-03	-7.66877e-01	3.89716e-01	-2.23719e-01
5.46154e-02	2.68786e-01	1.94245e-01	-5.99551e-01
7.61552e-01	4.47604e-02	1.77796e+00	8.21225e-01
1.27287e+00	-6.57379e-02	1.47517e+00	-7.53018e-01
8.18253e-01	4.03678e-01	1.20279e+00	7.33728e-01
5.82977e-02	-2.51662e-01	1.53285e+00	-1.95963e-01
1.13932e-01	-9.78880e-01	1.74917e+00	6.70643e-02
3.29310e-01	-1.22905e-01	1.77174e+00	5.26459e-01
1.10127e-01	-5.82812e-01	1.01149e+00	2.70923e-01
1.39000e+00	2.34426e-01	1.38753e+00	5.21764e-01
1.51547e+00	-2.74694e-01	8.33654e-02	2.45298e-01
4.24598e-02	-9.53998e-01	7.04000e-02	-7.38711e-01
1.82739e-01	-8.50731e-01	9.34950e-01	-7.70242e-01
1.82546e+00	-9.19685e-01	1.77478e+00	7.74436e-01
1.07766e+00	6.61774e-01	5.24639e-01	7.25777e-01
3.82994e-02	-9.36202e-01	1.20963e-01	-9.07483e-01
4.80164e-01	-8.04804e-01	1.88442e+00	-2.06707e-02
2.07800e-01	-8.87921e-01	2.94941e-02	1.64667e-02
7.99590e-01	-7.97604e-01	7.21124e-02	-9.47895e-01
1.14031e+00	6.10220e-01	2.21757e-01	7.93628e-01
1.32465e+00	-6.53348e-01	2.19979e-01	-6.06009e-01
8.45305e-01	3.94315e-01	8.82045e-01	4.58704e-01
1.63084e-01	-7.30690e-01	1.45174e-01	-4.82843e-02
5.95733e-01	-4.78296e-01	7.22255e-01	-7.48890e-01
1.76944e+00	2.11918e-01	6.50600e-01	3.79285e-01
1.69202e+00	-6.73774e-01	3.95451e-02	-2.86926e-01
5.27735e-01	7.77919e-01	1.90607e+00	3.86177e-01
1.39421e+00	7.08450e-01	1.13331e-01	-1.24959e-01
6.16078e-02	-7.78581e-01	1.27600e+00	2.48132e-01
4.11481e-02	-9.25653e-01	1.56713e+00	6.26671e-01
1.36898e-01	-8.60939e-01	9.70905e-01	-2.12812e-01
1.58332e+00	1.83419e-01	4.59267e-02	7.47188e-01
2.77856e-01	4.00483e-01	1.57581e-01	-8.84936e-01
5.50558e-01	-8.81837e-01	6.69312e-01	-5.39421e-01
4.14765e-01	-1.09428e-01	1.14492e+00	-9.24685e-01
1.49836e-01	-8.25194e-01	3.02241e-01	-6.35400e-01
3.58579e-01	7.54703e-01	1.67109e+00	3.05682e-01
6.46983e-02	-2.50855e-01	1.03222e+00	5.05369e-01
6.83722e-01	-9.49734e-03	2.10063e-01	-2.55987e-01
1.34811e+00	1.22971e-01	1.56014e+00	4.03236e-01
2.15460e-01	-5.94212e-01	1.51757e+00	8.82639e-01
1.06099e-01	1.14749e-01	7.86910e-02	2.81374e-01
4.68111e-01	-1.93915e-02	2.86149e-01	3.00658e-01
