# No. of particles = 100 
# Proton - Solar wind	Electron - Solar wind	
4.67200e-01	9.03650e-01	1.20499e+00	-6.47443e-01
6.15622e-01	-4.58547e-01	1.01989e+00	-7.32133e-01
1.54402e+00	2.45732e-01	9.15129e-01	-3.63347e-01
1.12705e+00	5.84658e-01	4.30743e-01	-9.27909e-01
5.89657e-01	9.52579e-01	2.46650e-01	-3.33144e-01
1.46511e+00	8.07890e-01	1.52020e-01	1.29217e-01
1.07825e+00	3.89321e-01	1.40942e+00	7.68931e-01
1.07598e+00	-1.51068e-02	6.27977e-01	-2.67557e-01
4.89806e-02	-9.77905e-01	4.97874e-01	-9.07451e-01
3.59163e-02	-9.14159e-01	4.21199e-01	-2.54648e-01
1.04450e+00	6.41708e-01	6.26044e-01	-6.24322e-01
1.00606e+00	2.80833e-01	2.71058e-01	-4.94437e-01
1.52369e+00	-3.24075e-02	3.59180e-01	3.05718e-01
5.93636e-01	4.70404e-01	9.74515e-01	-3.11451e-01
1.01317e+00	-8.30683e-01	7.80795e-01	-8.39204e-01
9.45597e-01	1.05939e-01	8.28547e-01	-3.17933e-01
1.30532e-01	-2.13785e-01	1.33501e+00	-1.65279e-01
1.34790e-01	-3.84395e-01	1.30531e+00	-1.60167e-01
1.06299e+00	5.57913e-01	1.30731e+00	-4.12490e-01
7.68027e-01	-1.36038e-01	4.13732e-01	-3.59004e-01
1.13517e+00	9.10933e-01	1.95188e+00	4.95951e-02
8.23684e-01	-4.73668e-03	1.43575e+00	-7.69503e-02
5.94066e-01	-2.81748e-01	1.98461e+00	5.62239e-01
3.57626e-01	8.05308e-01	1.53618e+00	4.89138e-01
1.15378e+00	1.66003e-01	5.19891e-01	-6.95988e-01
1.80452e+00	-8.07036e-01	1.98386e-01	-5.75722e-01
3.17068e-01	2.17944e-01	8.31487e-01	3.57480e-01
6.16868e-01	8.26760e-01	4.68023e-01	-4.38390e-01
2.65638e-01	-4.15125e-01	6.49061e-01	-4.44782e-01
1.74495e+00	8.49901e-01	6.83806e-01	3.76978e-01
1.76477e+00	-6.33419e-01	9.03545e-01	4.38036e-01
3.96051e-01	-3.89784e-01	8.88247e-01	8.27367e-01
4.30056e-01	8.14052e-01	1.81072e+00	-7.46384e-01
1.27145e-01	-5.31381e-01	1.57081e-01	6.83750e-01
1.49402e+00	2.56267e-01	7.75769e-02	-8.74684e-01
5.85232e-01	-8.66221e-01	2.91920e-01	-5.39226e-01
3.32256e-01	-2.16873e-01	5.63424e-01	-7.14169e-01
9.77826e-01	-7.81142e-01	1.17884e-02	-9.94511e-01
1.43418e-01	-9.54425e-01	1.72592e+00	3.02247e-03
9.24585e-01	-3.42123e-01	6.70240e-01	-4.21988e-01
2.77684e-01	7.88360e-01	1.50072e+00	-6.64501e-01
4.35703e-01	3.10712e-01	7.08475e-01	8.29385e-01
3.97821e-01	-5.01499e-01	4.76062e-01	-4.44574e-01
4.56797e-01	-5.06105e-01	1.31422e+00	8.51957e-02
5.85105e-01	8.87771e-01	1.54185e-01	1.62208e-01
1.56330e+00	-6.68304e-02	7.58310e-01	-3.11163e-01
2.09017e-01	-9.22877e-01	1.35898e-01	-9.48642e-01
1.62896e+00	-5.96599e-01	9.92650e-01	1.20006e-02
1.80588e-01	-2.32129e-01	9.91307e-02	4.16718e-02
5.23919e-02	-9.47892e-01	1.84874e+00	1.26793e-01
1.02157e+00	-3.65178e-01	1.41863e-01	-8.20698e-01
1.31175e+00	-6.34464e-01	1.23219e+00	6.06575e-01
1.02785e+00	3.67977e-02	2.59138e-02	-9.57201e-01
1.04163e-03	-9.74900e-01	8.56070e-01	-8.57354e-02
1.10037e+00	2.75114e-01	1.83892e+00	-4.97490e-01
5.75499e-01	-9.64535e-01	2.29179e-01	6.67786e-01
1.46668e-01	5.22857e-02	1.77704e+00	-5.65946e-01
1.05284e+00	7.22758e-01	8.40017e-01	-7.76467e-01
4.36246e-01	-1.83524e-01	3.33521e-02	-8.16238e-02
3.94545e-01	-5.62279e-01	9.00223e-02	-6.24173e-01
3.48917e-01	5.01553e-01	1.47523e+00	-9.95248e-01
3.71172e-01	-7.65976e-01	2.40446e-01	1.51979e-01
6.09856e-01	1.11821e-01	8.52261e-01	-1.77576e-02
1.26441e-01	-9.31980e-01	7.50045e-01	-8.83083e-01
1.08320e+00	-7.13449e-01	5.36614e-01	-6.68520e-02
7.27203e-01	-5.67765e-01	1.56085e+00	-3.93723e-01
1.17527e-01	7.04607e-02	4.91995e-01	-5.69062e-01
3.32705e-01	-4.82446e-01	8.67078e-01	-2.14449e-01
1.11692e+00	9.70091e-01	6.85538e-01	1.58035e-01
7.47772e-02	-9.48370e-01	1.33324e+00	-3.76622e-01
4.66792e-01	8.92034e-01	1.85960e+00	-7.65785e-01
1.24436e+00	8.15923e-01	4.62861e-01	-6.16084e-01
3.91746e-01	-3.05686e-01	3.93882e-01	7.76545e-01
6.99159e-01	3.82492e-01	8.43903e-01	-7.07700e-01
6.50745e-01	-4.28402e-01	9.55071e-02	5.87617e-02
8.59917e-02	2.09279e-01	1.73836e+00	2.03427e-01
1.05328e-01	-7.99022e-01	1.61698e+00	-2.92635e-01
1.09376e+00	3.81029e-01	2.18585e-01	-9.97962e-02
7.32672e-01	4.34646e-02	9.78942e-02	-8.46538e-01
1.15299e-01	-8.85968e-01	1.30677e+00	4.46185e-01
1.61965e-01	-3.37380e-01	1.96080e+00	2.10505e-02
1.00325e+00	6.73068e-01	7.01804e-01	1.85107e-01
1.34221e+00	4.83650e-01	1.12649e+00	2.23846e-01
6.69715e-02	-9.71674e-01	6.56467e-02	-6.06098e-01
1.39358e+00	3.04919e-01	1.45405e+00	4.58843e-01
3.18629e-01	2.70186e-01	1.99642e+00	-1.27976e-01
4.48508e-01	-3.37679e-01	2.29748e-01	-1.21738e-01
4.21136e-01	-9.27149e-01	6.83163e-02	-9.97825e-01
8.52852e-01	-3.94352e-01	1.47193e+00	6.44816e-01
2.72725e-01	-9.62167e-01	9.64981e-01	-2.48358e-02
1.56599e-01	-5.86291e-01	4.67183e-01	2.74018e-01
5.94914e-01	-3.11570e-01	7.34585e-01	5.30516e-01
7.03512e-01	3.80140e-01	5.98072e-01	-5.80628e-01
4.70576e-01	-3.49659e-01	1.38150e+00	6.03990e-01
1.33920e+00	9.29767e-01	1.37548e-01	-1.00608e-01
8.97581e-01	8.96431e-02	1.18400e+00	6.84928e-02
1.10736e+00	-6.39545e-01	1.56045e+00	8.60676e-01
1.72865e-01	2.57110e-01	1.78848e+00	2.30162e-02
6.77962e-02	-8.86599e-01	7.92886e-02	1.05005e-01
1.15023e+00	-7.25665e-01	1.99025e+00	-3.26746e-01
