# No. of particles = 100 
# Proton - Solar wind	Electron - Solar wind	
2.30771e-01	-2.36637e-01	7.92607e-01	-2.17418e-01
1.81192e-01	-6.71182e-01	6.80539e-01	7.87349e-01
9.28427e-01	-2.44185e-01	1.38833e+00	6.44738e-02
4.70643e-01	-4.74831e-02	1.40088e+00	-2.84562e-01
4.76974e-02	-9.40397e-01	1.24801e+00	-1.98741e-01
1.89180e-01	8.03103e-01	2.53520e-01	-9.59241e-01
1.63158e-01	-7.82675e-01	8.48851e-01	3.67184e-01
4.62350e-01	-2.47619e-01	5.11324e-01	-1.48801e-02
3.79979e-02	3.92282e-01	1.40169e+00	-1.86067e-01
5.49644e-01	5.93714e-01	6.14533e-01	-7.11545e-01
1.38629e+00	9.59169e-01	3.15999e-01	-2.77024e-01
6.13095e-01	-2.20109e-01	1.35901e+00	-6.70000e-01
1.12226e+00	-2.94053e-01	9.81394e-01	1.44022e-01
9.84011e-02	-9.17287e-01	2.42491e-01	-8.69748e-01
3.86097e-01	-9.31369e-01	1.47110e-01	-8.95672e-01
2.22902e-01	2.69777e-01	4.34595e-02	-9.91097e-01
1.01063e-01	8.17755e-01	2.65133e-01	-8.93269e-01
4.23291e-02	-8.70117e-01	1.98579e-01	-2.85477e-01
1.12371e-01	-8.39328e-01	1.94900e-01	-9.29939e-01
6.83316e-02	-8.98398e-01	1.68835e+00	7.75732e-01
6.74880e-01	1.01959e-01	1.55523e+00	-9.69425e-01
1.35863e+00	9.57583e-01	8.39525e-02	-9.63141e-02
2.92753e-01	-8.59893e-01	9.41832e-01	-3.54466e-01
2.64912e-01	3.72611e-01	1.11014e+00	8.02589e-01
1.26997e+00	-4.32241e-01	7.18047e-01	8.07787e-01
6.86253e-01	9.96920e-01	1.03203e-01	-9.02386e-01
2.16805e-01	-1.74540e-01	7.31449e-01	7.56781e-03
4.40799e-02	-9.38631e-01	5.32190e-01	8.05659e-01
1.90412e+00	-1.70767e-01	5.43171e-01	-9.25506e-01
8.04410e-01	-1.41553e-01	7.63770e-01	7.15158e-01
6.23958e-01	-1.72730e-01	1.02529e+00	2.50422e-01
1.38202e-01	7.11438e-01	8.40760e-01	7.65331e-01
1.06709e+00	8.66738e-01	8.84471e-01	-5.66537e-01
5.00685e-01	-8.45219e-01	5.22688e-01	-2.96940e-02
2.18366e-01	4.94834e-01	1.28909e-02	-9.39282e-01
1.51290e-01	-9.60768e-01	1.93671e-01	4.14684e-01
8.70348e-01	-2.77107e-01	1.40589e+00	-9.28953e-02
2.60656e-01	-9.37225e-01	1.85295e+00	-3.53753e-01
2.57156e-01	-3.44019e-02	2.73506e-01	4.27806e-01
1.18095e-01	2.61180e-02	8.88054e-01	4.67642e-01
3.81954e-01	3.33939e-02	1.69766e+00	8.07472e-01
1.25309e+00	3.08378e-01	6.77453e-01	1.99182e-02
8.84996e-01	5.24290e-01	2.23172e-01	-7.49967e-01
1.89111e-01	-8.70398e-01	5.45225e-01	-9.16467e-01
2.94733e-01	-7.32397e-02	1.64296e+00	2.97122e-01
1.31483e-01	-9.36124e-01	1.91832e+00	4.68294e-01
1.52307e+00	1.13640e-01	1.39944e+00	6.60050e-01
3.09269e-01	1.35653e-01	1.09674e-01	-4.34383e-01
1.57539e+00	7.87743e-01	7.95048e-01	-3.37437e-01
4.47586e-02	1.07925e-01	1.47421e+00	3.54034e-02
2.88643e-01	-8.94572e-01	5.15363e-01	8.26241e-01
1.63672e+00	1.00780e-01	1.60911e-01	-8.05195e-01
3.11302e-01	-4.46567e-01	4.49357e-02	-9.26865e-01
1.44804e+00	2.74277e-01	5.22450e-01	-5.03562e-01
1.50027e+00	7.96483e-01	1.06188e+00	-7.35598e-01
1.97057e+00	-2.02450e-01	2.51353e-01	-8.21662e-01
5.09843e-02	-9.90061e-01	3.54318e-01	-9.79351e-01
9.91772e-01	-6.71223e-01	2.24847e-04	1.66381e-02
5.16125e-01	1.09382e-01	3.45055e-01	-5.64644e-01
1.54598e+00	7.32640e-01	1.80849e+00	-4.45255e-01
5.04575e-01	1.65942e-01	1.26968e+00	2.97318e-01
1.93960e-02	1.89451e-01	1.50410e+00	-3.60542e-01
1.77974e-01	-7.60486e-01	3.51513e-02	8.43149e-01
5.20764e-01	-2.63661e-01	6.33076e-01	-6.59088e-01
1.84793e-01	-4.81484e-01	8.72299e-02	-8.84896e-01
3.59442e-01	-7.85955e-01	1.83413e+00	5.89969e-02
6.99169e-01	6.95222e-02	4.80477e-01	-8.39950e-01
6.43518e-01	7.32692e-01	3.10869e-02	-2.12012e-01
7.98217e-01	4.12367e-01	5.40664e-01	5.92667e-01
6.63018e-01	-2.02645e-02	1.21381e+00	4.92130e-01
1.84804e+00	-5.93496e-01	1.07367e-01	-9.48433e-01
1.72712e+00	2.68004e-01	1.76065e+00	4.21267e-01
1.80215e-02	-9.82714e-01	7.91750e-01	6.07312e-02
6.86862e-02	-8.82545e-01	1.65271e-01	-8.79178e-02
5.13249e-01	-5.72469e-01	2.42921e-02	-9.25092e-01
1.35914e+00	-5.30666e-01	2.64751e-01	-9.43171e-01
1.90378e+00	6.25024e-01	1.01004e-01	-7.97298e-01
2.11654e-01	-4.84684e-01	6.48320e-01	6.88297e-02
8.51956e-03	-9.85793e-01	1.35316e+00	-8.32510e-02
4.03411e-01	-5.52397e-01	5.86746e-02	1.19143e-01
1.62352e+00	-6.23241e-01	8.20606e-01	-9.32960e-01
1.41996e+00	3.23851e-01	8.85016e-01	-3.17164e-01
9.40721e-01	2.04915e-02	6.42525e-02	-1.27742e-01
1.10694e-01	-4.18906e-01	1.24074e-01	-4.73934e-03
9.08095e-01	8.56888e-01	1.08046e+00	-7.17444e-01
2.28873e-01	-3.41037e-02	1.17087e+00	6.72522e-01
3.14377e-01	-5.14527e-01	1.11532e+00	-4.85114e-01
5.25418e-01	-1.18680e-01	1.94420e+00	-7.78215e-01
1.87180e+00	2.18110e-01	9.15876e-01	-8.86285e-01
1.17659e+00	8.11059e-01	5.49160e-01	-7.31497e-01
1.13845e-01	-7.30441e-01	1.37629e+00	4.75343e-02
1.28450e+00	1.47835e-01	4.55365e-02	-9.83093e-01
5.35225e-01	3.41449e-02	1.10700e+00	-4.30393e-02
1.39230e-01	-8.94600e-01	5.63843e-02	-9.44223e-01
3.59023e-01	-7.17040e-01	1.90194e+00	6.15643e-01
2.02534e-01	-9.03839e-01	4.29017e-02	-9.69212e-01
1.79090e+00	2.76030e-01	1.67420e+00	3.68484e-01
1.83101e+00	-5.53743e-01	3.81552e-01	-7.70294e-01
1.47222e+00	5.58083e-01	6.01967e-01	1.62951e-01
1.25671e+00	9.53351e-01	1.73131e-01	-7.26874e-02
