# No. of particles = 100 
# Proton - Solar wind	Electron - Solar wind	
9.92824e-01	-3.48963e-01	9.94548e-02	-9.44572e-01
1.02157e+00	-5.59312e-01	7.13994e-01	6.98520e-01
1.90541e-01	1.82662e-01	5.74146e-01	-5.83735e-01
1.05559e+00	8.62071e-01	1.33714e+00	-3.67845e-01
3.28835e-01	-6.49088e-01	1.37197e+00	-7.17116e-01
1.67242e-01	-8.71631e-01	1.84774e+00	1.82603e-01
1.09797e-02	-6.62812e-01	1.19598e+00	3.19296e-01
2.98031e-02	-8.41507e-01	8.18520e-02	-7.73979e-01
1.68255e-02	-7.94403e-01	1.44782e+00	6.21307e-01
2.60110e-01	-7.96505e-01	5.77777e-01	4.67597e-01
6.47148e-02	-9.32603e-01	7.67564e-01	-8.56277e-01
2.10440e-01	-8.89804e-01	2.21040e-01	-5.99904e-01
6.74830e-02	-9.70292e-01	6.20422e-01	9.54263e-01
7.57106e-01	1.84385e-01	1.56495e+00	-9.18911e-01
1.62601e+00	8.46081e-01	1.07847e+00	-2.39512e-01
6.19031e-01	-5.89355e-01	1.68737e+00	7.25951e-01
2.71725e-01	-2.91406e-01	3.34749e-01	-5.54724e-01
3.66413e-01	-3.57318e-01	1.11792e+00	-1.37716e-01
3.82661e-01	1.88360e-01	7.47096e-02	-9.67619e-01
2.52454e-01	-8.38757e-01	1.45977e-03	-8.17837e-01
8.32565e-01	1.08346e-01	7.63147e-01	2.24219e-01
7.42554e-01	-4.50719e-02	1.18839e+00	-3.19924e-01
1.87439e+00	-4.37638e-01	6.40596e-01	-7.22933e-01
1.84835e+00	7.02577e-01	1.76791e+00	-8.76440e-01
1.52093e+00	-6.48014e-01	1.71708e+00	-6.42643e-01
5.00329e-02	2.59997e-01	9.91089e-01	-4.55052e-02
6.56340e-01	4.44047e-01	1.86498e+00	6.62061e-01
2.94589e-01	-7.75253e-01	3.96188e-01	-7.11952e-01
2.63124e-01	9.81173e-01	1.17513e+00	3.12525e-01
8.66338e-01	5.78096e-01	5.47956e-01	4.72178e-01
1.74668e-01	2.35909e-01	5.78805e-01	-7.83936e-01
1.74141e-01	-3.80411e-01	5.32741e-03	1.24929e-01
1.02515e+00	5.80416e-01	3.65611e-01	1.65435e-01
7.53582e-01	6.76739e-01	5.30377e-01	-6.00914e-01
7.14972e-01	-2.63730e-01	3.25364e-01	-2.70455e-02
1.33530e+00	8.03870e-01	1.58051e+00	-7.18101e-01
5.48135e-01	7.62139e-01	2.06041e-01	-1.29255e-01
7.81268e-01	-5.75458e-01	5.39577e-01	-7.65401e-01
1.80013e+00	-3.94388e-01	1.74896e+00	-9.46740e-01
9.78310e-01	-1.78605e-02	1.28001e+00	-2.47975e-01
4.48778e-01	-4.67012e-01	1.35491e+00	-1.32535e-01
1.02415e-04	-9.99260e-01	1.29269e-01	3.67454e-01
1.76575e-01	-6.36113e-01	1.91986e+00	6.36188e-01
3.24798e-01	-5.06928e-01	7.84541e-01	-7.45560e-01
1.03000e+00	-7.66959e-01	2.33313e-01	-7.22618e-01
6.93438e-02	-9.79133e-01	5.19261e-01	1.22633e-01
1.05436e+00	4.58213e-01	1.59184e+00	-6.72442e-01
1.21138e+00	-2.93157e-01	2.70832e-01	-6.85838e-01
2.19774e-01	-7.01029e-01	8.03405e-02	-9.76994e-01
1.76658e+00	-3.95385e-01	3.38797e-01	3.43928e-01
7.65039e-02	-5.44913e-01	6.71928e-01	-1.15369e-01
1.77357e+00	2.02267e-02	5.30105e-01	1.38679e-02
1.44967e-01	-8.21820e-01	1.72737e+00	2.65206e-01
8.20988e-02	4.64647e-01	1.53056e+00	3.41527e-01
2.30921e-02	-9.95212e-01	9.97349e-01	-1.08533e-01
1.88615e+00	-1.06870e-01	1.49807e-01	-8.41665e-01
1.81360e+00	5.03789e-01	2.95154e-01	8.43548e-01
1.24190e+00	-4.22839e-01	1.10273e+00	-4.03383e-01
1.61562e+00	-1.68880e-02	4.22124e-01	-4.80226e-01
9.50149e-01	2.62064e-01	9.36992e-02	6.01489e-01
5.37591e-01	8.63641e-01	1.11603e-01	-1.79590e-01
7.89432e-01	-8.28883e-02	1.94658e+00	7.13965e-02
1.99571e+00	-1.63740e-01	8.69582e-02	-3.12245e-04
9.27737e-01	-1.25856e-02	9.57222e-01	-6.50326e-01
4.41118e-01	1.71398e-01	1.32988e-01	-9.41990e-01
8.29857e-01	-7.83181e-01	7.69363e-01	-5.28114e-01
1.32952e+00	-4.34386e-01	7.13868e-01	-1.58206e-02
5.07938e-01	-8.27122e-01	2.13902e-01	1.76311e-01
1.20991e+00	-2.38655e-02	1.10461e+00	4.66577e-01
1.66249e+00	3.04089e-02	9.47146e-01	-9.31230e-01
2.95740e-01	-3.56694e-01	1.09318e+00	3.13822e-02
4.07076e-02	-9.74411e-01	7.68532e-01	-4.23198e-02
4.34318e-01	7.16472e-01	5.29840e-02	-7.44036e-01
5.33206e-01	5.17667e-02	5.17227e-01	1.85740e-02
5.61001e-02	-9.87488e-01	4.15810e-01	-5.12074e-01
2.67134e-01	-4.04019e-01	8.22292e-01	3.06571e-01
1.33395e-01	4.99251e-01	3.91849e-01	1.80110e-01
8.16648e-01	4.72066e-01	6.17037e-03	-9.79897e-01
6.92578e-02	7.38411e-02	8.85199e-01	-5.97903e-01
1.43714e+00	-9.03153e-02	1.26853e-02	-1.99864e-02
6.89007e-01	4.69123e-03	3.31503e-01	6.54654e-01
3.19696e-01	-3.32590e-01	6.88882e-01	-4.43635e-01
6.79910e-01	1.52123e-01	2.41659e-01	8.33668e-02
1.52885e+00	4.05230e-01	4.92070e-01	7.02478e-01
4.04529e-01	-5.02800e-01	1.75082e+00	3.07240e-01
2.40361e-01	-4.87814e-01	8.57465e-01	7.70690e-01
1.99173e-01	-4.44887e-02	1.69546e+00	-1.95942e-01
1.83871e+00	-2.94230e-01	1.25077e+00	1.93379e-01
1.37674e+00	7.44316e-01	9.84008e-01	-5.95765e-01
5.59911e-01	2.37695e-01	5.43219e-01	-9.00165e-01
9.04635e-02	-8.71413e-01	1.16623e+00	-5.77566e-01
4.62827e-02	-9.17148e-01	6.70089e-01	-7.93205e-01
1.94589e+00	-9.94619e-01	3.84744e-01	-4.84096e-01
1.19850e+00	-8.18112e-02	1.16133e-01	-8.03886e-01
1.84093e+00	-6.11107e-02	3.06207e-01	-4.99195e-01
8.32730e-02	-8.92144e-01	1.79393e-01	-9.81920e-01
1.96500e+00	-1.27760e-02	1.45830e+00	-6.14720e-01
2.62460e-01	-2.49109e-01	6.44557e-01	3.96972e-01
1.18991e+00	3.71500e-01	1.50017e+00	-5.41336e-01
8.05809e-01	7.44971e-01	2.34746e-01	-7.80394e-01
