# No. of particles = 100 
# Proton - Solar wind	Electron - Solar wind	
3.23142e-01	4.88637e-01	9.68340e-01	-1.25651e-01
2.86690e-01	-3.96926e-01	2.19999e-01	-9.84728e-01
3.94004e-01	-6.84635e-01	1.13817e+00	8.87494e-01
2.58290e-01	7.41859e-01	9.58874e-01	-5.58804e-01
1.83794e-01	-8.79801e-01	1.25736e-01	-2.70492e-01
1.09409e-01	-7.72192e-01	4.82849e-01	-8.07972e-01
1.96019e+00	8.45044e-01	4.48708e-01	-5.91984e-01
1.85268e-01	-7.92024e-01	4.27868e-01	6.62161e-01
1.38921e+00	-4.52911e-01	2.26801e-01	-3.76398e-01
2.50589e-01	-3.27396e-01	7.15410e-01	6.95887e-03
1.10669e+00	5.47115e-01	4.68234e-01	-5.36207e-01
2.69618e-01	-6.58054e-01	7.58622e-01	-6.44835e-01
7.63988e-01	-5.28707e-01	6.52482e-01	-2.82549e-01
1.27511e+00	9.14331e-01	3.22551e-02	-9.95313e-01
4.04272e-01	5.56358e-01	2.05356e-01	-7.78335e-01
1.70084e+00	-2.80040e-02	8.15626e-01	-6.29807e-01
6.56843e-02	-4.71091e-01	4.56865e-01	-6.83763e-01
4.30751e-01	-7.34481e-01	6.03572e-01	-3.70110e-01
1.09238e+00	6.76305e-01	1.59731e+00	2.01680e-01
5.42004e-01	4.20598e-02	1.95075e+00	4.62389e-02
2.73268e-01	-6.13944e-01	9.45470e-02	-9.51127e-01
6.18203e-01	-1.77962e-01	1.33891e+00	-2.05399e-01
1.03378e-01	-1.80584e-01	7.17710e-01	-3.53663e-01
1.89583e-01	-7.49558e-03	9.04674e-01	8.57747e-01
4.15014e-02	-9.81198e-01	9.25983e-01	-8.92531e-01
3.63837e-01	5.26852e-02	1.79299e+00	-8.70606e-01
1.01654e-01	-5.66634e-02	5.03312e-01	-4.12512e-01
1.64504e+00	4.77427e-01	5.50063e-01	-8.64004e-01
2.34538e-01	-9.12556e-01	1.02649e+00	2.86951e-01
1.95302e+00	-1.94949e-01	2.52568e-01	4.07195e-02
8.19404e-01	-4.43381e-01	2.82194e-01	-8.34893e-01
1.63860e+00	-2.74356e-01	1.78829e-01	6.17826e-01
1.16464e-01	-8.53450e-01	1.98993e+00	-7.77773e-01
6.96671e-01	7.82093e-01	1.63675e+00	5.93042e-01
9.31988e-01	-3.81216e-01	4.37270e-01	-7.83245e-01
1.44279e+00	4.72232e-02	1.26492e+00	2.91568e-01
1.13999e+00	-6.96889e-01	2.92713e-02	-6.91367e-01
4.33385e-01	7.48545e-01	7.70814e-01	-9.36090e-01
3.86036e-01	9.31885e-01	1.56285e+00	7.83733e-01
9.56901e-01	2.68970e-01	1.14543e+00	-5.04549e-01
3.27961e-01	-5.64348e-01	1.39225e-02	-9.76275e-01
1.95996e+00	-4.93928e-01	2.02136e-02	-1.10010e-01
1.03505e-01	-8.53921e-01	5.62647e-01	1.85799e-01
1.85905e-01	-3.18612e-01	1.69693e+00	5.32260e-01
4.21232e-02	-9.15060e-01	1.48143e+00	-6.81974e-01
1.45509e+00	1.28052e-02	3.94302e-01	-8.88533e-01
1.07025e+00	-2.17053e-01	1.24859e+00	-1.19434e-01
1.92131e+00	-7.54995e-01	1.79659e-01	-6.77475e-01
3.25004e-01	-6.59214e-01	1.86537e+00	4.08523e-01
4.09788e-01	9.88577e-02	1.02068e+00	-9.77488e-01
6.77109e-01	4.83707e-01	1.98418e+00	-9.25754e-02
9.72359e-01	-3.41221e-01	1.84909e+00	-6.88786e-01
1.28453e+00	6.82211e-01	1.27721e+00	-6.03945e-02
9.50517e-01	4.27828e-01	2.05726e-01	-6.69591e-01
1.03955e+00	2.32708e-01	1.62717e+00	-4.54123e-01
7.33297e-02	-6.75907e-02	9.24256e-01	3.69093e-01
1.67427e-01	-9.99316e-01	1.63226e+00	1.41238e-02
3.45029e-01	-2.92015e-01	6.00759e-02	-1.27326e-01
1.71544e-01	8.24358e-01	1.12584e+00	-6.31131e-02
6.07850e-01	-3.65232e-01	1.68220e+00	-4.68720e-01
8.47266e-02	-5.96956e-01	1.22719e+00	2.98717e-01
6.05371e-01	-3.33321e-01	1.71448e+00	-5.89202e-01
1.59335e+00	1.30348e-01	1.64853e+00	5.59144e-01
1.48680e+00	4.03217e-01	5.06232e-03	-8.70351e-01
1.28593e+00	-6.84375e-01	3.03640e-01	-8.29876e-01
3.65523e-02	-9.68819e-01	1.37290e+00	4.51052e-01
1.44981e+00	-2.71819e-01	1.16816e-01	7.24399e-01
3.45364e-01	4.91799e-01	4.49550e-01	2.66702e-01
5.18357e-01	-7.51187e-02	1.64706e+00	-6.61380e-01
1.48252e+00	9.04578e-01	1.17789e-01	-8.62258e-01
4.62279e-01	3.14952e-01	1.79325e+00	-3.00583e-01
2.76774e-01	6.69270e-02	1.27872e+00	2.30859e-01
1.58376e+00	6.98883e-01	1.83152e+00	3.88100e-01
3.74551e-01	3.77763e-01	5.67235e-02	1.45144e-01
3.96491e-01	-6.94073e-01	1.72652e-01	8.12726e-01
3.10143e-01	-9.45340e-01	2.10629e-01	-8.99726e-01
3.08390e-01	-5.81214e-01	1.84463e+00	-1.06855e-01
1.27116e+00	-2.11231e-01	1.32879e+00	6.53801e-01
1.61176e+00	6.85118e-01	6.27369e-01	-8.85214e-01
2.96333e-01	-6.89199e-01	1.93787e-01	-5.73695e-01
1.19367e+00	-2.64273e-01	4.75862e-01	-1.09224e-02
1.78753e+00	9.30544e-03	9.49257e-01	-9.35018e-01
5.71518e-01	-3.82893e-01	1.91623e+00	7.25422e-01
7.93878e-01	3.34820e-01	1.96635e+00	-5.90319e-02
1.91150e-01	-6.43912e-01	1.99891e+00	-6.75984e-02
1.55606e-01	-2.98626e-01	3.75388e-01	3.09922e-01
2.05438e-01	-6.63167e-01	1.72278e+00	7.92027e-01
4.68982e-02	-9.92822e-01	1.74750e+00	3.36850e-02
6.91288e-01	-1.14107e-01	1.40367e+00	-7.65696e-01
1.44561e+00	-7.18547e-01	1.82433e+00	3.84262e-01
8.53885e-02	-8.51925e-01	1.94044e+00	6.13927e-01
8.17376e-01	6.73228e-01	1.91986e-01	5.31326e-01
3.87721e-01	-2.73374e-01	6.42224e-01	2.64673e-02
1.13086e+00	3.83851e-01	1.93777e+00	1.64870e-01
5.72019e-02	-8.53446e-01	1.30146e+00	6.33818e-01
1.25781e+00	8.32308e-01	5.28793e-01	8.20674e-01
3.62716e-01	-7.43193e-01	1.63850e-01	6.18237e-01
1.53316e+00	-2.55273e-01	9.71474e-02	9.22226e-01
9.05247e-01	3.07726e-01	4.81720e-01	6.96860e-01
1.62593e+00	-8.48430e-01	7.25017e-01	-1.23838e-01
