# No. of particles = 100 
# Proton - Solar wind	Electron - Solar wind	
9.77832e+00	3.55219e+00	1.67475e+00	2.05247e+00
1.06606e+00	-3.11396e+00	3.30257e+00	-3.24885e+00
7.03061e-01	-4.19764e+00	7.10228e-01	-3.12429e+00
6.13351e-01	-9.14251e-01	4.10984e+00	-1.00218e-01
3.09355e-01	3.48065e+00	7.40448e+00	2.22388e+00
6.46812e+00	4.99661e+00	8.01766e+00	-4.10136e+00
9.34630e+00	3.62055e+00	6.43305e+00	-4.64708e+00
8.55145e+00	1.00677e+00	8.87313e+00	4.69091e+00
6.97712e+00	2.91947e+00	1.23540e+00	-4.92088e+00
5.54125e+00	-6.59516e-01	9.39616e+00	2.32849e+00
6.28048e+00	-3.68796e+00	4.66553e-01	4.48135e-01
9.72777e+00	1.77111e+00	9.98618e+00	-3.57445e+00
8.67855e+00	4.81956e+00	6.79190e-02	-4.95825e+00
9.62447e+00	1.81563e+00	2.07975e+00	-4.91432e+00
9.77641e+00	4.74241e+00	2.32617e+00	-4.88519e+00
7.69110e+00	-3.48455e+00	1.87244e+00	3.55580e+00
8.84529e+00	-3.08313e+00	7.59105e+00	1.22644e+00
4.54439e+00	-1.14610e+00	5.17060e+00	1.40599e+00
8.20085e+00	2.77487e+00	9.71720e+00	4.35941e+00
9.21776e+00	-4.98884e+00	1.32811e+00	4.09269e+00
9.98252e+00	1.54090e+00	8.73888e+00	-2.25059e+00
9.96401e+00	1.82377e+00	9.20303e-01	2.98311e+00
8.81596e+00	3.15204e+00	5.45324e+00	-3.13319e+00
8.22683e+00	-2.03539e+00	3.33560e+00	-8.28895e-01
7.59567e+00	-1.98068e+00	3.99691e+00	-3.99224e+00
7.70839e+00	-4.30383e+00	9.99364e+00	-4.53522e+00
7.20577e+00	2.94344e+00	5.83585e+00	-2.45801e+00
5.28527e+00	-2.09602e+00	8.00223e+00	3.30405e+00
9.73422e+00	6.77482e-01	6.84427e+00	3.44191e+00
8.90311e+00	-1.28098e+00	8.60945e+00	3.52665e+00
8.82238e+00	-3.25742e+00	8.13563e+00	-1.73274e+00
5.40942e+00	-6.54419e-02	6.47517e+00	1.40304e+00
9.22440e+00	-3.56262e+00	4.21289e+00	-1.75383e+00
7.46307e+00	3.67704e+00	7.19878e+00	-2.67681e+00
8.17254e+00	-3.75675e+00	7.86234e+00	4.68365e+00
8.22247e+00	3.20279e+00	4.37712e+00	1.67432e-01
9.60214e+00	-4.89471e+00	4.63709e+00	1.75366e+00
9.12846e+00	-1.47490e+00	3.52020e+00	1.67433e+00
6.74226e+00	-9.42114e-01	9.44970e+00	-3.04167e+00
8.04254e+00	-3.72878e-01	5.27235e-01	4.26735e+00
8.85395e+00	-3.70214e+00	8.70396e+00	-4.66864e+00
7.13187e+00	3.28246e-01	9.08470e+00	3.79282e+00
7.97420e+00	7.41245e-01	6.18940e+00	2.77854e+00
9.75895e+00	-7.73023e-01	7.88204e+00	-2.18543e+00
8.47870e+00	-7.72136e-01	1.52599e+00	3.45441e-02
8.73031e+00	-2.04012e+00	2.68424e+00	-3.70068e+00
8.28744e+00	-4.11892e+00	7.25529e+00	-4.49657e+00
9.84209e+00	-1.83140e+00	2.26819e+00	1.27420e+00
6.67408e+00	-1.04058e+00	8.92210e+00	2.89877e+00
9.56360e+00	-8.44223e-01	8.81529e+00	-3.67738e+00
6.58235e+00	-3.04244e+00	6.84096e+00	4.00010e+00
9.35993e+00	4.39933e+00	3.12420e+00	-4.73876e+00
7.55273e+00	-4.70688e+00	2.65097e-01	-1.68166e+00
7.85225e+00	9.43592e-01	7.71295e+00	-5.77673e-01
9.91363e+00	-1.54290e+00	4.81002e-01	-7.46541e-01
9.52498e+00	1.91132e+00	3.83672e+00	-4.24233e+00
8.93496e+00	3.89222e+00	8.02498e+00	4.72148e+00
8.11769e+00	-3.91870e+00	2.07612e+00	1.34320e-01
6.39759e+00	-2.77807e+00	9.42671e+00	4.96938e+00
9.43800e+00	2.58059e+00	9.99512e+00	1.98891e+00
9.59365e+00	-1.92731e+00	7.29197e+00	2.59450e+00
7.50507e+00	-3.94104e+00	5.27252e+00	4.61310e+00
9.95794e+00	-1.39606e+00	3.24837e+00	2.69938e+00
5.86297e+00	-1.45657e+00	8.03312e+00	3.79300e+00
8.40438e+00	-4.47182e+00	9.04415e+00	4.79141e+00
9.27002e+00	-4.57738e-01	9.43623e+00	4.06940e+00
4.11682e+00	3.95553e+00	4.01804e+00	1.10897e+00
8.32361e+00	4.94773e+00	7.25116e+00	2.44471e+00
8.06356e+00	-3.01909e+00	2.55411e+00	-3.35664e+00
4.98340e+00	-4.84780e+00	8.37516e+00	4.88373e+00
9.15322e+00	1.13844e+00	9.18580e+00	2.66015e+00
9.26116e+00	-1.87362e+00	7.85770e+00	-2.12395e+00
9.75754e+00	-2.63711e+00	9.93836e+00	-1.36927e+00
8.18218e+00	-1.09854e+00	6.46131e+00	1.36778e+00
9.56024e+00	2.45331e+00	9.86801e+00	-4.34767e+00
6.16770e+00	8.07634e-01	3.04477e+00	3.95475e+00
9.35546e+00	-3.53478e+00	3.27427e+00	9.89339e-01
9.06391e+00	1.89492e-01	8.58104e+00	3.35127e-01
9.04207e+00	-2.16356e+00	5.19734e+00	2.27951e+00
7.25440e+00	1.34104e+00	9.25803e+00	-2.89410e+00
9.35385e+00	4.96222e+00	8.59741e+00	-1.12514e+00
8.81484e+00	4.06490e+00	6.86504e+00	3.26953e+00
7.32278e+00	6.09034e-01	1.73707e+00	4.09157e+00
5.38884e+00	1.65175e-01	4.08818e+00	-1.89367e+00
7.99503e+00	-1.08551e+00	2.96066e+00	-9.96794e-01
9.46625e+00	-3.65151e+00	9.64684e+00	-4.98583e+00
8.81217e+00	-1.37590e+00	9.27446e+00	2.91156e+00
9.88783e+00	4.32819e+00	9.04481e-01	4.98697e+00
5.74926e+00	-2.26543e+00	8.88287e+00	9.53192e-01
9.83684e+00	3.07071e+00	9.36210e+00	-3.04974e+00
7.63234e+00	4.47666e+00	2.21383e+00	-9.56649e-01
8.40589e+00	-2.95813e+00	4.53429e+00	-8.53302e-01
9.18541e+00	-4.11234e+00	9.50881e+00	-1.80917e+00
4.32085e+00	-2.92293e+00	8.95215e+00	-2.89236e+00
8.81223e+00	1.34684e+00	3.01380e+00	-3.40238e+00
9.13587e+00	5.54600e-01	6.60443e+00	4.17028e+00
9.20491e+00	2.31070e+00	7.68015e+00	-1.34056e+00
6.47673e+00	4.28041e+00	1.35678e+00	-2.09054e+00
6.16791e+00	4.79579e+00	1.42703e+00	-3.09223e+00
8.50920e+00	5.12874e-01	8.32597e-01	-2.09039e+00
