# No. of particles = 100 
# Proton - Solar wind	Electron - Solar wind	
8.63128e-01	-4.65662e+00	5.72406e+00	1.03369e+00
3.53526e-01	-1.88298e-01	4.76201e+00	3.34685e+00
9.81808e+00	-1.45123e+00	8.22407e+00	-2.19828e+00
9.90262e+00	-1.11975e+00	2.82514e+00	-2.66690e+00
7.70078e+00	-1.99395e+00	9.83237e+00	-3.32039e+00
9.05430e+00	2.25170e+00	7.51146e+00	4.79918e+00
7.45486e+00	5.95575e-01	2.59637e-01	-4.78142e+00
9.45323e+00	4.21636e+00	7.32688e+00	-3.71198e+00
7.77525e+00	5.44121e-01	8.84852e+00	-5.51907e-01
9.20693e+00	1.61075e+00	5.55982e+00	-1.42211e+00
7.08720e+00	2.90825e+00	8.53982e+00	-2.65261e+00
9.34252e+00	3.80838e+00	7.11334e-01	-4.11405e+00
8.32593e+00	-3.15871e+00	2.72563e+00	4.88345e+00
9.86822e+00	-2.43713e-01	9.83184e+00	2.16107e-01
7.56698e+00	-3.11323e+00	2.12376e+00	3.62382e+00
9.06141e+00	-4.13175e-01	7.18997e+00	4.57790e+00
8.51828e+00	1.41955e+00	7.32757e+00	3.79350e+00
5.73239e+00	-1.96272e+00	2.34890e+00	8.05678e-01
4.55567e+00	7.05635e-01	8.12870e+00	-4.74364e+00
8.42112e+00	1.16858e-01	3.54180e+00	4.54523e-01
9.74070e+00	1.44510e-01	8.02462e+00	-4.56546e-01
6.14919e+00	3.68048e+00	2.72193e+00	-5.30220e-01
9.02905e+00	2.53366e-01	6.96293e+00	3.16331e+00
5.02146e+00	-4.39442e-01	2.93881e+00	-1.70724e+00
7.97065e+00	-5.77946e-01	4.23997e+00	-1.99594e+00
6.66066e+00	-2.24911e+00	2.78456e+00	5.58840e-01
7.62326e+00	-1.73071e+00	9.20203e+00	-4.16435e+00
7.31707e+00	-1.57896e+00	7.48364e+00	3.08838e+00
8.34810e+00	2.19027e+00	8.97179e+00	-2.58252e+00
8.53089e+00	3.99533e+00	1.66653e+00	1.17261e+00
9.14316e+00	4.70474e+00	7.27092e+00	5.79676e-02
9.87943e+00	-1.27750e+00	2.17192e+00	-2.17240e+00
7.50866e+00	-2.83571e+00	3.65983e-02	-4.70807e-01
9.35081e+00	4.80998e+00	8.01992e+00	-1.84198e+00
4.51019e+00	4.73756e-01	8.81201e+00	-3.51989e+00
9.98099e+00	-1.51021e-01	8.70280e+00	-2.21914e+00
8.09507e+00	-3.92180e+00	7.98958e+00	6.40601e-01
8.36686e+00	-7.40593e-01	7.86968e+00	2.31387e+00
7.79603e+00	3.33001e+00	3.57635e+00	-3.05354e+00
7.58677e+00	1.70132e+00	1.36602e+00	-2.08318e+00
9.04509e+00	4.09843e+00	2.14452e-01	-4.36552e-01
9.16535e+00	-4.34291e-02	3.61484e+00	-1.41842e+00
8.77755e+00	3.71517e-01	4.97276e+00	3.59196e+00
9.31815e+00	-1.75900e+00	9.99803e+00	3.97658e+00
6.22805e+00	7.68073e-01	7.82736e+00	-1.19989e+00
8.16601e+00	2.30868e+00	6.66702e+00	2.10912e+00
9.63232e+00	2.94408e+00	1.31747e+00	1.95449e+00
5.79733e+00	-1.03301e+00	5.23458e+00	-7.17362e-01
9.06301e+00	-9.01090e-01	9.02008e+00	8.56258e-01
9.27874e+00	1.91040e+00	3.90412e+00	9.18253e-01
9.97824e+00	2.60515e+00	4.46814e+00	-1.22639e+00
9.63202e+00	-1.75648e+00	4.20238e+00	-8.06347e-01
4.42184e+00	9.96576e-01	3.01244e+00	-3.71265e+00
8.82794e+00	-3.90476e+00	8.98208e+00	7.44807e-01
8.76181e+00	3.61192e+00	1.57620e+00	-1.97687e+00
8.03117e+00	1.12181e+00	9.61157e-01	-2.19852e+00
9.20328e+00	2.27762e+00	7.69082e+00	-3.03000e+00
9.90434e+00	-4.39359e+00	5.13276e-01	-4.73443e+00
9.69339e+00	1.26566e+00	3.94039e-01	-4.46879e+00
8.74223e+00	-4.23160e+00	7.86239e+00	4.85525e+00
9.69713e+00	-3.13730e+00	5.58161e+00	2.52017e+00
8.77978e+00	-1.38519e+00	7.18018e+00	3.75972e+00
9.54801e+00	-2.62502e+00	3.94282e+00	-5.02360e-01
6.77987e+00	-2.32295e+00	8.14016e+00	4.02979e+00
7.44119e+00	-4.89681e-01	9.50057e+00	2.38423e+00
8.76921e+00	-2.49985e-01	7.16204e+00	4.53528e+00
9.73611e+00	-3.25159e+00	3.03519e+00	-4.00101e+00
7.92004e+00	2.04446e-01	9.86565e+00	-1.01988e+00
9.72702e+00	-1.29855e+00	5.32436e+00	-6.25999e-01
9.27819e+00	-1.64481e+00	9.84720e+00	1.45599e+00
8.03791e+00	-6.69240e-01	1.71384e-01	4.36653e+00
9.64005e+00	-8.43718e-01	9.57221e+00	-3.23967e-01
9.84901e+00	4.75001e+00	7.29736e+00	-2.84268e+00
8.85344e+00	4.71008e+00	2.97427e+00	-9.84213e-01
9.07645e+00	3.05201e+00	9.86501e+00	-8.65876e-01
8.74102e+00	3.19886e+00	5.30944e+00	2.62855e+00
7.62652e+00	2.05622e-01	4.72063e+00	3.10016e+00
7.33796e+00	-2.49653e+00	8.24718e+00	-8.10589e-01
8.56524e+00	3.13006e+00	8.13991e+00	2.18409e+00
9.02835e+00	-2.73333e-01	5.80989e+00	2.60429e-01
7.17769e+00	2.67095e+00	9.58692e+00	-4.44498e+00
9.74391e+00	-1.99941e+00	3.94543e+00	-3.26583e+00
9.71204e+00	-5.90275e-01	5.21658e+00	-2.13282e+00
9.14008e+00	-3.48812e+00	5.89240e+00	3.21419e+00
8.34191e+00	6.59349e-01	8.30330e+00	-1.83996e+00
9.66901e+00	7.80913e-01	9.18972e+00	6.12463e-01
9.35239e+00	-2.21877e+00	9.14171e+00	-2.58655e-01
9.84298e+00	-2.18731e+00	5.45392e+00	2.31029e+00
9.79927e+00	-1.62704e+00	9.48295e-01	-1.97228e+00
7.01907e+00	1.69346e+00	8.77429e+00	7.90208e-01
7.35200e+00	-7.89070e-02	9.33802e+00	-4.23506e+00
7.77708e+00	1.46952e+00	9.34838e+00	3.23177e+00
5.17006e+00	7.28585e-01	7.62960e+00	1.08443e+00
8.04894e+00	-1.25666e-01	2.51205e+00	-7.86680e-01
9.19061e+00	-2.34645e+00	6.02521e+00	-3.98876e+00
9.47684e+00	-6.30055e-02	1.69104e+00	-4.07487e-01
7.71512e+00	1.06653e+00	6.54141e+00	1.25783e+00
9.42662e+00	-8.79898e-02	8.66198e+00	-2.26498e+00
9.16133e+00	-2.24786e+00	2.31551e+00	-2.45371e+00
6.17359e+00	3.67630e+00	9.63497e+00	2.05460e-01
