# No. of particles = 100 
# Proton - Solar wind	Electron - Solar wind	
3.43984e-01	3.08762e-01	2.78275e-01	-6.66408e-01
7.13898e-01	3.97654e-01	5.35593e-01	-6.13255e-01
1.22171e+00	-9.44864e-03	7.09004e-01	-5.77302e-01
2.26255e-01	-6.81321e-01	2.11642e-01	-6.99652e-01
2.49171e-01	-2.91247e-01	8.11210e-01	1.19093e-01
6.07253e-01	-2.52137e-01	2.17043e-01	-9.71023e-02
6.00718e-01	-2.22061e-01	2.73593e-01	8.71459e-01
5.45617e-02	-9.89464e-01	2.81051e-01	-6.70267e-01
3.01375e-01	-3.59924e-01	8.52816e-01	-1.75954e-01
1.63423e-01	-6.86325e-01	8.20885e-01	2.09468e-02
3.70996e-01	-5.69174e-01	1.53419e+00	-4.76892e-01
8.02363e-01	1.77735e-02	1.90493e-01	-8.22805e-01
1.31450e+00	-1.69394e-01	1.19280e+00	-5.05967e-01
3.35114e-01	-2.53744e-01	1.11418e+00	-3.19492e-01
6.85094e-01	-8.83704e-01	3.53894e-01	-6.08036e-01
1.06709e-01	-8.59751e-01	6.62122e-02	-9.49483e-01
1.63173e+00	-2.51384e-01	6.82090e-01	-7.11840e-01
8.55910e-02	-6.38318e-01	1.02539e+00	-7.57430e-01
5.67491e-01	-1.71269e-01	1.92871e+00	-6.55363e-01
7.80997e-02	-9.37603e-01	1.44084e+00	6.12824e-01
8.94230e-01	4.87692e-01	7.90642e-01	-5.25301e-01
5.98966e-01	9.15081e-01	1.35989e+00	8.71504e-01
1.32521e+00	-1.21356e-01	1.11529e+00	-6.88899e-01
3.08935e-01	5.79832e-01	5.20111e-01	-5.89549e-01
1.93751e+00	-1.33806e-01	4.87787e-01	3.11844e-01
2.28670e-01	8.00492e-01	1.10456e+00	-2.42721e-01
2.32249e-02	-2.30620e-02	5.29030e-01	-3.60832e-03
3.18695e-01	-9.55759e-02	3.10626e-01	3.65731e-01
1.68045e+00	2.50621e-01	1.88784e+00	-4.41519e-01
1.25441e+00	3.31442e-01	2.75530e-01	1.43887e-01
1.10026e+00	5.34051e-01	8.42544e-02	-1.88953e-01
1.27039e+00	-8.89610e-01	4.54977e-01	-3.56210e-01
1.94977e-01	-2.02253e-01	4.61604e-01	-9.25671e-01
1.49679e+00	-5.66591e-01	3.60781e-01	-4.83446e-01
2.79450e-01	-7.56241e-01	6.75081e-01	1.31613e-01
3.59171e-01	-9.15103e-01	6.32312e-01	9.43463e-01
1.00461e-01	-8.25605e-01	7.85081e-01	2.77539e-01
6.03041e-01	-8.63398e-01	8.12888e-01	2.41393e-01
4.02371e-01	5.34232e-01	4.21330e-01	-6.97677e-01
3.33875e-01	-8.50882e-01	9.39812e-02	-9.23263e-01
4.55582e-02	-7.06883e-01	4.50922e-01	9.57247e-01
1.80013e-02	1.63692e-02	3.14586e-01	-4.27646e-01
1.47926e-01	-8.75707e-01	6.12794e-01	1.43937e-02
3.17683e-01	-6.97206e-01	2.82308e-01	-7.97028e-01
4.34442e-01	3.86227e-01	1.69583e+00	8.48190e-01
8.16548e-01	-5.20254e-01	5.29743e-01	-2.56758e-01
1.76957e+00	2.93446e-01	5.98109e-01	-6.59192e-01
9.40033e-01	-2.13213e-01	4.15318e-01	-2.55107e-01
7.19993e-02	-6.86885e-01	3.89361e-01	-2.69640e-01
1.95429e-01	-4.84020e-01	7.38445e-01	-9.09661e-01
6.38591e-01	-6.42569e-01	1.32075e-02	-9.86639e-01
1.99769e+00	3.39370e-01	2.09790e-01	-1.67929e-01
2.67590e-01	-8.52156e-01	5.45433e-01	-7.20339e-01
1.32199e-01	-8.04700e-01	1.85048e+00	-1.59416e-01
3.03358e-01	-6.99503e-01	6.23322e-01	3.20613e-04
1.81274e+00	-7.94039e-01	2.14189e-01	-5.40008e-01
9.52251e-02	-4.91127e-01	1.37186e+00	1.65634e-01
1.95541e+00	-3.59794e-01	1.69706e+00	-4.47311e-01
8.32903e-01	8.01027e-01	4.64629e-01	2.68511e-01
8.22405e-02	-8.96810e-01	4.14859e-01	-1.05229e-01
7.19282e-02	-7.52380e-01	6.83905e-01	-2.60826e-03
6.57178e-02	-3.01464e-01	1.98840e+00	-9.14149e-01
3.84416e-01	-3.43715e-01	2.27177e-02	-9.88293e-03
9.42114e-01	3.54322e-01	9.08864e-01	7.65407e-01
6.64185e-01	8.62150e-01	1.20182e+00	-3.64497e-01
5.34350e-01	-6.83173e-01	1.85614e-01	-9.11326e-01
6.16340e-02	-8.52073e-01	1.98180e+00	8.96399e-01
9.73379e-01	7.71207e-01	5.26202e-01	-3.54687e-01
9.50491e-01	6.78213e-01	1.66677e+00	-3.93021e-01
1.03370e+00	5.71927e-01	1.10773e+00	3.79800e-01
1.83535e+00	-1.69242e-01	1.06268e+00	3.63219e-01
1.49597e+00	5.30442e-01	1.79317e-02	-2.81900e-01
1.96920e-01	-6.59974e-01	1.07315e-01	-6.20683e-01
3.70218e-01	-2.77822e-01	1.00259e+00	-8.13674e-01
5.78447e-01	-5.03401e-01	4.24163e-01	-5.29007e-01
1.88841e-02	1.40512e-01	3.53484e-01	3.34135e-01
4.99410e-01	7.90040e-01	9.41574e-01	3.04804e-01
3.62867e-01	-5.44973e-01	1.83356e-01	-4.44367e-01
3.54993e-01	-4.93482e-01	5.50721e-01	-9.66226e-01
1.20560e+00	4.23834e-01	1.20378e+00	-5.64230e-01
1.30571e+00	-1.21147e-01	1.17693e-01	-5.71922e-01
1.22148e+00	4.91570e-01	8.38974e-01	-9.18667e-01
1.13238e+00	2.40796e-01	1.59789e+00	4.09700e-01
4.89441e-02	1.05702e-01	9.28730e-01	-4.47230e-01
1.08154e-01	3.98429e-01	2.44487e-01	5.16863e-01
2.71388e-01	1.11228e-01	6.08954e-01	-4.28490e-01
3.78392e-01	-4.30002e-01	3.31133e-01	2.51435e-01
1.56721e+00	-4.71456e-01	1.08805e+00	3.15582e-01
7.74635e-01	-6.56454e-01	1.04123e+00	-6.71901e-01
2.00169e-01	7.66524e-01	2.91914e-01	-7.54768e-01
1.33991e-01	-6.62247e-01	1.62852e-01	-5.17899e-02
2.19352e-02	-9.87555e-01	1.34709e+00	-6.58829e-01
6.16096e-01	2.00377e-01	1.82431e+00	1.84743e-01
2.97721e-01	-6.35417e-01	1.04201e+00	-6.61176e-01
8.28264e-01	6.99497e-02	4.53199e-01	-1.58167e-02
1.58199e+00	5.82881e-01	1.34703e+00	-4.23656e-01
1.43333e+00	9.07090e-01	1.26759e-02	-3.22344e-01
5.16580e-01	1.94072e-01	4.42582e-01	-3.06409e-01
1.78058e+00	6.95945e-01	1.10300e+00	2.06575e-02
5.37967e-01	-8.69964e-01	8.30140e-01	-9.84913e-01
