# No. of particles = 100 
# Proton - Solar wind	Electron - Solar wind	
1.65276e+00	-2.01307e+00	1.42290e+00	-2.32366e+00
3.74949e-01	-2.40525e+00	2.65876e-01	-4.63492e-01
2.37168e+00	-2.37169e+00	1.57790e+00	-1.37520e+00
8.10287e-01	-2.12555e+00	6.27559e-01	-1.37911e-01
1.72580e-01	-2.24238e+00	6.69663e-01	-1.59747e+00
1.17796e+00	-2.47548e+00	4.15173e-01	-2.14895e+00
3.80770e-01	-2.18814e+00	7.63434e-01	-2.11846e+00
1.27352e+00	-2.42492e+00	4.36427e-01	-1.59416e+00
1.58878e+00	-2.00283e+00	1.87476e+00	-9.48434e-01
5.17124e-01	-2.48740e+00	1.14501e+00	1.70305e-01
6.81470e-01	-2.26503e+00	1.99383e-01	-2.38526e+00
1.63843e+00	-2.20784e+00	1.70795e+00	-2.11011e+00
4.62783e-01	-2.28311e+00	2.23255e+00	2.18622e+00
1.55812e-01	-2.37752e+00	1.69930e+00	7.81535e-01
1.89040e-01	-2.48791e+00	1.89025e+00	-1.04876e+00
1.94715e+00	-2.36109e+00	1.82602e+00	3.29547e-01
1.82585e-01	-2.34279e+00	1.30654e+00	-1.11682e+00
8.60363e-01	-1.87841e-01	4.22040e-02	-8.06562e-01
2.36193e+00	-2.21837e+00	2.27774e+00	2.01886e-01
2.32125e+00	-6.69310e-01	6.95961e-01	-2.04507e+00
5.49083e-01	-9.06356e-01	2.34662e+00	-1.04845e+00
1.25102e+00	-2.29755e+00	6.16751e-01	-1.38061e+00
2.53908e-01	-2.74599e-01	6.96586e-01	-2.39723e+00
5.68237e-02	-2.40541e+00	1.55732e+00	-2.33574e+00
1.40926e-01	-2.49838e+00	2.08213e+00	-7.30461e-01
1.70371e+00	-2.38129e+00	1.32613e-01	-2.49665e+00
5.38067e-01	-2.42997e+00	1.08813e+00	-2.18400e+00
2.19263e+00	-2.03601e+00	2.05705e+00	-1.34756e+00
7.87355e-01	-2.40008e+00	2.59683e-01	-1.72980e+00
6.77854e-01	-2.38845e+00	1.88143e-01	-1.69488e+00
1.79645e+00	-6.78436e-01	2.06138e-02	-2.43559e+00
2.10471e+00	8.74744e-01	1.61424e+00	-1.08631e+00
4.13120e-01	-2.34742e+00	1.48014e+00	-5.72013e-01
1.93861e+00	-2.25671e+00	1.13557e+00	2.30164e+00
5.09385e-01	6.29537e-01	8.81234e-01	-1.74949e+00
1.42803e+00	-2.26570e+00	7.62685e-01	-6.82606e-02
1.12364e+00	-1.75613e+00	3.34710e-02	-2.37538e+00
2.28898e+00	-2.00890e+00	3.22123e-02	-2.35901e+00
7.66496e-01	-2.35472e+00	1.64978e+00	-2.17847e+00
4.98928e-02	-2.49130e+00	3.66284e-01	-2.46067e+00
4.26889e-01	-2.19243e+00	5.46974e-01	-9.61680e-01
8.33851e-01	-2.22506e+00	1.23878e+00	-1.70418e+00
7.37659e-01	-2.20246e+00	1.01948e-01	-2.03681e+00
1.54014e+00	-2.13766e+00	9.06265e-01	8.98396e-01
1.87843e+00	4.35944e-01	8.64217e-01	-1.95692e+00
7.94693e-01	-2.29157e+00	5.41779e-01	-1.42204e+00
2.45055e+00	1.82874e+00	1.61813e-01	-1.91833e-01
2.29694e+00	1.17444e+00	1.97721e+00	-7.89737e-01
1.41641e+00	9.95137e-01	1.98518e+00	1.12186e+00
2.26647e+00	-1.86303e+00	2.72718e-01	-2.45209e+00
2.92315e-01	-4.48009e-01	2.19367e+00	-1.53417e+00
3.68512e-01	-2.49129e+00	1.59716e+00	-2.43949e+00
5.29461e-01	-1.01704e+00	1.16593e+00	-6.10298e-01
2.36674e+00	-2.45699e+00	1.56496e+00	5.26204e-02
1.20854e+00	-2.41676e+00	2.10864e+00	-1.26691e-02
1.62919e+00	-1.43947e+00	1.65922e+00	5.62236e-01
1.99139e+00	-1.81704e+00	2.83645e-01	-2.26258e+00
1.82896e+00	-7.65940e-01	8.30214e-01	-1.97468e+00
2.27224e+00	-2.38005e+00	1.98954e+00	-2.16591e+00
8.95839e-01	-2.19491e+00	7.62411e-01	1.61570e+00
4.82198e-01	7.14983e-01	1.11718e+00	-5.86031e-02
2.04144e+00	2.28106e-01	1.41509e+00	-8.40553e-01
2.05080e+00	-1.86957e+00	1.99460e+00	-1.17815e+00
2.21859e-01	-2.28227e+00	1.33970e+00	-1.64125e+00
7.86108e-01	-2.17080e-01	2.07796e+00	-2.22003e+00
6.26447e-02	-3.18607e-01	1.93104e+00	-4.64036e-02
1.85000e+00	1.60050e-01	5.59941e-01	-1.46179e+00
1.64621e+00	3.04532e-01	1.79609e+00	3.80466e-01
1.50946e+00	-1.93979e+00	1.30112e+00	-2.45698e+00
8.91117e-01	-1.80269e-01	1.19573e-01	-2.26477e+00
1.94790e-01	-8.12721e-01	1.94335e+00	-2.22244e+00
1.13603e+00	-2.44190e+00	1.78133e+00	1.27875e+00
6.38684e-01	-5.44022e-02	2.47722e+00	2.00234e+00
1.09181e+00	-2.39680e+00	1.65437e+00	-1.59812e+00
8.85783e-01	-2.20891e+00	2.43942e+00	1.90457e-02
9.49645e-01	4.11293e-01	2.05978e+00	-4.97748e-01
1.80651e+00	-2.44284e+00	1.80058e+00	-1.71633e+00
4.74108e-01	-2.36078e+00	1.30342e-01	-7.68023e-01
2.47511e+00	-2.17821e+00	1.12256e+00	-1.41689e+00
5.89196e-01	3.70384e-01	5.04016e-01	-7.07865e-01
7.53438e-01	-7.73250e-01	4.89372e-01	-2.49435e+00
1.08149e+00	-2.37152e+00	8.56486e-01	-3.12304e-01
3.11091e-01	-2.27771e+00	2.51701e-01	-2.14985e+00
6.42133e-01	-2.40952e+00	2.32546e+00	1.33311e+00
2.14228e+00	2.95262e-01	4.87161e-02	1.36253e-01
4.73370e-01	-2.36018e+00	9.34595e-01	-1.34954e+00
2.11219e+00	-2.36069e+00	2.31034e+00	2.35235e+00
1.14927e+00	-2.38577e+00	8.65815e-01	-1.83120e+00
2.94627e-01	-5.25405e-01	2.44027e+00	1.86205e-01
7.01555e-01	-5.78725e-01	1.11152e-01	-2.47629e+00
7.13326e-01	-2.39564e+00	7.94130e-02	-1.43521e+00
1.50680e-01	-2.34896e+00	8.61498e-01	-1.46495e+00
1.19761e+00	-1.31952e-02	9.18472e-01	-5.40152e-02
2.62951e-01	3.14667e-01	2.32911e+00	2.86423e-01
2.21790e+00	1.52248e+00	2.51512e-02	4.53135e-01
2.17987e-01	9.64352e-01	2.42112e+00	3.79002e-01
1.20710e+00	-1.73494e+00	1.78717e+00	-7.22419e-01
4.07261e-01	-2.30986e+00	1.79834e+00	-1.43440e+00
2.14689e+00	-2.23577e+00	1.08445e+00	-4.53396e-01
2.07106e+00	-2.99643e-01	2.31651e+00	4.95517e-01
