# No. of particles = 100 
# Proton - Solar wind	Electron - Solar wind	
3.69846e+00	4.88484e+00	7.91675e+00	-9.21699e-01
5.50812e-01	4.60615e+00	3.23607e+00	-3.48799e-01
3.82234e+00	-4.97838e+00	8.40703e+00	-3.08190e+00
4.18177e-02	2.89133e+00	9.05916e+00	-7.62210e-01
7.94466e-03	-3.12401e+00	2.42928e+00	4.35017e+00
9.28555e+00	-1.82095e+00	1.97735e+00	-1.23762e+00
8.68991e+00	1.30729e+00	8.09737e+00	4.83901e+00
8.09262e+00	5.30976e-01	7.95770e-01	3.17028e+00
6.17362e+00	1.03255e+00	3.22001e+00	1.30214e+00
9.47287e+00	-3.75787e+00	9.82064e+00	4.20697e+00
9.82047e+00	1.56543e+00	2.89025e-02	-1.42674e+00
7.23342e+00	-9.60840e-01	5.98844e+00	-2.04296e+00
8.64572e+00	4.93366e+00	9.80050e+00	2.29290e+00
8.48008e+00	-2.74172e-02	8.33464e+00	-2.03959e+00
9.28727e+00	2.72347e+00	3.09532e+00	-2.60067e+00
9.96013e+00	4.93766e+00	9.72752e+00	-1.02436e+00
8.47017e+00	-9.05998e-01	8.07406e-01	-4.91799e+00
8.05825e+00	1.27453e+00	4.04177e+00	-4.18910e+00
9.76942e+00	1.01561e+00	7.05784e-01	4.97662e+00
6.94325e+00	-1.21009e+00	7.51816e+00	-5.59269e-01
9.94451e+00	3.33718e+00	1.25847e+00	3.50860e+00
7.44607e+00	-3.39630e+00	2.04364e+00	-2.79109e+00
9.95790e+00	4.70471e+00	3.52126e+00	-3.35666e+00
8.33402e+00	1.68247e+00	7.09342e+00	1.41634e+00
7.75630e+00	-2.60152e+00	1.24191e+00	-6.95124e-01
6.06723e+00	-1.90324e+00	2.51303e+00	-3.55325e+00
9.62932e+00	6.02072e-01	4.18944e+00	-3.15455e+00
9.50787e+00	-5.77269e-01	6.07294e+00	-2.40689e+00
9.46635e+00	2.26141e+00	7.96552e+00	-3.46353e+00
8.77748e+00	-2.41977e-01	6.28267e+00	2.66547e+00
9.50507e+00	-1.19201e-02	9.80780e+00	-2.42972e-01
6.01141e+00	-1.22908e+00	7.77092e+00	1.25617e+00
7.61421e+00	-8.36182e-01	5.86210e+00	2.06876e-01
9.74850e+00	4.79992e+00	6.75031e+00	-1.91222e+00
9.68314e+00	-1.99366e+00	9.04089e+00	1.96123e+00
8.24542e+00	-2.49321e+00	8.44543e+00	3.53662e+00
5.12131e+00	-2.27348e+00	4.79375e+00	-4.55950e-02
6.76252e+00	-4.92445e-01	1.20031e+00	-3.54565e+00
5.89440e+00	2.08371e+00	8.14318e+00	1.27605e+00
5.19958e+00	-1.60001e+00	4.12297e+00	-4.97553e+00
8.49143e+00	-5.77545e-01	5.55623e+00	4.27571e+00
4.99690e+00	-2.77871e+00	3.05012e+00	2.33248e+00
9.96289e+00	-4.71483e+00	8.40216e+00	2.34951e+00
7.16173e+00	-8.69218e-01	8.75697e+00	-7.50611e-01
8.98462e+00	-9.98980e-01	6.98667e+00	1.04715e+00
9.77469e+00	-2.59410e+00	3.53661e+00	2.80978e+00
9.81962e+00	-3.72869e+00	2.06236e+00	-1.00603e+00
8.68541e+00	1.37351e+00	6.30098e+00	-5.89263e-01
8.76398e+00	4.48659e-01	9.04723e+00	-5.38477e-01
7.48534e+00	7.94117e-02	2.17109e+00	3.58784e+00
9.72010e+00	3.48248e+00	8.17174e+00	-1.22947e+00
8.79998e+00	4.78986e+00	2.87103e+00	4.43288e+00
9.89008e+00	8.75133e-01	5.49324e+00	1.70657e+00
8.85901e+00	3.79916e+00	5.91162e+00	-1.23352e+00
7.16574e+00	-8.99623e-01	8.04670e-01	-1.40100e+00
9.38822e+00	-5.67860e-01	7.96750e+00	-4.29351e+00
9.68078e+00	2.09492e+00	8.68720e+00	2.72926e+00
8.79208e+00	-4.75637e+00	9.61980e+00	-4.28834e+00
8.10073e+00	-1.30358e+00	4.18110e+00	-1.90387e+00
4.28943e+00	-1.88064e+00	1.61132e+00	1.34200e+00
7.56534e+00	-3.27626e+00	7.42046e+00	4.75020e+00
8.92606e+00	-5.45384e-01	5.28890e+00	-4.43459e+00
8.49652e+00	5.57488e-01	3.06807e+00	-5.91035e-02
9.89633e+00	2.53175e+00	8.73070e+00	4.14442e+00
9.98776e+00	6.09515e-01	2.29553e-01	1.41076e+00
7.53771e+00	-3.54544e+00	8.50366e+00	-2.71955e+00
9.96577e+00	-9.33203e-01	7.88651e+00	-1.18217e+00
9.98507e+00	2.87657e+00	9.37285e+00	2.05580e+00
9.53570e+00	1.13543e+00	3.86722e+00	2.68153e+00
8.86154e+00	-3.33155e+00	6.11956e+00	1.72468e+00
9.90430e+00	-1.43869e+00	6.23725e+00	-3.19529e+00
9.65129e+00	-2.64681e+00	9.24997e+00	-2.61874e+00
7.14248e+00	2.90404e+00	1.13831e+00	1.39939e+00
7.75049e+00	-2.32230e+00	1.65649e+00	-4.60158e+00
9.78816e+00	3.17361e+00	9.68693e+00	4.60150e+00
8.86598e+00	-1.08091e+00	9.75648e+00	3.93783e-02
9.15542e+00	3.23306e+00	7.20949e+00	9.39855e-01
9.33441e+00	-4.97198e+00	1.41726e+00	-4.56634e+00
6.85953e+00	3.46968e+00	8.20118e+00	-8.15512e-01
8.92019e+00	-3.05948e+00	2.11742e+00	-8.83516e-01
5.40193e+00	-3.73633e-01	6.24140e+00	-2.42190e+00
9.94827e+00	2.46301e+00	5.61748e+00	6.31015e-01
8.13966e+00	-2.57587e+00	9.34660e+00	-1.51265e+00
9.08906e+00	3.76481e+00	3.90087e+00	-1.48420e-01
6.52683e+00	-3.69981e+00	7.95502e+00	4.05254e+00
9.76512e+00	1.11920e+00	4.57302e+00	2.89912e+00
8.45782e+00	-1.50869e+00	4.89467e+00	1.53616e+00
9.25722e+00	8.51161e-01	2.27608e+00	2.82631e+00
5.71378e+00	3.81739e-01	3.33416e+00	-2.96857e+00
9.72790e+00	2.85311e+00	6.27843e+00	8.29012e-01
6.77746e+00	-4.83346e-01	9.60106e+00	1.51795e+00
8.79885e+00	-3.11542e+00	6.36026e+00	-2.66357e+00
9.80309e+00	4.25026e+00	9.40395e+00	9.95404e-01
9.70037e+00	4.78051e+00	8.43146e+00	-4.46888e+00
8.63875e+00	1.09368e+00	9.37712e+00	5.55904e-01
8.65783e+00	3.73508e+00	9.80208e+00	-1.15633e+00
9.98091e+00	2.98101e+00	9.48266e+00	-3.25939e+00
8.33331e+00	4.69823e+00	8.49008e+00	4.90358e+00
7.75425e+00	2.86788e+00	6.33307e+00	-1.94418e+00
7.95145e+00	6.13623e-01	7.81004e+00	-4.62312e-01
