# No. of particles = 100 
# Proton - Solar wind	Electron - Solar wind	
7.88511e+00	-2.81836e+00	5.58336e+00	1.16635e-01
4.84110e+00	-4.53296e+00	7.10781e+00	-3.51962e+00
8.50520e-01	-3.96233e+00	6.52214e+00	-2.46178e+00
6.30285e-01	8.90630e-01	5.95466e+00	-1.16558e+00
2.09187e-01	-2.18077e+00	3.23043e-01	-4.95757e+00
8.81243e+00	4.99370e+00	2.15276e+00	2.63811e+00
4.68751e-02	5.26233e-01	9.37933e+00	3.77127e+00
7.79851e+00	-4.47834e+00	1.68391e+00	4.52154e+00
5.65850e+00	-1.97185e+00	1.47959e+00	-4.66933e-01
9.20802e+00	-3.71383e+00	6.76398e+00	4.17318e+00
9.62426e+00	-4.75767e+00	2.50299e-01	-4.78045e+00
8.99944e+00	3.64291e+00	9.95790e+00	-1.73927e+00
6.54576e+00	-1.37218e+00	3.83535e-02	-3.92635e+00
6.76886e+00	-8.51797e-01	9.96386e+00	-2.64438e+00
7.82802e+00	-2.46096e+00	9.83450e+00	3.24855e+00
8.96627e+00	1.62457e+00	3.19195e-02	-4.03632e-01
8.40590e+00	-1.97225e+00	3.53220e-02	2.50679e-01
8.29506e+00	-4.31696e+00	9.22755e+00	-3.67410e+00
9.90459e+00	2.10010e-01	5.21808e+00	8.22193e-01
9.53903e+00	-3.63503e+00	2.02930e+00	3.61824e+00
8.07616e+00	-4.10864e+00	7.25411e+00	-3.06369e+00
8.48954e+00	-3.66275e+00	1.46791e+00	-1.44752e+00
7.40637e+00	-5.76358e-01	2.03341e+00	3.17121e+00
5.20225e+00	4.86968e+00	9.58844e+00	2.17856e+00
7.81429e+00	1.51216e+00	4.27779e+00	2.50635e+00
9.20706e+00	1.86086e+00	5.30729e+00	1.12521e+00
9.29799e+00	1.66659e+00	9.58765e+00	4.51466e+00
6.84368e+00	-1.79733e-01	9.25471e+00	2.32279e+00
7.31100e+00	-2.84567e+00	7.57265e+00	-4.46623e+00
9.71469e+00	4.70439e+00	5.02530e+00	4.72397e+00
5.50072e+00	-3.24324e+00	6.22147e+00	-1.62670e-01
9.58692e+00	2.47833e+00	8.59378e+00	3.07322e+00
7.73576e+00	7.69995e-01	7.37346e-01	3.69978e+00
9.74636e+00	5.32916e-01	3.89313e+00	-2.37049e+00
8.57895e+00	-4.85226e+00	4.36468e+00	-3.15274e-01
8.57974e+00	-2.35769e+00	6.95854e+00	1.83431e+00
7.02055e+00	-2.47137e+00	7.70683e+00	-4.53994e+00
9.87095e+00	-3.16424e+00	7.02315e-01	-3.34382e+00
8.96860e+00	1.69161e+00	5.10123e+00	-8.29117e-01
4.33892e+00	-3.39892e+00	1.44620e+00	-3.05683e+00
7.63578e+00	2.44778e+00	5.06383e+00	-2.56039e-01
7.50941e+00	-2.32039e+00	2.21734e+00	-4.18545e+00
9.96200e+00	-1.92467e+00	3.39795e+00	3.28444e+00
7.46230e+00	-4.66063e+00	2.21791e+00	4.72010e-01
8.56358e+00	-1.08974e+00	2.59782e+00	-1.51370e+00
9.52403e+00	4.37884e+00	2.78232e+00	1.03682e+00
9.40795e+00	2.20140e+00	4.09615e+00	-3.04372e+00
9.35014e+00	-3.70090e+00	5.49900e+00	-6.65840e-01
8.23173e+00	7.77529e-01	5.55149e+00	1.89296e+00
9.50624e+00	6.40491e-01	1.07370e+00	-3.41661e+00
9.90345e+00	-2.29864e+00	1.71987e+00	6.16203e-02
9.74906e+00	-4.90931e-02	9.79510e+00	4.95422e+00
9.65667e+00	-7.29488e-02	6.23293e+00	-2.15135e+00
9.94766e+00	8.24540e-01	8.53305e+00	3.18719e+00
5.52088e+00	3.57945e+00	9.59045e+00	-2.48569e+00
9.26281e+00	1.74796e+00	4.92375e+00	-7.38962e-01
8.79484e+00	3.97536e-01	9.14235e+00	-2.55877e+00
8.43677e+00	2.14242e+00	6.72827e+00	1.05675e+00
8.12765e+00	2.28477e+00	9.42280e+00	4.33764e-01
5.99497e+00	3.80674e+00	1.75188e+00	5.17355e-01
9.14441e+00	2.74561e+00	9.12177e+00	-4.87326e+00
8.42405e+00	-4.49497e+00	7.62121e+00	-1.01787e+00
9.22775e+00	-2.18402e+00	2.92010e+00	4.19836e+00
8.72783e+00	1.45055e+00	6.91526e+00	1.02135e+00
8.65135e+00	4.30914e+00	6.94558e+00	6.20703e-01
8.29879e+00	-3.40354e+00	8.81043e+00	1.40929e+00
9.94527e+00	-1.20643e-01	5.15868e+00	2.62710e+00
5.62758e+00	1.56097e+00	4.43974e+00	1.93401e-01
5.63717e+00	-1.75183e+00	4.06320e+00	9.74093e-01
9.78244e+00	-4.89395e+00	8.46531e+00	-3.55871e-01
7.24068e+00	-1.56997e+00	9.58380e+00	3.44526e+00
9.94304e+00	-2.97894e+00	8.47324e+00	-4.90854e+00
9.77264e+00	-1.58877e+00	9.70137e+00	3.22617e+00
9.77895e+00	-4.97336e+00	2.93208e+00	2.11991e+00
9.51783e+00	2.49731e+00	2.84961e+00	2.58157e+00
9.03005e+00	2.46114e+00	6.06066e+00	-1.94518e-02
8.25671e+00	2.86464e+00	4.79018e+00	-4.32563e-01
9.69901e+00	-9.71108e-01	9.54759e+00	8.41303e-01
7.91298e+00	-2.45898e+00	7.10856e+00	3.65960e+00
8.11833e+00	2.49258e+00	1.50845e+00	-4.98651e+00
8.87055e+00	3.29676e+00	1.09484e+00	2.08282e+00
8.09396e+00	1.31895e+00	5.81804e+00	2.74632e+00
8.46535e+00	7.59377e-01	8.31152e+00	-1.25283e-01
8.81351e+00	-2.33465e+00	5.41295e+00	2.86652e+00
7.55889e+00	-1.51786e+00	8.69452e+00	4.77047e+00
9.70778e+00	-4.89376e+00	7.83774e+00	-3.19242e-01
9.78346e+00	-2.64939e+00	7.93057e+00	-6.35256e-01
9.42244e+00	-3.18482e+00	3.24248e+00	-3.84551e-01
8.55006e+00	1.01718e+00	8.04851e+00	8.28865e-01
6.93229e+00	-1.84260e+00	9.47586e+00	-1.23289e+00
7.79021e+00	2.89601e-01	5.86206e+00	-2.55717e+00
9.82948e+00	9.44691e-01	9.10129e-01	3.00098e+00
9.27106e+00	1.34280e+00	4.26918e+00	-4.42519e+00
9.16543e+00	2.52043e+00	7.71104e+00	4.48811e+00
7.29267e+00	6.09640e-01	9.22447e+00	-6.70491e-01
8.87054e+00	-1.33191e+00	1.52492e+00	2.02716e+00
9.15311e+00	-1.66007e+00	9.82794e+00	-3.30338e-01
9.82459e+00	4.99045e+00	5.43217e+00	9.16369e-01
9.77489e+00	-2.68241e+00	8.63168e+00	4.23821e+00
9.30109e+00	9.30201e-01	3.72299e+00	1.52258e+00
