# No. of particles = 100 
# Proton - Solar wind	Electron - Solar wind	
2.73148e-01	-3.24505e-02	3.06842e-01	-1.51442e-01
3.80565e-01	-2.70975e-01	1.98149e+00	-5.87185e-01
1.03789e+00	-1.55576e-01	7.75332e-01	1.26665e-01
7.41910e-01	4.92696e-01	2.12834e-01	9.19856e-01
4.82511e-03	-8.98890e-01	1.55225e+00	5.54811e-01
1.15454e-01	-8.59687e-01	8.25710e-01	5.04330e-01
3.26663e-01	-5.72706e-01	2.20828e-02	-9.73886e-01
7.77471e-01	2.88692e-01	1.23562e+00	-5.97463e-01
4.67716e-02	7.71051e-01	6.26445e-01	-5.97059e-01
6.10471e-01	7.80269e-01	1.35957e+00	-1.62607e-01
5.62570e-02	-9.99335e-01	2.45807e-01	-9.38469e-01
6.83928e-01	-1.30966e-01	4.38047e-01	-9.97945e-01
1.19443e+00	-2.47307e-01	1.26104e+00	-4.83290e-01
1.87083e-01	-6.68891e-01	5.51631e-01	-9.40271e-01
4.98079e-01	-9.13788e-01	1.55066e+00	-2.98267e-01
6.11740e-01	5.93584e-01	1.72167e-01	8.72778e-01
3.69175e-01	-8.88461e-01	8.78938e-01	9.48214e-01
5.82890e-02	-7.83258e-01	6.31954e-01	-2.77062e-01
2.82778e-01	-5.89304e-01	9.51489e-01	-5.69371e-01
3.94168e-01	-1.22468e-01	5.03658e-01	-3.59625e-01
7.57008e-01	2.46124e-01	1.73582e+00	-7.65907e-01
2.00145e-01	-3.71278e-01	2.42590e-02	-8.22853e-01
6.79241e-01	-5.83461e-01	1.24046e+00	7.86369e-01
2.81427e-01	4.50037e-01	1.98847e+00	-1.68060e-01
1.51969e+00	-3.19988e-01	1.28593e+00	5.94149e-01
1.25593e-01	-3.34703e-01	1.19197e-02	-8.21060e-01
3.72844e-01	4.56874e-01	1.86295e+00	5.45152e-01
1.46853e-01	-6.23028e-01	3.92573e-04	-9.71135e-01
5.79092e-01	-6.27247e-01	5.30423e-01	-8.81558e-02
9.73567e-01	3.46951e-02	6.93626e-01	-6.48953e-01
8.02191e-01	9.14048e-02	1.52310e+00	-6.85562e-01
3.02082e-01	-9.69213e-01	3.80925e-01	-8.65759e-01
6.04759e-02	-7.84044e-01	1.99221e+00	7.52503e-01
8.73620e-01	-7.41135e-01	6.91076e-01	-7.25172e-01
2.70213e-01	9.98391e-01	7.29705e-01	-4.58934e-01
2.29224e-01	-9.43788e-01	6.89116e-01	-7.35845e-01
1.48603e+00	-3.95480e-01	9.88639e-01	-4.23123e-01
3.88860e-01	-9.09848e-01	8.92812e-01	2.36681e-01
3.11621e-01	1.78102e-01	5.60972e-01	-4.59880e-01
1.76544e-01	5.62483e-01	4.97398e-01	-6.75881e-01
5.44552e-01	4.91810e-01	1.91210e+00	8.00903e-01
1.51663e+00	5.80820e-01	2.12474e-01	-9.38603e-01
1.04352e+00	8.03820e-01	3.00481e-01	7.45330e-02
2.37252e-01	-8.05560e-01	1.17833e+00	4.77695e-01
3.47046e-01	9.86506e-02	1.05586e+00	-7.37895e-02
3.87907e-01	-7.80745e-01	1.24123e-01	-8.50123e-01
1.61555e+00	1.80725e-01	1.72966e+00	8.19648e-01
5.45639e-01	4.86690e-03	2.53260e-01	2.46287e-01
1.02119e-02	-9.47165e-01	1.09243e+00	-5.53950e-01
4.72214e-02	6.13809e-01	9.25650e-01	-2.21170e-01
4.19642e-01	-8.00501e-01	4.95997e-01	-3.41017e-02
1.77217e+00	1.90186e-01	2.90334e-01	1.16160e-01
6.79118e-01	2.14608e-01	2.75551e-01	-8.51491e-01
8.38661e-01	4.98177e-01	9.13200e-01	-2.04448e-02
1.59340e+00	9.11522e-01	6.49113e-01	4.07626e-01
1.91178e+00	-4.23890e-01	7.43790e-02	-8.49397e-01
6.73131e-02	-8.03130e-01	1.11989e+00	8.62781e-01
1.35241e+00	-5.54464e-01	3.60807e-01	-1.95307e-01
6.34331e-01	3.68233e-01	1.39940e-01	-3.59425e-01
1.73637e+00	9.56068e-01	5.16986e-01	-9.55250e-02
6.77534e-01	5.64051e-01	1.46771e+00	-7.65847e-02
8.67120e-02	7.04479e-01	9.79623e-01	3.73039e-01
2.55224e-01	-6.04559e-01	3.01709e-01	7.46224e-01
6.78592e-01	-3.26815e-02	1.67100e+00	2.70335e-01
3.64012e-01	2.16673e-02	2.59620e-01	-2.64245e-01
4.24864e-01	-7.47668e-01	3.43482e-01	-5.52276e-01
9.77220e-01	4.93178e-01	7.76490e-02	-9.69369e-01
1.81610e-01	1.41226e-01	1.10740e+00	8.93967e-01
8.55109e-01	5.11663e-01	1.73573e-01	-8.32262e-01
8.01690e-01	2.01102e-01	1.51197e+00	-1.85955e-01
1.05297e+00	-6.13803e-01	1.65381e+00	3.39269e-01
1.64077e+00	3.66493e-01	1.20580e-02	-8.68659e-01
8.49229e-02	-8.61994e-01	1.65489e+00	8.69710e-01
1.81644e-01	-6.56171e-01	1.97009e+00	-8.62088e-01
5.37476e-01	-5.46634e-01	9.16426e-01	-8.07859e-01
9.44850e-01	-7.87292e-01	4.13119e-01	-9.05715e-01
1.37791e+00	6.86831e-01	6.39597e-01	-6.18680e-01
3.46192e-02	-9.99020e-01	1.74935e+00	8.60554e-02
1.38348e-01	-8.01320e-01	3.04816e-01	9.83088e-01
7.03690e-01	-1.86836e-01	1.83101e+00	1.07580e-01
1.97122e-01	5.92636e-02	5.46329e-02	9.52877e-01
1.34577e+00	3.86632e-01	3.76555e-02	-9.91653e-01
1.01280e+00	1.01978e-01	6.82139e-01	-2.87743e-01
8.71297e-02	-2.22343e-01	3.81922e-01	3.75319e-01
1.89953e-01	-6.63650e-01	3.25683e-01	-2.22746e-01
2.44908e-01	2.00680e-02	1.00334e+00	7.62814e-01
3.38048e-01	-4.83133e-01	1.26004e+00	7.64666e-01
9.15515e-01	-2.50442e-01	1.48915e+00	-3.85484e-02
1.70407e-01	-2.14595e-01	6.72936e-01	-5.69302e-01
8.10642e-01	7.94434e-01	5.16390e-01	-8.52592e-01
1.21309e-01	-7.04916e-01	1.39774e+00	-1.38830e-01
6.49665e-01	2.38456e-01	1.57360e+00	-7.13184e-01
5.65474e-01	9.60941e-02	8.60791e-03	-2.88292e-01
1.98710e-01	-7.97538e-01	1.08170e+00	1.09583e-01
5.34653e-01	-4.22113e-01	1.63245e+00	5.86920e-02
7.18762e-01	-3.46941e-01	3.01038e-01	-5.62883e-01
1.91885e+00	2.62943e-01	1.51238e+00	4.00490e-01
1.67113e-01	-6.57245e-01	1.97358e+00	3.55762e-01
1.58768e+00	6.09639e-01	5.07348e-01	3.35908e-02
1.87459e-01	-9.52149e-01	1.47811e-01	8.20616e-01
