# No. of particles = 100 
# Proton - Solar wind	Electron - Solar wind	
9.52391e+00	3.03778e+00	8.79846e+00	-2.62665e+00
1.14739e+00	2.76019e+00	5.97546e+00	-3.25526e+00
5.59578e-01	2.04070e+00	3.54416e+00	-8.26323e-01
3.96899e-01	4.23082e+00	1.86632e+00	-3.25091e+00
1.54822e-01	1.46568e+00	3.18554e+00	2.13820e+00
9.62457e+00	-3.68174e+00	1.99944e+00	-1.88658e+00
7.50728e+00	-1.33725e+00	6.04863e+00	2.51939e+00
9.80832e+00	2.40462e+00	2.61956e+00	3.19193e+00
5.81073e+00	3.84906e+00	8.62651e+00	-3.89435e+00
8.30022e+00	1.67507e+00	2.68146e-01	-3.82572e+00
9.52138e+00	-6.28289e-01	1.88552e+00	-4.54499e+00
6.97945e+00	2.53921e+00	4.77539e+00	4.94053e+00
8.65778e+00	2.67321e+00	8.84957e+00	4.99230e+00
9.12717e+00	3.90516e+00	4.74719e-02	-4.99498e+00
9.54597e+00	1.97304e+00	7.68181e+00	-3.80060e+00
7.20263e+00	-2.92470e+00	8.15700e+00	-4.44491e+00
4.35224e+00	-3.04966e+00	9.58896e+00	1.42291e+00
4.85202e+00	-2.09716e+00	7.17636e+00	-4.39938e+00
9.88547e+00	2.75901e+00	8.07176e+00	-2.03684e+00
8.72116e+00	-2.10107e+00	6.82032e+00	4.87706e+00
7.05560e+00	3.11943e+00	9.70147e+00	5.36585e-01
7.38677e+00	-4.08919e+00	6.03673e+00	3.44575e-01
8.03226e+00	9.58527e-01	5.08157e+00	-2.22966e-01
6.40715e+00	1.58637e+00	2.53262e+00	-3.44364e-01
8.14068e+00	-2.08553e+00	9.20815e+00	6.81575e-02
9.18933e+00	-8.91804e-01	4.63864e+00	-3.37771e+00
7.77566e+00	-3.68501e+00	7.17707e+00	4.63922e+00
8.37625e+00	-3.05894e+00	8.88630e+00	-2.91863e+00
8.91400e+00	-2.72898e+00	9.29143e-02	1.45473e-01
9.19778e+00	-1.75082e+00	4.71654e+00	-4.07463e+00
9.94763e+00	2.40630e+00	1.15467e+00	7.70925e-01
9.37528e+00	-1.43767e+00	9.58414e+00	4.16983e-01
7.08633e+00	-2.28640e+00	2.49952e+00	4.43632e+00
9.63374e+00	-4.45151e+00	5.93391e+00	-2.77568e+00
8.08294e+00	4.60779e+00	5.81078e-01	-1.30644e+00
9.98977e+00	-2.41406e+00	6.44990e+00	2.74256e+00
7.70952e+00	3.46013e+00	3.41000e+00	-2.18888e+00
7.70630e+00	-2.34546e+00	9.86324e+00	-2.12055e+00
6.34953e+00	-1.38200e+00	1.51285e-01	1.86405e+00
5.85033e+00	1.48973e+00	8.98979e+00	-2.48851e+00
9.53731e+00	4.81162e+00	5.05707e+00	2.74196e+00
7.82826e+00	-2.37259e-01	6.22474e-01	-6.30427e-02
9.84165e+00	-9.25571e-01	8.48184e+00	-8.39034e-01
9.22394e+00	3.64500e+00	1.55883e+00	4.84076e+00
4.77073e+00	3.42315e+00	7.03496e+00	-8.34591e-01
9.99335e+00	-2.44043e+00	2.38114e+00	2.85256e+00
8.67153e+00	2.23379e+00	9.44853e+00	-1.22499e+00
9.13292e+00	1.93534e+00	8.43701e+00	1.00310e-01
9.10812e+00	2.79372e+00	2.97508e+00	2.10918e+00
8.02376e+00	-3.75412e+00	6.45645e-01	3.20079e-01
9.82518e+00	4.23266e+00	3.25083e+00	-2.54340e+00
8.46917e+00	6.91353e-01	2.85831e+00	-4.43579e+00
3.78142e+00	-1.12137e+00	6.71111e+00	-1.36001e+00
9.65194e+00	3.51292e+00	8.35614e+00	2.74212e+00
9.44379e+00	-4.17871e+00	9.65964e+00	2.66421e+00
9.31744e+00	-1.64553e+00	1.24099e+00	2.44967e+00
8.88212e+00	-3.21620e+00	5.51217e+00	-2.55567e+00
7.83712e+00	-4.34829e-01	8.72571e+00	1.33118e+00
8.97392e+00	2.53164e+00	8.30803e+00	2.50005e+00
9.57313e+00	9.42175e-01	3.42238e+00	2.13713e+00
9.46484e+00	1.87969e+00	6.42594e+00	3.59904e+00
9.34423e+00	3.93200e+00	4.08719e+00	-1.70595e+00
9.47265e+00	1.03366e+00	2.97397e+00	-4.34398e+00
9.52274e+00	-2.48124e+00	7.39283e+00	1.14180e+00
8.84107e+00	3.99405e+00	5.52249e+00	-4.26421e+00
8.57719e+00	4.72620e+00	6.30488e+00	3.99049e+00
9.34477e+00	3.80142e+00	8.31939e+00	3.87429e+00
8.78348e+00	3.24391e-01	2.09630e+00	-3.66984e+00
9.62581e+00	-3.62265e+00	6.44655e+00	-2.20366e+00
7.61653e+00	4.78683e+00	7.99347e+00	3.97903e+00
8.88981e+00	-1.66132e+00	8.21091e+00	1.68644e+00
4.27786e+00	-2.64529e+00	2.61003e+00	6.45794e-01
6.86393e+00	2.30764e-01	1.69053e+00	9.68438e-01
9.19483e+00	4.84330e+00	3.17957e+00	4.03602e+00
7.78346e+00	6.07108e-01	5.71517e+00	-2.93761e+00
9.79207e+00	8.75297e-01	4.25867e+00	-4.39059e+00
8.22557e+00	-3.59896e+00	9.65790e+00	1.22135e+00
7.65963e+00	-3.92350e-01	5.49626e+00	-3.08063e-01
7.16753e+00	-2.12620e+00	5.65716e+00	9.80862e-02
9.65651e+00	3.22062e-01	6.50838e+00	-4.20004e+00
9.99741e+00	-2.28192e+00	9.45999e+00	-4.54742e-01
8.93009e+00	-2.37482e+00	9.01213e+00	2.41100e+00
9.00915e+00	1.48215e+00	7.30718e+00	-2.97520e+00
7.40998e+00	2.45366e+00	7.81115e+00	3.20588e+00
9.75692e+00	1.21625e+00	1.58569e+00	1.95118e+00
9.19724e+00	1.75497e+00	6.21777e+00	3.48594e-01
9.35998e+00	2.16710e+00	4.40443e+00	2.69191e+00
7.95891e+00	-4.12568e+00	9.13655e+00	-1.81215e+00
9.63813e+00	-9.35593e-01	7.68674e+00	-3.58127e+00
8.78351e+00	2.38477e+00	9.88195e+00	4.33931e+00
9.51257e+00	4.86022e+00	8.91771e+00	-1.59731e+00
9.71024e+00	-2.14704e+00	9.32650e+00	-1.39584e+00
8.39255e+00	-2.86986e+00	6.44513e+00	-3.87042e+00
9.44506e+00	1.15761e+00	7.58230e+00	-8.35082e-01
8.79415e+00	-2.51684e+00	8.71560e+00	-2.03631e+00
5.89213e+00	3.34866e+00	7.37600e+00	-1.22102e+00
8.03513e+00	2.86101e+00	5.18361e+00	-7.77145e-01
9.25485e+00	-1.35845e+00	6.09656e+00	4.53910e+00
9.57984e+00	-2.75253e+00	9.33719e+00	-1.84222e+00
8.62614e+00	-2.57206e+00	6.61978e+00	-3.60739e+00
