# No. of particles = 100 
# Proton - Solar wind	Electron - Solar wind	
9.02278e+00	-2.66695e+00	2.59845e+00	-2.35565e+00
1.18826e+00	1.12449e+00	4.94098e-01	-3.47694e+00
9.29359e-01	-3.03155e-02	6.21187e+00	-3.20001e+00
7.31766e-01	4.46313e+00	1.48854e+00	1.03645e-01
2.29080e-01	-1.26754e+00	7.07553e-01	-8.54606e-01
6.46656e+00	4.40923e+00	2.07560e+00	-9.67285e-01
7.76758e+00	2.87399e+00	2.89886e-01	-8.70832e-01
9.63504e+00	2.97755e+00	3.67813e+00	-4.18539e+00
8.01665e+00	-2.87137e+00	1.42559e+00	-2.91431e+00
4.80381e+00	-2.82890e+00	3.68146e+00	4.87559e+00
5.40114e+00	-2.20730e+00	5.38038e-01	2.41908e+00
9.59688e+00	-2.90451e+00	1.74219e+00	-4.99107e+00
7.46414e+00	2.90650e+00	4.53110e-02	3.38322e+00
8.22367e+00	-4.06547e+00	1.07134e-01	4.91986e+00
8.94290e+00	1.47742e+00	5.56187e+00	-1.84574e-01
7.13287e+00	2.08864e+00	2.65020e+00	2.14079e-01
9.06303e+00	-2.28597e+00	4.04800e+00	-4.38794e+00
8.65821e+00	-3.74343e+00	9.96107e+00	-3.18338e+00
9.32663e+00	-3.08263e+00	4.07644e+00	-4.22803e+00
9.92501e+00	-2.73555e+00	8.19844e-02	1.13152e+00
7.89080e+00	-2.21955e+00	6.15714e+00	-3.72029e+00
8.58842e+00	3.93292e+00	7.23668e+00	2.61802e+00
8.58478e+00	-2.52678e+00	3.82811e+00	-3.05280e+00
7.07351e+00	-1.55373e+00	9.34894e+00	-3.40808e+00
6.51727e+00	1.37048e+00	5.53070e+00	3.69273e+00
8.72211e+00	-7.07750e-02	6.08617e-01	-6.84916e-01
5.31552e+00	3.29878e+00	9.48967e+00	-3.27820e-01
9.66311e+00	1.92649e+00	7.45443e+00	-1.55295e+00
8.94362e+00	-3.97974e+00	1.44123e+00	2.87969e+00
9.44119e+00	7.61456e-01	8.96356e+00	7.31408e-01
4.21595e+00	-1.00733e+00	2.49778e+00	2.99463e+00
9.90371e+00	-3.43779e+00	5.07255e-01	-2.63426e-01
8.73878e+00	-8.95092e-01	3.65655e+00	-2.35913e+00
9.86014e+00	4.20471e+00	7.24843e+00	-2.15474e+00
9.56633e+00	4.86802e+00	8.60205e+00	3.71386e+00
9.42932e+00	9.39071e-01	1.39691e+00	2.72279e+00
9.91633e+00	-1.72577e+00	6.20497e+00	-2.61852e+00
4.77233e+00	-2.90274e+00	9.47757e+00	8.69995e-01
7.65678e+00	-5.83405e-02	8.13099e+00	2.18558e+00
8.68402e+00	3.31485e-01	3.85404e+00	1.95661e+00
9.09137e+00	-3.43669e+00	7.23860e+00	3.78678e+00
8.17028e+00	1.41838e-01	3.33916e+00	-2.54386e+00
7.99850e+00	-2.11086e+00	8.33444e+00	1.19002e+00
9.96744e+00	-2.45846e+00	6.22625e+00	-4.46974e+00
8.27074e+00	2.27859e+00	7.10973e+00	4.45791e+00
8.88638e+00	-4.11938e+00	1.44093e+00	-4.77907e+00
9.80629e+00	2.17288e+00	6.25092e+00	-3.12754e+00
9.37079e+00	-2.70489e+00	9.01981e+00	4.65881e+00
9.81977e+00	-2.81010e+00	3.63634e+00	-4.07159e+00
6.58014e+00	3.71185e+00	9.26667e+00	1.59355e+00
8.97333e+00	2.69965e+00	8.09188e+00	-1.55739e+00
9.63614e+00	-2.31421e+00	1.74893e+00	8.44699e-02
9.92516e+00	8.26509e-01	1.60104e+00	1.73986e+00
7.29374e+00	1.20119e+00	2.29557e+00	4.49071e+00
7.40975e+00	3.48340e+00	6.46177e+00	-2.76798e+00
5.82892e+00	-2.52446e+00	4.81577e+00	-4.55241e+00
9.82500e+00	-1.38022e+00	3.29000e+00	1.03841e+00
8.23268e+00	-7.82467e-01	7.56521e+00	-3.84218e+00
9.01727e+00	1.08108e-01	5.48564e+00	-1.00562e+00
6.70233e+00	-1.75387e+00	5.08393e+00	-1.30798e-01
9.42241e+00	1.53679e-01	2.94781e+00	-2.51130e+00
9.54040e+00	-4.35168e+00	7.36894e+00	-4.28280e+00
8.74327e+00	3.88414e+00	7.77845e+00	3.69461e+00
9.41156e+00	3.79971e+00	9.67131e+00	3.40279e+00
9.46897e+00	-4.00325e+00	6.94389e+00	-2.84750e+00
9.11391e+00	-6.61692e-01	8.86745e+00	3.94990e+00
8.46222e+00	1.93663e+00	6.17985e-01	2.89474e+00
7.80214e+00	2.48903e+00	7.52308e+00	-8.44330e-01
9.75908e+00	2.40004e+00	6.65837e+00	1.07834e+00
3.43753e+00	-3.25716e-01	9.79891e+00	4.65943e+00
9.23332e+00	2.15369e+00	8.82265e+00	1.02982e+00
8.68006e+00	-1.99627e+00	9.27457e+00	1.90560e+00
8.64407e+00	-4.91800e+00	9.74573e+00	-3.51085e+00
6.20248e+00	2.08025e+00	8.63794e+00	-1.06517e+00
8.75042e+00	3.52857e+00	9.93553e+00	-2.02767e+00
6.96904e+00	-4.44259e+00	5.91250e+00	-1.01309e+00
8.37783e+00	2.37654e+00	8.41395e+00	1.59888e+00
9.22951e+00	-3.01657e+00	9.75232e+00	4.89341e+00
8.79223e+00	-4.45848e-01	9.75612e+00	-7.92024e-01
7.54636e+00	2.01008e+00	3.56268e+00	-2.65481e+00
9.39062e+00	-1.79969e+00	8.07626e+00	9.85300e-01
7.56804e+00	3.12591e+00	8.55085e+00	-4.65829e+00
7.52700e+00	1.13498e+00	3.13923e+00	7.75073e-01
9.47430e+00	-1.36045e+00	8.03905e+00	-2.31671e+00
9.43829e+00	-4.63311e+00	4.05988e+00	2.67905e+00
9.24247e+00	2.74881e+00	9.24241e+00	5.67041e-01
8.56604e+00	-3.26451e+00	2.79066e+00	1.64175e+00
9.35305e+00	-1.66748e+00	9.05368e+00	-5.66684e-01
8.21925e+00	-5.36894e-01	7.15015e+00	3.58802e+00
8.02588e+00	2.34009e+00	6.71086e+00	-2.50253e+00
8.24531e+00	-1.66247e+00	1.82426e+00	1.57828e+00
6.65644e+00	2.96862e+00	8.81519e+00	-2.51445e+00
9.49477e+00	2.04937e-01	8.13218e+00	-1.85681e+00
8.03767e+00	2.15681e+00	4.85733e+00	4.92738e-01
9.43385e+00	-3.93528e+00	8.50588e+00	-1.31289e+00
9.90431e+00	4.57027e-01	7.09381e+00	4.37537e+00
6.20496e+00	-1.93482e+00	9.42550e+00	-3.51557e+00
9.01144e+00	2.20210e+00	8.33784e+00	2.44711e+00
9.12341e+00	4.03816e+00	9.59057e+00	-3.65619e+00
9.17444e+00	-7.81476e-01	8.68599e+00	-8.47733e-01
