# No. of particles = 100 
# Proton - Solar wind	Electron - Solar wind	
2.41145e+00	-5.30510e-01	7.84200e-01	-1.38101e-01
4.63096e-01	-2.27367e+00	1.31385e+00	-6.00038e-01
4.23279e-01	-2.45968e+00	1.30472e+00	-1.10232e+00
2.08239e+00	-2.43721e+00	1.54632e+00	3.74733e-01
1.00402e-02	-2.35912e+00	1.61962e+00	-2.04416e+00
4.45422e-02	-2.45467e+00	3.38869e-01	-2.43876e+00
5.48854e-01	-2.42065e+00	1.15803e+00	3.02890e-01
1.10599e+00	-1.97510e+00	2.32948e+00	-9.55075e-01
1.35129e+00	-2.41983e+00	7.13836e-02	-2.44754e+00
1.91929e-01	-2.29895e+00	1.85862e+00	-7.73908e-01
2.47110e+00	-2.06185e+00	2.31191e+00	-1.35994e-01
1.91171e+00	-1.68762e+00	5.61440e-01	-1.91757e+00
3.72548e-01	-2.47250e+00	6.41617e-01	-2.41464e+00
2.16084e+00	-2.05451e+00	3.65753e-02	-2.14651e+00
8.00988e-01	-2.30928e+00	1.80826e+00	-2.02258e+00
1.65620e-01	-9.26821e-01	1.86980e+00	-1.08473e-01
5.27618e-01	-1.70727e+00	6.75197e-01	-1.47322e+00
2.57543e-01	-2.26856e+00	1.58634e+00	7.19312e-01
1.83154e+00	-1.52807e+00	1.48058e+00	-5.00914e-01
8.24402e-01	-2.26272e+00	7.02877e-01	-1.15059e+00
4.99858e-01	-2.41590e+00	8.25315e-01	-7.38488e-01
3.10995e-01	-2.44885e+00	1.58006e+00	-1.06016e+00
1.65050e+00	-2.37277e-01	4.51350e-01	-2.27035e+00
3.50228e-01	-6.56834e-01	1.97846e+00	-1.45202e+00
2.66965e-01	-2.42107e+00	2.37252e+00	-1.94674e-01
6.18764e-01	-2.13325e+00	2.65226e-01	-5.04561e-01
9.62944e-01	-2.49307e+00	8.73221e-01	-1.43758e+00
3.69604e-01	-1.22263e+00	3.15623e-01	1.94130e+00
8.98439e-01	-2.01256e+00	7.85185e-01	-2.22180e+00
4.28028e-01	5.78717e-01	1.77234e+00	-6.89117e-01
2.36200e+00	-1.39561e+00	2.36620e+00	9.88833e-01
4.18269e-01	-1.04353e+00	3.13914e-01	-2.32209e+00
5.39880e-01	-2.19596e+00	1.76637e-01	-7.76955e-01
1.31739e-01	-2.30693e+00	2.29769e+00	8.70614e-01
8.12900e-01	-2.48700e+00	1.54400e+00	-6.89719e-01
3.39248e-01	2.55020e-01	1.42045e+00	2.52217e-01
5.19661e-01	-2.08762e+00	4.44085e-01	1.40178e+00
2.66644e-01	-1.10358e-01	7.94567e-02	-2.44700e+00
4.35150e-01	6.28789e-01	2.62340e-01	-1.93542e+00
4.86762e-01	-2.34999e+00	9.92664e-01	1.22026e+00
7.78657e-01	-2.34802e+00	8.55305e-01	-2.01422e+00
1.68495e-01	-1.74011e-01	1.58909e+00	-2.40071e+00
2.26975e-01	-2.40994e+00	2.62962e-01	-2.08765e+00
8.99396e-01	3.37871e-01	3.24823e-01	-3.08167e-01
2.36759e-01	-2.42515e+00	4.75310e-01	-2.28932e+00
7.42840e-01	-2.31715e+00	1.52936e+00	-2.27280e-01
6.10887e-01	7.62936e-01	1.20751e+00	-1.77551e+00
2.44569e+00	-2.00164e+00	2.27193e+00	-1.19046e+00
4.24770e-01	1.43361e+00	1.90135e+00	-1.86950e+00
1.88419e-01	-2.31988e+00	2.34692e+00	-4.21072e-02
8.49416e-01	-2.04499e+00	4.81578e-01	-2.38448e+00
1.32423e+00	-2.42839e+00	1.46867e+00	-8.44387e-01
7.89782e-02	-2.41331e+00	2.28407e-01	1.56107e+00
1.37721e+00	-2.20822e+00	6.97057e-01	5.78393e-02
3.35973e-01	-6.04000e-01	1.11519e+00	-2.12008e+00
1.33718e+00	3.96970e-01	9.83721e-01	1.61404e+00
1.27824e+00	4.30642e-01	8.98884e-02	7.99691e-01
3.99614e-01	-2.37714e+00	1.30394e+00	-2.01528e+00
4.78951e-01	-1.08718e+00	3.20838e-01	-1.36795e+00
1.32671e+00	-3.71771e-01	6.55874e-01	-1.90574e+00
2.16033e+00	4.15427e-01	4.11554e-01	-2.40070e+00
5.64095e-01	-1.43658e+00	2.18238e+00	7.95142e-01
2.37428e-01	8.61941e-01	1.23401e+00	-2.47876e+00
5.48336e-01	1.67100e-01	1.62856e+00	4.72201e-01
2.23220e+00	5.06918e-02	1.64828e+00	3.05942e-01
8.91941e-01	-2.11174e+00	5.73122e-01	-2.34345e+00
1.28343e+00	-3.24325e-01	2.33924e-02	-2.40681e+00
8.61103e-01	-1.94135e+00	9.31888e-01	-1.50678e+00
2.63806e-01	-2.49252e+00	1.23057e+00	-2.86179e-01
3.37222e-01	-3.53637e-01	1.98728e+00	-1.84553e+00
1.51425e+00	-2.46520e+00	1.56173e+00	-9.20842e-01
2.32138e+00	2.00858e+00	8.20730e-01	-2.25149e+00
3.84351e-01	-9.37063e-01	2.49646e+00	1.54819e+00
4.36401e-01	-2.26208e+00	8.68073e-01	-1.50574e+00
9.58528e-01	-2.73003e-01	4.71436e-01	4.71496e-01
5.07575e-01	1.03772e-01	9.43634e-01	1.57070e-01
9.86451e-01	-7.50770e-02	2.00518e+00	-7.93673e-01
1.22862e+00	-2.26696e+00	2.07012e+00	-1.63053e+00
4.41658e-01	1.10664e+00	1.81595e-01	1.54063e-01
7.04588e-01	1.30445e+00	8.79781e-01	2.01951e+00
4.25783e-01	3.53172e-01	9.96333e-01	-1.16685e+00
2.10841e+00	9.97066e-01	1.33052e+00	-1.51012e+00
1.30133e+00	-2.72033e-01	8.03897e-01	-1.84365e+00
1.56273e+00	-3.54562e-02	9.39473e-01	-1.45685e+00
3.68248e-01	4.63194e-01	3.30490e-01	-2.45223e+00
5.08731e-01	8.05650e-01	1.20725e+00	-2.04168e+00
7.36426e-01	5.25615e-01	1.75414e+00	-1.64767e+00
5.11576e-01	-2.24202e+00	2.40543e+00	-1.56068e-01
3.92610e-01	2.83584e-01	4.91113e-01	-2.15522e+00
1.17603e+00	5.03426e-01	4.07826e-01	1.38725e+00
1.81000e-01	-1.88139e-02	7.86331e-01	-2.48802e+00
2.03268e+00	6.97476e-01	1.25625e+00	-1.14332e+00
2.46767e+00	1.00308e+00	4.93181e-01	1.97619e+00
7.03943e-01	-2.11641e+00	1.53015e+00	-1.96499e+00
5.67540e-01	1.64603e+00	2.81428e-01	1.23287e+00
5.14355e-01	1.31855e+00	7.58046e-02	-2.40925e+00
9.51996e-01	9.73214e-01	2.58611e-01	7.66913e-01
1.50104e+00	-2.10454e+00	5.27086e-01	-2.01625e+00
2.84855e-01	-2.44735e+00	1.65103e+00	7.60783e-02
1.85142e-01	9.73275e-01	1.24828e+00	-2.71728e-01
