# No. of particles = 100 
# Proton - Solar wind	Electron - Solar wind	
1.03818e+00	2.63438e+00	6.55634e+00	-3.48661e-01
4.66095e-01	4.43713e-01	5.97520e+00	-3.15674e+00
6.35110e+00	4.91566e+00	5.29792e+00	-3.53996e+00
2.00690e-01	-2.31486e+00	6.01715e+00	3.23777e+00
1.31372e-01	9.60000e-01	3.66667e-01	-4.25301e+00
1.24379e-01	1.58609e+00	8.33837e+00	-4.93708e+00
1.00178e-01	2.03485e+00	9.89341e+00	3.86875e+00
7.86561e-02	-3.06405e+00	1.55413e+00	-2.73098e+00
5.04352e-02	-1.03047e+00	4.76283e+00	-2.58072e+00
7.72403e+00	-2.66704e+00	1.71207e+00	-2.29159e-01
8.43651e+00	-1.02932e+00	7.03989e+00	1.54341e+00
8.93460e+00	-6.26819e-01	1.88367e+00	7.37274e-01
9.30894e+00	-1.30681e-01	8.35782e+00	-3.99931e+00
9.48181e+00	-1.47573e+00	4.77802e+00	1.13320e+00
8.91493e+00	2.20778e+00	5.10456e+00	-2.82064e+00
7.82845e+00	-3.21075e+00	5.53841e+00	-1.86110e+00
9.21692e+00	3.93497e+00	6.97724e+00	4.58981e-01
9.49577e+00	-3.59621e+00	7.85008e+00	4.60734e+00
7.83042e+00	1.45916e+00	1.37805e+00	3.33910e+00
5.35061e+00	-2.19019e+00	6.20787e+00	2.33583e+00
9.04423e+00	3.08799e+00	8.84833e+00	2.25848e+00
7.54602e+00	-1.01349e+00	5.30650e+00	-9.98342e-01
7.67904e+00	3.29857e+00	2.71001e-02	-4.93948e+00
9.83742e+00	-3.82166e+00	9.82770e+00	1.24186e+00
8.61369e+00	1.65061e+00	2.02689e+00	7.35528e-01
8.32120e+00	4.40610e+00	7.50995e+00	-3.59264e+00
9.58807e+00	2.04639e+00	8.33523e+00	-1.29202e+00
9.03179e+00	5.02324e-01	9.29452e+00	-4.53514e+00
9.83619e+00	3.25665e-01	9.94977e+00	-3.34281e+00
8.39252e+00	7.94741e-01	6.93237e+00	4.52499e+00
5.50513e+00	-3.88591e+00	8.53539e+00	4.23758e-01
8.64453e+00	-3.19281e+00	9.42083e+00	1.03367e-01
6.40727e+00	-3.15049e+00	9.21583e+00	-2.36621e+00
6.38423e+00	-6.20570e-01	1.67974e+00	-3.76036e+00
8.34587e+00	-2.00740e+00	9.92018e+00	-2.59047e+00
9.31677e+00	3.31841e+00	7.92887e+00	2.46783e+00
9.68935e+00	-1.28602e+00	4.41074e+00	1.76509e+00
9.19889e+00	2.56424e-01	9.92108e+00	1.94860e+00
7.10884e+00	-3.07887e+00	5.65545e+00	-1.58355e+00
8.91948e+00	-1.82968e-01	7.40624e+00	4.95246e+00
8.92652e+00	2.11192e+00	5.98608e+00	2.86490e+00
8.52391e+00	2.11317e+00	8.85188e+00	-4.47386e+00
9.90442e+00	-1.65151e+00	4.05906e+00	4.51973e+00
9.92007e+00	3.31730e+00	5.22075e+00	-3.72741e+00
7.90029e+00	-1.37843e+00	9.60823e+00	1.52209e-01
5.86360e+00	1.76902e-01	3.34360e+00	2.82374e+00
8.45508e+00	2.24288e+00	9.68168e+00	2.56619e+00
8.32909e+00	1.92571e+00	8.27167e+00	-3.86734e+00
7.56611e+00	1.08183e+00	8.02572e+00	-2.14679e+00
6.13514e+00	-1.75766e+00	8.61482e+00	-4.54689e+00
7.86316e+00	1.70549e+00	5.38954e+00	4.54242e+00
9.77615e+00	-4.43855e+00	6.82355e+00	3.77519e-02
9.11476e+00	-2.94997e+00	7.04945e+00	2.40775e+00
9.51109e+00	3.33218e+00	1.02990e+00	-4.99608e+00
8.44964e+00	3.50623e-01	9.20238e+00	8.84587e-01
6.92924e+00	-4.49784e-01	1.09219e+00	-8.27789e-01
9.39894e+00	2.53320e+00	2.54006e+00	-2.68958e-01
9.54097e+00	-4.28973e+00	6.38849e+00	2.89249e+00
7.26261e+00	-3.76600e+00	7.12695e+00	-1.18558e+00
9.57403e+00	3.80837e+00	8.86462e+00	-4.93725e+00
9.50565e+00	3.93216e-01	7.61114e+00	1.00037e+00
8.07708e+00	1.95410e+00	6.00242e+00	-3.67016e+00
7.29458e+00	-5.48427e-01	7.11111e+00	6.17221e-01
9.59491e+00	-2.17021e+00	8.13645e+00	1.31433e+00
6.66730e+00	-4.48721e+00	8.27926e-01	-2.67394e+00
8.31346e+00	4.30960e-01	6.34407e+00	-3.87651e+00
6.02717e+00	-4.88549e-01	2.99066e-02	4.45963e+00
6.33637e+00	-1.99000e+00	5.41987e+00	-2.59582e+00
9.75317e+00	-1.44402e+00	2.05346e+00	-4.65271e+00
8.21675e+00	-6.94213e-01	5.22951e+00	-3.51636e+00
6.92616e+00	-3.39000e+00	8.41171e+00	-3.54561e+00
9.49064e+00	4.77825e+00	2.72139e+00	2.33416e-01
8.59242e+00	-3.20715e-01	3.00531e+00	4.11099e+00
5.27395e+00	9.30281e-01	6.92378e+00	-1.13526e+00
7.05288e+00	2.00214e+00	8.42358e+00	3.39887e+00
7.95490e+00	1.29294e+00	7.77632e+00	-3.62151e+00
6.90463e+00	2.87983e+00	3.64301e-01	8.00071e-01
9.27544e+00	-3.71395e+00	5.19150e+00	1.80771e+00
8.69423e+00	-5.46289e-01	5.22420e+00	-1.17011e+00
6.67059e+00	-3.95778e+00	5.68439e+00	1.55316e+00
9.30033e+00	1.80001e+00	7.93772e+00	-1.36017e+00
8.60222e+00	-2.64003e+00	4.78790e+00	-5.09127e-01
8.93668e+00	-1.99085e+00	8.05709e+00	-3.54510e+00
8.67263e+00	3.76397e+00	3.55050e+00	-2.79070e+00
9.79564e+00	-3.89609e+00	6.25138e+00	-4.53733e+00
8.38762e+00	-4.99519e-01	4.41776e+00	4.97210e+00
6.04076e+00	-1.47242e+00	8.49098e+00	4.29125e-01
7.64274e+00	-7.17945e-01	8.09229e+00	-2.13602e+00
9.39136e+00	-1.05513e+00	3.07537e+00	3.22812e+00
9.84553e+00	-4.44040e-01	5.52661e+00	-4.26570e+00
8.62357e+00	-2.70705e+00	7.05429e+00	2.99012e+00
8.82041e+00	-5.42893e-01	3.29475e+00	4.61174e+00
7.96488e+00	4.09152e+00	3.00143e+00	3.21380e+00
9.64819e+00	-4.90331e+00	9.04828e-01	-3.39817e+00
6.65918e+00	3.41513e-01	3.31620e+00	-2.03440e+00
9.91679e+00	3.59364e-01	9.66500e+00	2.77244e+00
8.14763e+00	-2.81227e+00	3.73042e+00	-4.87087e+00
5.36863e+00	-2.03635e+00	1.06926e+00	-2.89945e+00
8.71309e+00	1.37900e+00	3.58093e+00	4.66000e-01
9.69439e+00	1.88967e+00	6.05244e+00	-2.84633e+00
