# No. of particles = 100 
# Proton - Solar wind	Electron - Solar wind	
3.70905e-01	-2.25843e+00	2.26819e+00	-2.26316e+00
2.12361e+00	-2.35312e+00	4.88738e-01	3.42934e-01
1.19821e+00	-2.22760e+00	2.07308e+00	1.37845e+00
2.15495e+00	-1.45653e+00	3.61534e-01	-2.05902e+00
1.11969e+00	-2.17703e+00	1.85867e+00	7.58299e-01
8.37250e-01	-2.39105e+00	2.43412e+00	-4.61049e-01
9.54685e-01	-1.87367e+00	1.70871e+00	-2.28841e-01
1.15157e-01	-2.27745e+00	2.27066e+00	2.03752e+00
3.94621e-02	-2.21286e+00	8.26540e-02	-2.33392e+00
1.05224e+00	-2.38718e+00	2.90212e-01	-2.37767e+00
2.18283e+00	-2.14055e+00	1.78801e+00	9.76697e-01
3.88774e-01	-2.42950e+00	1.86623e+00	-1.70726e+00
2.04177e+00	-1.99902e+00	2.02013e+00	-1.56411e+00
1.59411e+00	-2.20483e+00	2.15334e+00	-2.34821e+00
1.74430e+00	-2.28856e+00	5.29376e-01	-7.46183e-01
4.72686e-01	-1.95925e+00	2.46987e+00	-1.65013e+00
9.01550e-01	-2.40097e+00	2.55710e-01	-2.32913e+00
2.06436e+00	-2.49252e-01	1.58071e+00	1.46028e+00
4.84610e-01	-2.37290e+00	7.44356e-02	-1.83087e+00
1.00141e+00	-2.25735e+00	7.15911e-01	-2.06708e+00
2.12734e+00	-1.07378e+00	8.69734e-02	-2.32607e+00
3.76779e-01	-2.49068e+00	6.82143e-01	-7.64312e-01
1.60897e+00	-4.43292e-01	8.77162e-01	-1.88054e+00
1.18983e+00	-2.14251e+00	2.42613e+00	-5.53863e-01
1.87775e-02	-2.27905e+00	3.35244e-01	8.15507e-01
5.29588e-01	4.66887e-01	1.67068e+00	-5.67934e-01
1.93496e+00	-2.42560e+00	7.71253e-01	-2.18197e+00
1.29939e+00	-2.17308e+00	6.13627e-02	1.38601e+00
2.13263e+00	-2.19733e+00	8.84884e-01	-1.42426e+00
8.78401e-01	-2.28084e+00	6.66729e-01	2.41965e+00
8.94896e-01	-2.25946e+00	4.97398e-01	-5.74848e-01
8.56956e-01	-2.48452e+00	8.28408e-02	-2.40982e+00
2.69590e-02	-2.40257e-01	7.38757e-01	-2.02407e+00
1.22863e+00	-2.28126e+00	2.20479e+00	1.70053e+00
1.94796e+00	7.02092e-01	3.18898e-01	-2.39489e+00
2.49392e-01	-2.43670e+00	3.79408e-01	-2.47230e+00
2.36720e+00	-1.09437e+00	2.07447e+00	-1.97530e+00
1.18064e+00	3.13802e-03	1.31805e+00	-2.14368e+00
7.25819e-02	-2.38896e+00	5.62211e-01	-2.07414e+00
5.33316e-01	-2.43736e+00	2.14043e-01	7.32966e-02
1.79804e+00	-1.82470e+00	4.53375e-01	-1.79185e+00
2.23014e+00	-1.77082e+00	5.92210e-01	1.67811e+00
1.46112e+00	-1.88123e+00	1.70719e+00	-2.28061e+00
3.40094e-01	-2.49040e+00	6.72922e-01	-1.75348e+00
4.69192e-01	-2.28931e+00	1.75801e+00	1.57100e+00
2.16749e+00	-2.32906e+00	1.31276e-01	-2.45057e+00
9.92918e-01	-1.87977e+00	1.39056e+00	-1.64648e+00
1.34364e+00	-2.49181e+00	1.34976e-01	-2.18892e+00
3.76864e-01	-2.47491e+00	7.42335e-01	3.49407e-01
1.04127e+00	-1.62258e-01	7.03738e-01	-1.71082e+00
1.66655e+00	-8.94055e-01	1.22334e+00	2.01444e+00
1.06205e+00	-4.84974e-01	1.22134e+00	9.54079e-02
1.90441e+00	-1.05249e+00	4.74161e-01	9.79201e-01
1.20741e+00	2.91184e-01	1.51811e+00	-2.08008e+00
7.95774e-01	-1.51371e-01	1.51520e+00	1.42492e+00
1.54795e-01	-2.27301e+00	3.11619e-01	-2.06868e+00
5.75504e-01	-6.57246e-01	1.83035e+00	-1.98329e+00
3.43164e-02	-2.47124e+00	1.46802e+00	-1.17431e+00
1.16162e+00	-2.28105e+00	1.14276e+00	-2.36080e+00
5.81395e-02	2.59670e-01	1.52570e+00	-1.90480e+00
1.73417e+00	7.51382e-01	1.22314e+00	-1.99038e+00
8.83224e-01	-2.20509e+00	1.28202e+00	9.71569e-01
8.84419e-01	3.39491e-01	5.13450e-01	8.61759e-01
1.12646e+00	-2.32742e+00	5.95729e-01	-2.38599e+00
2.26701e+00	-8.09669e-01	1.90465e+00	-6.70681e-01
1.23365e+00	-3.33225e-01	2.84383e-01	-1.03970e+00
1.03745e+00	-2.47694e+00	8.60410e-02	1.70593e+00
6.30229e-01	-2.33042e+00	2.38116e+00	1.59464e+00
3.41938e-01	-2.18592e+00	2.49765e+00	1.36774e+00
2.12335e-01	-2.26293e+00	1.35139e-01	-2.19657e+00
1.94202e+00	-1.21782e+00	8.84858e-02	1.60448e+00
1.07522e+00	-2.21417e+00	1.66879e+00	-4.21464e-01
2.42127e+00	-1.48693e-01	1.24517e+00	-2.46884e+00
2.31712e+00	-2.43722e+00	3.08555e-01	1.38072e+00
2.29039e+00	-2.14706e+00	1.57432e+00	-8.39253e-01
1.82919e+00	3.78246e-01	1.11065e+00	-2.18437e+00
9.97480e-01	-2.30956e+00	1.59257e+00	-7.51774e-01
1.90170e+00	-2.39603e+00	4.62089e-01	-1.70560e+00
1.32398e+00	-2.23558e+00	7.46572e-01	2.29772e+00
1.90073e+00	4.03608e-01	8.49077e-01	2.50691e-01
1.97618e+00	-1.27195e+00	1.89887e+00	2.92931e-01
1.98665e-01	-2.21304e+00	1.37986e+00	1.31217e+00
1.59984e+00	-2.14953e+00	1.46750e+00	2.09968e+00
1.76198e+00	-2.28120e+00	4.54737e-01	2.39941e-01
9.95540e-01	-1.84252e+00	6.63304e-01	-1.19967e+00
6.57229e-01	4.01707e-01	1.16927e-01	-1.90534e+00
9.61675e-01	-2.06645e+00	2.39608e+00	4.72427e-01
4.46746e-02	-7.02550e-01	7.91425e-01	1.63992e-01
1.48923e+00	-5.56470e-01	2.19587e+00	1.21324e+00
1.81678e+00	-1.07573e+00	1.05924e-01	-2.22722e+00
2.32604e+00	-2.34169e+00	1.93997e+00	-5.95134e-01
1.17407e+00	-2.47321e+00	1.89544e+00	1.40318e+00
5.69454e-02	8.82177e-01	9.72102e-01	-2.96242e-01
2.00518e+00	4.96191e-01	7.55553e-01	2.96499e-01
8.59528e-01	7.66356e-01	1.07686e-01	-2.33478e+00
2.15660e+00	6.52151e-01	1.10164e+00	1.99717e+00
2.38854e+00	-1.06177e+00	9.13823e-01	4.47442e-01
1.61748e+00	-2.36991e+00	8.22855e-01	-2.24918e+00
1.16609e+00	-1.77473e+00	1.69131e+00	6.57629e-01
7.96403e-01	7.01816e-01	1.76145e-01	9.00287e-01
