# No. of particles = 100 
# Proton - Solar wind	Electron - Solar wind	
9.49606e+00	1.73740e+00	5.10497e+00	-3.49245e+00
1.27223e+00	3.10964e+00	7.59518e+00	-4.02302e+00
6.95630e+00	-4.88410e+00	4.03911e+00	-2.05701e+00
4.74926e-01	-1.97438e+00	8.37666e+00	-1.17729e+00
2.24362e-01	-1.08211e+00	5.46426e+00	1.78500e+00
9.57423e+00	2.00865e+00	8.91651e+00	-3.73893e-01
9.98685e+00	3.08712e+00	3.85290e+00	4.21910e+00
8.30969e+00	-2.85217e+00	5.73470e-01	2.66429e+00
4.96638e+00	-2.74943e+00	7.95033e+00	4.20424e+00
5.59883e+00	-2.24695e+00	3.40044e+00	-4.61692e+00
9.91213e+00	-3.19374e+00	9.44103e+00	4.83784e+00
7.61121e+00	2.82985e+00	6.90267e+00	4.95139e+00
8.52496e+00	-4.05692e+00	6.07864e-03	2.46027e+00
9.27073e+00	1.66422e+00	9.99304e+00	3.38582e+00
7.39412e+00	2.26945e+00	5.91044e+00	-1.94315e-01
9.39508e+00	-2.35813e+00	3.83537e+00	-4.75162e+00
8.97593e+00	-3.76446e+00	3.84601e+00	-4.28325e+00
9.66876e+00	-3.09116e+00	6.23750e+00	-4.06035e+00
8.18041e+00	-2.19549e+00	7.51992e+00	2.57319e+00
8.90483e+00	4.10313e+00	3.97864e+00	-3.36381e+00
8.90104e+00	-2.59206e+00	9.47824e+00	-3.73912e+00
7.33414e+00	-1.61555e+00	5.70121e+00	4.03500e+00
6.75737e+00	1.32755e+00	6.03629e-01	-9.08791e-01
9.04390e+00	-1.08406e-02	9.85249e+00	-1.43783e-01
5.51164e+00	3.25401e+00	7.60544e+00	-1.81156e+00
9.27477e+00	-4.06097e+00	1.10287e+00	2.88946e+00
9.79111e+00	7.86694e-01	9.15312e+00	9.58603e-01
4.37238e+00	-9.66281e-01	2.32595e+00	3.31339e+00
9.06337e+00	-1.06079e+00	4.57435e-01	-4.73488e-01
9.92242e+00	4.91907e+00	3.80261e+00	-2.29279e+00
9.66182e+00	1.16036e+00	7.44186e+00	-2.44084e+00
4.95034e+00	-2.99542e+00	8.69058e+00	4.06368e+00
7.94221e+00	-1.62418e-01	1.45304e+00	2.82111e+00
9.00823e+00	2.32260e-01	6.45437e+00	-2.64115e+00
9.40306e+00	-3.37828e+00	9.74824e+00	7.03966e-01
8.35412e+00	3.34146e-01	8.06726e+00	2.07237e+00
8.29765e+00	-2.10533e+00	4.00944e+00	1.89162e+00
8.58061e+00	2.21556e+00	7.53115e+00	3.85437e+00
9.22026e+00	-4.11711e+00	3.06987e+00	-2.84551e+00
9.72296e+00	-2.64550e+00	8.67342e+00	1.20738e+00
6.82782e+00	3.84259e+00	6.47961e+00	-4.54374e+00
9.31108e+00	2.64155e+00	7.39948e+00	4.62617e+00
9.99974e+00	-2.22139e+00	6.18050e+00	-3.46013e+00
7.56884e+00	1.27372e+00	9.38929e+00	4.90353e+00
7.68909e+00	3.63200e+00	3.77579e+00	-4.44343e+00
6.04872e+00	-2.63778e+00	9.64674e+00	1.56010e+00
8.54345e+00	-6.86370e-01	8.42420e+00	-1.44887e+00
9.35770e+00	9.96739e-02	1.43894e+00	-1.17607e-01
6.95527e+00	-1.91077e+00	1.56882e+00	2.01757e+00
9.77808e+00	6.10839e-02	1.97733e+00	4.65440e+00
9.90091e+00	-4.37076e+00	6.73054e+00	-2.70691e+00
9.07382e+00	3.99119e+00	5.01633e+00	-4.61066e+00
9.76753e+00	3.78738e+00	3.01030e+00	1.26795e+00
9.82770e+00	-4.02784e+00	7.49956e+00	-4.21156e+00
9.45921e+00	-7.87006e-01	5.48181e+00	-1.25675e+00
8.78313e+00	1.99616e+00	4.87757e+00	-2.13197e-01
8.09832e+00	2.49339e+00	3.07164e+00	-2.68610e+00
3.56818e+00	-4.22548e-01	7.67874e+00	-4.31260e+00
9.49048e+00	2.04552e+00	8.10802e+00	4.00404e+00
9.01025e+00	-1.91536e+00	9.90861e+00	3.75984e+00
8.97280e+00	-4.96949e+00	6.81311e+00	-2.80153e+00
6.43836e+00	2.16224e+00	9.24771e+00	4.21774e+00
9.08314e+00	3.65904e+00	2.69612e-01	3.23442e+00
7.23446e+00	-4.50707e+00	7.84815e+00	-9.70022e-01
8.69691e+00	2.41162e+00	6.81699e+00	1.34104e+00
9.58145e+00	-2.99899e+00	5.22374e+00	2.94376e+00
9.12752e+00	-4.33707e-01	9.20560e+00	1.25944e+00
7.83390e+00	1.95470e+00	9.67836e+00	1.88854e+00
9.72287e+00	-2.05877e+00	1.72131e+00	4.74276e-01
7.85683e+00	3.10218e+00	1.14704e+00	-3.75898e+00
7.81465e+00	1.21628e+00	6.54191e+00	2.07697e+00
9.79720e+00	-1.60344e+00	6.17491e+00	-1.09804e+00
9.79932e+00	-4.75354e+00	8.79091e+00	1.48298e+00
9.59580e+00	2.84070e+00	3.63942e+00	-2.54846e+00
8.89409e+00	-3.21082e+00	8.35831e+00	8.00851e-01
9.71106e+00	-1.59459e+00	5.90374e+00	4.16765e+00
8.53375e+00	-5.68461e-01	1.23165e+00	3.29995e+00
8.33311e+00	2.40245e+00	9.41026e+00	2.89129e+00
8.56104e+00	-1.78970e+00	9.49272e+00	-1.21154e+00
6.91133e+00	2.99027e+00	2.44943e+00	1.86491e+00
9.85906e+00	1.64078e-01	9.47442e+00	-8.31861e-01
8.34604e+00	2.06904e+00	7.49146e+00	3.66322e+00
9.79593e+00	-4.02050e+00	7.03413e+00	-2.56617e+00
6.44361e+00	-1.94670e+00	1.67117e+00	1.89568e+00
9.35796e+00	2.32907e+00	9.24138e+00	-2.49831e+00
9.47459e+00	4.27993e+00	8.19967e+00	-2.18870e+00
9.52751e+00	-7.82560e-01	5.01455e+00	7.62538e-01
9.46908e+00	-5.53505e-01	8.43224e+00	-1.41588e+00
9.35698e+00	4.30551e+00	7.44362e+00	4.59314e+00
9.26022e+00	-1.52197e+00	9.07195e+00	-2.90295e-01
9.39857e+00	3.61806e+00	7.16075e+00	-4.08513e+00
9.81184e+00	-3.20602e+00	9.11888e+00	-7.73948e-01
8.98148e+00	-1.52085e+00	1.63969e+00	-2.68747e+00
8.58796e+00	4.77217e+00	9.20600e+00	1.10407e+00
6.18289e+00	-4.62058e-01	2.26549e+00	4.87633e+00
8.17542e+00	-1.33921e+00	2.47390e+00	-3.87998e-01
6.02966e+00	-3.90616e+00	6.74807e+00	8.05484e-01
8.25865e+00	-4.83280e+00	9.82247e+00	1.14418e+00
8.29642e+00	-2.54795e+00	6.60592e+00	1.60161e+00
9.53401e+00	-2.56213e+00	3.95238e+00	-2.13312e+00
