# No. of particles = 100 
# Proton - Solar wind	Electron - Solar wind	
8.30821e+00	3.26506e+00	8.76865e+00	3.64230e+00
1.30413e+00	-1.74358e+00	9.13398e+00	1.06863e+00
9.63667e-01	7.57707e-02	5.76631e+00	-5.89616e-01
4.44127e-01	1.42717e-01	2.57397e+00	-2.15543e+00
2.83649e-01	2.51040e+00	7.66827e+00	-1.88130e+00
2.64062e-02	2.45033e+00	8.69131e+00	-4.13272e+00
5.59406e+00	-2.44258e+00	9.04358e-01	1.93804e+00
8.17908e+00	2.53389e+00	8.58432e-01	4.58212e+00
9.68825e+00	-4.02394e+00	1.45244e+00	-3.09938e-01
8.40287e+00	2.96760e+00	6.66006e+00	4.74973e+00
9.29863e+00	-2.10258e+00	9.89578e+00	-8.09994e-01
8.34046e+00	-1.85425e+00	9.96633e+00	-2.20928e+00
7.68442e+00	1.16180e+00	4.95608e+00	-4.96016e+00
6.26890e+00	3.08115e+00	7.68864e+00	-4.97128e+00
4.97637e+00	-8.07767e-01	4.55982e+00	-4.56466e+00
5.63766e+00	-3.35328e+00	8.18850e+00	-2.81007e+00
9.04427e+00	-5.64273e-01	9.88503e+00	1.83583e+00
9.06392e+00	1.07667e+00	1.66250e+00	4.54417e+00
9.45270e+00	-2.08401e+00	2.65074e-01	-1.28456e+00
9.77706e+00	1.97221e+00	4.36655e+00	-2.03666e+00
7.78415e+00	4.34742e+00	8.18873e+00	-3.54551e+00
8.63104e+00	1.55374e+00	1.66976e+00	3.20074e+00
8.76767e+00	4.20578e+00	7.41736e+00	-2.72850e+00
6.89738e+00	-3.07533e+00	7.82119e+00	1.63525e+00
9.74336e+00	-3.15330e-01	4.60945e+00	1.64068e+00
7.93190e+00	-2.51656e+00	8.66075e+00	4.11534e+00
9.24189e+00	2.51023e+00	2.03011e+00	-4.01021e+00
4.07261e+00	-7.96425e-01	9.98226e+00	1.27440e+00
7.34909e+00	2.47880e+00	7.45785e+00	-4.82943e+00
8.25929e+00	-4.75601e+00	5.90857e+00	-4.74432e+00
9.92891e+00	2.54706e+00	9.70734e+00	-1.02984e+00
8.94415e+00	1.74088e+00	2.42015e-01	-8.97848e-01
8.97188e+00	3.01056e+00	1.44444e+00	3.08984e+00
8.92528e+00	1.53019e+00	7.76831e+00	-2.47111e+00
9.74807e+00	-6.90344e-01	5.79070e+00	-4.83558e+00
9.51934e+00	2.64320e+00	1.93034e+00	2.15422e+00
9.78013e+00	-2.28096e+00	5.46705e+00	-2.22636e+00
7.89551e+00	3.07386e+00	4.08079e+00	-5.31346e-01
9.53668e+00	1.73018e+00	3.54975e+00	-3.36102e+00
7.36505e+00	-1.99253e+00	8.87491e+00	-4.42763e+00
6.91291e+00	-1.24677e+00	6.30813e+00	-2.62402e+00
9.35162e+00	-1.00795e+00	9.10327e+00	-1.45534e+00
6.89710e+00	-4.11165e+00	7.42944e+00	2.35539e+00
9.44773e+00	-4.93897e+00	6.06111e+00	3.20117e+00
9.49052e+00	-3.21790e+00	3.84041e-01	8.45012e-01
6.44623e+00	2.64725e+00	7.61027e+00	2.82606e+00
4.75151e+00	-2.40253e+00	7.18807e+00	-1.42600e+00
8.70567e+00	7.95092e-01	9.20450e+00	-4.44515e+00
9.83934e+00	4.70086e+00	5.70991e+00	9.36089e-01
8.98561e+00	-1.06147e+00	3.93575e+00	-2.13785e+00
7.96083e+00	-1.36948e+00	6.33969e+00	-2.25450e+00
9.04423e+00	-2.12702e+00	9.44734e+00	8.86709e-02
9.37147e+00	-2.41742e+00	6.91581e+00	4.43428e+00
7.96414e+00	-2.37975e+00	3.84949e+00	4.26427e-01
9.61972e+00	-4.09037e+00	9.55304e+00	-1.70586e+00
4.83375e+00	2.67542e-01	4.39107e+00	2.14809e+00
8.24106e+00	-3.55161e+00	1.13187e+00	2.72655e+00
9.10745e+00	3.12355e+00	8.80928e+00	3.95356e+00
9.07430e+00	-2.42236e+00	4.15153e+00	8.51180e-01
9.15569e+00	4.83369e+00	8.28233e+00	-2.81188e+00
9.48596e+00	-1.23432e+00	1.08007e+00	3.12119e+00
6.66452e+00	3.02257e+00	8.46025e+00	-3.47016e+00
9.36350e+00	3.66837e-01	8.07673e+00	2.70248e+00
7.29419e+00	-3.46118e+00	5.62163e+00	1.80426e+00
7.33810e+00	3.28082e+00	8.14794e+00	-1.81353e+00
9.25923e+00	3.98087e-01	1.55059e+00	6.62129e-01
9.42809e+00	3.05961e+00	3.14245e+00	-2.59922e+00
9.87783e+00	3.05332e+00	1.05963e-01	-2.70449e+00
8.56309e+00	-4.81180e+00	6.64576e+00	-3.29256e+00
8.14080e+00	-1.03805e+00	2.36760e+00	4.70909e-01
6.28250e+00	-2.98957e-01	8.78001e+00	-2.56233e+00
7.17187e+00	-5.19114e-01	8.54661e+00	4.92914e+00
7.89394e+00	-3.53725e+00	1.53196e+00	-9.41991e-01
9.62103e+00	-2.32492e-01	6.69940e+00	-1.84268e-01
9.40289e+00	3.64263e+00	3.38642e+00	-3.02488e+00
9.77420e+00	6.61400e-01	3.12706e+00	6.89702e-01
8.97496e+00	3.39676e+00	8.66740e+00	2.14265e+00
8.91878e+00	-4.13670e+00	6.31952e+00	2.77063e+00
9.74131e+00	1.85605e+00	2.28514e-01	-3.88143e+00
6.35509e+00	-2.20686e-01	7.69018e+00	2.61203e+00
7.10533e+00	3.74313e-01	9.69249e+00	-4.33410e+00
9.73499e+00	3.23840e-01	8.15984e+00	3.48838e+00
8.69406e+00	-7.52604e-01	8.67890e+00	-7.00277e-01
7.55257e+00	-8.20736e-01	3.56851e+00	-2.21455e+00
8.93041e+00	-3.76883e+00	4.73553e+00	-4.37703e+00
7.77595e+00	-1.94616e+00	8.89319e-01	1.91636e+00
9.20678e+00	2.50016e+00	8.97790e+00	-2.29652e+00
7.37878e+00	-3.92810e+00	6.01567e+00	1.75759e-01
8.76221e+00	-1.99965e+00	6.31914e+00	4.69118e+00
9.94007e+00	-1.58593e+00	8.73767e+00	2.24604e-01
9.40629e+00	-5.18904e-01	8.78335e+00	-4.79670e-01
9.91635e+00	1.15623e+00	1.90497e+00	4.93784e+00
5.94074e+00	-6.46062e-01	8.42944e+00	4.99213e-01
8.51173e+00	-1.26851e+00	9.45833e+00	-2.88155e+00
9.38537e+00	4.32972e+00	7.32199e+00	4.40027e+00
9.95227e+00	-9.83263e-01	9.99968e+00	4.72710e-01
5.85710e+00	-2.50274e+00	6.69924e+00	-4.34763e+00
8.32672e+00	3.56540e+00	2.81253e+00	1.54178e+00
8.41471e+00	4.97861e+00	8.27982e+00	2.05446e-01
9.91080e+00	3.01960e+00	1.14318e+00	-2.80947e+00
