# No. of particles = 100 
# Proton - Solar wind	Electron - Solar wind	
3.35670e-01	2.68941e-01	1.53413e+00	-2.03069e-01
6.74977e-01	3.19554e-01	1.77757e+00	4.70100e-01
1.20015e+00	-2.64310e-02	1.67244e+00	-1.80151e-01
1.65937e-01	-7.66081e-01	9.43104e-01	6.28146e-01
2.26296e-01	-3.74446e-01	3.59094e-01	-5.32829e-01
5.49823e-01	-3.23096e-01	1.54627e+00	6.61864e-01
5.68712e-01	-2.63016e-01	1.66476e+00	3.32202e-01
4.75539e-03	-9.85155e-01	1.62750e+00	3.57004e-01
2.52546e-01	-4.77436e-01	1.46386e+00	-6.49151e-02
1.06112e-01	-8.10186e-01	1.19325e-01	-8.38231e-01
3.25908e-01	-6.50307e-01	4.44804e-02	1.12014e-01
7.88626e-01	3.83325e-04	5.89205e-01	7.63890e-01
1.30047e+00	-1.78473e-01	1.15654e+00	2.65956e-01
3.17803e-01	-3.02279e-01	1.74932e+00	-7.06355e-02
6.63282e-01	-8.87211e-01	1.76869e-01	-8.01520e-01
5.04891e-02	-9.24342e-01	7.95040e-01	6.65539e-01
1.48425e+00	-3.25782e-01	2.22826e-01	-5.91391e-01
8.23715e-02	-6.55285e-01	1.48658e-01	-7.80464e-01
5.34269e-01	-2.20106e-01	9.04723e-01	-8.21835e-01
3.18555e-02	-9.91238e-01	9.61284e-01	6.29803e-01
8.78158e-01	4.59347e-01	3.23048e-03	-9.95052e-01
5.52393e-01	7.64854e-01	1.06643e-01	-8.53106e-01
1.24977e+00	-1.75334e-01	3.06410e-01	-5.04321e-02
3.05697e-01	5.64636e-01	1.58833e+00	9.22424e-01
1.88871e+00	-1.55523e-01	3.35498e-01	-1.30391e-01
2.16620e-01	6.67942e-01	1.41490e+00	-5.07367e-01
3.65715e-03	-3.91672e-02	5.29200e-01	2.77475e-01
2.98621e-01	-1.57189e-01	6.54359e-01	-7.94544e-01
1.55182e+00	1.48137e-01	1.88692e+00	-5.22213e-01
1.22160e+00	2.96690e-01	7.25178e-01	-6.97051e-01
1.06545e+00	4.82222e-01	1.40440e+00	-4.42270e-01
1.15729e+00	-8.98941e-01	3.56776e-02	-9.38533e-01
1.79268e-01	-2.70223e-01	4.11700e-01	2.94105e-01
1.42398e+00	-5.86978e-01	1.44127e+00	2.17886e-01
1.98145e-01	-8.24036e-01	1.71900e+00	-8.72387e-01
3.43993e-01	-9.18462e-01	3.88722e-01	-7.70735e-01
8.49121e-02	-8.66388e-01	9.60254e-01	-7.84780e-01
5.78034e-01	-8.68864e-01	1.35833e+00	-7.91902e-01
3.91791e-01	4.92580e-01	2.23417e-01	6.22571e-01
2.94348e-01	-8.84899e-01	7.07353e-02	-5.38175e-01
3.01165e-02	-8.06988e-01	6.06276e-02	-8.26170e-01
1.90555e+00	9.82951e-01	1.45738e+00	-2.63838e-02
1.31105e-01	-9.00741e-01	1.36509e+00	8.68904e-01
3.08296e-01	-7.09887e-01	5.17784e-02	-9.20764e-01
4.24236e-01	3.52679e-01	1.07544e+00	1.75714e-01
7.66525e-01	-5.50707e-01	1.79747e+00	-3.83094e-01
1.75162e+00	2.80293e-01	3.21573e-01	-8.03508e-01
8.93996e-01	-1.87707e-01	1.45193e+00	4.86551e-01
6.47786e-02	-7.17302e-01	9.95058e-01	1.87789e-01
1.53433e-01	-5.95120e-01	1.59823e-01	-6.29433e-01
6.13009e-01	-6.61076e-01	1.97923e+00	8.55161e-01
1.97147e+00	3.21970e-01	1.80621e+00	-1.66113e-01
2.16672e-01	-9.11629e-01	7.16342e-01	-4.42644e-01
3.55540e-02	-9.50117e-01	1.11454e+00	-5.76742e-01
2.49988e-01	-7.64669e-01	7.30587e-01	-5.87297e-01
1.82440e+00	-7.50825e-01	4.51576e-01	7.09896e-01
9.19045e-02	-5.27568e-01	1.18408e+00	4.48813e-01
1.88504e+00	-3.82515e-01	1.95047e+00	2.00262e-01
8.09602e-01	7.50474e-01	1.18793e+00	-1.33364e-01
6.12813e-02	-9.19228e-01	1.17456e+00	-6.45467e-01
5.34694e-02	-8.36281e-01	1.03817e+00	6.02989e-01
5.58830e-02	-4.26385e-01	5.66016e-01	8.83927e-01
3.69299e-01	-3.74213e-01	1.18086e+00	-5.87201e-01
9.11356e-01	3.09062e-01	7.29600e-01	6.44079e-01
6.29076e-01	7.63983e-01	3.19805e-01	7.56235e-01
5.21518e-01	-6.90723e-01	1.89001e+00	-3.62724e-01
5.79513e-02	-9.13828e-01	9.13176e-01	2.24513e-01
8.80831e-01	6.97622e-01	1.39578e+00	5.83151e-01
9.39289e-01	6.58719e-01	1.04579e+00	-6.01611e-01
1.00660e+00	5.28463e-01	1.29087e+00	4.54558e-01
1.92707e+00	-2.40214e-01	3.67819e-01	-5.10411e-01
1.51288e+00	5.11348e-01	1.41846e+00	5.95378e-01
1.83823e-01	-6.83627e-01	1.68971e+00	6.58723e-02
3.48171e-01	-3.22047e-01	7.65400e-02	-9.90885e-01
5.73632e-01	-5.08466e-01	1.61587e+00	-1.58402e-01
1.44899e-02	1.35921e-01	1.31196e+00	5.32842e-01
6.01954e-01	7.78008e-01	1.41519e+00	1.77627e-01
3.13901e-01	-6.06992e-01	1.12761e+00	3.64483e-01
3.29715e-01	-5.29418e-01	3.73026e-01	-3.91134e-01
1.14698e+00	3.52419e-01	1.42780e+00	-3.56272e-01
1.17624e+00	-9.99755e-02	4.17746e-01	-3.22905e-01
1.23603e+00	4.79299e-01	1.43787e+00	-1.06079e-01
1.11841e+00	2.24477e-01	1.11613e+00	3.85025e-02
5.33081e-02	6.73975e-02	5.47898e-01	-2.86752e-01
1.17674e-01	2.74376e-01	1.04202e+00	-4.34259e-01
2.68291e-01	1.00587e-01	1.96648e+00	-1.45741e-02
3.73665e-01	-4.36242e-01	1.18304e-01	3.11552e-01
1.49114e+00	-4.45584e-01	7.19169e-02	-8.36791e-01
7.04111e-01	-6.04884e-01	1.23369e+00	4.61339e-01
2.71392e-01	7.69809e-01	5.89363e-01	5.31922e-01
1.32497e-01	-6.67283e-01	1.25411e-01	-3.86804e-01
1.53922e-02	-9.85613e-01	1.22424e+00	-6.42688e-01
6.10203e-01	1.88206e-01	5.30205e-02	8.57771e-01
2.86178e-01	-6.54409e-01	7.97323e-01	-3.34439e-01
7.94046e-01	1.25112e-02	2.99762e-01	-3.65731e-01
1.48113e+00	4.74295e-01	7.74498e-01	-6.60434e-01
1.49007e+00	8.31876e-01	1.73384e+00	-4.69765e-01
4.75743e-01	9.46071e-02	3.01596e-01	-2.07673e-01
1.75805e+00	6.85925e-01	5.16963e-01	7.65561e-01
4.97053e-01	-8.79586e-01	1.18947e+00	-4.91888e-01
