# No. of particles = 100 
# Proton - Solar wind	Electron - Solar wind	
6.53320e-01	-1.70442e-01	5.44480e-01	-5.03032e-01
1.74689e+00	6.60577e-01	2.35608e-01	8.46522e-01
1.80368e+00	4.51728e-01	3.51322e-02	-9.93653e-01
3.81068e-01	-7.73630e-01	8.76172e-03	-9.89071e-01
3.89138e-01	-8.06906e-01	8.35614e-01	-7.15950e-01
1.14728e+00	-5.49810e-01	5.81454e-01	-8.39210e-01
1.46132e+00	8.81453e-01	1.46740e+00	6.62808e-01
1.94880e+00	8.19582e-01	2.95487e-02	-9.72368e-01
2.23919e-01	-9.61795e-01	2.87462e-01	-7.71078e-01
3.48173e-01	3.56755e-01	1.56833e+00	6.86596e-01
2.58423e-01	-1.67563e-01	4.81847e-01	-8.92983e-02
1.17208e+00	5.00238e-01	5.13304e-02	-9.90613e-01
1.69316e+00	7.96479e-02	5.95647e-01	5.30938e-01
1.17698e-01	-9.86724e-01	1.73336e-01	-3.45519e-01
1.27802e+00	-7.91142e-01	9.23898e-01	-1.40948e-01
1.61769e+00	8.86514e-01	1.83980e-01	-5.22591e-02
2.33232e-01	5.42917e-01	1.01894e+00	6.57734e-01
1.73008e-01	-1.82651e-01	1.07066e+00	-5.25235e-01
1.43681e-01	-9.49283e-01	1.08649e+00	7.95443e-01
1.32376e+00	5.16619e-01	1.91174e-01	-9.39553e-01
5.19032e-01	-7.61253e-01	1.23456e+00	-3.53976e-01
1.54349e+00	8.82078e-01	9.73857e-01	2.74981e-01
1.95666e-03	-8.61299e-01	1.22614e+00	-8.00910e-01
3.97278e-01	9.86704e-01	1.40822e-02	-9.51905e-01
5.74424e-02	-9.67035e-01	5.88857e-02	-9.39436e-01
6.42167e-02	-9.04196e-01	3.37040e-01	4.12065e-01
5.54256e-01	4.13810e-01	5.25522e-01	-2.79919e-01
1.33516e+00	1.04057e-01	1.80696e+00	-6.90726e-01
1.36411e+00	-7.73082e-01	4.21533e-01	-6.70144e-01
5.94066e-01	-9.95621e-01	4.30116e-01	-3.42119e-01
8.98569e-02	-9.82966e-01	1.70959e+00	7.97122e-01
9.22923e-01	4.82870e-01	1.93169e+00	-3.00915e-02
1.11797e+00	-5.09645e-02	7.14006e-01	-3.74727e-01
2.20007e-01	1.69755e-01	1.83144e-01	-4.43395e-01
1.19434e-02	-3.40110e-01	1.42126e+00	7.88574e-01
7.66304e-01	-8.28651e-01	1.00495e+00	-5.78342e-02
5.13886e-01	2.73790e-01	1.96551e+00	1.83673e-02
1.27945e+00	-7.18641e-01	4.24044e-01	1.01628e-01
8.56818e-01	-8.44808e-01	1.79331e+00	9.28846e-01
1.41094e+00	6.57880e-02	1.61683e+00	7.05356e-01
1.12140e+00	-6.56384e-01	7.33044e-01	-2.52405e-02
7.70802e-01	5.48648e-01	7.30826e-01	-6.43257e-01
5.91830e-01	-2.03419e-01	1.30612e+00	2.56166e-01
5.64154e-01	-3.54466e-01	1.27896e+00	3.76866e-02
6.81921e-01	-2.21087e-01	2.97027e-02	-8.91188e-01
7.94160e-02	-3.05283e-01	6.35345e-02	-7.52338e-01
2.93322e-02	-9.89766e-01	4.37829e-01	-5.16288e-01
3.26704e-02	-9.58239e-01	1.82792e+00	-2.62674e-01
2.66840e-01	1.33317e-01	6.07082e-01	-6.38797e-01
3.88405e-02	-5.50684e-01	5.03256e-01	2.15406e-01
1.33731e+00	-1.47067e-01	1.26228e+00	2.76973e-01
7.74147e-02	-9.51781e-01	4.76836e-01	-6.34425e-01
1.63940e+00	7.53916e-01	8.60089e-01	-3.32264e-01
1.66175e-01	-7.71428e-01	4.27136e-01	-1.94865e-01
1.43190e-03	-9.77619e-01	8.41762e-01	-9.46090e-01
1.25420e+00	-9.36955e-01	1.90428e+00	9.38903e-01
1.87866e-01	4.88341e-01	1.19798e+00	4.91697e-01
1.83713e+00	-6.71037e-01	8.31514e-01	-5.12351e-01
1.02827e+00	9.47636e-01	6.55561e-01	-6.27740e-01
6.39313e-01	-2.97030e-01	1.39726e+00	-4.54804e-01
2.33612e-01	-9.80064e-02	1.54875e+00	2.98063e-01
1.16782e+00	-1.61209e-01	1.32930e+00	5.00698e-01
7.86623e-01	4.84600e-01	1.64943e+00	-1.01065e-01
7.36773e-01	3.26929e-01	5.14470e-01	-4.41434e-01
3.74569e-02	-8.76595e-01	2.22853e-01	7.81393e-01
8.80857e-01	-4.80638e-01	1.86761e+00	7.77148e-01
1.63035e-01	8.11387e-01	1.95081e+00	-9.69891e-01
6.76658e-01	1.00387e-01	1.56488e+00	-1.94128e-01
3.93772e-01	-3.60202e-01	4.71273e-01	3.78466e-01
9.75813e-01	-2.26289e-01	8.92228e-01	-7.30650e-01
1.42954e+00	9.71824e-01	1.19390e+00	3.27953e-01
1.10765e-01	-9.22645e-01	1.05995e+00	5.96038e-01
5.42208e-01	-2.06082e-02	1.23609e+00	-2.84910e-01
9.63473e-01	9.13443e-01	1.70756e+00	3.43558e-01
7.05319e-01	-3.71948e-01	1.18591e+00	4.55995e-01
1.39428e-01	2.63569e-01	3.19514e-01	-7.83909e-01
2.70905e-01	-4.87274e-01	3.05066e-01	-4.55040e-01
9.25229e-02	-9.04147e-01	6.21789e-01	-8.71276e-01
1.03611e+00	4.84480e-01	1.76053e+00	4.48125e-01
1.31362e-01	-6.84773e-01	1.53001e+00	1.14515e-01
3.61285e-01	4.92271e-01	1.41097e+00	2.76654e-01
8.28049e-01	8.18950e-01	1.48078e+00	-1.79890e-01
1.51192e+00	6.79311e-01	2.36498e-01	4.85890e-02
2.98879e-01	-9.21314e-01	1.19340e-01	-3.04546e-01
6.72118e-01	8.00711e-01	3.01492e-01	-8.53196e-01
3.57489e-01	3.98402e-01	1.99683e+00	-7.38675e-01
5.00384e-01	-2.63339e-01	5.15773e-01	-2.35185e-01
1.14736e+00	-8.29867e-01	9.30842e-01	6.51565e-01
1.14326e-01	-9.25668e-01	3.87987e-01	5.48405e-01
5.41358e-01	-9.41008e-01	1.04662e+00	-7.83382e-01
1.75582e-01	-5.27522e-01	2.98056e-01	-4.74805e-01
1.39795e+00	6.75634e-01	1.50591e+00	9.32620e-02
7.71578e-01	5.25478e-01	1.18580e+00	1.92072e-01
6.02480e-01	-1.19639e-01	1.23316e+00	2.60791e-01
1.06127e+00	-2.68728e-01	1.84563e-01	-7.57649e-01
2.99008e-01	-6.48477e-01	3.97561e-01	-8.09675e-01
4.48007e-02	8.21299e-02	1.66324e+00	1.40810e-01
4.77238e-01	6.79511e-01	3.38803e-01	-4.49544e-01
1.09165e-01	-6.22614e-01	3.82448e-01	4.42545e-01
1.64523e+00	-6.12019e-01	1.63064e+00	-3.46829e-01
