# No. of particles = 100 
# Proton - Solar wind	Electron - Solar wind	
6.69975e-01	-2.56019e+00	4.32407e-01	-1.09574e+00
2.87578e-02	3.85909e+00	3.73491e+00	-2.68941e+00
8.25360e+00	-1.65154e+00	3.59668e+00	-3.79728e+00
7.26294e+00	4.99713e+00	7.43236e+00	-3.30503e+00
9.40902e+00	-6.88249e-01	7.21387e+00	4.78453e+00
8.25448e+00	4.15692e-02	4.34193e-01	3.21710e+00
8.32400e+00	-8.72203e-01	1.23217e+00	4.83090e+00
9.75558e+00	2.93830e+00	9.44899e+00	1.54668e+00
9.79040e+00	9.76901e-01	6.65959e+00	-2.78472e+00
9.33790e+00	2.25012e+00	7.17063e+00	3.45908e+00
8.63816e+00	3.60302e+00	1.72842e+00	-3.32074e+00
9.97115e+00	1.00716e+00	9.12587e+00	6.24098e-01
9.84734e+00	4.51131e+00	9.13056e+00	-1.47247e+00
9.05649e+00	-1.10026e+00	9.94730e+00	-1.41197e+00
9.22100e+00	-4.76967e-01	6.13949e+00	-3.89933e+00
6.47235e+00	-2.06406e+00	9.35016e+00	1.65249e-01
7.61014e+00	1.65420e+00	9.14268e+00	-3.72926e-01
6.26580e+00	4.51896e-01	7.42841e+00	-2.17698e+00
9.81141e+00	-6.69732e-01	8.49222e+00	-1.27762e+00
9.31339e+00	-5.14080e-01	6.28512e+00	-1.19509e+00
7.94529e+00	3.81848e+00	7.14119e+00	-2.79426e+00
6.53456e+00	7.56943e-01	9.33633e+00	-3.93171e+00
9.17067e+00	2.50417e+00	9.38171e+00	-2.21415e+00
9.30143e+00	3.88213e+00	9.75293e+00	-2.37214e+00
7.73813e+00	1.81680e+00	6.66435e+00	4.65976e+00
9.96113e+00	3.30549e+00	2.23987e+00	-3.18201e+00
9.14549e+00	4.81651e-01	8.58260e+00	4.96734e+00
5.95504e+00	1.94240e+00	9.77332e+00	-5.91648e-01
7.85028e+00	2.68216e+00	3.60681e+00	3.25560e+00
6.99594e+00	-3.15351e+00	9.82185e+00	-6.45479e-01
8.71329e+00	-2.65624e+00	8.60899e+00	4.26544e+00
8.29157e+00	-5.97395e-01	9.77731e+00	-4.50722e+00
8.74957e+00	2.02573e+00	2.05857e+00	2.19816e+00
9.78726e+00	1.01024e-02	9.77921e+00	2.86101e+00
6.35775e+00	-2.58937e+00	8.87367e+00	-4.25893e+00
8.42957e+00	4.50725e+00	7.65498e+00	3.04970e+00
7.61388e+00	-1.60872e-01	7.09310e+00	2.33692e+00
9.30521e+00	-1.17535e-01	8.64205e+00	-4.49050e+00
9.92888e+00	1.64663e+00	1.22779e-01	-1.02825e+00
7.15850e+00	1.46842e+00	7.82039e+00	4.54624e+00
9.98938e+00	1.92132e+00	9.98357e+00	-4.43811e+00
9.48287e+00	-6.49809e-01	2.98165e+00	-1.57678e-01
9.76508e+00	4.84305e-01	6.10185e+00	3.88645e+00
9.94013e+00	4.86243e+00	7.10968e+00	-3.12074e+00
7.16645e+00	-4.76471e+00	5.85275e+00	-4.26700e+00
9.30436e+00	1.52407e-01	3.97891e+00	-4.55248e-01
9.80407e+00	-9.23954e-01	6.68584e+00	2.00126e-01
4.81594e+00	-1.76554e+00	2.51901e+00	-1.27674e+00
8.41995e+00	-3.39752e-01	9.23576e+00	2.28630e+00
9.84956e+00	-1.42148e+00	5.79867e+00	2.73812e+00
9.52223e+00	-3.25386e+00	6.86934e+00	4.14852e+00
9.22410e+00	3.88949e+00	1.59500e+00	3.74201e+00
9.26888e+00	2.78711e+00	4.12433e+00	-1.82152e+00
9.12705e+00	3.34924e+00	3.52763e+00	-1.97678e+00
3.82735e+00	1.13956e+00	9.26224e+00	4.08550e+00
9.27298e+00	3.91990e+00	9.66956e+00	3.19169e+00
8.71541e+00	5.95028e-02	9.70003e+00	2.27058e+00
9.61823e+00	2.36566e+00	3.81228e-01	-2.80510e+00
7.15590e+00	8.97449e-01	9.75874e+00	3.21974e+00
9.27141e+00	6.36531e-02	6.69453e+00	-4.97370e+00
8.18089e+00	-4.80174e-01	9.02176e+00	-1.14080e+00
9.28251e+00	-2.29552e+00	4.00417e+00	3.73702e-02
9.51287e+00	-1.36629e+00	8.71095e+00	-2.26061e-01
9.27523e+00	2.10183e+00	7.64625e+00	-3.92919e+00
9.39116e+00	-3.54474e+00	1.86990e+00	-4.94005e+00
8.69957e+00	4.90053e+00	6.53973e+00	3.41246e+00
5.16513e+00	3.47291e+00	9.90454e+00	2.35443e+00
8.43396e+00	1.36114e+00	8.60138e+00	3.94835e+00
9.06185e+00	-1.32396e+00	4.37207e+00	4.16070e+00
7.58114e+00	-4.94746e-01	9.31216e+00	1.21384e+00
4.21657e+00	-1.05658e+00	9.80185e+00	3.61239e+00
9.01660e+00	-3.51227e+00	9.90921e+00	2.59610e+00
8.73797e+00	8.51310e-02	9.16005e+00	-2.89358e+00
6.69282e+00	-5.21524e-01	7.44005e+00	-2.97080e+00
9.83196e+00	8.67850e-01	9.60911e+00	-1.94609e+00
8.97302e+00	1.09688e+00	9.09903e+00	1.45524e+00
8.60162e+00	2.50102e+00	9.31216e+00	-7.62985e-01
9.21596e+00	-4.00667e-02	3.09304e+00	1.40546e+00
9.78259e+00	-1.95317e+00	9.59062e+00	-1.56849e+00
9.17093e+00	9.72536e-01	7.58511e+00	-4.83208e+00
9.25313e+00	1.34569e+00	9.24314e+00	-1.92636e+00
9.75497e+00	3.03101e+00	9.52578e+00	-1.34347e+00
9.97553e+00	4.87866e+00	1.79572e+00	-1.99792e+00
8.49652e+00	4.47957e+00	1.76473e+00	2.10937e-01
9.54276e+00	-4.86979e+00	9.02607e+00	2.92556e+00
9.51766e+00	-4.21186e+00	5.75270e+00	4.00324e+00
5.59126e+00	-2.42354e+00	9.92553e+00	-5.87835e-04
8.88685e+00	-3.63789e+00	8.38753e+00	-2.48850e+00
6.39961e+00	-1.96241e+00	7.24390e+00	1.03111e+00
8.84588e+00	-2.98278e+00	1.91214e+00	-8.37691e-01
9.13973e+00	-1.19079e+00	9.57100e+00	-1.06488e-02
9.43271e+00	2.85473e-01	6.44472e+00	-1.20642e+00
6.14226e+00	-1.51620e+00	7.72739e+00	3.92315e+00
9.76360e+00	-2.46894e-01	4.30423e+00	-7.81770e-01
9.94267e+00	3.75673e-01	4.98198e+00	-1.37075e-01
7.00797e+00	2.07945e+00	4.47987e+00	2.32670e-01
8.96375e+00	4.66793e+00	9.85813e+00	3.13873e+00
9.56204e+00	3.39926e+00	8.75752e+00	-2.35812e+00
7.16260e+00	3.87992e+00	8.34304e+00	5.22007e-01
7.67602e+00	4.52466e+00	8.60398e+00	3.29108e-01
