# No. of particles = 100 
# Proton - Solar wind	Electron - Solar wind	
8.79849e+00	-1.20796e+00	8.19860e+00	-1.87034e+00
6.49913e-01	4.68360e+00	3.37493e+00	-2.70546e+00
5.30971e-01	-2.31856e+00	2.14339e+00	-3.70276e+00
2.04308e-01	-1.66580e+00	7.42557e+00	-2.56347e+00
9.80231e+00	-2.28999e+00	4.43702e+00	2.27265e+00
8.21915e+00	-1.67464e-01	3.83717e+00	2.12007e-01
8.05405e+00	-2.76284e+00	2.51252e+00	4.86376e+00
4.99978e+00	2.92763e+00	6.60455e+00	4.24081e+00
9.60267e+00	2.34751e+00	8.72886e+00	-1.20183e+00
6.56550e+00	-3.02481e-01	9.45269e+00	1.59024e+00
9.43926e+00	-9.83809e-01	4.51301e-01	-3.70190e+00
9.87444e+00	-1.03856e+00	8.19549e+00	4.97260e+00
9.66997e+00	-1.99228e+00	6.66635e+00	-2.03157e+00
9.08450e+00	-3.78531e+00	8.65365e+00	-4.02264e+00
9.29716e+00	-2.27147e+00	9.36032e+00	-2.62460e+00
9.04653e+00	2.39541e-01	5.74885e+00	1.16988e-01
9.78785e+00	1.41013e-01	9.20003e+00	-2.71247e+00
8.20566e+00	2.81915e+00	8.73251e+00	-2.95989e+00
8.37215e+00	-4.41569e+00	8.73977e+00	4.28158e+00
8.80722e+00	5.99042e-01	8.91464e+00	1.08118e+00
4.85979e+00	3.03681e+00	6.38673e+00	-1.68725e+00
6.94191e+00	1.31942e+00	5.73287e+00	2.83678e+00
9.92423e+00	5.66808e-01	8.64718e+00	1.49695e+00
9.98834e+00	4.51413e+00	1.70955e+00	4.22447e+00
8.18182e+00	2.91893e-01	7.02481e+00	7.63651e-01
9.61017e+00	8.46235e-01	5.96102e+00	7.67108e-01
8.54541e+00	-3.84371e+00	5.59098e+00	-3.25810e+00
9.03939e+00	-2.05495e+00	7.44880e+00	-4.00573e+00
8.90788e+00	-1.80432e+00	7.08918e+00	-1.53894e+00
8.74150e+00	-2.24120e+00	7.38059e+00	-2.82527e+00
5.83665e+00	2.05379e+00	7.94292e+00	5.09861e-01
7.24077e+00	2.23191e+00	6.70264e+00	-2.78583e+00
7.63225e+00	3.27547e+00	9.54499e+00	1.66538e+00
7.98258e+00	2.26963e+00	9.58912e+00	1.74130e+00
8.99306e+00	2.34557e-01	8.48065e+00	-3.58602e+00
6.02231e+00	-3.00203e+00	6.68009e+00	-1.38091e+00
9.72118e+00	-3.77975e+00	9.62540e+00	-2.35374e-01
8.49290e+00	3.39397e+00	3.64709e-01	1.50806e+00
9.79668e+00	3.29479e+00	5.63727e+00	3.93592e+00
9.93463e+00	-1.15150e-01	9.84806e+00	-3.45742e+00
3.69746e+00	-3.36976e+00	8.01789e+00	4.46352e-01
4.05579e+00	-1.93746e+00	6.72528e+00	1.11184e+00
9.32417e+00	-1.26869e-01	7.88276e+00	-4.24897e+00
9.56437e+00	2.35241e+00	2.98566e+00	-3.70054e+00
8.26378e+00	2.41951e+00	4.19784e+00	-2.53514e-01
8.62666e+00	-2.88142e+00	2.36214e+00	-1.15411e+00
9.10259e+00	4.23900e+00	7.60627e+00	-5.19362e-01
8.72242e+00	4.43265e+00	8.92790e+00	2.26599e+00
7.45137e+00	-9.36097e-01	8.91184e+00	-1.56752e+00
6.46322e+00	3.42816e+00	8.35745e+00	3.77764e-02
6.17326e+00	-4.12360e+00	9.43465e+00	-1.80266e+00
6.71182e+00	2.06136e-01	9.58004e+00	-7.81483e-01
9.98224e+00	-3.06834e+00	5.49506e+00	-1.91287e+00
5.35486e+00	8.58088e-01	5.92135e+00	4.03483e+00
9.63842e+00	1.56959e+00	7.32790e+00	-2.53475e+00
6.80326e+00	-1.79490e+00	9.88816e+00	1.18957e+00
9.81938e+00	-1.65128e-01	1.41510e+00	9.97632e-01
9.03953e+00	3.82583e+00	5.64468e+00	-3.85219e+00
7.67930e+00	-4.01560e-01	2.71006e+00	2.48069e-01
9.20324e+00	-6.67552e-02	7.89769e+00	2.38632e-01
8.81011e+00	4.27320e+00	9.43613e+00	4.10513e+00
8.39151e+00	3.87002e+00	2.05936e+00	2.84103e+00
8.60584e+00	2.35622e+00	5.61023e+00	-1.40599e+00
9.61818e+00	-3.99535e+00	3.29460e+00	4.54631e+00
6.49595e+00	-3.60030e+00	9.42751e+00	-1.26405e+00
9.70431e+00	-9.40798e-01	2.20766e+00	-4.94563e+00
6.99821e+00	-3.02459e+00	2.24569e+00	-6.11848e-01
8.90632e+00	4.39891e+00	5.30908e+00	2.92315e+00
7.44802e+00	-2.71945e+00	8.96980e+00	3.35464e+00
9.98119e+00	-3.10068e+00	2.52358e-01	-3.69355e-02
7.68529e+00	-1.77901e+00	2.80373e+00	-9.36196e-01
9.75952e+00	5.79499e-01	3.14064e+00	-3.78864e+00
9.65819e+00	-3.41468e+00	8.46902e+00	-1.15515e+00
9.46571e+00	1.89302e+00	6.42565e-01	8.38674e-01
8.31092e+00	2.41419e+00	3.06371e+00	4.08307e+00
9.22036e+00	3.26277e+00	3.74401e+00	2.81322e+00
7.83135e+00	-1.97103e+00	7.67351e+00	-8.14781e-01
9.71126e+00	-3.93712e+00	8.37231e+00	2.46084e+00
9.61070e+00	-3.16093e+00	8.46309e-01	1.16616e+00
5.91985e+00	-2.38332e+00	3.41231e+00	-2.72800e+00
9.81364e+00	-1.27114e+00	5.93200e+00	-2.07652e-01
8.90403e+00	-3.79482e+00	6.98620e+00	3.69626e+00
9.54314e+00	-1.48724e+00	7.90017e+00	2.62360e+00
9.43107e+00	-4.31464e-01	4.50762e+00	-2.46454e+00
9.84693e+00	-2.28810e+00	7.36532e+00	3.95000e+00
8.04353e+00	-4.45751e+00	8.91306e+00	2.05895e+00
9.60487e+00	-2.35021e+00	9.51068e+00	-4.24054e+00
9.96039e+00	9.57636e-01	9.30644e+00	-9.84696e-01
9.96335e+00	-4.82154e-01	5.39899e+00	4.58725e+00
6.74886e+00	3.98716e+00	3.16858e+00	-2.62853e+00
9.80416e+00	1.93147e-01	6.14356e-01	-3.74384e+00
8.39785e+00	2.48103e+00	9.59030e+00	5.99211e-01
8.33855e+00	4.87366e+00	1.46056e+00	-1.71202e+00
8.51567e+00	-1.18991e+00	7.24702e+00	2.23137e+00
9.75277e+00	-1.33088e+00	3.04659e+00	-2.06146e+00
8.67773e+00	-1.32869e+00	9.47449e+00	3.86166e+00
6.43510e+00	2.77458e+00	6.50527e+00	2.99335e+00
6.43250e+00	-2.08254e+00	6.68005e+00	1.82113e+00
9.76969e+00	1.15719e+00	5.83025e+00	-2.29597e+00
5.29977e+00	-1.13299e+00	6.83885e-01	3.15433e+00
