# No. of particles = 100 
# Proton - Solar wind	Electron - Solar wind	
1.39728e+00	-3.17738e+00	8.25533e+00	-1.08147e-01
3.81682e-01	-2.84582e+00	4.67019e+00	-1.98627e+00
1.05301e-01	2.89973e+00	7.35829e+00	-4.24726e+00
9.22272e+00	2.95828e-01	9.51663e+00	-4.29494e+00
8.40805e+00	4.03507e+00	9.02589e+00	-3.71373e+00
9.87758e+00	-3.16479e+00	8.81459e+00	1.31739e+00
8.97774e+00	-3.72440e+00	9.95294e+00	1.40510e+00
6.80158e+00	-2.19278e+00	4.71363e+00	-1.68696e+00
5.40537e+00	1.99386e-01	1.61068e+00	1.92959e+00
9.89720e+00	-7.93832e-01	3.03184e+00	1.51592e+00
7.29726e+00	3.92264e+00	9.58654e+00	-1.22266e+00
5.96049e+00	2.80547e-01	2.95868e+00	3.40715e-01
9.46145e+00	-6.43773e-01	8.32122e+00	3.65937e+00
7.90829e+00	-2.04560e+00	1.55570e+00	-1.57392e+00
9.05086e+00	-1.46040e+00	5.07104e+00	-2.01829e+00
8.68767e+00	-1.65220e+00	1.36168e+00	1.16722e+00
9.91159e+00	2.31956e+00	8.58486e+00	2.71028e+00
8.91677e+00	-3.52848e+00	2.27792e-03	9.00963e-01
5.35566e+00	-1.10498e-01	7.77651e+00	-9.39019e-01
9.61411e+00	-4.17797e+00	2.61082e+00	-2.37596e+00
9.93736e+00	-5.45945e-01	9.32330e+00	-3.23192e+00
9.26008e+00	3.28675e+00	9.18986e+00	-1.65125e+00
9.00993e+00	1.32727e+00	9.62263e+00	1.54474e+00
7.39820e+00	1.02437e+00	8.59975e+00	3.81042e+00
9.69963e+00	2.85519e+00	2.26024e+00	-3.93973e+00
6.88830e+00	-2.89632e-01	7.28887e-01	-3.53626e+00
5.25448e+00	1.01367e+00	3.81776e+00	-2.73535e+00
9.54392e+00	8.55201e-01	5.99581e+00	4.75689e+00
8.05988e+00	-3.00498e+00	9.44045e+00	-1.19228e+00
8.84689e+00	-8.65035e-01	8.00112e+00	3.57608e+00
9.41730e+00	1.20838e-01	1.02673e+00	3.39093e+00
9.55800e+00	-1.19011e+00	6.31998e+00	-6.42219e-01
9.03756e+00	1.19145e+00	2.64662e+00	2.14947e+00
8.72690e+00	-2.39439e+00	3.31575e+00	-1.97011e+00
8.53691e+00	2.28461e+00	3.87864e+00	-2.01853e+00
9.92297e+00	2.95063e-01	1.55175e+00	-4.89930e+00
8.35060e+00	1.63260e+00	1.53984e+00	-3.44340e+00
8.74760e+00	-5.10723e-01	2.53031e-01	-3.71254e+00
9.25368e+00	9.17501e-01	9.31134e+00	-3.81425e+00
6.15079e+00	-7.44131e-02	6.30018e+00	1.99551e+00
9.57764e+00	5.56778e-01	6.58342e+00	4.44162e+00
9.18039e+00	1.30810e+00	2.65906e+00	-5.93982e-01
7.34862e+00	4.27393e+00	9.86536e+00	4.11549e+00
8.79325e+00	2.03942e-01	2.78700e+00	-3.78819e+00
7.20809e+00	6.75873e-01	9.94303e+00	-2.30382e+00
8.77990e+00	-3.81777e+00	4.78492e+00	-1.82784e+00
7.89148e+00	2.65919e+00	6.71538e+00	-2.63554e+00
9.69537e+00	4.50848e-01	1.45942e+00	-1.06049e+00
8.46194e+00	4.03046e+00	5.79733e+00	4.27693e+00
9.30264e+00	-4.52500e+00	5.14096e+00	4.85082e+00
8.92351e+00	1.04313e-01	8.11330e+00	-2.07155e+00
9.99447e+00	-1.96574e+00	9.90764e+00	3.38635e+00
7.19262e+00	-1.49156e+00	6.03461e+00	1.40356e+00
9.90426e+00	-2.89758e+00	9.18040e+00	-1.02774e+00
9.87658e+00	-2.31081e+00	2.62366e+00	-4.21871e+00
6.84264e+00	8.18227e-01	8.63356e+00	-2.17951e+00
8.29544e+00	1.05989e+00	5.52739e+00	-3.69760e+00
5.89428e+00	-1.70798e+00	9.91937e+00	2.94630e+00
8.44181e+00	2.49451e+00	6.48247e+00	1.86080e+00
8.95386e+00	4.08174e+00	6.17618e+00	1.00333e+00
8.63537e+00	2.44551e+00	5.70151e+00	-2.42640e+00
8.57802e+00	1.68744e+00	1.71738e-01	3.04888e+00
9.42384e+00	1.19822e+00	9.09379e+00	7.96475e-01
9.89486e+00	-1.07348e-01	9.41407e+00	-3.62358e+00
9.42396e+00	3.27487e+00	5.95866e+00	3.95325e+00
9.06285e+00	-4.12822e+00	1.54438e-02	-1.28986e+00
8.71772e+00	1.82671e+00	8.61798e+00	2.09560e+00
9.85858e+00	2.50551e+00	5.67423e+00	6.85189e-03
9.26870e+00	3.94415e+00	9.35647e+00	9.43129e-01
6.73257e+00	-3.63965e+00	1.88857e+00	-2.09804e+00
8.44763e+00	4.66685e+00	4.44026e+00	-3.43348e+00
8.67752e+00	-4.53707e+00	8.45841e+00	1.19967e+00
8.62175e+00	3.23121e+00	5.12106e+00	-4.45778e+00
9.53916e+00	-1.24384e+00	6.07315e+00	2.69225e+00
7.18723e+00	6.62915e-01	3.38339e+00	2.78825e+00
9.51931e+00	3.61878e+00	6.96218e+00	2.12060e+00
9.98743e+00	-4.49631e-01	2.10131e+00	-4.17329e+00
9.71571e+00	1.25954e+00	9.23876e+00	-4.13487e+00
9.67037e+00	4.21681e+00	9.63721e+00	2.24879e+00
6.57204e+00	-1.50368e+00	9.09625e+00	3.78645e+00
9.65956e+00	-2.67172e-01	7.26037e+00	2.44334e-01
9.53651e+00	4.90221e+00	4.66168e+00	1.64494e+00
9.91963e+00	2.68386e+00	7.46663e+00	4.26812e-01
9.08948e+00	-4.48641e+00	8.69308e+00	4.27929e+00
9.08545e+00	-4.83023e+00	6.73166e+00	-1.64953e+00
5.13778e+00	-2.04212e+00	4.80482e+00	5.16604e-01
8.15376e+00	4.58751e-01	9.30071e+00	2.63571e+00
9.77599e+00	9.08871e-01	9.87594e+00	3.54180e+00
8.04847e+00	-7.41203e-01	8.67096e+00	-2.50115e-01
8.01353e+00	2.05391e+00	6.38948e+00	-4.18928e+00
9.97891e+00	1.07974e+00	5.69352e+00	4.45418e+00
9.49881e+00	7.86133e-01	7.85142e+00	-2.76650e+00
9.55029e+00	3.04562e-01	8.70176e+00	-1.36230e+00
7.42886e+00	-2.99491e-01	7.37195e+00	-4.76602e+00
9.11984e+00	-1.47262e+00	6.38055e+00	2.91966e+00
9.76994e+00	-4.30809e+00	9.21741e+00	-8.14916e-01
9.62294e+00	1.88404e+00	1.11517e+00	3.53225e+00
9.45741e+00	2.88737e+00	3.37653e+00	3.16369e+00
9.86888e+00	-2.68101e+00	7.06934e+00	2.66859e+00
9.64175e+00	-3.52962e+00	8.61559e+00	4.41982e+00
