# No. of particles = 100 
# Proton - Solar wind	Electron - Solar wind	
8.73227e-02	-6.01000e-01	5.72597e-01	-2.64368e-01
9.21211e-01	5.30943e-01	8.82651e-01	-7.93240e-02
1.25690e-01	-9.07510e-01	6.23700e-03	-9.76775e-01
1.28449e-01	-5.51586e-01	5.56500e-01	6.94557e-01
3.61328e-01	3.58561e-01	1.09342e+00	-3.88443e-01
5.45137e-01	-1.23235e-02	5.83862e-01	-4.67405e-01
9.79868e-01	-1.11578e-01	3.39835e-02	-9.59640e-01
1.46917e+00	8.10788e-01	1.83623e+00	6.00675e-01
1.67088e-01	-9.41250e-01	7.57953e-01	7.32298e-01
1.01324e-01	-7.94615e-01	1.73516e+00	7.27864e-01
9.64857e-01	3.36100e-01	3.33508e-01	-7.01897e-01
9.85250e-02	-8.81627e-01	3.52104e-01	-7.24506e-01
5.81886e-01	-6.46237e-01	8.21284e-01	-3.39019e-02
7.32011e-01	9.51461e-02	1.72837e+00	-8.20123e-01
2.59533e-01	-1.96803e-01	2.43893e-01	-9.62606e-01
1.19739e-01	-9.10638e-01	2.94255e-01	6.11519e-01
1.92421e+00	3.27910e-01	3.64456e-01	-7.65744e-01
2.81227e-02	1.28670e-01	1.97482e+00	4.85847e-02
8.03204e-01	2.25691e-01	4.63320e-01	-4.63170e-01
2.75519e-01	-4.58706e-01	1.00693e+00	4.48445e-01
7.32107e-02	-9.78380e-01	1.95709e+00	8.86989e-01
2.38398e-01	-7.50392e-01	4.81778e-01	-8.99354e-01
1.54243e+00	-3.86199e-02	1.95104e-01	-8.20758e-01
1.56620e-01	-1.98929e-01	1.04352e+00	-7.34343e-01
1.07627e+00	-7.82252e-01	4.22423e-01	1.47738e-01
2.03022e-01	-4.27251e-01	2.01435e-01	-5.68924e-01
3.31812e-02	-7.84440e-01	1.46688e-01	-9.67764e-01
1.45403e+00	3.13122e-01	8.62572e-01	1.21181e-01
9.19877e-01	-6.87125e-01	9.32055e-01	8.42436e-01
1.24389e+00	-4.89094e-01	1.01851e+00	3.83111e-01
8.15102e-01	4.10575e-01	1.83941e+00	-7.76359e-02
9.59183e-01	-6.66976e-01	1.56218e+00	8.93118e-01
4.53756e-01	1.48197e-01	3.33504e-01	3.10040e-02
2.45952e-01	-4.43950e-01	1.50992e+00	5.14514e-01
1.77076e+00	5.10090e-01	1.46545e+00	-4.78048e-01
9.67478e-01	-3.12177e-01	1.18577e+00	8.16470e-01
5.00676e-01	-8.63940e-01	5.37777e-01	-5.56852e-01
2.42343e-01	5.21179e-01	6.47496e-02	-7.57205e-01
3.00654e-01	4.75188e-01	9.77703e-02	-3.90201e-01
4.91789e-01	-3.36462e-01	1.15143e+00	-5.40021e-02
1.10752e+00	-6.27164e-01	1.69191e+00	8.72046e-02
9.14729e-01	-7.54790e-01	5.19668e-01	4.13133e-01
7.55670e-01	8.19926e-01	5.77522e-01	-8.74454e-01
5.17982e-01	6.97607e-01	9.57854e-02	-9.07741e-01
2.06872e-01	-2.13165e-01	1.68621e+00	1.03837e-01
5.83512e-01	-6.20073e-01	3.10631e-02	-9.77810e-01
8.43921e-01	-3.85619e-01	1.61715e+00	2.40318e-01
1.30843e+00	-4.53882e-01	5.12588e-01	-7.15553e-01
1.33552e+00	7.45604e-01	9.22970e-01	-6.89365e-01
1.48012e+00	-1.35185e-01	1.88154e+00	-3.28215e-01
4.86955e-01	4.30276e-01	8.36306e-01	9.10994e-03
6.37171e-01	-5.66389e-01	1.31989e+00	1.04245e-01
8.43950e-01	5.14980e-01	3.09864e-01	-2.08023e-01
7.12659e-01	7.07823e-02	8.60968e-01	-1.14746e-01
8.04443e-01	-5.01495e-02	7.79195e-01	4.22494e-01
1.48368e+00	-4.37431e-01	1.46544e+00	-4.90580e-01
1.18004e+00	-2.32972e-01	5.67749e-03	-7.99643e-01
1.41730e+00	-9.46714e-02	7.92113e-02	-8.99578e-01
1.09694e-01	1.41202e-01	9.27075e-01	-5.97345e-01
1.28558e-01	-9.19647e-01	6.64452e-01	-1.12059e-01
4.82836e-02	-6.99573e-01	2.53661e-01	-8.23784e-01
6.55439e-01	9.37018e-01	1.24793e+00	8.24664e-01
1.02547e+00	-2.73377e-01	1.93109e-01	-6.41368e-01
7.46945e-01	-2.94247e-01	1.65147e+00	7.48009e-01
8.25964e-01	-8.00559e-01	1.18301e+00	-2.89161e-01
1.94206e-01	-4.22862e-01	1.68177e+00	-6.97507e-01
2.33746e-01	4.49799e-01	3.46502e-01	-2.52121e-01
2.23255e-02	-9.20871e-01	5.63269e-02	-7.93893e-01
3.78504e-01	-3.20715e-01	2.23244e-01	-2.16329e-01
1.11918e+00	4.10196e-01	5.63774e-01	2.60168e-01
3.29187e-01	-8.02578e-02	1.25482e+00	-1.08389e-01
1.70198e+00	4.52433e-01	5.44534e-01	7.76502e-01
1.15057e+00	2.37284e-01	1.02001e+00	-7.56457e-01
6.70057e-02	-9.98350e-01	1.62460e-02	-9.54252e-01
3.39131e-01	-7.52944e-01	9.07160e-01	-6.57968e-02
3.94822e-02	-2.44127e-01	1.24690e+00	3.06814e-01
3.60629e-02	-3.54766e-01	6.13876e-01	1.00256e-01
1.81169e+00	-7.33009e-02	1.86947e+00	3.34489e-01
1.39681e+00	6.03101e-01	3.11919e-01	-8.20502e-01
3.63504e-01	-1.50750e-01	5.56826e-01	-3.63710e-01
1.39067e-01	-9.85918e-01	5.66829e-01	-3.89893e-01
1.96821e+00	-1.51001e-01	1.04142e+00	8.67378e-01
3.83630e-01	-5.88289e-01	1.58731e-01	7.63861e-01
2.91036e-01	-5.06360e-01	1.31921e+00	7.08057e-01
6.85092e-03	5.40991e-01	1.25407e-01	-9.35779e-01
1.22103e-01	-4.33141e-01	1.78255e-01	-8.37538e-03
1.53814e-01	-7.38027e-01	7.28155e-01	-7.73680e-01
1.24943e-01	5.14366e-01	1.74698e+00	4.42570e-01
9.24316e-02	-2.84642e-01	1.38555e+00	9.79382e-02
8.61147e-01	-8.37479e-01	1.93488e+00	-5.58551e-01
7.48601e-02	-9.11643e-01	2.20328e-01	4.59472e-01
7.03363e-01	4.54583e-01	3.06014e-01	5.18106e-01
3.15078e-01	-4.27831e-01	4.76399e-02	2.47755e-01
8.02482e-01	-1.71813e-02	4.88763e-01	9.63602e-01
1.34281e-01	6.80363e-01	1.10911e-01	-9.86790e-01
1.10041e+00	5.95463e-01	5.48245e-01	5.01238e-01
1.08320e+00	5.30495e-01	1.58282e-01	-9.22902e-01
7.79988e-01	-6.27582e-01	1.37544e+00	-4.64737e-01
6.17629e-01	1.81879e-01	6.98922e-01	2.55127e-01
2.53502e-01	-9.68825e-01	6.94712e-01	4.92527e-01
