# No. of particles = 100 
# Proton - Solar wind	Electron - Solar wind	
1.05680e+00	4.24570e-01	3.72176e-01	-2.67808e-01
2.15702e-01	-7.84060e-01	1.22697e+00	-7.99326e-01
1.96077e+00	5.71229e-01	3.89035e-02	-9.85472e-01
7.96554e-01	-4.99037e-01	2.46078e-01	7.12297e-01
6.07125e-01	-6.68325e-01	1.48448e+00	-2.72667e-01
1.95312e+00	-2.34803e-01	1.02056e-01	-7.99726e-01
7.35142e-02	-9.68028e-01	3.54283e-01	2.25340e-01
2.46441e-03	-5.31483e-01	2.14716e-01	-6.40352e-01
3.22241e-01	-9.57520e-01	6.80736e-01	-9.55726e-01
4.91757e-07	-9.61535e-01	3.14070e-01	-4.62861e-01
4.74260e-01	5.79191e-01	4.73949e-02	-9.12849e-01
1.27492e+00	6.53867e-01	4.52119e-01	2.13403e-01
1.80781e+00	1.45258e-01	5.89766e-01	-9.74545e-01
3.59329e-01	-6.14504e-01	3.14633e-02	-9.93748e-01
1.43120e+00	-7.83337e-01	9.57208e-01	-9.27213e-02
2.28183e-01	-8.17486e-01	2.62419e-01	-5.50237e-01
2.84102e-01	9.75599e-01	7.81002e-01	-5.59429e-01
1.81216e-01	-6.90724e-02	1.05897e+00	-7.50225e-01
6.45171e-01	-7.86360e-01	9.58012e-01	-6.40325e-01
1.65096e+00	9.10193e-01	1.32378e+00	3.72156e-01
1.00759e+00	-5.22221e-01	1.44680e-01	-6.95726e-01
7.62751e-02	-8.28826e-01	9.59539e-01	-2.68727e-01
2.81101e-01	-9.13899e-01	2.26784e-01	2.11362e-01
2.09854e-01	-7.91974e-01	1.18176e+00	-7.42514e-01
4.03445e-01	-8.50250e-01	1.34840e+00	-7.54803e-01
3.97801e-01	-5.89115e-01	6.57122e-01	-5.10000e-01
6.73000e-01	5.40654e-01	6.59818e-01	-6.84913e-01
8.99505e-01	1.85108e-01	1.10083e+00	3.39722e-01
1.75508e-01	-9.58317e-01	1.41130e+00	7.80756e-01
1.19093e-01	-7.80236e-01	1.32146e-01	-8.06939e-01
2.42899e-01	-7.42939e-01	1.67643e-02	-7.20666e-01
6.73658e-02	-9.98766e-01	2.97966e-01	-8.84015e-01
5.22294e-01	-2.44802e-01	1.06772e+00	-2.68487e-01
2.59956e-01	5.69834e-01	1.96874e+00	-9.76007e-01
2.61927e-01	-4.84478e-01	1.01075e+00	-6.34745e-01
8.66102e-01	-8.21665e-01	1.09679e-02	-6.23548e-01
5.93596e-01	5.64721e-01	1.39267e+00	4.12368e-01
1.45520e+00	-6.98864e-01	1.44313e-02	-9.80952e-01
1.26026e+00	-7.97081e-01	1.73925e+00	-6.86231e-01
1.73443e+00	3.01345e-01	1.80134e+00	-1.53015e-01
1.89751e+00	-4.37314e-01	1.20434e+00	2.05480e-01
9.52109e-01	7.05243e-01	1.35129e+00	6.97830e-02
6.65053e-01	-4.95977e-02	2.79495e-01	-4.47169e-02
6.03885e-01	-2.84134e-01	8.41663e-01	-1.92118e-01
1.26864e+00	5.06851e-01	7.72971e-01	-6.52081e-01
2.37622e-01	-7.02543e-01	5.64949e-01	1.44895e-01
1.51237e-01	-7.76050e-01	1.78717e+00	5.33423e-01
8.78875e-02	-9.12169e-01	1.10525e+00	7.16541e-01
3.00856e-01	3.42919e-01	9.48869e-01	-8.60565e-01
2.43973e-02	-3.25751e-01	1.77570e+00	6.04244e-01
1.56368e+00	-4.38948e-02	1.28862e-01	-7.24266e-01
3.02266e-01	-3.91488e-01	6.68339e-02	-6.07097e-01
5.64609e-02	-9.21618e-01	1.05359e+00	2.82618e-01
2.42780e-01	-6.42169e-01	4.98998e-01	-4.17098e-01
2.28614e-01	-6.04032e-01	6.79959e-01	-1.15105e-01
1.64014e+00	-9.34531e-01	1.87094e+00	-7.21593e-01
2.02688e-01	7.38012e-01	1.37006e+00	2.23926e-01
4.26227e-03	-9.68447e-01	5.13807e-01	3.56985e-01
1.83402e+00	-8.16464e-01	2.13497e-01	2.22095e-02
7.47878e-01	-1.69940e-01	9.47078e-01	-2.80778e-01
4.93236e-01	-2.65602e-01	3.60826e-01	-8.18656e-01
1.66354e+00	1.29615e-01	1.55769e+00	-4.05601e-01
8.74529e-01	7.23397e-01	1.10914e+00	5.97763e-01
1.90928e-02	-9.65530e-01	1.91588e+00	-4.66150e-01
6.56623e-02	-6.52184e-01	1.11679e-01	-4.22039e-01
9.59665e-01	-4.64170e-01	9.83020e-01	-3.93544e-01
1.81113e+00	3.80645e-01	5.11880e-01	-7.47678e-01
8.20971e-01	4.50990e-01	7.47705e-01	-9.28947e-01
6.30871e-01	4.57208e-02	1.75477e+00	1.26217e-01
1.50994e+00	1.13394e-01	1.60551e-01	-1.26453e-02
6.19587e-01	-1.07575e-02	1.32124e+00	-6.15668e-02
1.08990e+00	-3.92306e-01	4.58984e-01	-2.12878e-01
5.88113e-01	1.41220e-01	1.17460e-02	4.32591e-02
7.57543e-02	-2.58556e-01	6.99667e-01	1.23029e-02
7.13792e-01	-3.67085e-01	1.57307e+00	-6.99114e-01
1.58425e-01	2.95755e-01	6.32870e-01	1.87812e-01
3.54482e-01	-3.14836e-01	1.86842e+00	8.16104e-01
9.96549e-02	-5.78914e-01	5.64783e-01	-4.59961e-01
1.20940e+00	7.71700e-01	1.95101e+00	6.83910e-01
1.35250e-01	-5.71727e-01	1.04450e-01	-9.85735e-01
4.64758e-01	9.68678e-01	1.45057e-01	6.81978e-01
7.27174e-01	9.14678e-01	3.52340e-01	3.57117e-01
1.61353e+00	8.00791e-01	1.26393e+00	2.99868e-01
4.28874e-01	-8.98681e-01	1.65695e+00	-4.73716e-01
1.04289e-01	-7.07201e-01	3.42649e-01	2.80747e-02
3.67956e-01	4.77115e-01	7.13573e-01	-7.17704e-04
5.05593e-01	-2.31772e-01	8.72767e-01	-5.68697e-01
1.56123e+00	-7.89668e-01	2.42050e-01	3.55563e-01
6.91799e-01	-6.70104e-01	7.16841e-01	5.21593e-01
6.93019e-01	-9.39239e-01	4.02613e-01	-5.91521e-01
1.78209e-01	-4.97596e-01	1.21825e-01	5.53932e-01
2.04024e-02	-9.10372e-01	2.07026e-01	2.25398e-01
7.99993e-01	6.31253e-01	1.16372e+00	7.72820e-01
6.32096e-01	-8.22617e-05	8.70324e-02	-7.40238e-01
1.75931e+00	1.50759e-01	1.45782e+00	7.25489e-01
9.24318e-01	2.01702e-01	3.04565e-01	-4.46929e-01
9.98697e-03	8.19464e-02	5.90481e-01	-2.38562e-01
6.44765e-01	9.27679e-01	5.61763e-01	-8.26843e-01
1.26684e-01	-4.73634e-01	7.66754e-01	3.59632e-01
1.93530e+00	-5.53963e-01	5.17649e-01	2.94365e-01
