# No. of particles = 100 
# Proton - Solar wind	Electron - Solar wind	
1.08037e+00	-2.79216e+00	3.69546e+00	-5.07840e-01
6.12423e-01	-1.87277e+00	4.99226e+00	-3.21377e+00
2.46228e-01	-4.08509e+00	7.19644e+00	1.14432e+00
2.00972e-01	2.16208e+00	9.70021e+00	-9.38175e-02
1.02240e-01	-1.66140e+00	9.27251e+00	2.54190e+00
1.01882e-01	-3.13030e+00	1.03144e+00	-1.04200e+00
1.06932e-01	-2.83074e+00	9.41508e+00	-4.87326e+00
1.05417e-01	2.22965e+00	1.63632e+00	-2.80146e+00
4.12422e-02	-4.69649e+00	4.85705e+00	-2.34178e+00
7.49027e+00	-2.67661e+00	1.97622e+00	-2.13425e-01
8.17640e+00	-9.73118e-01	7.13446e+00	1.52049e+00
8.65853e+00	-5.40372e-01	1.98365e+00	8.74006e-01
9.01885e+00	-1.59757e-01	8.18152e+00	-3.70702e+00
9.94483e+00	-2.20900e+00	4.87519e+00	9.30335e-01
9.18271e+00	-1.50853e+00	4.93000e+00	-2.58393e+00
8.63369e+00	2.28806e+00	5.68165e+00	-1.62102e+00
7.57938e+00	-3.25581e+00	6.93877e+00	6.19784e-01
9.85412e+00	2.09950e+00	7.65871e+00	4.26652e+00
8.92304e+00	3.87824e+00	1.59430e+00	3.04017e+00
9.19232e+00	-3.63004e+00	6.34396e+00	2.33204e+00
7.57911e+00	1.45469e+00	8.84062e+00	1.99564e+00
5.19475e+00	-2.28182e+00	5.27120e+00	-7.81099e-01
8.74916e+00	3.11190e+00	3.57535e-01	-4.57948e+00
7.29931e+00	-9.21490e-01	9.46428e+00	1.09215e+00
7.42657e+00	3.06850e+00	2.04148e+00	8.93614e-01
9.51344e+00	-3.62301e+00	7.22519e+00	-3.59613e+00
8.34013e+00	1.76097e+00	8.01890e+00	-1.15066e+00
8.04546e+00	4.38195e+00	8.95376e+00	-4.17221e+00
9.26150e+00	1.94215e+00	8.75752e-01	-4.73050e+00
8.72417e+00	5.83720e-01	9.56793e+00	-3.07475e+00
9.50062e+00	2.44955e-01	6.84825e+00	4.54339e+00
8.10516e+00	7.32472e-01	8.27162e+00	2.12419e-01
5.31550e+00	-3.70752e+00	9.04833e+00	-4.65639e-02
8.34538e+00	-2.93475e+00	9.22851e+00	-2.07372e+00
6.18519e+00	-3.06670e+00	1.75376e+00	-3.41134e+00
6.16250e+00	-6.69742e-01	9.52208e+00	-2.57682e+00
8.05574e+00	-1.86966e+00	4.00282e+00	4.82129e+00
8.99226e+00	3.33167e+00	7.77524e+00	2.16718e+00
9.35135e+00	-1.25612e+00	4.23220e+00	1.58122e+00
8.93913e+00	7.18571e-02	9.65271e+00	-6.61890e-01
6.85792e+00	-3.00851e+00	9.51682e+00	1.89173e+00
8.60407e+00	-7.77692e-02	5.83309e+00	-1.43966e+00
8.60864e+00	2.10168e+00	7.39727e+00	4.54535e+00
8.21975e+00	2.12142e+00	6.03140e+00	2.54256e+00
9.54954e+00	-1.67546e+00	8.48735e+00	-4.29316e+00
9.93920e+00	4.65970e+00	3.91947e+00	4.12730e+00
9.56482e+00	3.37817e+00	9.76535e+00	1.68397e+00
9.86832e+00	1.70018e+00	5.27945e+00	-3.36374e+00
7.61152e+00	-1.18923e+00	9.20754e+00	1.89680e-01
5.64881e+00	2.26970e-01	3.53799e+00	2.49716e+00
8.14511e+00	2.27180e+00	9.27721e+00	2.62199e+00
8.02352e+00	1.95595e+00	8.34661e+00	-3.57849e+00
7.28599e+00	9.92583e-01	7.81800e+00	-1.83650e+00
5.90634e+00	-1.59285e+00	9.66371e+00	-3.02740e+00
9.92647e+00	5.72821e-01	8.43548e+00	-4.13007e+00
7.59129e+00	1.45403e+00	5.15397e+00	4.34832e+00
9.40784e+00	-4.29697e+00	6.52487e+00	-3.27178e-02
8.76829e+00	-2.90439e+00	6.76378e+00	2.08207e+00
9.14957e+00	3.37968e+00	1.42443e+00	-4.88018e+00
8.12794e+00	3.46899e-01	8.91800e+00	6.23806e-01
9.78780e+00	-2.96214e+00	1.13206e+00	-1.01473e+00
6.66455e+00	-6.00542e-01	2.50802e+00	-4.81235e-01
9.05235e+00	2.24514e+00	6.09834e+00	2.93335e+00
9.17519e+00	-3.98217e+00	7.25864e+00	-1.28163e+00
6.98353e+00	-3.49363e+00	8.60675e+00	-4.48118e+00
9.20602e+00	3.63904e+00	7.64711e+00	1.18506e+00
9.13986e+00	5.52481e-01	5.92602e+00	-3.26844e+00
7.76541e+00	1.88003e+00	6.86019e+00	3.56868e-01
7.07417e+00	-3.34221e-01	7.96528e+00	1.48599e+00
9.33954e+00	-2.28005e+00	3.74890e+00	4.72431e+00
6.40818e+00	-4.42887e+00	7.88699e-01	-2.74361e+00
9.91770e+00	5.07885e-01	6.47070e+00	-3.45578e+00
7.99017e+00	3.07336e-01	1.86032e-01	4.00948e+00
5.79059e+00	-3.47187e-01	5.53267e+00	-2.23396e+00
6.09168e+00	-2.10827e+00	7.97647e+00	-4.92549e+00
9.99806e+00	-2.32760e+00	2.43499e+00	-4.37292e+00
9.36854e+00	-1.47281e+00	4.98623e+00	-3.10706e+00
7.89250e+00	-7.64327e-01	8.48842e+00	-3.19355e+00
9.91350e+00	-2.42413e+00	2.66391e+00	-1.96286e-02
6.65159e+00	-3.25213e+00	2.96281e+00	3.67026e+00
9.11455e+00	4.65511e+00	6.77312e+00	-1.32222e+00
8.25126e+00	-3.88187e-01	8.36192e-01	7.74357e-01
5.06404e+00	7.33832e-01	5.40228e+00	1.34142e+00
6.84495e+00	2.12148e+00	6.61426e+00	-2.00915e+00
7.63798e+00	1.37243e+00	5.64057e+00	-3.01353e+00
9.99872e+00	-3.70429e-01	9.28708e+00	3.10553e+00
9.83309e+00	-8.46923e-01	9.88768e+00	1.15730e+00
6.62811e+00	2.72369e+00	5.85920e+00	1.36790e-01
8.90358e+00	-3.54304e+00	3.24546e+00	2.87286e+00
8.34537e+00	-5.38274e-01	8.04964e+00	4.98829e-01
6.40245e+00	-3.89370e+00	7.66847e+00	-2.17019e+00
8.92449e+00	1.75564e+00	2.08895e+00	-4.48660e+00
9.74527e+00	-4.86162e+00	8.99640e+00	-1.60800e-01
8.32634e+00	-2.33008e+00	1.90740e+00	-2.87200e-01
8.57345e+00	-1.79862e+00	4.54811e+00	6.17424e-01
8.31921e+00	3.79190e+00	9.95564e+00	-1.12318e-01
9.39538e+00	-3.68605e+00	3.38140e+00	2.86634e+00
9.64424e+00	1.82801e+00	1.40145e+00	-3.37432e+00
8.04357e+00	-4.62860e-01	5.21235e+00	-1.11034e+00
5.79213e+00	-1.28924e+00	8.46204e+00	-3.50823e+00
