# No. of particles = 100 
# Proton - Solar wind	Electron - Solar wind	
9.15588e+00	1.43044e+00	3.13004e+00	-1.85356e+00
1.21742e+00	-4.34198e+00	6.25303e+00	-3.58122e+00
5.68593e-01	2.31609e+00	2.08118e+00	-1.25738e+00
3.65117e-01	-1.03347e-02	2.89897e+00	1.35259e+00
2.83964e-01	-2.09674e+00	1.02080e+00	4.28218e+00
2.57085e+00	4.99538e+00	3.31812e+00	4.30419e+00
4.39866e-02	4.63578e+00	6.74658e+00	3.36901e+00
7.99043e+00	2.68816e+00	2.76799e+00	-3.73947e+00
7.20020e+00	-4.16682e+00	8.38136e+00	-3.61027e+00
8.82672e+00	-4.07004e+00	7.85993e+00	-4.65646e+00
5.21939e+00	-1.64639e+00	5.66987e+00	4.96779e+00
9.41953e+00	3.19847e+00	8.86499e+00	4.97902e+00
9.45984e+00	-2.09672e+00	7.41510e+00	4.95956e+00
8.57253e+00	-3.03073e+00	3.95214e+00	4.97419e+00
8.86914e+00	-4.57879e+00	5.44554e+00	-4.91705e+00
8.29249e+00	3.36722e+00	2.26940e+00	-1.25462e+00
6.04896e+00	-1.65747e+00	5.16013e+00	-2.22049e+00
6.23306e+00	-5.41865e-01	8.82176e+00	4.66138e+00
8.60560e+00	4.61344e+00	7.96478e+00	3.78635e+00
9.42925e+00	-4.17963e+00	9.49137e+00	-2.17160e+00
9.48780e+00	3.09116e+00	7.57006e+00	2.07115e+00
7.40008e+00	-1.86232e+00	4.60941e+00	-1.20438e+00
9.28827e+00	-1.63647e-01	8.42793e+00	-3.28103e+00
8.24327e+00	1.11364e+00	5.13202e+00	-2.03129e-01
9.21736e+00	1.26624e+00	4.98909e+00	1.18932e+00
9.80378e+00	-7.02600e-01	2.61692e+00	2.85208e+00
9.58752e+00	-4.39195e+00	7.00175e+00	4.17250e+00
7.72333e+00	-1.60504e+00	7.50160e+00	-2.71753e+00
7.62002e+00	-3.81462e+00	1.49080e+00	-8.63384e-01
8.74924e+00	-4.89631e+00	2.12595e+00	2.42353e+00
9.09568e+00	4.99142e-01	9.16310e+00	-1.14055e+00
8.97882e+00	-3.74683e+00	9.41332e-02	-1.82705e+00
7.41458e+00	-3.58421e+00	5.72465e-01	-6.60305e-01
8.10153e+00	-3.77243e+00	8.68332e+00	2.34250e+00
6.79806e+00	-9.23282e-01	3.87206e+00	2.58243e+00
9.74554e+00	-4.72990e+00	4.79915e+00	1.11881e+00
4.77444e+00	4.50938e+00	8.66675e+00	3.69881e+00
9.35256e+00	-2.85037e+00	1.10273e+00	-4.99070e+00
9.50102e+00	-6.87251e-01	8.35786e+00	1.72830e+00
7.16530e+00	1.23448e+00	7.68500e+00	-3.54305e+00
8.43744e+00	1.65598e+00	4.65243e+00	3.77476e+00
8.51949e+00	1.24977e+00	5.62004e+00	-6.35634e-01
6.27027e+00	-4.37922e-02	7.75329e+00	2.40105e+00
9.30369e+00	-1.66069e+00	9.16835e+00	3.26433e+00
6.69546e+00	-2.61698e+00	1.64679e+00	3.80027e+00
8.89396e+00	4.61464e+00	4.13094e+00	-2.62938e+00
9.52695e+00	-2.62053e+00	3.93491e+00	1.98922e-01
5.03569e+00	-3.11700e+00	9.65258e+00	3.64618e+00
9.92527e+00	4.01111e-01	6.26439e+00	2.00978e+00
8.77030e+00	2.22422e+00	6.93765e+00	-4.52007e+00
7.07013e+00	7.71093e-01	9.28799e+00	-3.11776e+00
9.83011e+00	3.48945e+00	7.72167e+00	4.97280e+00
9.27732e+00	-8.14990e-01	1.63235e+00	-2.67882e+00
8.90280e+00	7.96757e-01	4.70195e+00	-1.24870e+00
9.32458e+00	-3.22353e+00	5.17638e-01	4.21235e+00
9.62986e+00	3.21833e+00	2.04311e+00	-2.24489e+00
9.52213e+00	-3.07376e+00	9.08578e+00	-2.91223e+00
9.65121e+00	-5.25197e-02	5.37449e+00	2.75002e-01
9.83674e+00	-1.83651e+00	2.46539e+00	-3.25148e+00
9.26204e+00	1.58923e+00	3.05145e+00	2.64785e+00
7.82865e+00	-4.34225e+00	2.21630e+00	-9.10770e-02
8.01237e+00	-1.71397e+00	9.59978e+00	-2.91773e+00
6.40515e+00	-1.92904e+00	3.36105e+00	-1.25341e+00
9.00505e+00	-3.01262e+00	2.68280e+00	4.10166e-01
9.49391e+00	6.69824e-01	3.66956e+00	-3.18508e+00
9.55164e+00	-2.30023e+00	5.81250e+00	4.56775e+00
9.78376e+00	4.85377e+00	5.97176e+00	-5.54436e-01
8.17982e+00	1.72981e+00	9.37682e+00	-2.07395e+00
9.18124e+00	1.23112e+00	9.87736e+00	-3.40369e+00
9.48547e+00	2.02926e+00	5.99889e+00	1.16209e+00
3.95450e+00	-3.30334e+00	1.53507e+00	-3.08663e-01
9.81177e+00	2.24249e-01	5.61476e+00	-1.37946e+00
6.95241e+00	2.29811e+00	8.86754e+00	-2.75825e+00
9.24555e+00	-4.58055e+00	8.13521e+00	-2.25578e+00
6.82934e+00	-1.87240e+00	6.94436e+00	1.49452e+00
9.05784e+00	-2.14986e+00	2.20067e+00	-9.89401e-02
6.78344e+00	-4.53290e+00	7.88819e+00	-1.00912e+00
9.56548e+00	2.86672e+00	2.59022e+00	3.87844e+00
7.78205e+00	-7.42560e-01	7.29127e+00	9.99510e-01
9.89165e+00	-3.06618e+00	9.31651e+00	-2.06630e+00
9.79143e+00	1.91597e+00	7.93383e+00	4.87456e+00
9.38788e+00	7.20647e-01	4.71669e+00	1.75015e+00
8.64760e+00	4.36215e+00	5.08220e+00	6.34625e-01
9.84780e+00	1.69369e-01	8.53166e+00	-8.93002e-01
8.53571e+00	2.28938e+00	1.65938e+00	-3.28915e-01
8.48040e+00	-3.62699e+00	7.53992e+00	4.01564e+00
7.46563e+00	9.77858e-01	2.11635e+00	2.20133e+00
8.62058e+00	8.98424e-01	2.72826e+00	2.09315e+00
8.97634e+00	-2.43240e+00	9.08690e+00	-3.74785e+00
8.83019e+00	1.64814e-02	3.17745e+00	2.86659e+00
9.71546e+00	1.18908e+00	1.46969e+00	4.54740e+00
9.93037e+00	4.64248e+00	9.78221e+00	-1.56071e-01
9.97762e+00	-2.98768e+00	6.22134e+00	2.70548e+00
9.61389e+00	-2.53451e+00	9.25098e+00	3.09840e+00
8.87535e+00	-5.43113e-01	5.06634e+00	-8.65500e-01
9.22334e+00	2.69166e-01	4.71409e+00	4.26481e+00
9.10576e+00	-3.36884e+00	6.23604e+00	3.58357e+00
4.99370e+00	3.55482e+00	3.15135e+00	-2.35381e-01
8.37685e+00	1.42848e+00	2.22574e+00	-3.75331e+00
9.96660e+00	1.60275e+00	2.20157e+00	2.41885e+00
