# No. of particles = 100 
# Proton - Solar wind	Electron - Solar wind	
6.52521e-01	-5.69297e-01	3.95583e-01	1.32747e-02
6.76099e-01	-7.38464e-01	2.48087e-01	-7.58020e-01
1.32173e-01	-2.34428e-01	8.72282e-01	-7.03496e-01
7.96931e-01	3.81473e-01	1.94197e+00	7.32399e-01
1.56597e+00	3.44494e-01	9.49271e-01	1.13071e-01
3.89885e-01	8.16321e-01	1.41616e+00	9.78043e-01
1.85064e+00	2.73279e-01	1.33764e-01	-6.68736e-01
4.38417e-01	4.55501e-01	5.11613e-01	-4.83769e-01
1.57516e+00	-2.59427e-01	5.67715e-01	-1.25245e-01
1.04981e+00	6.90966e-01	9.86008e-01	7.28573e-01
1.61294e+00	7.03474e-01	9.81428e-01	-9.77470e-01
1.90078e+00	6.61379e-01	1.36297e+00	-1.06888e-01
1.60923e+00	-6.78728e-01	1.27201e-01	-9.35664e-01
5.32812e-01	-1.90241e-01	5.55701e-01	1.88826e-01
9.12026e-01	-3.12578e-02	9.42313e-01	-3.49133e-01
3.93838e-01	-5.99540e-01	7.41661e-01	-4.22471e-01
1.70424e-01	-8.65497e-01	2.25963e-01	-1.58291e-02
9.43712e-01	-5.45430e-02	1.71000e+00	1.75279e-01
1.98835e-02	-9.30193e-01	4.20080e-01	-6.25491e-01
1.70302e+00	-9.61225e-01	4.57172e-01	2.98006e-02
8.73320e-01	-1.13941e-01	1.02032e+00	-3.17790e-01
5.43267e-01	-3.00085e-01	1.07973e-01	-9.62971e-01
1.38247e+00	-5.94128e-01	8.88284e-02	-9.45624e-01
1.39022e+00	2.80563e-01	1.79386e+00	-8.33767e-01
1.18726e+00	-7.54087e-01	7.39920e-01	7.05520e-01
7.36327e-03	-9.41420e-01	1.81567e+00	-8.14297e-01
1.47312e-01	-6.50457e-01	8.77523e-01	-1.14711e-01
1.93678e-01	-8.69778e-01	3.45304e-01	-9.56745e-01
6.97515e-01	6.60550e-01	1.82431e+00	5.44847e-01
5.32464e-01	3.92855e-01	1.60154e+00	3.96545e-01
1.60030e-01	-7.92836e-01	1.80792e+00	9.25010e-01
4.66292e-02	6.93461e-01	1.11872e-03	-1.24777e-01
4.61179e-01	-2.99466e-01	1.85213e+00	8.80062e-01
5.99732e-01	3.39194e-01	2.00837e-01	5.63078e-02
5.23964e-01	-4.64287e-01	6.18680e-02	-9.14058e-01
1.84897e+00	1.17382e-01	5.81535e-01	-5.60072e-01
3.53211e-01	1.57709e-01	6.78338e-01	-1.89990e-01
6.30563e-01	-6.44732e-01	2.13683e-01	-8.85895e-01
1.49851e+00	-4.84696e-01	3.41779e-01	-2.29594e-01
1.17451e+00	-1.46567e-01	9.16501e-01	-4.80920e-01
7.15895e-01	-5.45901e-01	1.07452e+00	-1.99704e-01
2.76125e-01	4.74193e-01	7.59487e-02	-8.95719e-01
1.42831e-01	-7.69618e-01	1.90567e+00	-8.96985e-02
1.17669e-01	-8.09388e-01	1.89094e-01	-2.59759e-01
5.47863e-03	-9.98358e-01	5.04367e-01	-9.40712e-01
1.46706e+00	-3.27411e-01	1.33182e+00	2.63809e-01
4.62715e-01	-4.09773e-01	1.19967e+00	2.60069e-01
9.89790e-01	-3.71773e-01	6.42485e-01	-1.73464e-01
1.99125e+00	3.86326e-01	1.53189e+00	-6.85281e-03
9.67758e-03	-9.99572e-01	1.46913e+00	1.97091e-01
1.81040e-01	-7.96685e-01	1.34633e+00	3.51248e-01
1.32663e+00	-2.43521e-01	8.67178e-02	-5.80752e-01
3.15491e-01	9.19100e-01	1.01750e+00	-5.14512e-01
4.03088e-02	-1.01876e-01	5.36917e-01	-2.91745e-01
4.45495e-02	1.98033e-01	1.82435e+00	1.66083e-01
1.71760e+00	3.19740e-02	1.37897e-01	-2.39668e-01
1.50398e+00	3.43381e-01	3.40627e-02	-9.97266e-01
3.22373e-01	-6.98606e-01	8.98206e-01	5.77082e-01
1.30507e+00	-2.24380e-01	1.97249e+00	6.27561e-01
4.19501e-01	-3.67895e-02	1.29309e+00	7.70576e-01
8.05973e-01	6.59973e-01	1.23278e+00	-6.05821e-01
2.55525e-01	-6.98907e-01	8.42229e-01	-9.26036e-01
8.43518e-01	-9.39803e-01	8.98352e-01	7.70026e-01
1.52151e+00	1.65380e-02	1.87244e+00	-5.42038e-01
9.75658e-01	8.01971e-02	1.49192e+00	8.52981e-01
3.76285e-02	-5.71074e-01	8.29445e-01	-6.34569e-01
1.08331e+00	-4.06646e-01	1.57422e+00	-7.54729e-01
3.48261e-01	-8.95268e-01	1.26331e+00	1.48458e-01
9.77696e-01	-3.88118e-02	6.61861e-01	5.23014e-01
3.12685e-01	-7.15289e-02	7.61527e-01	-9.55283e-01
7.20703e-01	-3.17557e-01	7.69887e-01	8.95360e-01
1.02211e+00	3.18729e-01	6.82056e-01	-1.93229e-01
2.62508e-01	4.40363e-02	5.04518e-01	8.89948e-01
2.88865e-01	-4.79672e-01	1.53449e+00	9.49756e-02
3.49728e-02	-9.88612e-01	1.07219e+00	-5.14777e-01
1.08985e-01	-8.82103e-01	1.78994e+00	-1.00002e-01
4.55081e-01	4.30177e-01	1.83491e+00	4.56745e-01
2.63382e-01	2.84921e-01	4.50699e-01	-3.96861e-01
1.13616e-01	3.35769e-01	9.95200e-01	8.29246e-01
6.45635e-03	-9.32336e-01	1.09838e-01	3.51111e-01
4.49869e-01	-4.11144e-01	1.35741e+00	4.93717e-01
1.07216e-01	5.01309e-01	7.05610e-01	5.54606e-01
3.02001e-01	-4.72606e-01	2.05365e-01	-8.01947e-01
1.68465e+00	3.38108e-01	1.86789e+00	6.84686e-01
2.50803e-01	-6.94160e-01	3.67023e-01	-7.16320e-02
8.54453e-01	-9.05434e-01	5.84508e-03	-9.89210e-01
6.03267e-02	-7.54088e-01	1.31290e+00	2.92437e-01
1.17912e+00	6.85263e-01	1.27303e+00	6.65949e-01
1.05731e+00	2.99463e-01	1.91877e+00	3.07780e-01
8.90707e-03	2.38768e-01	1.34746e+00	9.85992e-01
2.19703e-01	9.59390e-01	1.78008e+00	2.19966e-01
2.51881e-01	7.91894e-01	1.51784e+00	-1.68435e-01
1.58635e+00	-8.14528e-01	2.95978e-02	-9.81358e-01
6.70829e-01	-4.90920e-01	7.19863e-03	-8.88431e-02
2.62325e-01	8.60568e-01	1.97426e-01	-7.54280e-02
1.92512e+00	8.05592e-01	1.57393e+00	1.31456e-01
8.26854e-01	-8.75027e-01	2.08002e-01	-5.06731e-01
1.51433e+00	-8.39244e-01	1.96758e+00	-7.24830e-02
1.36342e+00	4.11793e-01	1.34035e+00	6.46404e-01
6.63467e-01	3.86300e-01	5.64460e-01	3.99651e-01
