# No. of particles = 100 
# Proton - Solar wind	Electron - Solar wind	
2.44228e-02	-9.36340e-01	7.47735e-01	8.34577e-01
6.27988e-01	-2.99458e-01	8.28100e-02	-2.99668e-01
3.46138e-01	-6.77749e-01	4.92233e-01	-3.54747e-01
1.37054e+00	-1.70749e-01	1.75011e+00	-4.65944e-02
8.99261e-01	-4.96591e-01	2.27470e-01	-6.67138e-01
4.10945e-01	1.53922e-01	1.32139e+00	2.14181e-01
4.22619e-01	-9.20787e-01	1.71452e+00	5.58381e-02
2.32519e-01	-6.27451e-01	1.21382e+00	-5.36889e-01
4.57436e-01	-9.59673e-01	3.72717e-01	-8.65633e-01
4.96084e-01	-7.60944e-01	2.63043e-01	-3.67618e-01
4.55721e-01	-5.39774e-01	1.07424e-02	-9.78785e-01
1.42399e+00	8.91736e-01	5.32789e-01	-5.48139e-01
1.98910e+00	2.39436e-01	3.65454e-01	-5.22900e-01
6.77929e-01	-1.10709e-01	1.29945e+00	-7.20930e-01
1.64783e+00	-7.87141e-01	1.14168e+00	1.47872e-01
5.28552e-01	-4.84248e-01	1.19203e+00	2.15930e-01
1.28598e+00	-4.73136e-01	3.70518e-01	-1.53816e-01
1.72669e-01	8.87543e-02	1.15812e+00	-2.51949e-03
1.33670e+00	-5.78743e-01	1.86960e+00	3.93648e-01
4.75736e-01	-3.78026e-01	1.38825e+00	9.12245e-01
1.69321e+00	-2.29239e-01	1.75067e+00	9.19171e-01
3.11095e-01	-2.64761e-01	1.32790e+00	5.63166e-02
6.72535e-01	-8.19155e-01	8.71110e-01	8.12032e-01
4.96797e-01	-4.70019e-01	6.45407e-01	1.34456e-02
2.79684e-02	-9.82906e-01	9.68555e-03	-9.52856e-01
1.25050e+00	2.70270e-01	6.44861e-01	6.78432e-01
8.22470e-01	7.41564e-01	7.33267e-01	-8.60713e-01
2.77710e-01	4.31073e-01	9.24872e-01	6.15545e-01
1.05401e+00	-8.35561e-01	4.92298e-01	9.67879e-01
5.51667e-01	6.65692e-02	1.52350e-01	-4.16352e-01
4.48588e-01	-4.16454e-01	1.49562e+00	5.73201e-01
1.98474e-02	-9.29268e-01	8.09187e-02	-7.61727e-01
1.48846e-01	-3.13062e-01	1.15854e-01	-5.68923e-01
1.77338e-01	-7.37551e-01	1.06765e+00	-1.64943e-01
6.10325e-01	4.19376e-01	3.70607e-01	-7.99115e-01
1.00233e+00	-8.32848e-01	1.61775e+00	-9.56079e-01
6.89865e-01	9.86949e-01	1.14646e-02	-2.06205e-02
1.70545e+00	-6.86601e-01	2.53662e-01	-5.07945e-01
1.82197e+00	-7.48136e-01	1.71340e+00	-5.61258e-01
2.15704e-01	-5.52643e-01	1.99233e+00	8.26331e-02
3.71624e-01	-5.92751e-01	8.00569e-01	-3.01618e-01
1.20077e+00	9.47963e-01	1.17401e+00	4.94039e-01
6.69037e-01	1.56802e-01	4.67142e-02	-8.81412e-01
6.13881e-01	-2.14170e-01	9.59584e-01	8.56522e-01
1.06445e-01	-5.70512e-01	1.46328e+00	-2.97479e-01
4.88820e-02	-9.38891e-01	9.34589e-01	-4.09374e-01
3.15436e-01	-4.83608e-01	1.81808e-01	-7.05028e-01
1.62999e-01	-8.50802e-01	1.00794e-01	-8.53673e-01
3.32083e-01	6.39870e-01	1.28467e+00	9.29318e-01
1.83528e+00	-3.34852e-01	5.22949e-02	-9.15690e-01
1.91777e+00	9.55987e-02	9.60621e-01	2.61780e-01
5.92244e-01	3.81132e-01	1.69658e+00	-9.06109e-01
1.49469e-01	-5.91184e-01	9.73443e-01	-1.54501e-01
3.40257e-01	-4.69936e-01	4.10114e-01	2.88641e-01
4.99040e-01	5.39751e-02	7.54761e-01	1.33435e-01
1.83270e-01	-9.92441e-01	1.60658e+00	9.13536e-02
1.47679e-01	-8.58824e-01	3.63655e-01	6.62667e-01
1.50824e+00	-5.61836e-01	1.59502e+00	-3.86755e-01
6.79392e-01	-2.83176e-01	1.17006e+00	3.54960e-01
7.87303e-01	-5.73392e-02	4.07455e-01	-5.52134e-01
8.19969e-01	-5.16979e-01	1.30529e+00	7.51286e-01
7.90445e-01	-6.38248e-01	1.43249e+00	-4.95019e-01
7.87002e-02	-9.25248e-01	1.39802e+00	-9.22643e-01
6.62422e-02	-4.11740e-01	8.03100e-01	-2.97200e-01
9.66517e-02	-3.43281e-01	1.51395e+00	-1.83711e-01
1.06419e+00	-4.99410e-01	5.75306e-01	2.55288e-01
1.26653e-01	-7.89533e-01	9.77650e-01	1.42540e-02
9.96884e-01	9.81020e-01	1.71876e+00	8.96087e-01
8.95518e-01	6.29897e-01	1.70693e+00	1.55741e-01
4.24349e-02	-7.98094e-01	4.16160e-01	-5.50162e-01
2.02001e-01	-8.56732e-01	1.28386e+00	-2.93257e-01
3.39734e-01	-9.75043e-01	4.48494e-01	-5.21959e-01
5.93095e-01	3.86741e-01	2.64450e-02	9.99843e-01
2.49664e-01	-8.81572e-01	1.63979e+00	-2.31264e-01
6.90481e-01	-4.03425e-01	1.78360e+00	-6.24748e-01
1.69936e-01	3.43548e-01	2.59528e-02	-7.50564e-01
4.46820e-01	-8.46246e-02	1.37665e+00	-6.08409e-02
1.00030e-01	-1.30675e-01	6.90372e-01	-1.10287e-01
8.36314e-04	-8.12150e-01	1.52221e+00	-3.75866e-01
1.30902e-01	-4.19004e-01	2.26982e-02	-8.82601e-01
1.50007e-01	-7.50780e-01	1.24550e+00	2.92532e-01
4.66827e-01	-8.14910e-01	2.45231e-01	7.13541e-01
1.75859e+00	9.79303e-01	1.97115e-01	-5.63693e-01
6.05715e-01	-8.77544e-01	3.20661e-01	2.85890e-01
5.53794e-01	4.86075e-01	1.85553e+00	-7.46249e-02
3.68342e-01	5.94445e-01	9.83308e-01	9.17271e-01
4.74575e-01	-2.03426e-01	1.92119e+00	7.78342e-01
1.75003e-01	-8.68403e-01	2.36345e-02	7.99530e-02
1.48970e+00	-3.42804e-01	2.54743e-01	1.68575e-01
9.02777e-01	-9.55418e-01	1.21569e+00	1.32041e-01
1.69699e-01	-4.61067e-01	1.94114e+00	-6.79264e-02
8.16542e-01	-5.95671e-01	1.41332e+00	-9.45765e-02
8.31689e-01	8.05248e-01	1.43585e+00	-6.17071e-01
5.89148e-01	1.67130e-01	1.71347e+00	-1.96330e-01
2.74654e-01	-7.78894e-01	1.74933e+00	-3.66225e-01
1.62064e+00	1.66083e-01	1.12208e+00	-3.07361e-01
3.97513e-01	4.20346e-01	1.13571e+00	1.93302e-01
6.04551e-02	-3.16441e-01	2.88789e-01	-1.31335e-01
1.38831e-01	-2.70178e-01	2.02382e-01	7.79418e-01
7.00988e-01	-3.27391e-01	1.43320e+00	2.64950e-01
