# No. of particles = 100 
# Proton - Solar wind	Electron - Solar wind	
2.60183e-02	-8.95288e-01	1.30634e-01	-3.12552e-01
7.16926e-01	-1.93456e-01	1.39863e+00	2.52496e-01
4.38869e-01	-5.90842e-01	4.01102e-02	-6.64554e-01
1.50734e+00	-1.06439e-01	2.69697e-01	5.30549e-01
9.63583e-01	-4.63327e-01	5.76279e-01	-7.02994e-01
5.02125e-01	4.31999e-01	5.46297e-01	-4.09629e-01
5.00884e-01	-9.11449e-01	5.50747e-01	-2.62117e-01
2.86858e-01	-5.45015e-01	5.30131e-02	-9.74598e-01
4.87724e-01	-9.62063e-01	1.28967e+00	-7.82222e-01
5.99733e-01	-7.08245e-01	1.74955e-02	-9.88946e-01
6.31135e-01	-3.67760e-01	1.11293e+00	8.44036e-01
1.45813e+00	9.47623e-01	5.69045e-01	-1.61698e-01
1.61375e-01	-9.52226e-01	5.48290e-02	-7.48820e-01
7.40475e-01	-1.17159e-03	6.49822e-01	-7.79259e-01
1.69721e+00	-7.89592e-01	6.86583e-01	-6.55072e-02
5.94435e-01	-4.11032e-01	1.27697e+00	4.34092e-01
1.12102e+00	-5.27303e-01	1.02858e+00	6.02044e-01
1.67943e-01	1.24565e-01	7.17994e-01	-8.20819e-01
1.49335e+00	-5.35814e-01	2.38463e-01	-4.48219e-01
6.45108e-01	-1.24318e-01	6.27943e-01	-2.70243e-01
1.85124e+00	-1.66176e-01	1.31466e+00	7.39814e-01
3.61657e-01	-1.38422e-01	1.27942e+00	2.16878e-01
7.60209e-01	-7.99912e-01	2.55546e-01	4.08470e-01
5.59596e-01	-3.99217e-01	1.82564e-02	-9.36649e-01
1.98372e-01	-9.81452e-01	9.22800e-01	-1.61273e-01
1.44294e+00	4.71525e-01	4.16859e-01	-9.42937e-01
8.55153e-01	7.90044e-01	2.57931e-01	-1.72239e-01
1.33327e-01	4.89733e-01	6.43843e-01	-6.96771e-01
1.25160e+00	-8.10413e-01	1.93272e+00	-9.89504e-01
6.43500e-01	2.57103e-01	1.67011e+00	4.60687e-01
4.92856e-01	-3.44483e-01	2.08702e-02	-9.29953e-01
8.72664e-03	-9.13876e-01	1.57989e-01	-3.07683e-02
1.72467e-01	7.17389e-02	5.65946e-01	-6.89275e-01
3.36235e-01	-4.81580e-01	7.43229e-01	5.35302e-01
6.83801e-01	6.25102e-01	1.40259e+00	3.44074e-01
1.03291e+00	-8.38391e-01	1.87517e-01	-8.92267e-01
6.80639e-03	-9.31926e-01	5.08253e-02	-9.66605e-01
1.76281e+00	-6.85171e-01	1.05556e+00	-8.24915e-01
1.94925e+00	-7.38288e-01	1.61650e+00	6.11963e-01
3.78711e-01	-1.84270e-01	1.40442e+00	-1.40762e-01
4.22592e-01	-4.86666e-01	1.55109e+00	-5.57222e-01
2.56769e-02	-9.91431e-01	1.88573e+00	-6.19904e-01
6.55422e-01	2.07274e-01	1.26455e+00	5.94358e-01
6.08139e-01	-2.02899e-01	1.78481e-01	-9.79312e-01
1.30858e-01	-3.05816e-01	4.12481e-01	3.82487e-01
7.20375e-02	-9.20512e-01	1.31624e+00	-5.88393e-01
3.50782e-01	-4.18771e-01	1.59281e-01	9.84656e-01
1.79549e-01	-8.37528e-01	2.40753e-01	-6.40106e-01
3.37501e-01	7.07769e-01	3.29419e-01	-5.81365e-01
1.70119e+00	-5.45989e-01	5.35300e-01	-3.95471e-01
6.27203e-02	-9.98700e-01	1.27758e+00	5.81338e-01
6.52197e-01	5.57294e-01	8.73039e-01	-2.79133e-01
1.69198e-01	-5.17130e-01	1.12620e+00	1.90957e-01
3.60375e-01	-4.32445e-01	7.79687e-01	-8.54283e-01
5.54649e-01	2.01869e-01	1.11693e+00	-3.57721e-01
1.73304e-02	-9.91703e-01	1.26045e+00	-5.24342e-02
2.80831e-01	-7.45342e-01	1.22305e+00	-4.50390e-01
1.85112e+00	-4.65119e-01	1.33117e+00	6.36358e-01
8.59897e-01	-7.79452e-02	1.20774e+00	-1.06668e-01
7.68877e-01	-4.18771e-02	1.50386e+00	-5.05574e-02
8.90108e-01	-5.78818e-01	2.36941e-02	-2.93614e-02
1.13390e+00	-4.93383e-01	1.31193e+00	3.21960e-01
1.03983e-01	-8.46205e-01	3.87489e-01	6.00052e-01
7.50714e-02	-2.87174e-01	1.38778e+00	-7.35935e-01
1.01524e-01	-2.73945e-01	4.10245e-01	-6.67845e-01
1.08810e+00	-5.15200e-01	1.96177e-01	-8.57827e-01
1.72402e-01	-6.99760e-01	1.50845e+00	-7.05343e-01
2.95188e-02	-9.89211e-01	8.54908e-01	-9.49390e-02
9.51276e-01	7.68003e-01	1.16196e+00	5.79886e-01
4.96704e-02	-6.78540e-01	6.32892e-01	4.05317e-01
3.73225e-01	-7.37318e-01	9.90532e-01	-1.98891e-01
5.66905e-01	-9.71932e-01	3.14875e-01	-2.15088e-01
5.88565e-01	4.46479e-01	2.44621e-01	-7.65364e-01
3.11582e-01	-6.48802e-01	9.82353e-04	-4.65952e-02
6.80440e-01	-4.17377e-01	6.18387e-01	-5.75673e-01
1.70488e-01	3.54756e-01	4.08987e-03	9.54221e-01
4.62592e-01	-3.37632e-02	4.15369e-03	-9.11187e-01
9.77112e-02	-2.99905e-02	2.22342e-01	1.86149e-01
3.31610e-01	-7.82918e-01	3.63756e-01	-8.49251e-02
1.27903e-01	-3.85136e-01	1.29452e+00	1.49580e-01
1.81318e-01	-6.92066e-01	1.16812e-01	-6.77068e-01
7.24254e-01	-7.27605e-01	2.66164e-02	-6.03722e-01
5.97063e-02	-9.91122e-01	2.34555e-01	-6.31724e-02
6.45373e-01	-8.74738e-01	1.65064e+00	5.43556e-02
6.51318e-01	7.56257e-01	1.96947e+00	-4.20680e-01
3.66719e-01	6.22090e-01	4.91950e-03	-2.83088e-01
4.62110e-01	-1.99002e-01	3.03245e-01	-1.69782e-01
2.91081e-01	-7.46456e-01	4.35832e-01	6.20134e-02
1.67216e+00	-2.73941e-01	8.11144e-02	-4.44343e-02
9.49892e-01	-9.62104e-01	6.62348e-01	-4.16774e-01
1.65781e-01	-4.53575e-01	5.75643e-01	-9.29873e-01
1.03414e+00	-4.92250e-01	6.40153e-01	-4.25630e-01
8.38206e-01	8.47348e-01	1.36336e-01	-9.67720e-01
5.69063e-01	2.07502e-01	1.62425e+00	6.11936e-01
3.56720e-01	-7.00146e-01	1.53986e+00	4.32657e-01
1.37794e+00	1.61265e-01	1.21395e+00	6.81647e-01
4.82069e-01	4.97698e-01	1.62845e+00	2.95551e-01
6.90065e-02	-1.22019e-01	1.72607e+00	1.21100e-01
1.39193e-01	-2.24602e-01	1.29978e-01	2.44335e-01
8.83004e-01	-4.72629e-01	2.18580e-01	-7.61846e-01
