# No. of particles = 100 
# Proton - Solar wind	Electron - Solar wind	
5.80932e-03	-9.83805e-01	1.02098e-01	-8.70354e-01
6.05250e-01	-7.60546e-03	1.05373e-02	-9.92508e-01
3.17974e-02	-9.84688e-01	1.83870e+00	1.66256e-02
1.99922e+00	-2.47237e-02	1.15510e+00	-5.90521e-01
2.89409e-01	8.41016e-02	1.65709e+00	-6.67024e-01
3.08756e-01	-5.10048e-01	1.63361e+00	8.02160e-02
6.35681e-01	-4.48057e-01	5.96881e-01	-2.03051e-01
1.35601e+00	6.71772e-01	4.46696e-01	2.29063e-01
1.16123e+00	6.78994e-01	1.43289e-01	-5.18148e-01
5.01973e-02	-9.58639e-01	6.05825e-01	-5.29264e-01
9.14428e-01	2.61975e-01	3.61517e-01	-7.05227e-01
3.93305e-02	-9.59390e-01	3.65202e-01	-1.02934e-01
5.18045e-01	-6.87068e-01	8.92173e-01	-6.00932e-01
5.40611e-01	-1.92610e-01	1.65135e+00	-5.38595e-01
2.09269e-01	-4.61371e-01	5.82445e-01	5.58801e-01
1.17096e+00	7.84270e-01	2.15366e-01	6.65136e-01
1.78667e+00	2.33275e-01	1.47172e+00	-9.47568e-01
2.05613e-02	-3.32888e-01	4.63556e-02	8.05528e-03
7.00871e-01	6.75969e-02	1.20020e-01	1.51616e-01
1.82593e-01	-6.34771e-01	6.08338e-01	-3.76824e-01
8.35585e-01	6.90086e-01	3.62967e-01	-7.19169e-01
1.05254e-01	-9.51188e-01	1.12523e+00	-4.22369e-01
1.28859e+00	-1.93384e-01	9.30646e-01	-8.40497e-01
1.45973e-01	-2.66256e-01	1.96107e+00	1.32866e-01
7.29526e-01	-8.55228e-01	8.05734e-01	-4.19936e-01
1.47601e-01	-5.96063e-01	2.80053e-01	-1.76265e-01
1.14239e+00	9.88388e-01	1.15336e+00	-7.38082e-01
1.38651e+00	2.55052e-01	3.20056e-01	-9.06349e-01
4.25240e-01	-8.87953e-01	1.80258e+00	3.01266e-01
9.94519e-01	-5.91633e-01	1.72321e-01	-9.48575e-01
5.95427e-01	3.73381e-02	1.58558e+00	8.48944e-01
5.14252e-01	-8.15997e-01	1.48375e-01	-7.37826e-01
3.12491e-01	-2.10709e-01	6.90907e-01	2.99111e-01
8.83105e-02	-8.74518e-01	8.40748e-01	7.09107e-01
1.51993e+00	2.99398e-01	1.65860e+00	3.52845e-01
8.00625e-01	-4.38579e-01	1.05932e+00	-2.29647e-01
2.75858e-01	-9.21316e-01	1.43751e+00	-3.75121e-01
1.76081e-01	4.41315e-01	5.35760e-01	-9.52516e-02
2.71386e-01	3.14649e-01	9.12959e-01	-5.08717e-01
3.28171e-01	-5.48694e-01	1.62346e+00	9.56057e-01
1.52053e+00	-4.49953e-01	4.92993e-01	-7.39187e-01
5.47523e-01	-8.45906e-01	2.22544e-01	-8.50567e-01
7.21740e-01	7.39156e-01	4.44861e-01	-7.51982e-01
4.49549e-01	4.09005e-01	6.83393e-01	5.96462e-01
1.23926e-01	-7.48609e-01	8.79491e-01	2.21068e-01
2.77077e-01	-8.42245e-01	1.06211e+00	3.87113e-02
7.64025e-01	-4.44682e-01	6.43652e-02	-7.70931e-01
1.09320e+00	-3.47401e-01	1.75555e+00	-4.85562e-01
1.20968e+00	5.71104e-01	5.59007e-02	-6.24588e-01
1.22644e+00	-2.84655e-01	1.15259e+00	-1.33204e-01
2.59915e-01	-2.62697e-01	1.20494e+00	4.76697e-01
5.19051e-01	-6.45428e-01	2.79944e-01	1.74765e-01
6.88975e-01	4.55459e-01	1.82673e+00	-9.07584e-01
6.28043e-01	-5.47377e-02	8.82626e-01	-3.05280e-01
7.19742e-01	-1.49232e-01	1.07324e-01	-6.50466e-01
1.28917e+00	-5.13911e-01	1.40926e+00	-3.59793e-01
6.17550e-01	-6.24657e-01	8.03473e-01	3.35952e-01
1.04605e+00	-3.36939e-01	9.67396e-02	9.73148e-01
8.94015e-02	-9.87430e-02	5.12697e-01	-9.46324e-01
1.40503e+00	9.47302e-01	3.76655e-01	-7.72373e-01
3.82044e-02	-8.55330e-01	7.95356e-02	-5.80025e-01
5.47674e-01	6.26453e-01	9.48731e-02	2.81419e-01
8.26442e-01	-4.15279e-01	3.57633e-01	-6.95927e-01
4.87024e-01	-5.39439e-01	9.90859e-01	-2.55426e-01
6.64203e-01	-8.40829e-01	4.06411e-01	1.79564e-01
4.47910e-01	9.72211e-01	2.08288e-01	-9.55206e-01
8.42527e-02	1.44918e-01	5.28512e-01	2.91306e-01
4.40394e-02	-8.80129e-01	1.49923e+00	6.31666e-01
3.30147e-01	-4.07328e-01	7.62245e-01	-4.65432e-01
9.90730e-01	2.36265e-01	9.60573e-02	-7.72617e-01
2.83301e-01	-2.18645e-01	1.08746e+00	-4.19763e-01
1.18318e+00	-8.36442e-03	7.78962e-01	-2.72597e-01
9.97849e-01	7.49646e-02	5.53569e-01	-6.43283e-01
5.04527e-03	-9.76057e-01	1.84169e-03	-4.06567e-01
3.19304e-01	-7.73134e-01	1.01285e+00	2.60029e-01
2.54465e-02	-6.96560e-01	1.01894e+00	3.40115e-01
6.15865e-02	-7.38570e-01	1.45023e-01	-5.19858e-01
4.56925e-04	-9.88399e-01	6.97264e-02	-8.42014e-01
1.32095e+00	5.74268e-01	1.30638e+00	4.21112e-01
1.50704e-01	-7.01937e-01	5.88589e-01	3.86477e-01
1.75628e+00	-4.66189e-01	8.51317e-03	7.23037e-01
1.26160e+00	7.28379e-01	1.81735e+00	2.43452e-01
3.18196e-01	-6.60251e-01	1.00350e+00	-7.30491e-02
1.15304e-01	-8.01930e-01	3.33172e-01	-5.26484e-01
4.32020e-03	2.10450e-01	7.69221e-01	-7.59259e-01
1.11582e-01	-4.80620e-01	1.72120e+00	-1.72527e-01
1.36629e-01	-7.64432e-01	1.75778e+00	8.15377e-01
1.24282e-01	3.24789e-01	6.76839e-01	-9.40087e-01
1.61765e+00	-3.57437e-01	1.68048e+00	6.70837e-01
6.55780e-01	-8.78696e-01	8.48766e-01	-4.26770e-01
7.20310e-02	-9.31715e-01	8.54448e-01	2.49601e-02
6.63271e-01	3.76873e-01	2.21506e-01	-8.06800e-02
2.90152e-01	-4.81949e-01	7.49258e-01	9.21755e-01
6.85180e-01	-1.57521e-01	4.48858e-01	-2.13411e-01
1.20948e-01	5.52097e-01	1.00847e+00	2.45843e-01
1.04456e+00	5.11985e-01	6.33323e-02	-9.40254e-01
4.05914e-01	2.81362e-01	1.36720e+00	2.34473e-01
5.14949e-01	-7.57997e-01	1.32126e+00	1.32719e-01
5.16037e-01	1.37884e-01	2.33250e-01	1.01502e-01
9.75131e-01	7.49198e-01	9.03929e-01	2.34338e-01
