# No. of particles = 100 
# Proton - Solar wind	Electron - Solar wind	
5.29374e-01	-3.31586e-01	1.16080e+00	-2.08803e-01
1.56874e+00	4.84737e-01	9.92145e-01	-2.84349e-01
1.76207e+00	4.19223e-01	5.99448e-01	-8.92758e-01
2.65781e-01	-8.50830e-01	1.12250e+00	-4.25877e-01
3.28466e-01	-8.46369e-01	9.17719e-01	-2.38685e-01
9.27434e-01	-6.39920e-01	1.85181e+00	9.66725e-01
1.40129e+00	8.03428e-01	1.21584e+00	-3.74573e-01
1.81177e+00	6.88841e-01	8.45009e-01	5.23471e-01
1.96685e-01	-9.63745e-01	3.59458e-02	-6.46806e-01
3.00962e-01	1.57906e-01	1.53401e-01	-8.30465e-01
1.96023e-01	-3.72950e-01	2.04041e-02	-9.33826e-01
1.14513e+00	4.62602e-01	1.19999e+00	-1.72213e-01
1.66484e+00	6.19648e-02	2.72993e-01	5.16131e-01
7.68971e-01	9.59730e-01	1.40428e+00	-1.54493e-01
1.23644e+00	-7.95750e-01	1.07538e+00	2.81639e-02
1.51239e+00	7.63514e-01	2.05191e-01	4.06906e-01
2.18240e-01	4.24426e-01	9.52475e-02	-9.39172e-01
1.68315e-01	-2.13996e-01	6.39323e-01	-5.47433e-01
5.30705e-03	-9.94924e-01	8.70174e-01	-5.42416e-01
1.23523e+00	4.11093e-01	1.01135e+00	-8.50703e-01
3.83782e-01	-8.29419e-01	1.46797e+00	8.87302e-01
1.43070e+00	7.42236e-01	7.91067e-01	1.18213e-01
1.57635e+00	9.44248e-01	1.23720e+00	2.58892e-01
3.91146e-01	9.57751e-01	1.88423e+00	8.95820e-01
7.78435e-02	-9.14190e-01	1.39107e+00	-2.95812e-01
1.10237e-01	-9.58871e-01	1.96328e-01	-7.77401e-01
5.18820e-01	3.81891e-01	1.47592e+00	5.01863e-01
1.46714e+00	9.29387e-02	1.59945e+00	6.03348e-01
1.11109e+00	-8.10453e-01	2.13820e-01	-8.41738e-01
4.48420e-01	-9.95096e-01	5.57067e-01	-7.13984e-01
1.36807e+00	-9.54582e-01	1.88743e+00	-6.53282e-01
8.43230e-01	3.42033e-01	8.45515e-01	-1.32687e-01
1.28906e+00	-2.56974e-02	3.29478e-01	-7.27091e-01
2.06918e-01	6.01150e-02	1.65362e+00	-7.87571e-01
5.17690e-02	-5.53782e-01	1.53038e+00	-2.09586e-01
7.38296e-01	-8.33092e-01	8.42267e-01	5.88049e-01
4.88165e-01	1.96274e-01	8.35647e-02	-8.58488e-01
1.23204e+00	-7.26648e-01	1.92456e+00	-5.82399e-01
7.45548e-01	-8.60634e-01	1.93924e-01	-7.08841e-01
1.32831e+00	2.25902e-03	1.90181e-01	-6.47711e-01
9.08881e-01	-7.19441e-01	2.49024e-01	-8.22836e-01
7.19568e-01	5.09341e-01	1.35981e+00	8.06256e-01
5.64139e-01	-2.48615e-01	5.08022e-02	-8.65900e-01
5.49118e-01	-3.76867e-01	1.52705e-01	-2.30986e-01
5.06042e-01	-4.16572e-01	1.23736e+00	-2.67466e-01
3.42006e-02	-1.96354e-01	1.86300e+00	5.63036e-01
1.76011e+00	-2.07288e-01	9.49804e-01	6.39397e-01
1.73697e-02	-9.71052e-01	1.25698e+00	-2.34244e-01
2.54909e-01	7.60880e-02	1.34445e+00	5.55897e-01
4.16274e-02	-6.12724e-01	7.11058e-02	9.16530e-02
1.28308e+00	-1.77995e-01	7.01783e-01	9.45591e-01
5.71764e-02	-8.64750e-01	1.45075e+00	-3.48748e-01
1.54330e+00	6.40834e-01	1.26030e+00	1.22817e-01
1.44276e-01	-8.07386e-01	1.01816e+00	2.36028e-02
1.63783e+00	9.37824e-01	5.37383e-01	-2.59658e-01
1.14812e+00	-9.39728e-01	1.20655e-01	-9.13949e-01
1.82495e-01	4.20046e-01	5.20752e-01	-2.51970e-01
1.48340e+00	-7.31647e-01	5.36192e-01	1.81643e-01
9.35996e-01	7.69235e-01	4.82946e-01	4.86615e-01
6.03218e-01	-3.36794e-01	2.49056e-01	-9.08045e-01
1.58946e-01	-5.22166e-02	1.87452e+00	-1.44486e-01
1.04229e+00	-2.47861e-01	1.43264e+00	-4.53547e-01
7.60695e-01	4.23287e-01	1.82896e+00	-6.39771e-01
6.45884e-01	1.28956e-01	1.76828e+00	2.66094e-01
2.92313e-02	-9.38474e-01	1.44706e+00	-9.89357e-01
8.57724e-01	-4.91388e-01	1.79413e-02	6.25769e-01
1.56450e-01	6.95415e-01	3.61061e-01	-4.00866e-01
6.28039e-01	9.16688e-03	3.69114e-02	-8.61028e-01
3.24313e-01	-4.73271e-01	1.06077e+00	-1.40250e-01
8.37070e-01	-3.34839e-01	3.51041e-01	-5.69026e-01
1.17333e+00	7.86736e-01	1.12936e+00	-2.10383e-01
1.17906e-02	-9.89666e-01	1.74323e+00	7.40534e-01
5.22130e-01	-6.47902e-02	1.18367e+00	6.83043e-01
9.22304e-01	8.29194e-01	7.84853e-01	3.42232e-01
6.98895e-01	-3.78370e-01	3.09599e-01	-6.25757e-01
1.32233e-01	2.55023e-01	4.04807e-01	4.19388e-01
2.45940e-01	-5.35662e-01	6.07066e-01	4.92170e-01
9.00977e-02	-9.93919e-01	7.40870e-01	6.42514e-01
9.88826e-01	4.10841e-01	1.36064e-01	-4.49451e-01
1.29384e-01	-7.16121e-01	1.12665e+00	8.52857e-02
3.31558e-01	3.62196e-01	4.32604e-01	-2.78479e-01
8.55542e-01	7.94828e-01	6.29334e-01	-2.10910e-01
1.48491e+00	6.47641e-01	1.39405e+00	2.71895e-01
2.62769e-01	-9.28577e-01	1.84455e+00	-4.29327e-01
7.85057e-01	7.21688e-01	1.83049e+00	-4.12941e-02
3.52687e-01	3.77824e-01	8.83494e-01	4.55080e-01
4.94481e-01	-2.74056e-01	7.60079e-01	-3.65004e-01
1.03384e+00	-8.43464e-01	1.50249e-01	-9.22213e-01
1.94176e+00	-8.02445e-01	1.09688e+00	7.80297e-01
4.99509e-01	-9.43300e-01	4.94642e-01	-3.35733e-02
1.73415e-01	-5.36333e-01	1.36538e+00	2.21450e-01
1.27152e+00	5.18742e-01	3.62317e-01	2.32924e-01
7.62047e-01	5.00340e-01	6.77911e-01	-5.16092e-01
5.85595e-01	-1.54400e-01	2.51155e-01	9.38932e-01
8.75685e-01	-3.92463e-01	7.25671e-01	-5.90712e-02
1.22435e-01	-8.83742e-01	9.84820e-01	-4.63402e-01
4.88103e-02	-1.78191e-01	1.13556e+00	2.68083e-01
4.30397e-01	6.12717e-01	5.64016e-01	-4.23131e-01
1.03310e-01	-6.63834e-01	2.90283e-01	-9.50725e-02
1.56692e+00	-6.28942e-01	4.43915e-01	-8.45611e-01
