# No. of particles = 100 
# Proton - Solar wind	Electron - Solar wind	
1.04253e+00	-3.16506e-01	7.49620e-02	-9.67388e-01
1.07209e+00	-5.32684e-01	8.89823e-01	-7.82828e-01
2.00066e-01	2.43710e-01	1.80322e+00	2.16684e-01
1.09339e+00	9.31770e-01	1.35384e+00	4.33556e-01
4.41435e-01	-5.01512e-01	5.31337e-02	-9.45379e-01
1.63841e-01	-8.14207e-01	3.39953e-01	-6.21370e-01
1.79063e-02	-4.79540e-01	8.92533e-01	4.87360e-01
4.89208e-02	-7.41460e-01	8.77864e-01	-5.36365e-01
1.55393e-02	-9.80812e-01	4.82072e-01	-1.88481e-01
3.41362e-01	-7.35182e-01	8.12038e-01	-7.17512e-01
7.53740e-02	-9.16265e-01	1.09777e-01	-5.82324e-01
2.52191e-01	-8.59463e-01	7.92049e-02	-5.44324e-01
2.03659e-01	-9.34272e-01	4.22922e-01	-1.07301e-01
7.89924e-01	2.39085e-01	2.51939e-01	-3.64500e-01
1.73036e+00	9.74092e-01	1.60315e-01	-8.87594e-01
6.52212e-01	-5.87471e-01	1.84385e+00	3.65003e-02
2.87180e-01	-2.07231e-01	1.26162e+00	-9.93801e-01
2.82233e-01	-4.01598e-01	4.57605e-01	-2.33040e-01
4.36368e-01	3.52111e-01	4.58295e-02	-7.13109e-01
2.93491e-01	-8.03415e-01	5.03875e-01	1.45922e-01
8.26323e-01	1.40836e-01	1.15074e-02	-9.80293e-01
7.71696e-01	-7.83944e-03	1.54857e+00	-3.72515e-01
1.94578e+00	-4.14722e-01	5.12931e-01	-3.00029e-02
1.91492e+00	7.64136e-01	6.05082e-02	-5.61376e-01
1.56962e+00	-6.32097e-01	1.31796e+00	-2.82612e-01
5.77440e-02	4.35804e-01	1.47841e+00	5.02067e-01
7.31118e-01	6.04176e-01	8.46812e-01	2.97199e-01
3.09709e-01	-7.60784e-01	1.32947e+00	-1.98981e-01
4.33182e-02	-9.16914e-01	2.95854e-01	-2.98631e-01
9.15097e-01	6.04911e-01	4.95425e-01	-5.99496e-01
1.77767e-01	3.86443e-01	1.16600e-01	-5.97736e-01
2.19789e-01	-2.16474e-01	1.18412e+00	-3.97014e-01
1.10761e+00	7.09081e-01	1.98005e+00	7.72315e-01
7.75985e-01	7.25678e-01	1.45189e+00	1.65966e-03
7.43020e-01	-2.34271e-01	1.17892e+00	8.30517e-01
1.25986e+00	9.03857e-01	5.71133e-01	-3.73744e-01
5.76853e-01	8.50188e-01	1.61972e-01	-7.52022e-01
8.03349e-01	-5.64932e-01	1.57898e-01	-7.53923e-01
1.84375e+00	-3.81152e-01	1.60122e+00	-4.36877e-02
9.49538e-01	5.18170e-04	9.52640e-01	-1.34783e-01
4.09953e-01	-4.55190e-01	1.20790e+00	-1.00174e-01
8.04769e-02	-9.63809e-01	4.88361e-03	-9.94304e-01
1.82340e-01	-6.16388e-01	3.47972e-01	-4.71009e-01
3.55717e-01	-4.62414e-01	6.48021e-01	-8.35859e-01
1.16555e+00	-7.31754e-01	8.48664e-01	1.97393e-01
7.69365e-02	-9.49010e-01	1.22524e-01	-4.82395e-01
1.14085e+00	5.85210e-01	1.81671e+00	-7.96494e-01
1.24361e+00	-2.81510e-01	6.43155e-01	-8.33851e-01
2.62977e-01	-6.46956e-01	1.79576e+00	-2.86846e-01
1.73106e+00	-3.83125e-01	1.90385e+00	-2.01625e-01
6.21974e-02	-5.07894e-01	6.31798e-01	-1.16169e-01
1.83849e+00	5.88561e-02	8.87215e-01	-1.80340e-01
1.71602e-01	-7.85793e-01	5.16966e-01	-1.35180e-01
8.95281e-02	5.47541e-01	1.86919e+00	1.63451e-01
5.52583e-02	-9.35536e-01	1.58696e+00	2.89347e-01
1.79248e+00	-8.44422e-02	1.90517e-01	-1.27325e-01
1.85829e+00	5.27131e-01	1.25113e+00	9.75584e-01
1.37642e+00	-3.82120e-01	1.56937e+00	1.13423e-02
1.66069e+00	1.34854e-02	1.73478e+00	-4.10218e-01
1.02772e+00	3.05766e-01	2.77406e-01	-3.08106e-01
4.98263e-01	8.92552e-01	5.84328e-01	-5.20652e-01
8.67664e-01	7.26097e-03	8.96881e-01	7.45644e-01
1.95419e+00	-1.08386e-01	3.50042e-01	-8.63816e-01
8.40802e-01	-1.70244e-02	6.02589e-03	7.26764e-01
3.62986e-01	1.84715e-01	9.59779e-02	-6.22213e-01
9.64413e-01	-7.49379e-01	1.53456e+00	-7.79019e-01
1.36540e+00	-4.38274e-01	1.51215e+00	-4.14403e-01
5.31430e-01	-8.16209e-01	1.64614e+00	2.47130e-01
1.24399e+00	-2.19110e-02	6.01514e-01	-2.38426e-01
1.85983e+00	4.52541e-02	2.57443e-01	-9.65861e-01
2.34042e-01	-3.62316e-01	1.15634e+00	2.20438e-01
1.40380e-01	-9.66732e-01	1.72008e+00	2.43461e-01
4.59863e-01	8.14636e-01	7.64819e-01	7.14566e-02
5.69406e-01	1.29507e-01	4.89805e-01	9.58246e-02
5.92453e-02	-9.87072e-01	1.65023e+00	-2.43258e-01
2.90998e-01	-3.33872e-01	4.41623e-01	3.37339e-01
8.70901e-02	5.09285e-01	6.43400e-01	5.23685e-01
8.97722e-01	4.99391e-01	1.12241e+00	-9.82845e-01
8.48159e-02	8.15655e-02	3.09436e-01	7.01996e-01
1.35332e+00	-2.22030e-01	5.28889e-01	-1.92011e-01
7.24103e-01	6.55191e-02	1.59502e-01	5.26860e-01
3.85993e-01	-3.83997e-01	1.16201e+00	-5.16050e-01
7.35442e-01	2.43427e-01	1.62033e-01	-8.46827e-01
1.50572e+00	4.14890e-01	3.72412e-02	-9.34350e-01
4.27389e-01	-4.74575e-01	5.62857e-02	7.43004e-01
2.81051e-01	-3.83007e-01	1.98086e+00	-1.08713e-01
2.20478e-01	5.93665e-02	1.83474e+00	1.55537e-01
1.79147e+00	-1.57975e-01	1.54081e-01	1.51585e-01
1.42336e+00	8.09005e-01	1.26842e-01	-5.52187e-02
6.42497e-01	2.93314e-01	9.56228e-01	3.88612e-01
1.19940e-01	-8.23767e-01	9.90421e-01	8.16371e-02
5.27776e-02	-8.98970e-01	4.68117e-01	7.71518e-01
5.30489e-02	-9.46721e-01	1.33779e+00	-3.42850e-02
1.27568e+00	-2.20325e-02	6.06705e-01	8.23378e-01
1.74556e+00	-5.30435e-02	7.13056e-02	7.38055e-01
9.58223e-02	-8.72246e-01	8.97223e-01	-1.02046e-01
1.89096e+00	-3.40435e-02	6.30286e-01	4.26071e-01
3.08424e-01	-2.61363e-01	3.39722e-01	-4.32573e-02
1.16450e+00	3.65486e-01	1.70832e+00	8.22983e-01
8.26554e-01	7.96965e-01	1.17051e-01	-8.40327e-01
