# No. of particles = 100 
# Proton - Solar wind	Electron - Solar wind	
9.28919e+00	4.19266e+00	4.25513e+00	-5.99609e-01
9.42369e+00	-4.33764e+00	8.74310e+00	2.63834e+00
8.63894e+00	-1.21388e+00	5.16547e+00	6.84554e-01
9.50938e+00	-3.81140e+00	9.62521e+00	2.58546e+00
5.29968e+00	-2.98639e+00	3.78120e+00	-3.56347e+00
7.98824e+00	-4.12207e+00	7.01713e-01	-2.68962e+00
8.60392e+00	-3.59343e+00	9.37299e+00	1.18379e+00
7.73701e+00	-2.10235e+00	1.56279e+00	1.94622e+00
8.65242e+00	-2.78095e+00	9.08277e+00	1.89357e+00
8.71195e+00	-4.37912e+00	7.03835e+00	4.85694e+00
5.51781e+00	-3.12299e+00	5.35553e-02	-3.87149e+00
8.35814e+00	-1.33059e+00	3.30515e+00	-3.57185e-01
7.07274e+00	-2.16028e+00	7.31126e+00	-3.89688e+00
8.91768e+00	-6.13895e-01	7.94389e+00	2.32994e+00
8.25709e+00	3.11191e+00	9.14696e+00	-3.96630e+00
8.18886e+00	-9.01621e-01	5.12856e+00	-6.52485e-01
6.94497e+00	-1.63851e+00	7.86801e+00	-2.35798e+00
7.62426e+00	-1.16041e+00	4.92092e+00	4.37910e+00
8.18134e+00	-7.25116e-01	6.66302e+00	-1.69598e+00
5.93116e+00	6.48378e-02	8.27138e+00	4.28949e+00
8.62946e+00	3.30030e-01	9.61416e+00	4.20321e+00
7.76483e+00	1.15238e+00	6.96931e+00	-8.77520e-01
5.81200e+00	-1.45103e+00	9.26363e+00	-2.56201e+00
9.17596e+00	2.68944e+00	6.27717e+00	-3.62415e+00
3.60871e+00	2.79367e+00	5.69183e+00	3.68582e+00
8.28161e+00	4.99360e+00	7.97036e-01	3.78394e+00
8.68972e+00	4.03028e+00	1.51981e-01	2.21867e+00
6.92908e+00	2.85199e+00	4.15338e+00	-1.81836e+00
8.80332e+00	4.32501e+00	8.33721e+00	-2.43490e+00
5.22103e+00	1.17474e+00	8.38259e+00	-2.34686e+00
7.25070e+00	-2.10306e+00	7.13348e+00	7.75906e-01
9.51913e+00	-4.20482e+00	8.67145e+00	1.69584e+00
7.87302e+00	-4.75589e+00	3.98313e+00	-3.08842e+00
8.27794e+00	-3.66586e+00	5.37529e+00	-4.65965e+00
9.07788e+00	-1.52983e+00	7.20386e+00	-2.87927e+00
7.58385e+00	-4.57745e+00	7.80423e+00	-4.64288e+00
7.78467e+00	-3.76318e+00	7.49058e+00	1.86598e+00
7.90630e+00	-1.84930e+00	7.62655e+00	2.20724e+00
9.69734e+00	8.39999e-01	4.08636e-01	-4.33942e+00
7.54422e+00	-7.93793e-01	6.37053e+00	-1.03064e+00
8.03415e+00	-3.06700e+00	9.61652e+00	-1.35124e-01
7.37773e+00	-2.71546e+00	6.17016e+00	-3.60251e+00
8.86207e+00	-1.46440e+00	6.15973e+00	4.89722e+00
7.12112e+00	-1.30264e+00	7.28251e+00	-4.00844e+00
7.67983e+00	-8.02377e-01	7.72217e+00	-2.95018e+00
6.97436e+00	-1.89892e+00	7.64018e+00	1.09200e+00
9.46735e+00	3.39170e+00	8.38453e+00	1.46711e+00
8.27466e+00	-1.93045e+00	7.55392e+00	-2.66387e+00
7.72244e+00	-5.27586e-02	6.66672e+00	-1.13116e+00
7.63911e+00	-3.14463e+00	4.09410e+00	1.46932e+00
9.34259e+00	-7.54210e-01	6.54864e+00	-2.97350e+00
8.01609e+00	8.76677e-01	8.52108e+00	-4.87952e+00
8.18945e+00	-4.94291e-01	6.21498e+00	-3.41626e+00
7.76354e+00	1.16063e+00	4.42980e+00	3.24731e+00
9.03270e+00	-2.92797e+00	9.30241e+00	-3.27199e+00
9.63240e+00	-7.39445e-01	4.44307e+00	-4.79456e+00
6.55148e+00	-2.67138e+00	7.29715e+00	-4.68089e-01
5.70368e+00	4.05232e+00	6.21797e+00	3.86603e+00
8.16880e+00	1.00013e+00	7.08502e-01	1.28160e-01
7.86398e+00	4.49666e-01	8.66263e+00	2.66785e+00
6.23844e+00	4.56350e+00	9.09076e+00	-2.62643e+00
6.70377e+00	-1.41334e+00	9.73864e+00	7.94700e-01
8.03137e+00	1.00847e+00	3.08072e+00	-3.54662e+00
9.33070e+00	4.59236e+00	7.62014e+00	4.65752e+00
7.37730e+00	1.04606e+00	6.32857e+00	1.47723e+00
8.25494e+00	3.83224e+00	7.43219e+00	1.43203e+00
8.54320e+00	4.26955e+00	4.53286e+00	-1.54537e+00
8.08057e+00	1.79613e+00	6.97237e+00	2.73639e+00
8.13019e+00	2.16941e+00	8.95724e-01	-1.55781e+00
6.52568e+00	9.38473e-01	3.45456e+00	3.71988e+00
8.55162e+00	3.57729e+00	9.12009e+00	-3.70327e+00
7.05947e+00	9.80888e-01	8.42565e+00	2.83784e+00
8.82191e+00	2.23230e+00	7.33078e+00	2.20646e+00
7.98842e+00	3.69743e+00	8.44356e+00	-9.87843e-01
8.73458e+00	2.15822e+00	9.02697e+00	7.05524e-01
8.11466e+00	3.21780e+00	8.56250e+00	3.01107e+00
8.43072e+00	3.78444e+00	6.22633e+00	-9.26082e-01
5.91772e+00	3.41094e+00	1.35228e-01	2.86537e+00
8.59611e+00	-1.12738e+00	4.21103e+00	1.80065e+00
9.33176e+00	-4.07172e+00	9.38706e+00	-4.50738e+00
7.60629e+00	-1.47667e+00	7.91621e+00	2.65354e+00
8.68025e+00	-2.01479e+00	8.26368e+00	4.10799e+00
8.16210e+00	-3.36245e+00	7.94927e+00	-5.63897e-01
8.81685e+00	-1.89734e+00	8.05503e+00	-2.69957e+00
8.24363e+00	-4.23678e+00	6.02636e+00	-4.82347e-01
8.62010e+00	-1.59286e+00	7.18897e+00	-4.06120e+00
8.37837e+00	-4.65479e+00	2.85465e+00	-1.65237e+00
6.03627e+00	-4.11037e+00	8.32948e+00	-2.60004e-01
7.42166e+00	-2.46740e+00	8.49356e+00	2.68889e+00
6.92010e+00	-4.97638e+00	8.38757e+00	-4.21772e+00
8.21532e+00	-2.18291e+00	7.34258e+00	2.34792e-01
9.13736e+00	-8.91959e-01	6.75191e+00	-1.56079e+00
8.99019e+00	-1.45183e-01	3.24631e+00	1.10565e+00
8.14527e+00	1.51202e+00	7.44745e+00	-3.21382e+00
9.69307e+00	-2.55023e+00	6.89641e+00	-1.85129e+00
7.70341e+00	-1.96645e+00	7.70825e+00	2.20718e+00
8.03406e+00	-1.33248e+00	9.09227e+00	-4.98307e-01
6.35021e+00	3.76415e-03	5.09259e+00	-1.19612e+00
7.66267e+00	-5.13175e-01	2.11877e+00	-2.31008e+00
3.50223e+00	1.87725e+00	1.33313e-01	-4.52119e+00
