# No. of particles = 100 
# Proton - Solar wind	Electron - Solar wind	
1.77193e-01	-4.95465e-01	3.41859e-01	4.67595e-01
8.89247e-01	8.75263e-01	9.60755e-01	-4.40715e-01
7.89577e-01	-3.57515e-01	1.61385e+00	-6.33045e-01
1.26933e-01	-7.32625e-01	6.59221e-01	1.62020e-01
1.71238e+00	1.22163e-01	8.90454e-01	-5.25816e-02
1.67307e-01	3.97890e-01	5.12935e-01	1.80487e-01
1.86253e+00	3.78786e-01	9.50765e-01	-2.22880e-01
6.31739e-02	-9.27877e-01	1.01491e-01	-7.80292e-01
2.79847e-02	-8.80661e-02	4.19306e-01	-4.87436e-01
4.72532e-01	3.56835e-01	4.79078e-01	5.88602e-01
1.31445e+00	8.54015e-01	3.13264e-01	3.64914e-01
5.23727e-01	-3.33342e-01	1.81364e+00	-5.21418e-01
1.03081e+00	-3.54073e-01	1.05091e+00	-6.52108e-01
1.64953e+00	7.82324e-01	6.15245e-01	9.30989e-01
2.44298e-01	-9.52714e-01	4.31935e-02	-8.95612e-01
4.94770e-01	6.47299e-01	1.55555e+00	-5.04013e-01
9.01398e-02	4.85782e-01	7.71716e-01	-6.89446e-02
2.25977e-02	-9.80224e-01	6.07701e-01	-5.29628e-02
1.01074e+00	4.96438e-01	2.53343e-01	-8.13195e-01
9.31727e-01	7.72507e-01	2.42347e-01	-9.49579e-01
5.70556e-01	-8.10839e-02	1.93857e-01	-9.07179e-01
1.16865e+00	6.64431e-01	1.08660e+00	-2.26696e-01
3.67324e-01	5.05997e-01	1.82787e-01	-2.13713e-01
2.44352e-01	2.74951e-01	1.63485e-01	-7.13835e-01
9.53240e-01	-5.74943e-01	1.67092e+00	9.23815e-01
6.03843e-01	7.54207e-01	7.58846e-01	-7.22736e-01
1.93106e-02	-9.75236e-01	1.07849e+00	-6.97202e-01
1.92012e+00	7.15308e-01	9.25793e-01	-4.89319e-01
1.47440e+00	-3.62231e-01	1.66872e+00	-6.52359e-01
5.89211e-01	-3.65386e-01	5.17499e-01	-5.95078e-01
3.98008e-01	-5.07614e-01	1.35496e+00	-5.47293e-02
9.76065e-02	-3.94224e-02	1.90633e+00	3.41347e-01
8.22291e-01	4.23928e-01	4.18002e-01	-5.43255e-01
2.78908e-02	-9.76576e-01	1.17965e+00	5.05182e-01
1.53117e-01	-1.43710e-01	9.35902e-02	-9.63888e-01
5.22736e-02	-9.81998e-01	4.34197e-01	-5.26326e-01
8.95392e-02	-1.27564e-01	1.99669e+00	-2.67883e-01
9.82343e-02	-9.71451e-01	1.00540e+00	2.70908e-01
1.88212e-01	-3.03638e-01	1.10195e+00	-9.74576e-02
4.49876e-02	-6.54406e-01	1.44219e+00	-7.24170e-01
1.75981e-01	-5.48098e-01	7.45405e-01	-9.01180e-01
9.18708e-01	-3.70822e-02	8.64000e-01	-3.59458e-01
6.83702e-01	1.69650e-01	1.93777e+00	-4.01828e-01
1.28188e-01	-9.51851e-01	1.72007e+00	7.34356e-01
2.28457e-01	-2.90727e-01	7.36879e-01	-4.56037e-02
1.41379e+00	-8.69706e-02	4.81982e-01	8.12575e-02
1.40580e+00	2.88784e-02	5.26804e-01	-3.33466e-01
9.61224e-03	3.01481e-01	1.03844e+00	-6.74190e-01
1.25393e+00	4.14987e-01	1.83702e+00	-3.44364e-01
4.27823e-02	-5.33711e-01	7.52175e-01	-6.58818e-01
9.90968e-03	-9.30907e-01	1.80581e-01	-7.00399e-01
1.46509e+00	-1.27050e-02	2.32017e-01	-1.00371e-01
1.92877e+00	9.22906e-01	1.70483e+00	-8.18053e-01
1.29759e+00	9.49520e-01	1.08962e+00	-9.36162e-01
1.38212e+00	6.50550e-01	1.70300e+00	5.77830e-01
1.66958e+00	7.13194e-01	9.44258e-01	7.99315e-02
2.36630e-01	-7.05255e-01	1.98330e+00	7.29042e-01
5.34324e-01	-8.18395e-01	1.01504e+00	7.54980e-01
3.66040e-01	-2.18943e-01	1.63316e+00	1.89134e-01
1.30497e+00	4.49480e-01	1.18072e+00	-3.32252e-01
2.85201e-01	-3.38591e-01	8.20203e-01	-1.54370e-01
1.54779e+00	7.17644e-01	1.03300e-01	6.32668e-01
8.05820e-02	-9.57210e-01	4.99469e-02	-9.02638e-01
3.20926e-01	-5.57057e-01	1.93298e+00	-4.58041e-02
1.95677e+00	-5.11719e-01	7.99070e-02	-9.91385e-01
2.76291e-01	-8.33817e-01	1.39125e+00	-8.08393e-01
3.46039e-01	-4.67615e-01	8.67742e-02	-3.71294e-02
5.09912e-01	1.86640e-01	1.16333e+00	1.13129e-01
7.25909e-01	2.86833e-01	6.28745e-02	-9.73633e-01
4.86679e-01	-3.00997e-01	1.58830e+00	-1.76794e-01
6.58206e-01	8.93912e-01	8.02262e-02	2.55144e-02
1.83649e+00	1.42731e-01	1.25234e+00	2.74293e-01
1.56044e-01	2.68687e-01	8.94188e-01	-7.78240e-01
1.55726e+00	-2.80772e-03	1.09174e+00	-6.33210e-01
4.82485e-01	-6.05101e-01	4.19410e-01	-3.02549e-01
1.88468e+00	-2.05025e-01	1.31947e+00	9.34478e-01
1.25963e+00	6.44832e-01	2.44369e-01	-6.89349e-01
4.83519e-01	-4.13904e-01	6.16180e-01	-8.09874e-01
1.91972e+00	7.99441e-01	1.33801e-01	-9.94806e-01
9.67492e-03	-9.58887e-01	2.97233e-01	-6.11397e-01
9.40501e-01	-3.47185e-01	1.07881e+00	-6.64752e-03
1.51435e+00	2.43636e-01	9.69210e-01	-2.73475e-01
8.46411e-01	-8.22112e-02	3.25349e-01	-8.48449e-01
1.41117e-01	-6.68143e-01	9.68695e-01	-3.44802e-01
7.23361e-01	4.70638e-01	6.95552e-01	3.93419e-02
2.08780e-01	-1.02461e-01	1.30719e+00	1.80791e-01
2.85333e-01	-5.53869e-01	1.10091e+00	6.91610e-01
3.12723e-02	4.87630e-02	1.04851e+00	-3.53953e-01
1.56712e+00	1.33337e-01	1.18186e+00	-2.20638e-01
1.64071e+00	8.31719e-01	1.32084e+00	5.40324e-01
1.05551e-01	-7.62319e-01	8.54789e-02	-3.90707e-01
9.79353e-01	9.88302e-01	7.06131e-01	9.41862e-02
4.96843e-01	-4.47919e-02	1.61834e+00	5.02366e-01
1.60726e+00	9.72058e-01	1.48687e-02	-6.74352e-01
5.22474e-01	8.53937e-01	1.49878e+00	-6.60531e-03
1.26079e+00	5.11756e-01	9.88848e-01	1.75239e-01
1.42301e+00	1.48938e-02	1.00889e-01	-2.67449e-01
1.16114e+00	-7.22378e-01	2.14613e-01	8.79692e-01
1.32606e+00	4.93084e-01	1.02369e-01	5.92832e-02
9.12737e-01	3.71273e-01	8.92813e-01	4.28411e-01
