# No. of particles = 100 
# Proton - Solar wind	Electron - Solar wind	
1.24718e+00	4.96532e-01	2.80547e+00	2.12837e+00
4.43790e-01	4.58620e+00	8.19308e+00	-3.78443e+00
1.07597e-01	3.79502e+00	6.53517e+00	1.18555e+00
3.89779e-02	-2.82391e+00	1.78771e+00	-4.17479e+00
5.57035e+00	4.99682e+00	3.14834e+00	-3.75206e+00
9.20454e+00	-1.83416e+00	9.21439e+00	2.53919e+00
8.61393e+00	1.29065e+00	9.87721e+00	7.08447e-01
8.02178e+00	4.82705e-01	8.43706e-01	3.09730e+00
6.11956e+00	1.03144e+00	3.20464e+00	1.24558e+00
9.38976e+00	-3.71359e+00	9.73244e+00	4.17476e+00
9.94909e+00	1.88322e+00	1.18714e-01	-1.43540e+00
9.73400e+00	1.56938e+00	5.93448e+00	-2.04151e+00
7.16974e+00	-9.08697e-01	9.72899e+00	2.31745e+00
8.56942e+00	4.89486e+00	8.30181e+00	-1.97485e+00
8.40526e+00	1.39529e-02	3.06682e+00	-2.58745e+00
9.20516e+00	2.71969e+00	9.69590e+00	-1.06124e+00
9.87200e+00	4.88429e+00	8.92867e-01	-4.86045e+00
8.39502e+00	-9.40442e-01	4.02860e+00	-4.10359e+00
7.98675e+00	1.24769e+00	7.24663e-01	4.88334e+00
9.68271e+00	1.01821e+00	7.44767e+00	-5.64148e-01
6.88154e+00	-1.23938e+00	1.34013e+00	3.42866e+00
9.85612e+00	3.28761e+00	2.11847e+00	-2.74280e+00
7.40410e+00	-3.41062e+00	3.54228e+00	-3.27795e+00
9.86906e+00	4.70248e+00	1.50206e+00	-4.96706e+00
8.26656e+00	1.62250e+00	7.04676e+00	1.45041e+00
7.68663e+00	-2.53695e+00	1.32527e+00	-6.89174e-01
6.01255e+00	-1.91141e+00	2.52915e+00	-3.56707e+00
9.54252e+00	5.93641e-01	4.22447e+00	-3.07650e+00
9.42202e+00	-5.86912e-01	6.11074e+00	-2.42034e+00
9.38089e+00	2.24921e+00	7.97421e+00	-3.38165e+00
8.69815e+00	-2.45360e-01	6.26807e+00	2.59124e+00
9.41900e+00	2.12119e-03	9.77089e+00	-2.89135e-01
5.95694e+00	-1.19274e+00	7.69513e+00	1.29174e+00
7.54517e+00	-8.69604e-01	5.88057e+00	2.53726e-01
9.65989e+00	4.76193e+00	6.68862e+00	-1.94247e+00
9.59503e+00	-2.01687e+00	9.04401e+00	1.89271e+00
8.17022e+00	-2.45064e+00	8.45558e+00	3.45185e+00
5.07455e+00	-2.20868e+00	4.84554e+00	-4.25099e-02
6.70072e+00	-4.89105e-01	1.24080e+00	-3.46049e+00
5.84049e+00	2.09797e+00	8.16172e+00	1.27156e+00
5.15196e+00	-1.60632e+00	4.18168e+00	-4.94508e+00
8.41360e+00	-5.96760e-01	5.58664e+00	4.18256e+00
4.95107e+00	-2.78058e+00	3.06972e+00	2.35929e+00
9.87153e+00	-4.65573e+00	8.31745e+00	2.33605e+00
7.09604e+00	-8.33443e-01	8.66894e+00	-6.92085e-01
8.90212e+00	-9.87431e-01	6.91534e+00	9.95908e-01
9.68495e+00	-2.54613e+00	3.60279e+00	2.74126e+00
9.72939e+00	-3.67676e+00	2.14367e+00	-9.61706e-01
8.60538e+00	1.34981e+00	6.26641e+00	-5.31951e-01
8.68326e+00	4.43864e-01	8.95425e+00	-4.81695e-01
7.41630e+00	5.09619e-02	2.25170e+00	3.50884e+00
9.63036e+00	3.48712e+00	8.08703e+00	-1.25418e+00
8.71872e+00	4.77347e+00	2.89713e+00	4.33490e+00
9.79864e+00	8.72082e-01	5.45274e+00	1.63657e+00
8.77710e+00	3.79353e+00	5.93067e+00	-1.27329e+00
7.09944e+00	-8.92888e-01	9.01827e-01	-1.34093e+00
9.30120e+00	-5.81985e-01	7.88264e+00	-4.27632e+00
9.59098e+00	2.06897e+00	8.70135e+00	2.67992e+00
9.96736e+00	-8.20756e-01	9.51577e+00	-4.19882e+00
8.71044e+00	-4.73761e+00	4.19253e+00	-1.82812e+00
8.02542e+00	-1.30653e+00	1.68158e+00	1.27216e+00
5.13746e+00	4.95675e+00	7.35929e+00	4.64252e+00
4.24947e+00	-1.86320e+00	5.23034e+00	-4.35996e+00
7.49481e+00	-3.26880e+00	3.90760e+00	4.96190e+00
8.84275e+00	-5.54540e-01	3.03384e+00	-1.26911e-02
8.41723e+00	5.42825e-01	8.63297e+00	4.05761e+00
9.80395e+00	2.51585e+00	2.96058e-01	1.33896e+00
9.89843e+00	5.57061e-01	8.48326e+00	-2.63258e+00
7.46720e+00	-3.55090e+00	7.79743e+00	-1.12874e+00
9.87253e+00	-9.24493e-01	9.33810e+00	1.97578e+00
9.89143e+00	2.86846e+00	3.92057e+00	2.59431e+00
9.44628e+00	1.15326e+00	6.04969e+00	1.64957e+00
8.77840e+00	-3.34348e+00	6.28037e+00	-3.10953e+00
9.81134e+00	-1.42785e+00	9.14373e+00	-2.59170e+00
9.56061e+00	-2.66705e+00	1.24016e+00	1.43393e+00
7.07666e+00	2.82970e+00	1.75268e+00	-4.59144e+00
7.67761e+00	-2.32082e+00	9.62392e+00	4.49074e+00
9.69614e+00	3.12279e+00	9.64386e+00	4.05534e-02
8.78251e+00	-1.11231e+00	9.96755e+00	-4.16697e+00
9.06918e+00	3.15825e+00	7.23757e+00	9.86930e-01
9.24644e+00	-4.93622e+00	1.44398e+00	-4.45406e+00
6.79489e+00	3.45330e+00	6.16790e+00	-2.40442e+00
8.83601e+00	-3.06720e+00	5.57996e+00	5.64186e-01
5.35093e+00	-3.62613e-01	9.23447e+00	-1.50956e+00
9.85438e+00	2.46407e+00	3.94327e+00	-2.07034e-01
8.06277e+00	-2.57293e+00	7.94425e+00	3.94284e+00
9.00323e+00	3.74984e+00	4.52701e+00	2.80232e+00
6.46515e+00	-3.63091e+00	4.88775e+00	1.57876e+00
9.69070e+00	1.15585e+00	2.37127e+00	2.82187e+00
8.37781e+00	-1.48800e+00	3.41656e+00	-2.99259e+00
9.16958e+00	8.38006e-01	8.46364e+00	3.10792e-01
5.65965e+00	3.98690e-01	1.79141e+00	7.99932e-01
9.63570e+00	2.85002e+00	7.06087e+00	3.90445e+00
9.97456e+00	-3.81466e+00	9.05609e+00	2.16370e-01
6.71306e+00	-4.81518e-01	8.62064e+00	-2.54462e+00
8.71506e+00	-3.12085e+00	5.51660e+00	-5.34019e-01
9.70970e+00	4.19026e+00	1.69864e+00	1.42486e+00
9.60794e+00	4.77942e+00	9.17023e+00	-5.49069e-01
8.55633e+00	1.12637e+00	1.15073e+00	-4.52273e+00
8.57522e+00	3.72418e+00	4.52956e+00	4.13829e+00
