# No. of particles = 100 
# Proton - Solar wind	Electron - Solar wind	
4.04990e+00	-2.10859e+00	2.09043e+00	-1.19720e+00
4.78795e-01	-2.25690e+00	6.97482e-01	-1.24146e+00
3.02234e-01	-2.22541e+00	4.76185e+00	1.41121e+00
4.62974e+00	-2.19263e+00	2.11097e-02	-2.27546e+00
7.74814e-01	-2.34436e+00	3.01416e+00	-2.36142e+00
2.14427e+00	-1.62989e+00	1.39608e+00	1.51344e+00
9.56996e-01	-2.33867e+00	9.63697e-01	1.38867e+00
1.82405e+00	-2.24024e+00	8.10916e-01	-2.42081e+00
4.02762e+00	-2.44231e+00	2.60216e-01	2.46473e+00
3.82283e+00	-7.60529e-01	2.68040e-02	-7.41862e-01
5.78969e-01	-2.31041e+00	1.36753e+00	-1.03224e+00
5.98359e-01	-2.17790e+00	3.50714e+00	-1.84606e+00
2.49960e+00	-1.63523e+00	4.35287e-01	5.76307e-03
4.60993e+00	-2.47795e+00	8.14459e-01	1.84322e-01
1.44732e+00	-2.40978e+00	4.78520e+00	-2.17728e+00
1.18029e+00	-2.25886e+00	1.55508e-01	-1.38301e+00
4.77050e+00	4.04195e-01	3.84248e+00	-1.33434e+00
2.12206e+00	-1.98802e+00	1.95571e-01	-2.02890e+00
4.90262e+00	-2.10125e+00	2.30016e+00	-5.76673e-01
1.27957e+00	2.28029e-01	1.18365e+00	-6.24785e-01
3.20973e+00	-1.74518e+00	1.80509e+00	4.87666e-01
1.48785e-02	-2.32016e+00	2.88229e+00	-2.26145e+00
8.93090e-01	-2.39676e+00	2.31247e+00	-2.50060e-02
3.79262e+00	-2.44178e+00	3.10399e+00	-6.66538e-01
2.76199e+00	-2.02125e+00	2.75993e+00	1.05787e+00
2.84850e+00	-2.41212e-01	4.69066e+00	8.16305e-01
4.36170e+00	-2.43313e+00	5.55104e-01	-1.98667e+00
8.32036e-01	-2.20356e+00	1.23954e+00	-2.33352e+00
3.82569e+00	-8.57749e-01	3.48463e-01	-2.16657e+00
4.98452e+00	-4.53912e-01	3.16681e-01	6.13646e-01
1.85013e+00	-2.03958e+00	6.65666e-01	-2.07951e+00
3.39372e+00	-3.45198e-01	4.67418e+00	1.91977e-01
5.13043e-01	-2.29619e+00	3.63042e+00	2.80851e-01
3.37469e+00	4.62963e-01	3.86694e+00	1.71751e-01
1.33878e+00	-2.44743e+00	1.58195e-01	-1.58160e+00
1.77514e+00	-2.33961e+00	2.03263e+00	-6.50833e-01
3.19027e-01	-1.19234e+00	2.88222e+00	1.86881e+00
3.20994e+00	-1.97602e+00	3.10211e+00	-9.95835e-01
3.71250e+00	-6.73862e-01	5.85460e-01	1.65247e+00
3.27251e+00	-2.38549e+00	1.94708e+00	-4.07376e-01
5.87091e-01	-3.28001e-01	3.79711e+00	-9.48909e-01
4.91309e+00	-8.93537e-01	3.08815e-01	-1.35692e+00
4.42451e-01	-2.40763e+00	4.53475e+00	-6.02066e-01
4.62811e+00	5.73487e-01	2.70464e+00	2.13262e+00
2.08638e+00	-1.48253e+00	2.04526e+00	-1.11519e+00
1.09823e-01	-2.25221e+00	1.79372e+00	4.28437e-02
3.04327e+00	-2.21351e+00	4.79565e+00	-1.02972e+00
6.94810e-01	-2.08703e+00	1.90916e+00	-5.10411e-01
1.09070e+00	-2.20361e+00	2.42264e+00	-1.62935e+00
1.10944e+00	-2.07937e+00	3.10195e+00	-3.29872e-01
4.59672e-01	-2.41769e+00	2.20957e-01	-2.02287e+00
2.31379e+00	-2.05872e+00	1.13997e+00	5.51479e-01
3.41885e+00	-2.28966e+00	1.35952e+00	-1.53187e+00
1.78645e+00	1.24761e-01	4.14406e+00	-9.19790e-01
1.45108e+00	-2.36005e+00	3.25304e+00	-9.44771e-01
1.59095e-02	4.07108e-01	3.52086e-01	-1.44035e+00
2.75949e+00	-2.30935e+00	2.03281e+00	1.16213e+00
4.44191e+00	-2.28204e+00	3.19698e+00	-1.92043e+00
4.45021e+00	3.04507e-01	2.22450e-01	-2.01740e+00
2.21425e+00	-1.76399e+00	1.82387e+00	-8.34440e-01
8.00001e-01	2.04529e-01	3.36782e-01	-1.83449e+00
3.39268e+00	-1.86298e+00	3.26676e+00	-2.29104e+00
4.95548e+00	-2.42681e+00	2.37754e+00	-1.57218e+00
4.60258e+00	-1.25426e+00	4.10767e+00	2.12018e+00
4.14108e+00	1.21876e+00	1.56647e+00	-4.54701e-01
4.03950e-03	-2.36606e+00	2.66891e+00	-6.88608e-01
3.53280e+00	-1.76135e+00	4.70175e-02	-2.38065e+00
3.75408e+00	-2.42761e+00	2.57937e+00	-2.26790e+00
3.32496e+00	9.42862e-01	4.23051e+00	-1.63030e+00
3.35477e-01	-2.40579e+00	9.92871e-01	4.07602e-01
3.72439e+00	-1.52822e+00	1.98985e+00	1.75244e+00
1.98250e+00	-2.25869e+00	3.26165e+00	3.20184e-01
3.21326e+00	-1.27524e+00	4.19500e-01	-8.22550e-01
2.41026e+00	-1.41843e+00	3.78303e-01	-6.10069e-01
2.90214e-01	1.09260e+00	3.11529e+00	-6.43172e-01
1.11847e+00	-2.31226e+00	1.11983e+00	-2.45026e+00
1.84459e+00	-2.36719e+00	2.59653e+00	-3.44694e-02
5.69370e-01	-2.42228e+00	2.83074e+00	-1.85700e-01
1.49735e+00	-2.21431e+00	3.59583e+00	1.75177e+00
4.25914e+00	1.98327e+00	7.21340e-01	-2.08905e+00
2.25029e+00	-1.78077e+00	2.14516e+00	1.76614e+00
2.35930e+00	7.74604e-01	2.97148e+00	2.02131e+00
7.09361e-01	7.45969e-02	2.47733e+00	3.99855e-01
3.42871e+00	-2.10761e+00	1.16043e+00	7.45113e-01
1.29118e+00	-2.35623e+00	2.42400e+00	-1.58383e+00
2.67521e-01	-2.39926e+00	3.69189e+00	1.21048e-01
4.33937e+00	-4.16319e-01	3.09039e+00	-1.97258e+00
4.07222e+00	-1.10804e+00	9.18086e-01	-2.12586e-01
2.23181e+00	-1.53512e-01	2.85710e+00	2.28443e+00
1.62009e+00	3.12027e-01	3.08620e+00	1.41292e+00
3.23070e+00	-2.35976e+00	9.16117e-01	-2.19077e+00
9.47546e-02	-2.28797e+00	4.57830e+00	-6.78107e-01
2.73867e+00	-2.25654e+00	4.93612e+00	1.65705e-01
1.26391e+00	-1.81747e+00	4.47444e+00	1.74141e-01
1.13116e+00	-1.94593e+00	1.13049e+00	-1.59288e+00
4.58512e+00	-1.05486e+00	1.52008e+00	3.92129e-04
3.29060e+00	-2.46627e+00	4.17868e+00	-1.29069e+00
4.75149e+00	8.98086e-02	2.36061e-01	2.81226e-01
5.06845e-01	-2.45571e+00	4.38865e+00	-8.07263e-01
2.47608e+00	-1.83405e+00	1.77390e+00	1.47531e+00
