# No. of particles = 100 
# Proton - Solar wind	Electron - Solar wind	
4.55471e+00	-2.40650e+00	2.46259e-01	-2.19679e+00
2.01212e+00	-2.38367e+00	1.06699e+00	-1.50373e+00
4.95603e-01	-2.43921e+00	1.25541e+00	-1.93459e+00
2.85721e+00	-2.38193e+00	3.42321e+00	2.23776e+00
4.83655e+00	-2.09351e+00	3.22133e+00	-2.10257e+00
3.53625e+00	-2.32389e+00	2.77788e+00	-1.73480e+00
1.43447e+00	2.78148e-02	1.42236e-01	9.94101e-02
3.99859e+00	-2.20565e+00	3.07684e+00	1.35632e-01
1.21499e+00	-2.38559e+00	2.23556e+00	1.52935e+00
3.55849e+00	-1.33921e+00	1.72975e-01	-2.05579e+00
1.37947e+00	-2.36804e+00	4.54475e+00	-4.42973e-02
2.22329e+00	-2.46858e+00	1.04076e-01	-2.46677e+00
3.59308e+00	-2.46195e+00	1.25317e+00	-8.46273e-01
1.07498e-02	-2.45555e+00	4.63101e+00	-2.72579e-01
4.29811e-01	-2.33601e+00	3.19203e+00	-9.12017e-01
3.39021e+00	-1.92619e+00	4.85305e-01	-2.33213e+00
7.15322e-01	-2.45501e-01	1.02241e+00	-2.10719e+00
4.16529e+00	-4.62400e-01	3.49613e+00	-1.93090e-01
1.73339e+00	-2.02728e+00	1.21794e+00	-1.55522e+00
8.60940e-01	-2.44454e+00	2.95162e-01	3.69683e-01
4.11367e+00	-2.49813e+00	2.85617e+00	-2.11456e+00
9.04244e-01	-2.38875e+00	3.24221e+00	1.44850e+00
4.69732e+00	-2.21269e+00	4.29691e+00	-1.92222e+00
2.68829e-01	-2.33684e+00	3.73722e+00	1.14684e+00
3.13442e+00	-1.55625e+00	1.78399e-01	-2.31897e+00
3.31596e+00	-2.23701e+00	2.15236e+00	-3.56715e-01
3.90117e+00	-2.35070e-01	2.60655e-01	1.00169e+00
9.23426e-01	-2.45057e+00	3.82992e+00	-1.74362e+00
3.57745e+00	-2.01680e+00	1.97543e+00	8.08408e-01
2.10076e+00	-1.21965e+00	1.00091e+00	-2.24525e+00
4.21527e-01	-2.24635e+00	1.62200e+00	2.24263e-01
3.23181e+00	-1.70026e+00	2.84993e+00	1.34965e+00
2.16995e+00	-1.64434e+00	1.42272e+00	-1.69531e+00
2.96499e+00	-1.42247e+00	4.61810e+00	-6.60289e-01
1.89434e+00	-2.24724e+00	2.06767e+00	-9.16643e-01
3.12617e+00	5.21374e-01	4.29127e+00	-1.84509e-01
8.19488e-01	-2.22590e+00	3.54294e-01	-1.70602e+00
9.19013e-01	-9.02886e-01	3.11760e+00	1.17200e+00
3.59089e-01	-2.34099e+00	4.74423e-01	-2.41130e+00
2.46914e+00	-2.37235e+00	3.72052e-01	-1.84156e+00
1.56806e+00	-4.69834e-01	8.01911e-01	8.96197e-01
1.10198e+00	-2.32569e+00	1.87435e+00	4.54136e-01
1.44979e+00	-2.24182e+00	4.70673e-01	7.41884e-01
1.55322e+00	-1.50370e+00	4.10924e+00	-1.27077e+00
4.56002e+00	-2.36779e+00	2.26287e-01	-2.42929e+00
1.18002e+00	-2.33783e+00	1.20321e-01	-2.39341e+00
4.06399e+00	3.51117e-02	4.52273e+00	-4.64585e-01
1.52813e+00	-2.37035e+00	1.64018e+00	-2.48179e+00
8.01940e-01	-2.43613e+00	8.39637e-01	-1.00834e+00
3.69148e+00	-1.97026e+00	5.18931e-01	1.72967e+00
1.37809e+00	-2.36205e+00	3.89246e+00	-8.12236e-01
4.24500e+00	-1.55630e+00	4.01595e+00	1.32095e+00
1.75647e+00	-2.49749e+00	2.36616e+00	-1.25314e+00
3.14981e+00	1.36526e+00	4.02313e+00	8.44068e-01
3.37936e+00	-1.63234e+00	4.32173e+00	2.47020e+00
3.25758e+00	-2.30913e+00	3.10265e-01	-2.17936e+00
3.24685e+00	-1.84692e+00	1.38162e+00	-2.27604e+00
1.91741e+00	-2.92314e-01	2.38758e+00	-2.20755e-03
8.76235e-01	-2.44751e+00	1.77017e+00	-2.47484e+00
3.41389e+00	-2.40801e+00	2.64305e-02	-2.48938e+00
2.67716e-01	-2.45510e+00	1.30557e+00	4.58218e-01
2.37969e+00	-1.57250e+00	2.82681e+00	-5.19169e-01
4.25643e+00	-3.73163e-01	7.48569e-01	-2.01319e+00
4.42716e+00	-3.34381e-01	1.97647e+00	-6.89669e-01
3.90840e+00	1.25467e-01	3.49496e-01	-2.22158e+00
6.64892e-01	4.14487e-01	4.04637e+00	4.39726e-02
4.35750e+00	-2.41226e+00	7.08249e-01	-1.16633e+00
3.00191e+00	2.14892e-01	4.34349e+00	-6.97863e-01
5.62400e-01	-2.44846e+00	1.00173e+00	-1.32310e+00
3.24017e+00	-1.64278e+00	1.95468e+00	1.29268e+00
8.76256e-01	-2.30562e+00	4.73061e+00	8.99853e-01
3.28300e+00	-1.78372e+00	4.75802e+00	-2.15327e+00
3.96841e+00	-1.63139e+00	2.55609e+00	-2.24585e+00
3.55209e+00	-1.83540e+00	3.63844e+00	1.56000e+00
1.40595e+00	8.00365e-01	4.92330e+00	-8.93159e-01
2.18138e+00	-1.78882e+00	5.95805e-01	3.89606e-01
2.95241e+00	-2.33531e+00	4.93869e+00	1.34993e+00
7.48781e-01	-2.27436e+00	1.35000e+00	-3.13197e-01
3.36555e+00	-2.45199e+00	4.86222e+00	2.30418e-01
4.89153e+00	-1.92607e-01	4.82072e+00	-7.79791e-01
6.89881e-01	-2.41909e+00	1.75229e-02	-2.38823e+00
1.71996e+00	-2.18729e+00	3.79503e+00	-1.77198e+00
4.63339e+00	-4.14180e-01	2.06456e+00	-5.58623e-01
3.24941e+00	1.24504e-01	8.68209e-02	-2.49507e+00
4.57208e+00	-2.34548e+00	1.81217e-01	-1.73131e+00
8.01897e-01	-2.03054e+00	4.10723e+00	1.64715e+00
1.92738e-01	-2.37827e+00	7.86535e-01	-2.43123e+00
3.91967e-01	5.41052e-01	1.65378e+00	2.09202e+00
8.30989e-01	5.48145e-02	6.16319e-01	-1.91443e+00
4.14377e+00	-2.36448e+00	8.97666e-01	1.79141e+00
4.46543e+00	-1.66353e+00	8.47607e-01	-1.10450e-01
4.80831e+00	2.93576e-01	1.36966e+00	-2.32143e-01
3.39435e+00	1.33861e-01	2.38618e+00	1.41525e+00
2.01616e+00	-1.70317e+00	4.96006e-01	1.32783e+00
3.13556e+00	-8.91139e-01	2.05831e+00	-2.27066e+00
8.79044e-01	-7.23221e-01	4.93685e+00	-1.16670e+00
4.32784e+00	-2.32839e+00	2.94642e+00	-4.07959e-01
4.92014e+00	-8.53327e-01	1.55180e+00	1.17893e+00
7.56578e-01	-2.43827e+00	6.34646e-01	2.46238e+00
3.45024e+00	1.53096e+00	3.45136e+00	-2.37525e-02
