# No. of particles = 100 
# Proton - Solar wind	Electron - Solar wind	
1.87241e+00	-2.25251e+00	5.77078e-01	-2.01419e+00
3.12263e+00	-1.80833e+00	9.96595e-01	-2.42168e+00
3.04979e+00	-1.98920e+00	4.94307e+00	-7.14334e-01
2.69488e+00	-2.27841e+00	4.20777e-01	-2.48131e+00
4.30668e+00	-2.14787e+00	3.62717e+00	1.63754e-01
1.37598e+00	-2.44387e+00	4.50125e-01	-1.79735e+00
3.86992e+00	-1.34817e+00	2.44027e+00	2.41919e+00
9.99227e-01	-2.25336e+00	1.48886e+00	-2.23483e+00
1.72095e+00	-2.42583e+00	2.60757e-01	1.12816e+00
1.12654e+00	-1.87475e+00	1.49440e+00	-1.55818e+00
3.07872e+00	-2.05084e+00	1.80213e+00	1.90954e+00
3.20153e+00	-2.22010e+00	3.45353e+00	1.52840e+00
4.85335e+00	-2.36996e+00	1.94430e+00	-6.98637e-01
3.46025e+00	-2.43463e+00	1.68544e+00	-1.13544e+00
3.77030e+00	-2.33579e+00	3.89947e+00	-1.81500e+00
4.12710e+00	-1.28031e+00	6.37961e-01	-1.14512e+00
2.75967e+00	-8.54617e-01	4.70118e+00	-1.46805e+00
3.71108e+00	-2.27200e+00	4.02953e+00	2.44853e+00
2.56497e+00	-2.28399e+00	3.28558e+00	-4.12805e-01
3.64270e+00	-2.06751e+00	4.30498e+00	-2.26325e+00
1.32262e+00	-2.08891e+00	3.07303e+00	1.53014e+00
2.16768e-01	-2.30295e+00	4.40319e+00	1.45757e+00
3.07250e+00	-2.07642e+00	3.26764e+00	-6.87213e-01
9.12293e-01	-2.30679e+00	5.10581e-01	1.37757e+00
1.18937e-01	-2.21872e+00	3.84835e+00	-3.23944e-01
1.44893e+00	-1.36508e+00	6.79378e-01	-4.82108e-01
2.05380e+00	-2.45238e+00	5.40456e-01	-1.33613e+00
3.67200e+00	-2.08503e+00	3.27662e+00	2.24601e+00
1.47893e+00	-1.84402e+00	4.92157e+00	-2.92536e-01
2.37168e+00	-1.46961e-01	2.43525e+00	-2.30459e+00
1.34532e+00	-2.48481e+00	2.73212e+00	-2.14078e+00
1.30698e+00	-1.72918e+00	1.40480e+00	1.78028e+00
3.38712e+00	-2.47942e+00	3.59073e+00	5.30549e-01
2.22183e+00	-4.63481e-01	3.08872e+00	2.06536e+00
4.23052e+00	-1.33495e+00	9.61093e-01	-1.41062e+00
4.04237e+00	-2.30035e+00	1.02312e-01	-2.09229e+00
4.68242e+00	-5.56017e-01	1.77389e+00	-2.26970e+00
2.36932e-01	-2.34867e+00	1.25517e+00	-2.12204e+00
1.71365e+00	-7.55229e-01	3.51844e+00	-1.24583e+00
8.33139e-01	-2.38159e+00	3.06892e+00	-2.47288e+00
3.32559e+00	-2.04622e+00	4.58007e+00	-2.23595e+00
2.55517e+00	-1.69736e+00	4.66536e+00	-8.39106e-01
2.91185e+00	-1.65407e+00	1.24420e-01	-2.42564e+00
2.52485e+00	5.44725e-01	1.21958e+00	1.48607e+00
4.10500e+00	-2.43520e+00	1.42440e-01	5.85467e-01
3.49723e+00	-7.29778e-01	1.56666e+00	-5.69015e-01
1.14251e+00	-2.30417e+00	2.08529e+00	-4.89814e-01
2.86206e+00	-2.14643e-01	2.01789e+00	-2.14251e+00
4.01252e+00	-2.02162e+00	2.62550e+00	-1.06322e+00
1.30384e-02	-2.23854e+00	1.64319e+00	-1.75681e+00
3.04828e+00	-1.98160e+00	1.58690e+00	2.32469e+00
4.71868e+00	1.15953e+00	6.19691e-01	-1.19293e+00
9.90158e-01	-2.35094e+00	3.68764e+00	7.56925e-01
4.36474e+00	-1.18059e+00	4.07781e+00	9.29419e-01
8.11424e-01	-2.39142e+00	2.26915e+00	-2.13302e+00
2.52249e+00	-2.37673e-01	3.61866e-01	-2.43662e+00
1.67413e-01	-2.27178e+00	4.09494e+00	6.06203e-01
1.76946e+00	-2.36950e+00	2.60907e-01	-2.10695e+00
2.51217e+00	-9.24302e-01	1.64568e+00	8.68928e-01
3.75092e-01	-2.26659e+00	2.20444e+00	-2.13673e+00
3.47490e+00	-7.19228e-01	1.34788e+00	-7.13281e-01
9.86368e-01	-2.22676e+00	1.04531e+00	-2.30783e+00
2.76100e+00	-2.36350e+00	2.18985e+00	-2.32399e+00
1.88892e+00	-1.25851e+00	1.18848e+00	-4.00470e-01
1.70556e+00	1.09646e+00	8.81927e-02	-1.01141e+00
2.47518e+00	-1.29452e+00	4.43321e+00	1.50993e+00
4.94369e+00	1.54675e+00	3.13535e-01	1.26313e+00
1.61964e+00	-2.31551e+00	7.40223e-01	9.06981e-01
9.75686e-01	2.14448e-01	1.21525e+00	-4.48797e-01
2.70573e+00	-1.50383e+00	1.75234e+00	-2.05276e+00
9.37542e-01	-2.27296e+00	7.34768e-01	9.26938e-01
4.62089e+00	-2.38723e+00	1.99514e+00	-2.01782e-01
1.20302e+00	-2.11113e+00	4.38954e+00	-1.82983e+00
4.93387e+00	-1.70902e+00	4.86484e+00	1.55911e+00
3.09499e+00	-1.77591e+00	1.41489e+00	-1.20199e+00
3.14994e+00	-2.00791e+00	3.94110e-01	6.19167e-01
4.49000e+00	-2.46373e+00	1.40698e+00	-3.82822e-01
4.71408e+00	2.03398e-01	4.22388e-01	-2.12843e+00
3.50507e+00	4.67560e-01	5.15428e-02	-2.44502e+00
2.10311e+00	1.11967e+00	1.68395e+00	1.18514e+00
4.64707e+00	-2.23894e+00	1.04167e+00	-1.88113e+00
5.67576e-01	3.26897e-01	2.48484e+00	5.32200e-01
3.20755e+00	-2.39964e+00	1.97766e+00	-1.71765e+00
2.14719e+00	-2.20100e+00	1.99035e+00	1.05616e+00
4.67020e-02	-2.36031e+00	6.15461e-03	-2.44131e+00
3.22901e+00	-1.82040e+00	2.55455e+00	7.01500e-01
1.69712e+00	-2.04751e-01	1.17237e-01	-2.35128e+00
9.16557e-01	-2.05524e+00	5.11445e-01	-1.22009e+00
4.96115e-01	1.73720e-01	3.89627e+00	2.34997e+00
4.03367e+00	-5.25725e-02	3.32872e+00	-5.78811e-01
1.29055e+00	-2.33737e+00	3.52294e+00	-3.74683e-01
1.09166e+00	-2.35236e+00	1.85055e+00	8.71601e-01
4.76987e-01	-2.24128e+00	3.73974e+00	1.23099e+00
3.72735e+00	-1.63459e+00	5.15980e-01	-1.83702e+00
3.70872e-01	-2.34603e+00	3.23854e+00	-9.13573e-01
2.57933e+00	-1.63891e+00	2.37123e+00	-1.71628e+00
7.97646e-01	-2.45707e+00	1.28534e+00	4.27810e-01
2.44409e+00	7.13739e-02	1.93956e+00	-4.68138e-01
3.11446e+00	-1.73669e+00	2.00424e+00	-3.30771e-02
4.50294e-01	-2.27484e+00	1.49286e+00	-1.21549e+00
