# No. of particles = 100 
# Proton - Solar wind	Electron - Solar wind	
2.57142e+00	-2.11266e+00	8.49315e-01	-6.38218e-02
1.27602e+00	-2.21357e+00	1.14604e+00	5.40477e-01
1.58214e+00	-2.25827e+00	4.34223e+00	-2.03333e+00
2.44466e+00	-1.20705e+00	9.38961e-03	-2.48244e+00
3.14870e+00	-1.25217e+00	3.59785e+00	-1.05394e+00
2.76176e+00	-2.22185e+00	3.07394e+00	-1.74431e+00
3.33354e+00	-2.26938e+00	4.19048e-01	-3.62119e-01
2.05468e+00	-2.31681e+00	4.90954e+00	-2.95076e-01
4.55707e+00	-2.39388e+00	3.70901e+00	2.45296e+00
2.08070e+00	-2.38435e+00	1.56126e-01	5.54687e-01
4.91453e-01	-2.26436e+00	4.50938e+00	-9.61025e-01
2.43652e+00	-2.33196e+00	1.45555e-01	-5.59817e-01
3.04285e+00	-2.30676e+00	2.59730e+00	2.31603e+00
4.02298e+00	-1.88334e+00	8.40398e-01	-1.95657e+00
2.07880e+00	-1.65488e+00	2.89889e-01	-2.42754e+00
2.26078e+00	-1.28389e+00	1.72125e-01	-2.47340e+00
2.63958e+00	-1.90319e+00	2.38904e-01	-1.40015e+00
2.56411e+00	-1.99015e+00	2.24533e-01	8.03151e-01
2.92624e+00	-2.41174e+00	2.40177e+00	1.45331e+00
2.56262e+00	-1.94802e+00	2.30825e+00	-7.68273e-01
2.25878e+00	-1.36699e+00	2.25756e+00	-1.34770e+00
3.21276e+00	-1.41963e+00	7.51532e-01	-2.34038e+00
1.47759e+00	-2.09332e+00	1.67430e-01	-2.20393e+00
1.82804e+00	-1.74879e+00	2.04895e+00	-1.01947e+00
1.84580e+00	-1.62542e+00	3.11533e+00	-3.36357e-01
2.59570e+00	-1.45042e+00	1.47144e-01	-1.98279e-01
2.65933e+00	-1.45344e+00	4.29639e+00	-1.37968e+00
2.33018e+00	-1.42730e+00	2.91633e+00	1.10112e-01
2.63403e+00	-1.59891e+00	1.38474e+00	-2.47917e+00
2.78936e+00	-4.27633e-01	2.84152e-02	-2.26110e+00
3.11899e+00	-1.79223e+00	1.54094e+00	-2.29910e+00
2.74400e+00	-1.62502e+00	2.00876e+00	-1.73167e+00
2.40196e+00	-1.83715e+00	2.51968e+00	2.17980e+00
3.98129e+00	-1.06195e+00	2.25547e+00	2.28228e+00
2.75768e+00	-1.64408e+00	4.19018e+00	-1.51501e+00
2.61764e+00	-1.04853e+00	4.77423e+00	1.82180e+00
3.20101e+00	5.38350e-01	1.02784e+00	-1.70413e+00
3.02466e+00	-9.06554e-01	4.66970e+00	-1.13792e+00
3.60812e+00	3.44831e-01	2.33232e+00	1.06735e+00
2.53605e+00	-7.53729e-01	4.91722e+00	1.36468e+00
2.47681e+00	-8.69225e-01	2.88471e+00	-3.48929e-01
3.26226e+00	5.52099e-02	3.94721e+00	1.14705e+00
3.11478e+00	2.73923e-01	4.83122e-01	1.65770e+00
2.38377e+00	-1.34909e-01	1.54218e+00	-1.71344e+00
1.39412e+00	-7.36873e-01	4.22269e+00	-2.29746e+00
2.63401e+00	-9.13298e-01	2.66670e+00	5.18804e-01
2.58480e+00	-4.91622e-01	2.43413e+00	-2.02250e+00
2.08855e+00	3.22589e-01	1.09837e+00	6.33573e-01
3.05310e+00	-5.54497e-01	3.98503e+00	-8.91454e-01
2.84887e+00	-9.38979e-01	2.72014e+00	-7.61355e-01
2.61753e+00	-4.41407e-01	6.62324e-01	9.42174e-02
2.64741e+00	-1.33604e-01	3.56289e+00	2.31813e+00
2.30736e+00	-1.62802e-01	1.42411e+00	-1.02577e+00
3.53273e+00	-1.01510e+00	2.24547e+00	1.03612e-01
4.06685e+00	-6.94200e-01	2.52137e+00	1.31733e-01
3.66134e+00	-1.39455e+00	3.43874e+00	2.37251e-01
2.82383e+00	3.40206e-01	3.82907e+00	1.82456e+00
3.98722e+00	-1.53034e+00	1.08220e+00	-2.17568e+00
2.69919e+00	6.14193e-01	3.23830e-01	1.90486e+00
2.86751e+00	-1.74733e-01	4.08545e+00	1.78053e+00
2.78168e+00	2.74002e-02	1.72241e+00	-1.88833e+00
3.96004e+00	-9.49242e-02	1.24770e+00	1.58146e+00
2.48602e+00	4.20491e-01	3.31778e+00	-1.20422e+00
2.93504e+00	-2.94989e-01	2.28597e-01	-1.74353e+00
1.49068e+00	-6.21644e-01	5.23241e-01	-1.33997e+00
2.70223e+00	-8.62311e-03	1.12022e+00	1.40358e+00
3.29444e+00	-6.69488e-02	1.94407e-01	-2.41847e+00
2.51869e+00	5.69644e-01	4.32020e+00	4.97028e-01
2.40026e+00	2.80700e-01	8.56440e-02	1.87008e+00
3.43961e+00	1.05278e+00	3.92283e+00	-2.26751e+00
3.66360e+00	6.75551e-01	4.85343e+00	-6.33265e-01
1.58239e+00	6.70603e-01	3.77338e+00	1.78966e+00
2.56194e+00	3.71511e-01	4.87324e+00	1.99139e+00
3.37367e+00	2.46475e+00	2.35220e-01	-5.36686e-01
2.61428e+00	1.82403e-01	4.46274e+00	1.49197e+00
3.41698e+00	-7.12671e-02	1.37072e+00	-1.32599e+00
2.69474e+00	9.30896e-01	1.22658e+00	-1.77226e+00
2.73080e+00	1.19980e+00	1.52532e+00	-7.54558e-02
3.25832e+00	8.95896e-01	4.57966e+00	1.43468e+00
2.12146e+00	1.62695e+00	1.17980e+00	-1.26551e+00
2.57089e+00	5.84909e-01	2.22417e-01	8.07991e-02
2.84571e+00	1.11285e+00	2.94414e-01	-1.92859e+00
2.19219e+00	1.32817e+00	2.29037e+00	-1.70836e+00
2.39772e+00	9.29046e-01	1.08926e+00	-1.86486e+00
4.14057e+00	4.31603e-01	1.25701e+00	7.93736e-01
2.23147e+00	2.69812e-01	1.85878e-01	-2.11429e+00
2.51746e+00	2.21593e-01	1.94937e+00	1.05262e-01
2.02698e+00	2.60276e-01	7.25316e-01	-2.21299e+00
2.77465e+00	1.68126e+00	3.08841e+00	6.63243e-01
2.71557e+00	1.04464e+00	3.03462e-01	-2.32695e+00
2.52201e+00	1.73179e+00	4.99433e-01	-1.33694e+00
1.90288e+00	1.68043e+00	2.56894e+00	-5.59361e-02
2.94239e+00	1.65242e+00	2.80666e-01	1.45323e+00
2.42953e+00	1.03281e+00	1.19303e+00	-3.22291e-01
1.86972e+00	3.67631e-01	3.61048e+00	-2.40552e+00
2.95486e+00	1.45325e+00	1.55845e+00	-2.32439e+00
3.06068e+00	-4.44540e-03	1.11789e-01	-2.38057e+00
2.46802e+00	8.36489e-01	3.94691e+00	1.19338e+00
1.05456e-01	-2.49753e+00	1.37226e+00	-2.95051e-01
3.66770e+00	1.52522e+00	3.05178e+00	-1.86579e+00
