# No. of particles = 100 
# Proton - Solar wind	Electron - Solar wind	
9.58497e-01	-2.36952e+00	2.96748e+00	-8.01928e-01
5.18126e-02	-2.39940e+00	4.39526e-01	-1.90916e+00
5.33166e-01	-2.40638e+00	1.09823e+00	-1.94635e+00
8.18146e-01	-2.06850e+00	3.73488e+00	1.11968e+00
1.05810e+00	-2.00826e+00	2.27551e+00	-9.71778e-01
9.27349e-01	-2.29759e+00	3.11151e+00	-1.04312e+00
1.12133e+00	-2.28094e+00	1.01516e+00	-2.17107e-01
6.91815e-01	-2.36859e+00	3.71831e+00	4.16675e-01
2.35763e+00	-2.46439e+00	3.66190e+00	1.00574e+00
3.47438e-01	-2.26563e+00	4.22953e-01	-1.74819e+00
1.17266e-01	-2.30977e+00	1.03136e+00	-2.77992e-01
6.66254e-01	-2.35031e+00	2.84182e+00	3.07409e-01
1.02159e+00	-1.96748e+00	2.30551e+00	-2.41142e+00
1.34496e+00	-1.93362e+00	4.67496e+00	1.69286e-01
7.00523e-01	-1.89025e+00	2.21025e+00	-2.17087e+00
7.54096e-01	-1.71220e+00	1.94156e+00	-1.68351e+00
8.87797e-01	-1.96549e+00	4.70791e+00	-2.55808e-01
8.57733e-01	-2.01884e+00	1.74067e-01	-3.26566e-01
9.79397e-01	-2.14166e+00	3.23472e+00	2.14053e+00
8.60784e-01	-1.89020e+00	1.82226e+00	1.15438e+00
7.54488e-01	-1.70564e+00	9.08165e-01	-2.29080e+00
1.07213e+00	-1.60094e+00	4.21442e+00	-5.68576e-01
1.07742e+00	-2.39183e+00	3.44517e+00	2.47498e-01
6.14481e-01	-1.41314e+00	2.42315e-01	-2.37092e+00
6.15879e-01	-1.63611e+00	1.20409e+00	1.54702e+00
8.69878e-01	-1.44179e+00	4.65129e+00	2.00124e+00
8.94519e-01	-1.23499e+00	1.18856e+00	-7.66585e-01
7.78217e-01	-1.32761e+00	1.18628e+00	-1.71225e-01
8.88028e-01	-1.60693e+00	3.82505e+00	1.87513e+00
9.37935e-01	-9.15713e-01	3.44608e+00	-9.66847e-01
1.04145e+00	-1.49757e+00	6.07448e-01	1.13821e-03
9.20437e-01	-1.63490e+00	3.30537e+00	-9.28590e-01
8.09235e-01	-1.54278e+00	3.76676e-01	-2.00418e+00
1.33097e+00	-1.31305e+00	3.99133e+00	2.36380e+00
9.25472e-01	-1.45077e+00	2.88227e+00	2.47699e+00
8.81781e-01	-1.06276e+00	3.39172e-01	-1.52912e+00
1.06710e+00	-2.65490e-01	1.34436e+00	-1.63966e+00
1.01191e+00	-8.91720e-01	1.90040e-01	-1.28628e+00
1.21135e+00	-5.18549e-01	2.18238e+00	-1.01361e+00
8.53273e-01	-8.89865e-01	5.64267e-01	-2.36881e+00
8.28092e-01	-9.44900e-01	1.58380e+00	2.07346e+00
1.09762e+00	-6.43481e-01	2.36863e+00	-2.41646e+00
1.04134e+00	-2.87031e-01	1.14496e+00	-2.16914e+00
7.96035e-01	-6.72759e-01	2.76760e+00	8.30014e-01
4.67498e-01	-9.36720e-01	1.43317e+00	1.71242e+00
8.78219e-01	-9.11907e-01	3.63641e-01	-1.60927e+00
8.61877e-01	-5.84587e-01	9.88912e-03	-2.33106e+00
6.98702e-01	-4.72427e-01	3.33982e+00	-2.35861e+00
1.02905e+00	-5.79734e-01	2.21004e+00	-1.34155e+00
9.53059e-01	-3.27702e-01	3.88177e+00	1.29017e+00
8.77552e-01	-4.41388e-01	4.60991e-02	-2.37653e+00
8.90733e-01	-2.26897e-01	1.46931e+00	-1.61206e-01
7.72176e-01	-1.03827e-01	2.12555e-01	-1.82625e+00
1.18700e+00	-6.52142e-01	6.35632e-01	-2.03586e+00
1.35987e+00	-4.96009e-01	9.91557e-01	-1.38121e+00
1.22524e+00	-6.38986e-01	1.02156e+00	-1.61420e+00
9.44456e-01	-7.46775e-02	2.34036e+00	-1.36386e+00
1.33509e+00	-7.63483e-01	1.50798e+00	-1.06336e+00
9.09478e-01	-2.75419e-02	1.71549e-01	-2.44835e+00
9.61463e-01	1.11926e-02	2.12235e+00	-2.21052e+00
9.29913e-01	1.41831e-01	7.57504e-01	-1.67770e+00
1.32693e+00	1.63091e-01	1.89546e+00	-2.46644e+00
8.30652e-01	2.62091e-01	4.92236e+00	-2.48593e+00
9.79365e-01	-1.54339e-02	9.42625e-01	1.72984e+00
4.98407e-01	-2.66802e-02	1.57931e-01	-2.45087e+00
9.07482e-01	1.09976e-01	1.01296e+00	-1.88890e+00
1.10241e+00	-2.07611e-02	1.58948e-01	2.16843e+00
8.45785e-01	3.86951e-01	7.76838e-01	4.78089e-02
8.06064e-01	3.26166e-01	1.73335e+00	-2.05568e+00
1.15440e+00	6.88032e-01	4.84861e-01	-1.24379e+00
1.22725e+00	2.28007e-01	1.88784e+00	2.46620e+00
5.31283e-01	3.29526e-01	1.52161e+00	1.43447e+00
8.57437e-01	3.55398e-01	1.86403e-01	9.47723e-01
1.13565e+00	1.15344e+00	7.28892e-01	2.06612e+00
8.78344e-01	2.14606e-01	8.11166e-01	-1.01921e+00
1.15060e+00	1.74107e-01	3.89630e+00	1.86015e+00
8.99640e-01	9.26051e-01	3.19092e+00	-2.47495e+00
9.14303e-01	1.10546e+00	1.96555e+00	1.58190e+00
1.09309e+00	8.91257e-01	3.26232e+00	-2.20936e+00
7.15041e-01	9.93188e-01	3.92114e-01	-1.54712e+00
8.57217e-01	6.24679e-01	7.58461e-01	-1.46320e+00
9.52659e-01	1.08514e+00	2.97760e+00	-1.11438e+00
7.36228e-01	8.81047e-01	9.56482e-01	1.25905e-01
8.08338e-01	8.31373e-01	4.18555e+00	1.43098e-01
1.38346e+00	7.72966e-01	1.07737e+00	1.39493e+00
7.52142e-01	5.62305e-01	1.47570e+00	-1.57495e+00
8.40299e-01	5.83054e-01	4.96945e+00	-4.97063e-01
6.81779e-01	6.86925e-01	2.91216e-01	1.28436e+00
9.26867e-01	1.13588e+00	1.79520e+00	-1.62150e+00
9.08759e-01	1.14239e+00	1.06204e-01	-1.71779e+00
8.43673e-01	1.52281e+00	3.87579e+00	1.76353e+00
6.36994e-01	1.52943e+00	1.42652e+00	-1.97463e+00
9.86336e-01	1.59593e+00	3.03271e+00	-1.86920e+00
8.10511e-01	1.42043e+00	3.73071e+00	8.34693e-01
6.29639e-01	9.80823e-01	1.16642e+00	6.76296e-01
9.94811e-01	1.43767e+00	4.67127e-02	-2.66869e-01
1.02165e+00	1.08638e+00	1.37313e-01	8.01642e-01
8.23963e-01	1.01886e+00	2.50166e+00	-1.35282e+00
1.12262e+00	1.87255e+00	3.28371e+00	-2.39455e+00
1.23309e+00	1.35159e+00	2.09534e+00	1.75352e+00
