# No. of particles = 100 
# Proton - Solar wind	Electron - Solar wind	
1.61848e+00	-2.11220e+00	6.20165e-01	-5.56820e-01
4.34198e-01	-2.35699e+00	2.80591e+00	1.68275e-01
3.89711e+00	-1.93138e+00	4.67200e+00	1.49958e-01
1.13407e+00	1.35629e-02	1.59398e+00	8.04862e-01
2.75269e+00	-2.17968e+00	1.99355e+00	7.75253e-01
1.87547e+00	-2.31947e+00	3.55498e-01	-2.24215e+00
2.81730e+00	-1.66267e+00	2.54662e-01	-2.45647e+00
1.05074e-01	-2.23225e+00	9.58532e-02	-2.49686e+00
1.75064e-01	-2.16071e+00	2.29946e+00	1.87324e+00
2.63586e+00	-2.06096e+00	4.13038e+00	9.55876e-03
4.43631e+00	-1.97625e+00	4.12680e+00	-6.05836e-01
1.09180e+00	-2.41177e+00	3.47389e+00	2.01554e+00
2.48764e+00	-2.19397e+00	8.55131e-01	-9.73771e-01
1.93624e+00	-1.32113e+00	1.26114e-01	-1.77576e+00
1.72586e-01	-2.39826e+00	4.76728e+00	-7.74707e-01
3.13234e-01	-2.44262e+00	4.13383e+00	-8.84701e-01
1.92220e+00	-2.15979e+00	1.87481e-01	-2.47709e+00
1.36299e+00	-2.22538e+00	3.65947e+00	2.03843e+00
2.05048e+00	-1.33097e+00	3.85987e+00	2.03347e+00
1.24139e+00	-2.34124e+00	1.17369e+00	8.99537e-01
3.63558e-01	-3.62664e-01	1.56093e+00	1.18918e+00
2.46379e+00	-2.27399e+00	3.33737e+00	1.08468e+00
4.65069e-01	-2.14265e+00	4.38086e+00	7.81969e-01
4.50624e+00	-2.48955e+00	1.16578e+00	-3.34823e-01
4.56011e+00	-1.60183e+00	2.34534e+00	-3.99125e-01
1.05091e+00	-4.46603e-02	4.12129e+00	-2.20426e+00
1.82510e+00	-1.93247e+00	4.44050e+00	-1.41877e+00
1.07886e+00	-2.25149e+00	1.28424e-01	-2.30310e+00
1.48533e+00	-2.42771e+00	1.92242e+00	1.61393e+00
2.96397e-01	-2.29395e+00	1.15236e+00	-2.33577e+00
1.84866e+00	-2.03709e+00	7.32390e-02	-4.82568e-01
1.70830e+00	-2.28651e+00	1.39281e+00	2.15712e+00
1.12123e+00	-2.05424e+00	7.94902e-01	-2.87736e-01
3.12098e+00	-2.31456e+00	3.98675e-01	-2.39657e+00
1.14500e+00	-7.85925e-02	1.92642e-01	5.00268e-01
1.64468e+00	-2.29247e+00	3.24704e+00	5.13393e-02
2.73347e+00	-2.34396e+00	1.38983e+00	-8.03101e-01
2.50609e+00	-1.01131e+00	3.46083e+00	2.40046e+00
5.16935e-01	-2.09813e+00	1.34952e+00	-8.33784e-02
1.22046e+00	-2.04039e+00	1.05384e+00	-1.46993e+00
9.51144e-01	-1.17503e+00	4.97987e+00	-1.37569e+00
2.31360e+00	-2.18048e+00	9.47715e-01	3.41176e-01
2.38334e+00	-6.44124e-03	3.19511e-01	-2.17679e+00
1.40833e+00	-2.03253e+00	2.57675e+00	-1.77007e-01
3.43908e+00	-2.95830e-01	7.40182e-01	-2.48590e+00
1.40212e+00	6.33758e-01	1.11547e+00	-2.11053e+00
1.25107e+00	-2.30783e+00	8.23893e-01	6.37264e-01
2.07804e-01	-1.22102e-01	4.97186e+00	1.44033e+00
1.27917e+00	-2.12700e+00	2.61130e+00	-6.27445e-01
1.99593e+00	-1.74409e+00	1.20069e+00	-1.75543e+00
1.17203e+00	-2.15795e+00	2.88224e-01	-1.74225e+00
1.95011e+00	-1.93877e+00	4.71895e+00	1.25582e+00
9.95235e-01	-7.41268e-01	2.51571e+00	-1.80098e+00
2.49537e+00	-1.62695e+00	2.26687e+00	-9.03598e-01
2.26656e+00	7.80903e-01	1.71013e+00	-3.02409e-01
6.26938e-01	2.91875e-01	9.99357e-01	1.23480e+00
1.85572e+00	-2.45941e+00	2.65581e+00	-1.20668e+00
3.57581e+00	-3.88678e-02	4.75495e+00	-3.47855e-01
1.52109e+00	-2.45776e+00	4.45230e-01	-2.22012e+00
2.14676e+00	-2.33803e+00	2.48433e-01	-2.43826e+00
1.78030e+00	2.13837e-01	4.89068e+00	-1.71701e-01
2.98991e+00	-2.46802e+00	4.79645e+00	-3.90943e-01
1.25211e+00	-2.39712e+00	2.82788e+00	-2.15276e+00
1.86120e+00	-2.42888e+00	3.50420e+00	-1.44371e+00
3.68053e+00	-1.93467e+00	2.25024e+00	1.89503e+00
1.55527e+00	-2.45146e+00	6.10334e-01	1.41374e+00
2.62650e+00	-2.47140e+00	4.66286e+00	-1.60718e+00
1.10705e+00	-2.41376e+00	1.81584e-01	-1.77579e+00
1.02369e+00	-1.47163e-01	2.77847e-01	-7.46961e-01
3.16790e+00	-1.64742e+00	1.78199e+00	-2.43995e+00
2.67620e+00	-1.36306e+00	1.69379e+00	4.56540e-01
3.90207e+00	1.42333e+00	2.75103e-01	-1.33654e+00
1.99397e+00	-7.48388e-01	1.02024e+00	-2.22674e+00
3.10397e+00	-2.37025e+00	1.58293e+00	4.31970e-01
1.45052e+00	-5.31648e-01	5.85556e-02	-2.02806e+00
3.17923e-01	-2.45655e+00	1.85669e+00	-4.51454e-01
2.08195e+00	-4.36257e-01	4.10492e+00	-9.56632e-01
1.66733e+00	-2.13230e+00	8.64127e-01	-1.20775e+00
2.38562e+00	6.75319e-01	9.40235e-01	-3.43782e-01
1.21181e+00	1.97555e-01	2.80702e+00	1.31912e-01
8.06175e-01	5.53805e-01	3.72687e+00	2.31999e+00
2.30157e+00	-1.96327e+00	2.02229e+00	4.66619e-01
6.05700e-01	-2.18420e+00	2.10052e+00	-1.52100e+00
1.11373e+00	1.04910e+00	1.69185e+00	-8.83373e-01
2.67860e+00	-1.44746e+00	4.53695e+00	2.35853e+00
6.35137e-02	-4.04119e-01	1.79468e+00	1.12560e+00
1.04791e+00	-2.48418e+00	1.06101e+00	9.81941e-01
4.99569e+00	-6.81296e-01	3.27788e+00	-4.40871e-01
1.76960e+00	-2.45255e+00	1.33293e-01	-2.16615e+00
2.28286e+00	-1.62869e+00	5.70657e-01	-2.09437e+00
1.63167e+00	-1.40732e-01	2.34639e+00	7.09746e-01
4.69657e+00	2.01365e+00	2.25283e+00	-9.91283e-02
1.96819e+00	-2.00340e-01	1.97031e+00	1.45986e+00
1.02396e+00	-2.24451e+00	3.12776e+00	-1.38906e+00
4.60645e+00	-9.85621e-01	4.99798e+00	1.69889e+00
2.04532e+00	-2.29656e+00	4.61273e-01	-1.92873e+00
2.00068e+00	-2.29705e+00	2.45135e+00	-2.47798e+00
8.19088e-01	-2.23376e+00	8.58084e-01	-1.37065e+00
2.68490e+00	-1.11754e+00	1.36537e+00	-1.54015e+00
3.16640e+00	3.74779e-01	6.04435e-01	1.29435e+00
