# No. of particles = 100 
# Proton - Solar wind	Electron - Solar wind	
1.13148e+00	-1.96599e+00	2.77851e-02	-1.78561e+00
3.07459e+00	-2.03328e+00	1.73899e-01	-2.40177e+00
5.15777e-01	-2.37800e+00	4.00816e+00	-1.09710e-01
4.87807e+00	-2.30180e+00	2.72069e+00	-6.15369e-01
1.99050e-01	-2.27385e+00	1.82863e-01	8.68377e-01
7.88724e-01	-2.42811e+00	3.27436e-01	-1.46609e+00
4.34769e+00	-2.46610e+00	2.06135e+00	-1.55097e+00
3.31318e+00	-2.32409e+00	4.45189e-01	-2.14399e+00
1.71214e+00	-2.23566e+00	2.61878e-01	-1.64045e+00
6.92765e-01	-2.41994e+00	5.71410e-02	-2.46899e+00
4.51902e+00	-2.14043e+00	6.77334e-01	-1.14548e+00
3.18555e+00	-1.80491e+00	1.27483e+00	-1.90043e+00
4.72551e+00	-5.76688e-01	3.79899e+00	-1.68633e+00
1.07876e+00	-2.34489e+00	2.70871e+00	1.92388e+00
1.34685e+00	-2.41836e+00	3.16177e+00	-1.37695e+00
4.29674e-01	-2.33408e+00	2.09816e+00	6.68516e-01
3.66865e+00	-1.17279e+00	7.10201e-01	2.54864e-01
3.87383e+00	-1.50017e+00	9.98774e-01	-2.16985e+00
2.63097e+00	-1.64264e+00	9.19259e-01	-2.43370e+00
3.71920e+00	-2.32357e+00	2.17588e+00	-1.68916e+00
1.78552e+00	-2.28515e+00	1.68190e+00	-6.08504e-01
7.30025e-01	-2.25728e+00	1.43997e+00	-2.47359e+00
2.79046e+00	-2.39018e+00	2.40673e+00	-8.74894e-01
1.43990e+00	-2.05951e+00	4.24232e+00	-6.66798e-01
2.07661e+00	-2.24729e+00	2.19050e+00	-7.37993e-01
1.77257e+00	-1.90672e+00	1.84917e+00	1.84336e+00
3.21785e+00	4.03663e-01	2.71344e+00	-3.73495e-01
4.41171e+00	-7.61068e-01	2.10609e+00	1.84107e-01
1.34403e+00	-2.33831e+00	8.88619e-01	-1.49749e+00
2.58134e+00	-3.32119e-01	7.24195e-01	2.49619e+00
2.25697e+00	-1.85693e+00	1.31358e+00	-1.55494e+00
2.55946e+00	-2.22410e+00	6.59209e-01	-1.75299e+00
3.89610e+00	-2.42736e+00	2.24094e+00	2.30783e+00
2.17725e-01	-2.41706e+00	1.02338e+00	-2.12256e+00
1.89713e+00	-2.44127e+00	1.15234e+00	2.32542e+00
4.31830e+00	-2.09410e+00	3.38859e+00	1.25483e+00
2.48281e+00	-1.06587e+00	3.35887e+00	7.40398e-01
3.22062e-01	-2.28439e+00	5.89811e-01	-1.28931e+00
1.20395e+00	-2.12809e+00	3.34727e+00	-1.89526e-01
2.85981e+00	1.90427e-01	2.98888e-01	1.55509e+00
3.41279e+00	-2.35740e+00	4.26211e+00	-2.47600e+00
2.23765e+00	-2.41059e+00	2.81796e+00	-9.65619e-01
4.92799e+00	-2.27876e+00	4.80760e+00	6.49241e-01
3.50589e+00	1.93247e-02	1.71133e+00	-2.23889e+00
3.63282e+00	1.00534e+00	1.21799e+00	-1.49673e+00
2.23478e-01	-2.16419e+00	4.26766e+00	2.40446e+00
4.18272e+00	-1.37897e+00	3.58730e-02	5.70350e-01
2.36897e+00	-7.29207e-02	2.41370e+00	-7.20373e-01
4.06826e+00	-2.29156e+00	2.86737e+00	6.17430e-01
4.39678e+00	-5.38445e-01	2.49276e+00	-1.63807e+00
2.78361e+00	2.11767e-01	3.11810e+00	-2.29982e+00
2.17967e-01	3.90750e-01	1.85058e+00	-1.64884e-01
4.18326e+00	-6.45076e-01	9.29218e-01	-1.16694e+00
4.76615e+00	1.34566e+00	3.83690e+00	-2.46618e-01
2.31755e+00	3.69345e-01	3.08132e-04	-2.38846e+00
3.98740e+00	-9.61264e-01	1.77816e+00	-3.59626e-01
2.21815e-01	-2.35280e+00	4.19250e+00	-2.32720e+00
1.80469e+00	-2.34557e+00	4.98686e+00	-3.44373e-01
3.73619e+00	1.38733e+00	1.66802e+00	1.25645e-01
4.79341e+00	-2.22358e+00	3.12958e+00	-8.76087e-01
4.24317e+00	-2.24159e+00	1.90268e-01	2.06106e+00
8.63602e-01	-2.25567e+00	5.38873e-01	-1.83778e+00
3.66120e+00	-5.11927e-01	2.71314e+00	-1.72481e+00
1.84449e+00	-2.36282e+00	2.57704e-01	1.57810e+00
2.32493e+00	-1.51329e+00	2.92184e+00	-2.00154e+00
2.18611e+00	-2.33824e+00	5.61835e-01	2.22498e+00
4.25140e+00	-2.10355e+00	4.29199e-01	-1.80052e+00
2.43057e+00	1.33146e+00	4.90007e-01	-1.37158e+00
2.46767e+00	-1.40623e+00	4.24185e+00	1.10627e+00
1.41304e+00	-2.20439e+00	1.73299e-01	-2.13951e+00
4.29646e+00	-1.39428e+00	1.03043e+00	-2.19895e+00
4.98126e+00	1.86361e-01	2.80320e+00	-1.86965e+00
1.28629e+00	-2.36145e+00	2.82902e+00	-1.20452e+00
3.83563e-01	-2.39569e+00	2.43390e+00	-2.01974e+00
3.48821e+00	-5.44880e-01	4.16228e+00	-1.90678e+00
1.84012e+00	-2.41902e+00	1.67171e-01	-1.61120e+00
4.71121e+00	-2.40422e+00	1.19374e+00	-6.18241e-01
3.80255e+00	-2.46934e+00	1.51760e+00	4.18026e-01
1.14985e+00	-2.38273e+00	6.29670e-01	-2.30150e+00
2.48720e+00	-2.32880e+00	4.53305e+00	-1.62786e+00
2.80579e+00	-2.49659e+00	1.53363e+00	-6.23246e-01
5.88566e-01	-2.30461e+00	1.40258e+00	-9.02794e-01
3.66851e+00	-1.40254e+00	1.81638e+00	-1.83987e+00
4.02778e+00	-1.29586e+00	3.58897e+00	2.69070e-01
2.58949e-01	-2.25453e+00	3.86708e+00	-5.23432e-01
1.26740e+00	-2.39118e+00	2.53548e+00	5.19305e-02
1.72293e+00	-2.25580e+00	1.83057e-01	-5.45098e-01
4.96884e+00	2.06049e+00	2.71692e+00	3.00096e-01
2.47621e+00	-1.97339e+00	4.97754e+00	7.12499e-01
3.66013e+00	-4.10179e-01	3.05477e-01	-2.10179e+00
1.87012e-02	-2.24683e+00	2.51446e+00	-7.81118e-01
2.11675e+00	-1.07043e-01	1.50924e-01	8.13199e-01
9.70342e-01	-2.20685e+00	3.62723e+00	1.99938e+00
3.42357e+00	-2.04517e+00	3.16879e+00	2.44318e-01
8.53621e-01	-9.17132e-01	3.59607e+00	-3.06791e-01
3.37856e+00	-3.05535e-01	1.92739e-01	-2.24517e+00
8.25492e-02	-2.24710e+00	1.47569e+00	-2.88246e-01
1.20456e+00	-2.42440e+00	2.13446e+00	1.56130e-01
3.45712e+00	-2.04109e+00	2.17941e+00	-2.16478e+00
7.91253e-01	7.03242e-01	7.66879e-02	-6.33340e-01
