# No. of particles = 100 
# Proton - Solar wind	Electron - Solar wind	
3.82283e+00	-1.91337e+00	3.35668e+00	1.21552e+00
2.74821e+00	-2.20185e+00	4.57218e+00	-1.64966e+00
2.39600e+00	-2.14335e+00	8.54650e-01	2.13751e+00
3.70661e+00	-5.38684e-01	1.41754e+00	4.11790e-01
4.77071e+00	-6.65549e-01	7.36388e-01	-2.08869e+00
4.18501e+00	-2.16309e+00	1.32977e+00	3.78540e-01
3.81732e-02	-2.23760e+00	5.09972e-01	-2.28960e+00
3.11208e+00	-2.27664e+00	4.21797e+00	-1.19173e+00
7.00493e-01	-2.31621e+00	8.03872e-01	1.49976e+00
3.42547e+00	-2.47646e+00	1.82743e+00	-1.08129e+00
1.87832e+00	-2.16307e+00	2.48208e-02	-2.20019e+00
3.81001e+00	-2.31773e+00	2.73524e+00	1.13614e+00
3.02848e-01	-2.31718e+00	4.18611e+00	6.41357e-01
4.27438e-01	-2.16101e+00	2.69378e+00	-1.07920e+00
3.14816e+00	-1.47226e+00	8.16496e-01	-2.26681e+00
3.42975e+00	-9.51573e-01	1.75709e-01	-2.00951e+00
3.99872e+00	-1.85486e+00	2.99720e-01	-4.41979e-01
3.88802e+00	-1.96790e+00	1.78574e+00	-1.93227e+00
4.95192e-01	-2.04495e+00	3.72730e+00	-6.05547e-01
3.88300e+00	-1.99289e+00	1.32906e+00	8.88897e-01
3.42591e+00	-1.10424e+00	3.55920e+00	-1.77833e+00
4.87359e+00	-1.27897e+00	3.94197e+00	-2.29964e+00
2.89153e+00	-1.80664e+00	7.37579e-01	-1.73737e-01
2.76959e+00	-2.00921e+00	1.19769e+00	1.49123e+00
2.80005e+00	-1.61713e+00	3.62402e+00	1.83776e+00
3.93469e+00	-1.45711e+00	3.77124e+00	1.39518e+00
4.02858e+00	-1.62292e+00	2.10578e+00	-1.96975e+00
3.53428e+00	-1.50465e+00	1.16816e+00	-8.35333e-01
3.98868e+00	-1.59269e+00	2.34548e+00	-1.62286e+00
4.22581e+00	-4.89512e-02	2.52150e+00	-4.20483e-01
4.73088e+00	-2.02084e+00	4.30350e+00	2.32244e-01
4.15883e+00	-1.61736e+00	1.19189e+00	-1.80075e+00
3.63770e+00	-2.06554e+00	1.00687e+00	1.98113e+00
6.73988e-01	-2.37364e+00	4.33298e-01	-2.10831e+00
4.17921e+00	-1.79406e+00	6.38874e-01	2.96448e-01
3.96443e+00	-1.03749e+00	2.89009e-01	-2.46318e+00
4.85663e+00	1.16202e+00	4.23818e-01	-2.19291e+00
4.58628e+00	-9.18063e-01	1.05529e+00	-1.24850e+00
2.22408e-01	-2.36750e+00	3.84211e+00	-1.93735e-02
3.84165e+00	-6.48106e-01	3.66018e+00	-9.18540e-02
3.75598e+00	-8.10511e-01	1.28566e+00	3.80551e-01
4.94172e+00	5.97297e-01	2.36430e-01	-2.45389e+00
4.72348e+00	7.09145e-01	2.89571e+00	-6.25225e-01
3.61563e+00	2.82389e-01	2.86210e+00	-1.02074e+00
2.11305e+00	-5.81819e-01	2.54322e+00	6.90799e-02
3.99626e+00	-9.14377e-01	3.36123e+00	-1.95894e+00
3.92156e+00	-4.19494e-01	3.26105e+00	-7.83145e-01
3.16688e+00	9.39412e-01	1.46591e+00	2.49006e+00
4.62349e+00	-5.34918e-01	1.71507e-01	-2.37379e+00
4.31975e+00	-1.41325e+00	4.76453e+00	-1.88307e+00
3.96752e+00	-4.41421e-01	2.53300e+00	2.32831e+00
4.01036e+00	-6.12212e-02	5.59741e-01	-1.90562e+00
3.49845e+00	-2.08558e-01	8.89696e-01	4.60718e-01
3.64606e-01	-2.41638e+00	8.23519e-01	1.42254e+00
7.21839e-01	-2.43484e+00	3.00175e+00	-1.81146e+00
4.41194e-01	-2.37214e+00	1.88366e+00	2.93031e-01
4.28196e+00	6.62099e-01	6.49849e-02	-1.15221e+00
7.75335e-01	-9.15290e-02	3.90750e+00	-6.68522e-01
4.08777e+00	1.11209e+00	2.89929e+00	-2.34616e-01
4.34635e+00	-3.18985e-01	1.70014e+00	1.27637e-01
4.21839e+00	-6.13823e-02	1.48432e-01	2.36262e+00
6.27001e-01	-2.34775e+00	1.46135e+00	-1.94205e+00
3.77035e+00	5.43388e-01	5.92663e-01	-1.47796e+00
4.45237e+00	-5.11886e-01	3.75619e-01	-2.34814e+00
2.26055e+00	-1.08325e+00	2.61823e+00	-9.67408e-01
4.09471e+00	-1.00640e-01	3.20030e+00	4.35867e-01
4.99514e+00	-1.02784e-01	3.83552e+00	1.38038e+00
3.81663e+00	7.11388e-01	1.68260e+00	-1.62292e-01
3.63714e+00	2.45424e-01	1.59788e+00	-2.35984e+00
1.86403e-01	-2.44307e+00	2.71866e-01	2.37051e+00
3.72472e-01	-6.89565e-01	6.49594e-01	-1.54964e+00
2.39790e+00	9.35232e-01	2.36135e+00	1.79924e+00
3.88441e+00	3.84012e-01	9.90456e-01	-2.07094e-02
5.42869e-01	-2.37282e+00	7.01133e-01	-7.57251e-02
3.96113e+00	1.57418e-01	9.50898e-01	-3.39144e-01
1.36245e-01	-2.25048e+00	1.54398e+00	7.97938e-01
4.08749e+00	9.34655e-01	4.50142e+00	-4.06572e-01
4.14015e+00	1.27299e+00	1.72704e+00	-1.24164e+00
4.93824e+00	8.99495e-01	2.82618e-01	4.68642e-01
3.21265e+00	2.11866e+00	1.43178e+00	-9.52049e-01
3.90046e+00	5.54053e-01	2.64050e-01	-3.37854e-01
4.31446e+00	1.13435e+00	2.71803e+00	3.54788e-01
3.32182e+00	1.67507e+00	2.02818e+00	1.62839e+00
3.63087e+00	1.00483e+00	2.77614e+00	-5.70309e-01
6.50997e-01	-2.14734e+00	2.41012e+00	1.34386e+00
3.37923e+00	4.28782e-02	8.19162e-02	-7.91028e-01
3.81871e+00	-5.88501e-02	1.21341e-01	-2.38502e+00
3.07066e+00	-7.07455e-02	4.20507e-01	-2.24509e+00
4.20827e+00	2.10440e+00	2.60034e-01	-1.91893e+00
4.11741e+00	9.68790e-01	2.26719e+00	-7.43454e-01
3.82416e+00	1.89392e+00	6.16796e-01	-2.00803e+00
2.88504e+00	1.79758e+00	1.29298e-01	3.49530e-01
4.46001e+00	1.69624e+00	3.82026e-02	-2.35430e+00
3.68567e+00	7.32078e-01	4.58391e+00	-1.07728e+00
2.83185e+00	-1.08122e-01	1.16138e+00	9.18059e-01
4.47558e+00	1.46534e+00	8.23542e-01	-3.13909e-01
4.64270e+00	-8.50777e-01	1.72749e-01	-1.86435e+00
3.74357e+00	6.94996e-01	5.79759e-01	-2.13734e+00
1.01229e+00	-2.01238e+00	1.36488e+00	6.49846e-01
4.38787e-01	9.20522e-01	2.16413e+00	-6.41245e-01
