# No. of particles = 100 
# Proton - Solar wind	Electron - Solar wind	
3.25274e+00	-2.00416e+00	3.90404e+00	2.48611e-01
2.07755e+00	-2.20719e+00	2.88426e+00	-1.65518e+00
2.02524e+00	-2.19570e+00	3.26653e-01	-1.88411e+00
3.13172e+00	-8.43162e-01	4.70784e+00	7.95479e-01
4.03179e+00	-9.32788e-01	1.88750e+00	-4.82082e-02
3.53664e+00	-2.18986e+00	4.81491e+00	-1.38239e+00
4.26800e+00	-2.26449e+00	6.75760e-01	2.44621e+00
2.63037e+00	-2.29494e+00	3.08532e+00	2.69000e-03
2.66629e-01	-2.26671e+00	3.45961e+00	5.87371e-01
2.81285e+00	-2.43450e+00	3.58612e+00	2.21752e-01
1.24652e+00	-2.20922e+00	3.40827e-01	-1.82311e+00
3.18431e+00	-2.32421e+00	1.75136e+00	-9.13736e-01
3.89666e+00	-2.45008e+00	1.29766e+00	-1.90284e-01
5.47807e-02	-2.36845e+00	1.84946e+00	-1.47889e+00
2.66101e+00	-1.55546e+00	3.53405e+00	-9.78390e-02
2.89722e+00	-1.10296e+00	5.71187e-01	4.82580e-01
3.37955e+00	-1.87688e+00	7.83793e-01	-1.67777e-01
3.28491e+00	-1.97804e+00	1.33622e-01	-2.49206e+00
1.11054e-01	-2.22130e+00	3.55054e+00	-2.13445e+00
3.28149e+00	-1.97245e+00	3.34565e+00	6.43172e-01
2.89422e+00	-1.22394e+00	3.04542e+00	-1.11631e-02
4.11699e+00	-1.34305e+00	2.48855e+00	-2.31820e+00
2.24740e+00	-1.93724e+00	4.36291e+00	1.54699e+00
2.34066e+00	-1.89058e+00	4.42461e+00	1.10229e+00
2.36534e+00	-1.62091e+00	1.74635e+00	-2.74180e-01
3.32470e+00	-1.45406e+00	4.20807e+00	1.13090e+00
3.40481e+00	-1.54571e+00	4.57464e-01	-2.40093e+00
2.98574e+00	-1.46941e+00	1.63420e+00	1.69035e+00
3.37156e+00	-1.59553e+00	1.60749e-02	-4.56145e-01
3.57142e+00	-2.21462e-01	1.48770e+00	-2.47289e+00
3.99658e+00	-1.91669e+00	4.07933e+00	-1.46454e+00
3.51430e+00	-1.62085e+00	1.81874e+00	-1.82558e+00
3.07476e+00	-1.96150e+00	2.72431e-01	-1.84956e+00
6.96096e-02	-2.38823e+00	3.94188e-01	-2.30357e+00
3.53162e+00	-1.72574e+00	1.58988e+00	-2.09866e+00
3.35089e+00	-1.04252e+00	4.75354e-02	-2.41358e+00
4.10241e+00	8.77904e-01	3.26625e+00	3.46680e-01
3.87488e+00	-9.12820e-01	4.61148e-01	-2.14975e+00
4.62056e+00	7.09535e-01	4.67418e-01	-2.31522e+00
3.24688e+00	-6.96223e-01	2.65428e+00	-1.62524e+00
3.17325e+00	-8.37258e-01	2.80619e+00	-5.58434e-01
4.17664e+00	3.50346e-01	3.60097e+00	-2.07693e+00
3.99062e+00	5.10877e-01	1.38381e+00	1.31010e+00
3.05445e+00	9.22866e-02	2.26080e+00	-1.33631e+00
1.78554e+00	-6.52454e-01	1.98849e+00	2.42290e+00
3.37568e+00	-9.13885e-01	4.65512e+00	1.10076e+00
3.31259e+00	-4.52352e-01	6.53298e-02	-1.95463e+00
2.67564e+00	6.58415e-01	1.67076e+00	2.49497e+00
3.90809e+00	-5.43837e-01	1.43711e+00	-1.33501e+00
3.64968e+00	-1.19719e+00	1.49695e+00	6.13708e-01
3.35252e+00	-4.41414e-01	1.17453e+00	2.91353e-01
3.38946e+00	-9.41954e-02	1.56870e-01	-2.38037e+00
2.95584e+00	-1.87714e-01	2.14568e+00	-2.23801e+00
4.52359e+00	-1.16842e+00	1.77632e+00	9.93138e-01
1.30120e-01	-2.32109e+00	2.23202e+00	4.12669e-01
4.69038e+00	-1.71371e+00	4.45980e+00	1.01933e+00
3.61770e+00	5.15459e-01	1.46597e+00	-8.18588e-01
8.36529e-02	-1.04536e-01	2.37281e-01	-1.19387e+00
3.45520e+00	8.85271e-01	1.54111e+00	-1.24959e+00
3.67266e+00	-2.53270e-01	2.39150e-01	-2.14805e+00
3.56389e+00	-2.09369e-02	3.53986e+00	-1.21048e+00
4.33909e-02	-2.31805e+00	6.37617e-01	-2.32515e+00
3.18527e+00	4.87402e-01	6.86580e-01	-1.17685e+00
3.76114e+00	-4.13077e-01	3.54182e+00	-2.04834e+00
1.90983e+00	-8.72965e-01	1.41918e+00	1.67278e+00
3.46036e+00	-5.87212e-02	2.90223e+00	9.02344e-01
4.22038e+00	-8.64591e-02	7.20970e-01	1.96937e+00
3.22534e+00	6.46816e-01	3.83530e+00	-1.21805e+00
3.07368e+00	2.61494e-01	2.48306e+00	-2.42829e+00
4.40491e+00	1.20685e+00	2.58794e+00	-9.32939e-01
4.69275e+00	8.64600e-01	3.25930e+00	1.01090e+00
2.02639e+00	8.14679e-01	5.25644e-02	-2.42132e+00
3.28195e+00	3.78317e-01	4.74059e-01	-1.47749e+00
8.28340e-01	-2.48615e+00	2.84473e-01	1.36940e+00
3.34756e+00	1.68800e-01	3.46867e+00	2.20861e+00
4.37433e+00	-1.74917e-01	3.42208e-01	-1.80011e+00
3.45302e+00	9.32942e-01	3.00955e+00	-1.02872e+00
3.49811e+00	1.23965e+00	1.20745e+00	-5.62538e-01
4.17295e+00	8.97855e-01	1.50215e-01	-2.18989e+00
2.71555e+00	1.89466e+00	2.64331e+00	8.71611e-02
3.29477e+00	5.68110e-01	1.28600e+00	2.25337e+00
3.64537e+00	1.12456e+00	3.54403e+00	1.18714e+00
2.80722e+00	1.51704e+00	4.78307e+00	-1.26867e+00
3.06910e+00	9.70304e-01	3.81048e+00	-1.22285e-01
1.50202e-01	-2.32021e+00	1.88481e+00	1.09325e+00
2.85636e+00	1.46259e-01	1.01605e+00	-1.32695e+00
3.22592e+00	6.89075e-02	2.75212e-02	-2.18692e+00
2.59521e+00	8.00531e-02	2.17346e+00	6.13617e-01
3.55518e+00	1.91164e+00	6.83913e-03	-2.47085e+00
3.47879e+00	1.00334e+00	2.90188e+00	1.20484e+00
3.23096e+00	1.82006e+00	8.24481e-01	-3.35986e-01
2.43761e+00	1.74421e+00	1.24069e+00	1.64818e-01
3.76865e+00	1.67627e+00	4.30076e-01	-2.15140e+00
3.11343e+00	8.69080e-01	1.21083e-01	-8.11018e-01
2.39355e+00	1.08610e-01	7.43309e-01	-2.02389e+00
3.78281e+00	1.45983e+00	3.98159e+00	1.65059e+00
3.92200e+00	-4.65226e-01	2.75191e+00	2.18497e+00
3.16249e+00	7.59454e-01	8.43345e-01	-5.33766e-01
5.99178e-01	-2.23339e+00	5.33032e-01	-1.91353e+00
4.69611e+00	1.59857e+00	9.35474e-01	-1.77305e+00
