# No. of particles = 100 
# Proton - Solar wind	Electron - Solar wind	
3.31198e-01	-2.35437e+00	4.05935e-01	-1.83667e+00
1.44522e+00	-2.12561e+00	4.10878e+00	-1.92786e+00
1.41834e+00	-2.12377e+00	5.50045e-01	-1.66337e+00
1.32541e+00	-2.33912e+00	9.54662e-01	1.64125e+00
2.90313e+00	-2.19092e+00	4.71047e+00	1.14388e+00
4.41530e+00	-2.06736e+00	3.04523e+00	5.97405e-01
2.33258e+00	-1.78782e+00	1.84414e+00	-4.74633e-01
4.15422e-01	-2.26265e+00	6.82329e-01	6.19309e-01
8.83129e-02	-2.41417e+00	2.61140e-01	1.82147e-01
4.75173e+00	-2.34447e+00	2.42281e+00	-1.24209e+00
1.37116e+00	-2.20661e+00	1.41779e+00	8.65659e-01
1.67364e+00	-2.35539e+00	8.19730e-01	-1.82403e+00
3.10332e+00	-2.37939e+00	4.52862e+00	1.40079e+00
2.64651e+00	-2.40396e+00	1.30467e+00	-1.04483e+00
2.16357e+00	-2.35535e+00	2.19282e+00	-1.99817e+00
2.86372e+00	-1.64037e+00	2.84221e-03	-1.94038e+00
1.33642e+00	-1.74559e+00	2.27814e+00	-1.05524e+00
2.08965e+00	-2.27119e+00	4.11943e+00	-1.75576e+00
9.10405e-01	-2.41333e+00	2.49972e-01	-1.84867e+00
1.93898e+00	-2.16747e+00	9.78896e-01	-1.67331e+00
4.98254e+00	-2.26063e+00	6.79275e-01	-2.10908e+00
4.74294e+00	-2.30631e+00	4.24303e+00	1.36232e+00
1.20040e+00	-2.23948e+00	7.86309e-01	-1.47573e+00
4.20308e+00	-1.34757e+00	1.96076e+00	-4.17928e-01
4.54307e-01	-2.36791e+00	2.25708e+00	2.01825e+00
4.58330e-01	-2.16054e+00	5.80211e-01	-2.51881e-01
4.20295e-01	-2.46600e+00	6.26423e-01	-4.91419e-01
2.10989e+00	-2.23391e+00	3.64771e-01	3.61952e-01
4.80897e+00	-2.20130e+00	8.69709e-01	-4.59052e-01
5.22331e-01	7.02963e-02	4.40064e+00	7.60239e-01
4.86712e+00	-1.09126e+00	1.92612e+00	5.85777e-01
4.75492e+00	-2.01015e+00	1.41333e+00	-1.10105e+00
1.89658e+00	-2.47891e+00	1.91414e+00	-8.38505e-01
1.40585e+00	-1.11921e+00	2.97364e+00	1.12526e+00
2.33508e+00	-1.86986e+00	9.86560e-01	1.03633e+00
2.43002e+00	-2.31352e+00	9.63014e-01	-3.03804e-01
3.93083e+00	-7.30230e-01	1.02304e+00	-2.41512e+00
3.07557e+00	-2.43215e+00	2.20457e+00	-2.42218e+00
2.98886e-01	-8.12819e-01	6.95653e-02	3.22146e-01
7.34430e-01	-2.44401e+00	4.89340e-01	7.09881e-01
1.72875e+00	-2.16350e+00	9.65526e-02	-1.84493e+00
8.86263e-01	-2.26630e+00	2.63506e+00	-1.18492e+00
1.19075e+00	-2.05457e+00	2.99426e+00	-8.99669e-01
1.03619e+00	5.24368e-01	1.31877e+00	-7.76311e-01
1.99095e+00	-2.35367e+00	4.40906e+00	1.17115e+00
2.37861e+00	-1.21991e+00	3.41065e+00	-2.17391e+00
3.37979e-02	-2.45834e+00	5.16300e-01	-2.13382e+00
5.09852e-01	5.00059e-01	7.22013e-01	-1.79064e+00
2.36710e+00	-2.11009e+00	4.50930e-01	3.76811e-01
3.05359e+00	4.42013e-01	1.43792e+00	-1.74601e+00
1.28496e+00	-2.13190e+00	1.61175e+00	1.53393e+00
3.18082e+00	8.96843e-01	2.51439e-01	-2.42761e+00
2.31249e+00	-2.48760e+00	1.36698e-01	2.14517e+00
2.80316e+00	-1.59777e+00	4.58996e+00	-3.47141e-01
3.88406e+00	2.14092e+00	8.97880e-01	-1.42176e-01
7.49119e-01	-1.67666e-01	2.85329e+00	2.49336e+00
3.46724e+00	-2.11482e+00	1.58860e-02	9.36416e-01
4.89590e+00	-2.40160e+00	3.67342e+00	9.79177e-01
1.14044e+00	-1.79404e+00	1.79448e+00	-8.05685e-01
3.00244e+00	-2.46023e+00	1.37280e+00	-1.11964e+00
1.80890e+00	-5.67228e-01	2.22632e+00	2.02909e+00
4.26023e+00	-2.32486e+00	9.21831e-01	1.08099e+00
1.20776e+00	-2.31869e+00	1.05875e+00	-2.25970e+00
4.97786e+00	-2.27312e+00	1.50532e+00	-2.08064e-01
4.90078e-01	-2.48943e+00	3.47779e+00	-2.22631e+00
6.86516e-01	-2.02463e+00	2.73404e+00	-1.02146e+00
3.00992e+00	1.40308e+00	4.33889e+00	-4.29343e-01
1.08904e-01	-2.23617e+00	6.28472e-01	-2.07998e+00
4.55173e+00	-3.79825e-01	1.10132e-01	-1.69616e+00
8.91642e-01	-2.15965e+00	2.20431e+00	5.86242e-01
3.58130e+00	-1.03171e+00	1.95058e+00	-2.35078e+00
3.03387e+00	-2.37650e+00	4.56539e+00	1.80610e-01
4.44251e+00	-2.36389e+00	1.48841e-01	-1.35165e+00
3.37906e+00	-1.94365e+00	6.04528e-01	-2.09314e+00
1.50641e+00	-2.07247e+00	1.62978e+00	-1.84979e-01
5.60911e-01	-2.45294e+00	2.53049e-01	6.67422e-01
2.85193e+00	-2.41453e+00	4.60568e+00	-1.84498e-01
2.54900e+00	1.65845e-01	2.19068e+00	-1.39498e+00
1.64459e+00	1.23236e-01	6.67574e-01	-1.33113e+00
5.77089e-01	5.08414e-01	8.91856e-01	-9.38168e-01
3.02853e+00	-2.24810e+00	1.40075e+00	-3.67339e-01
4.01797e+00	-1.98749e+00	8.09063e-01	-2.29536e+00
7.75889e-01	-2.33822e+00	3.15580e-01	-2.03678e+00
1.24014e+00	-2.26709e+00	3.73059e+00	4.78223e-02
3.43657e+00	-2.31032e+00	2.54490e+00	1.59255e+00
1.79263e+00	-2.10852e+00	1.05941e+00	-9.41622e-01
4.83914e+00	-2.24426e+00	7.30287e-01	-1.15181e+00
3.58819e+00	-1.07866e+00	4.50603e+00	-5.52049e-01
4.40645e+00	-1.61659e+00	3.48437e-02	-1.50585e+00
1.76891e+00	-1.63753e-01	2.93930e-01	-2.17767e+00
2.88515e-01	-2.46478e+00	3.54984e+00	1.16513e+00
4.63819e+00	2.12267e-01	2.18459e+00	-1.25758e+00
3.92252e+00	-1.68208e+00	2.08709e+00	1.29248e+00
1.91556e+00	-1.94728e+00	1.88206e+00	1.84782e+00
4.21215e+00	-5.79096e-01	4.51309e+00	2.22823e+00
1.15965e+00	-2.05230e+00	4.23701e+00	-9.55068e-01
3.90932e+00	-1.56737e+00	3.67075e+00	1.17723e+00
8.10932e-01	5.83260e-02	5.44402e-02	-2.13446e+00
1.47071e+00	-2.00462e+00	2.65986e+00	-1.98763e+00
3.90204e+00	7.83996e-01	1.35484e+00	7.79373e-02
