# No. of particles = 100 
# Proton - Solar wind	Electron - Solar wind	
1.24942e+00	-2.33233e+00	3.66275e+00	-3.48379e-01
2.80796e+00	-2.31227e+00	1.73481e+00	-6.71301e-01
2.37124e+00	-1.76209e+00	2.65637e+00	-2.01647e+00
2.01749e+00	-2.40389e+00	4.95880e+00	-6.75037e-01
1.06235e+00	-2.39287e+00	4.98458e+00	-1.81703e+00
4.82372e+00	-5.19387e-01	3.99142e+00	-3.23759e-02
3.04367e+00	-2.27836e+00	4.73889e+00	-2.19079e+00
2.68101e+00	-2.22661e+00	3.12058e-01	-2.38686e+00
1.96755e+00	-1.90455e+00	1.12870e+00	-2.40755e+00
9.70708e-01	-5.24028e-01	1.75892e+00	-7.78611e-01
3.55563e+00	-1.95318e+00	4.31405e+00	2.40305e+00
4.34958e+00	-1.04318e+00	4.52878e-01	-2.02679e+00
1.95876e-02	-2.43923e+00	2.38993e+00	-5.24672e-01
1.52832e+00	-1.80167e+00	3.66719e+00	-1.64209e+00
4.74978e+00	-2.44620e+00	6.28022e-01	-1.91585e+00
3.57596e+00	-2.25805e+00	7.67646e-01	-1.10032e+00
2.14521e+00	-2.17240e+00	2.59247e+00	-1.26378e+00
8.12456e-02	-2.46084e+00	3.10126e-01	-7.43489e-01
2.44645e+00	-2.32395e+00	3.06551e+00	-9.31008e-01
4.29786e+00	5.03078e-01	1.19909e+00	-2.19015e+00
2.12175e-01	-2.45156e+00	4.29395e+00	1.80119e+00
2.28666e+00	-2.25680e+00	9.39430e-01	-2.19977e+00
1.15316e+00	-2.23859e+00	5.43649e-01	-2.35651e+00
1.46867e+00	1.08296e-01	2.40013e+00	-1.10099e+00
5.05077e-01	-2.44841e+00	1.85315e+00	-6.87493e-02
4.30259e+00	9.26442e-01	4.07922e+00	2.45097e+00
6.90268e-01	-2.39924e+00	5.66165e-01	-1.92978e+00
2.99765e+00	-1.78567e+00	4.19063e+00	-2.48374e+00
4.93009e-01	-2.36270e+00	4.64748e-01	-1.33216e+00
2.91267e+00	-2.32354e+00	8.16168e-01	-3.13641e-01
3.85491e+00	-1.79681e+00	5.03810e-01	-1.91887e+00
4.63103e-01	-2.15315e+00	1.26501e+00	-1.64499e+00
3.53370e-02	-2.34722e+00	2.51339e+00	1.53035e+00
4.57247e+00	1.42550e+00	1.79857e+00	-3.84843e-01
3.29239e+00	-2.43137e+00	1.27115e+00	-2.22335e+00
5.76194e-02	4.36574e-01	1.37793e+00	-2.37204e+00
2.48394e+00	-6.63007e-01	6.97314e-01	6.74428e-01
1.63465e+00	-2.01020e+00	4.11018e-01	-2.27113e+00
1.09345e+00	-2.17845e+00	4.94626e-01	-2.15333e+00
6.13051e-01	-2.49190e+00	1.94750e+00	-2.02348e+00
2.94847e+00	-2.48802e-01	2.20728e+00	-2.10676e+00
2.31281e+00	-1.42914e+00	2.37539e+00	-2.04595e+00
2.27941e+00	-2.21014e+00	2.86869e+00	-1.98611e+00
5.29799e-01	-2.37225e+00	1.57570e+00	-1.05382e+00
1.77232e-01	-2.32378e+00	1.87612e-01	-1.35243e+00
2.48972e+00	-2.33136e+00	5.01488e-01	-2.02753e+00
2.99335e-02	4.17049e-01	7.47375e-02	-2.27836e+00
2.74338e+00	-1.13048e+00	1.79872e+00	-1.24305e+00
3.06169e+00	-2.10946e+00	1.41350e+00	1.55509e+00
4.11269e+00	-1.54505e+00	2.99460e-02	-1.91085e+00
2.05055e+00	-2.26465e+00	2.85409e+00	-1.74385e+00
5.01477e-02	-2.48935e+00	1.68053e+00	2.36385e+00
9.79798e-01	-2.36579e+00	4.53679e+00	2.37460e+00
4.39384e+00	1.10947e+00	4.19115e+00	-3.40704e-01
4.09336e+00	-2.21901e+00	2.74893e+00	8.86171e-01
1.29341e+00	-6.63332e-01	1.12870e-01	-2.30384e+00
4.28812e-01	-2.45044e+00	1.00645e+00	1.87600e+00
2.64379e+00	-1.88416e+00	3.28519e+00	8.54153e-01
1.58164e+00	-2.24424e+00	2.20983e+00	-9.09978e-01
4.12505e+00	-1.24179e+00	3.50481e+00	-2.21668e+00
3.14464e+00	2.25588e-01	2.91593e+00	-2.39553e-01
9.33325e-01	-2.37631e+00	2.33677e+00	1.46234e+00
1.54411e+00	-1.78720e+00	6.45860e-01	-1.11296e+00
1.58637e+00	-1.70667e+00	2.56240e+00	-4.71862e-01
1.20668e+00	-1.71000e+00	7.94977e-01	2.27471e+00
2.24556e+00	-2.22608e+00	1.96936e+00	6.07990e-01
2.78458e-01	-2.41581e+00	6.42663e-01	-4.72300e-01
7.07953e-01	-1.89283e+00	6.69676e-02	-9.79679e-01
9.54159e-01	4.06977e-01	7.95324e-01	-2.18536e+00
2.30298e+00	-2.47136e+00	3.42879e+00	4.29382e-01
1.74466e+00	-2.01159e+00	4.41047e+00	-1.79226e+00
4.47884e+00	-2.09570e+00	3.40856e+00	1.77766e+00
3.48481e-01	-2.27322e+00	1.59970e+00	-1.74264e+00
4.99007e+00	-5.58281e-01	8.37160e-01	-1.96823e+00
2.28297e+00	1.84391e+00	3.90722e+00	6.06798e-01
3.44429e+00	-2.46939e+00	1.08088e+00	-1.19041e+00
4.30347e+00	-2.36979e+00	1.07505e+00	-1.87946e+00
2.68400e+00	-2.27364e+00	1.39687e+00	-1.66302e+00
4.47526e+00	-1.52286e+00	1.71592e+00	9.86459e-01
1.48907e+00	2.33689e-01	2.66558e+00	-1.48931e+00
1.72924e-02	-2.25693e+00	1.42847e+00	1.16337e+00
4.22083e+00	1.23975e+00	1.58946e+00	-2.12103e+00
2.25578e+00	-1.18025e-01	5.62208e-01	-1.48861e+00
4.76015e+00	-2.01059e+00	9.91196e-02	-2.43784e+00
2.58414e+00	-2.35200e+00	8.53560e-01	5.33229e-01
2.43532e+00	-2.42902e+00	3.55097e+00	2.69943e-01
1.70751e+00	-6.88304e-01	8.84831e-02	1.43908e+00
1.71359e+00	-2.46325e+00	2.34121e+00	3.60783e-01
4.03513e+00	-4.93494e-01	2.21467e+00	-1.92132e+00
4.03822e+00	5.35679e-01	2.14992e+00	-2.44055e+00
3.31266e-01	-2.29295e+00	3.63092e+00	-2.03682e+00
9.10343e-01	-3.08407e-01	2.55022e+00	-1.82675e+00
8.43469e-02	3.88467e-01	1.97780e+00	3.58217e-01
3.88213e+00	-7.39772e-01	2.89652e+00	-2.44806e+00
1.92107e+00	-1.53025e+00	1.68477e+00	-2.30423e-01
2.16623e+00	-3.34584e-03	3.74357e+00	1.27656e+00
7.80608e-01	-2.35231e+00	1.70621e+00	-4.27919e-01
1.61414e+00	-1.79603e+00	2.65496e-01	-2.23870e+00
2.12334e+00	-1.91660e+00	4.23428e+00	1.60490e+00
4.58078e+00	-1.37609e+00	1.41364e+00	4.57275e-02
