# No. of particles = 100 
# Proton - Solar wind	Electron - Solar wind	
4.22606e+00	-1.84916e+00	1.20980e+00	4.26443e-01
3.22259e+00	-2.19808e+00	4.48541e+00	1.13283e+00
2.65824e+00	-2.10632e+00	5.42988e-01	-1.64995e+00
4.11324e+00	-3.23321e-01	3.48950e-01	-2.28000e+00
2.99803e-01	-2.46121e+00	2.56986e+00	-1.31434e+00
4.64362e+00	-2.14415e+00	2.40888e+00	5.99204e-01
5.23683e-01	-2.13716e+00	3.55923e+00	-2.11499e+00
3.45279e+00	-2.26369e+00	2.76342e+00	6.39913e-01
1.00737e+00	-2.35122e+00	3.97857e+00	-1.23869e+00
1.12898e-01	-2.36672e+00	1.88473e+00	-2.36485e+00
2.32520e+00	-2.13043e+00	7.64017e-01	-5.41899e-01
4.25257e+00	-2.31314e+00	5.57508e-01	-1.91192e+00
6.84529e-01	-2.29565e+00	2.06407e+00	-1.19558e+00
6.91024e-01	-2.01428e+00	3.29098e+00	-7.96491e-01
3.49273e+00	-1.41342e+00	1.50669e+00	-2.00614e+00
3.80642e+00	-8.44494e-01	3.17073e+00	1.60118e+00
4.43666e+00	-1.83929e+00	3.36819e+00	-1.62058e+00
4.31462e+00	-1.96072e+00	3.29230e+00	-1.56474e+00
7.66900e-01	-1.92022e+00	1.05533e+00	-6.29333e-01
4.30846e+00	-2.00734e+00	1.23235e-01	-2.08081e+00
3.80198e+00	-1.01958e+00	6.58953e-01	-1.78986e+00
3.51995e-01	-2.35700e+00	4.97000e+00	-2.28651e+00
3.34713e+00	-1.71427e+00	3.26475e+00	-8.98926e-01
3.07298e+00	-2.09313e+00	1.53282e+00	-9.33827e-01
3.10753e+00	-1.61446e+00	2.51653e-01	-2.47834e+00
4.36615e+00	-1.45927e+00	4.21834e+00	1.56873e+00
4.46978e+00	-1.67753e+00	3.27166e+00	-1.66476e+00
3.92227e+00	-1.52958e+00	1.18702e+00	-2.26107e+00
4.42518e+00	-1.59069e+00	4.82246e+00	-8.97746e-01
4.68866e+00	7.30686e-02	9.11162e-01	-5.71740e-01
2.40145e-01	-2.45917e+00	9.34264e-02	1.19225e+00
4.61472e+00	-1.61489e+00	2.51238e+00	-1.53189e+00
4.03589e+00	-2.13913e+00	4.60904e-02	-2.33672e+00
1.10148e+00	-2.36332e+00	6.10041e-01	-2.25848e+00
4.63727e+00	-1.84239e+00	3.26522e-02	-2.49991e+00
4.39840e+00	-1.03393e+00	2.21040e+00	-1.09241e+00
1.77854e-01	-2.35727e+00	4.50173e+00	-1.85572e+00
9.62859e-02	-2.19732e+00	1.47553e+00	-6.11033e-01
5.03864e-01	-2.47613e+00	8.81316e-01	-1.84309e+00
4.26235e+00	-6.14071e-01	7.28969e-01	-2.32086e+00
4.16816e+00	-7.91592e-01	3.63851e+00	-2.96285e-03
3.59866e-01	-2.24799e+00	4.06455e-02	-1.54045e+00
2.19421e-01	1.60129e-01	4.45498e+00	9.12211e-02
4.01257e+00	4.16852e-01	3.28741e+00	-7.97540e-01
2.34471e+00	-5.31857e-01	2.87058e+00	1.86699e+00
4.43521e+00	-9.14725e-01	3.96106e+00	8.69585e-03
4.35229e+00	-3.96253e-01	1.77860e+00	-8.90167e-01
3.51434e+00	1.13817e+00	9.45654e-01	-1.79339e+00
1.26053e-01	-2.26804e+00	1.67588e+00	-1.79379e+00
4.79370e+00	-1.56606e+00	2.55863e+00	-5.82100e-01
4.40251e+00	-4.41425e-01	4.32607e+00	-3.00356e-01
4.44953e+00	-3.78979e-02	4.93448e+00	2.41137e+00
3.88225e+00	-2.23302e-01	2.82935e+00	1.65638e+00
7.36849e-01	-2.27847e+00	4.29059e+00	-1.69239e+00
8.30628e-02	4.28993e-01	2.51168e+00	9.56211e-01
7.01030e-03	-2.26325e+00	1.36710e-01	-1.42567e+00
4.75180e+00	7.65820e-01	3.97634e+00	1.86161e+00
1.26457e+00	-8.23291e-02	3.60237e-01	-1.76123e+00
4.53520e+00	1.27252e+00	3.85996e+00	4.83296e-01
4.82286e+00	-3.65466e-01	1.06894e+00	-1.44919e+00
4.68133e+00	-8.99900e-02	2.70984e+00	1.06996e-01
1.03980e+00	-2.36876e+00	2.04398e+00	-1.67107e+00
4.18419e+00	5.82989e-01	4.92106e+00	5.59890e-01
4.94129e+00	-5.81775e-01	9.22178e-01	-2.19014e+00
2.50862e+00	-1.23200e+00	3.76729e+00	-5.34695e-01
4.54340e+00	-1.30290e-01	5.39044e-01	-2.27570e+00
4.46269e-01	-2.44647e+00	2.55211e+00	7.27699e-01
4.23485e+00	7.57062e-01	3.91218e-02	2.28867e+00
4.03569e+00	2.34058e-01	4.33583e-01	-2.44030e+00
7.07267e-01	-2.30407e+00	4.13624e+00	-1.61245e-01
7.74931e-01	-8.07224e-01	8.79548e-01	4.57823e-01
2.66068e+00	1.02050e+00	1.76648e+00	-1.65302e+00
4.31053e+00	3.88040e-01	1.35571e+00	1.00970e+00
9.90291e-01	-2.37237e+00	1.08341e+00	-2.67233e-01
4.39511e+00	1.49367e-01	2.23352e-01	-6.75432e-01
6.02364e-01	-2.30162e+00	2.11173e-01	-1.66025e+00
4.53627e+00	9.35866e-01	7.69986e-01	-2.36263e+00
4.59427e+00	1.29657e+00	4.23872e+00	3.27540e-01
3.77813e-01	2.35960e-01	2.66383e+00	-3.46458e-01
3.56426e+00	2.27710e+00	3.42471e+00	-2.33382e+00
4.32888e+00	5.44110e-01	6.34497e-01	-2.01813e+00
4.78773e+00	1.14128e+00	6.81972e-01	-1.61620e-01
3.68582e+00	1.78685e+00	2.25308e+00	-2.48082e-02
4.02821e+00	1.02924e+00	1.62954e+00	9.39897e-01
1.00522e+00	-2.02507e+00	2.78167e+00	1.52112e+00
3.74906e+00	-3.02449e-02	8.08003e-02	-2.32314e+00
4.23800e+00	-1.49215e-01	4.33106e-01	-1.04487e+00
3.40696e+00	-1.77408e-01	9.19687e-01	-1.92990e+00
4.67022e+00	2.24075e+00	2.33063e-01	2.41649e+00
4.56911e+00	9.44350e-01	4.02275e+00	9.38212e-01
4.24375e+00	1.94617e+00	7.64216e-01	2.39572e-01
3.20151e+00	1.83532e+00	1.51196e+00	1.19507e+00
4.94902e+00	1.71036e+00	1.80585e+00	-1.54563e+00
4.09042e+00	6.35174e-01	5.28345e-01	-2.48119e+00
3.14187e+00	-2.61420e-01	7.36614e-01	-2.42584e+00
4.96559e+00	1.46924e+00	6.21704e-01	-1.89125e+00
1.16918e-01	-2.23719e+00	4.41913e-01	-4.42912e-01
4.15459e+00	6.49404e-01	5.96901e-01	-5.14869e-02
1.30450e+00	-1.85605e+00	1.66331e+00	-1.27140e+00
9.15298e-01	8.25182e-01	3.03318e+00	1.59299e-01
