# No. of particles = 100 
# Proton - Solar wind	Electron - Solar wind	
4.23371e+00	-2.09645e+00	2.21818e+00	-1.12823e+00
6.68040e-01	-2.26140e+00	2.19085e+00	1.27307e+00
4.70341e-01	-2.18776e+00	2.42169e+00	1.32956e+00
4.79307e+00	-2.18539e+00	2.65664e-01	-2.38335e+00
1.02792e+00	-2.37975e+00	3.58992e+00	-2.34924e+00
2.36197e+00	-1.53966e+00	6.53902e-01	-7.94569e-01
1.12654e+00	-2.33377e+00	1.32068e+00	-1.83725e+00
1.89368e+00	-2.23913e+00	1.03305e+00	-1.94924e+00
4.22234e+00	-2.44370e+00	8.64032e-01	-1.10742e+00
4.05044e+00	-6.66471e-01	1.93663e-01	-2.29094e+00
8.20822e-01	-2.28139e+00	1.60693e+00	-7.53121e-01
9.03146e-01	-2.08570e+00	1.12740e-01	-2.35015e+00
2.70405e+00	-1.55717e+00	3.85801e-01	5.23925e-01
4.70698e+00	-2.48160e+00	9.47392e-01	5.97859e-01
1.71565e+00	-2.41274e+00	3.03427e-01	-1.71529e+00
1.37494e+00	-2.25880e+00	2.49009e-01	-5.01273e-01
4.94024e+00	5.10458e-01	5.65939e-01	-1.86522e+00
2.36555e+00	-1.88886e+00	8.76169e-01	-1.10766e+00
1.05092e-01	-2.24021e+00	4.15975e+00	-2.90579e-01
1.52481e+00	2.50376e-01	1.58420e+00	-7.12939e-02
3.36903e+00	-1.71616e+00	2.89134e+00	2.41497e+00
1.99461e-01	-2.31502e+00	5.71272e-01	-1.19789e+00
1.17067e+00	-2.42056e+00	1.50775e-01	-2.09279e+00
4.03577e+00	-2.45318e+00	3.59399e+00	-4.17141e-01
2.98511e+00	-2.00458e+00	2.01186e-01	1.88333e+00
2.96664e+00	-1.46340e-01	4.64098e+00	9.49122e-01
4.55652e+00	-2.43151e+00	1.42041e+00	-1.14453e+00
1.00799e+00	-2.16960e+00	1.47932e+00	-2.34572e+00
4.02380e+00	-7.74493e-01	1.80031e+00	-6.15275e-01
4.57978e-02	-2.40067e+00	3.63406e-01	1.62128e+00
2.01301e+00	-2.01986e+00	7.39977e-01	-2.13385e+00
3.56987e+00	-2.28368e-01	2.14512e-01	-1.81934e+00
6.95487e-01	-2.31319e+00	1.38324e+00	-1.88567e+00
3.47201e+00	5.41169e-01	4.21015e+00	4.09488e-01
1.49751e+00	-2.44612e+00	5.34551e-01	6.89173e-01
2.04404e+00	-2.32151e+00	3.47910e+00	6.78222e-01
4.94927e-01	-1.14934e+00	2.68219e+00	1.27308e+00
3.46090e+00	-1.94457e+00	1.63948e+00	-8.76851e-01
3.88123e+00	-6.66993e-01	1.69725e+00	-7.13511e-01
3.47843e+00	-2.38582e+00	2.74609e+00	4.70001e-01
7.78953e-01	-3.21566e-01	1.97535e+00	-6.15169e-01
2.99322e-01	-2.44497e+00	7.46920e-01	1.55951e+00
7.13151e-01	-2.44534e+00	3.69162e+00	-1.45038e+00
4.80566e+00	5.75915e-01	4.65755e-01	-2.10789e+00
2.33810e+00	-1.47024e+00	4.90559e+00	1.02885e+00
3.03189e-01	-2.25864e+00	1.24581e+00	3.05397e-01
3.20373e+00	-2.20585e+00	1.73988e+00	-1.80035e+00
8.61257e-01	-2.00931e+00	2.35048e+00	-7.62004e-02
1.25084e+00	-2.19596e+00	1.06080e-01	-2.27553e+00
1.35346e+00	-2.03595e+00	2.20888e-01	-7.34438e-02
6.40124e-01	-2.43917e+00	2.28842e-02	1.45340e+00
2.53713e+00	-2.03228e+00	1.18389e+00	6.98734e-01
3.62387e+00	-2.28448e+00	3.20694e+00	-3.03334e-01
1.99830e+00	2.04769e-01	3.53074e-01	-2.24951e+00
1.66576e+00	-2.34859e+00	1.32626e+00	1.23710e-02
1.19707e-01	3.20135e-01	5.89267e-01	1.37115e+00
2.97830e+00	-2.31252e+00	9.60252e-01	-1.22099e+00
4.66751e+00	-2.27465e+00	8.62713e-01	-1.02265e+00
4.61381e+00	4.08237e-01	1.13193e+00	-2.77331e-01
2.36950e+00	-1.72156e+00	3.79260e+00	1.12574e+00
9.90503e-01	2.06240e-01	6.82650e-01	5.81672e-01
3.59581e+00	-1.83228e+00	3.45428e+00	-2.28962e+00
1.79438e-01	-2.33712e+00	3.48710e+00	-1.09182e+00
4.83166e+00	-1.25390e+00	6.07280e-01	-1.71000e+00
4.34668e+00	1.22909e+00	4.38451e+00	1.16382e-01
1.86163e-01	-2.35469e+00	2.95590e+00	-6.24787e-01
3.83868e+00	-1.70945e+00	1.05662e-01	-2.34066e+00
3.93425e+00	-2.43707e+00	4.29394e+00	-2.22234e+00
3.52327e+00	1.00435e+00	1.31284e+00	-8.67620e-01
6.01040e-01	-2.44158e+00	1.30249e+00	-8.83966e-01
3.95964e+00	-1.46535e+00	9.16275e-01	1.60391e+00
2.18533e+00	-2.24544e+00	6.76064e-01	1.59578e+00
3.38295e+00	-1.20468e+00	1.11736e-01	6.11794e-01
2.61987e+00	-1.34854e+00	5.41409e-01	1.02688e+00
4.52126e-01	1.15364e+00	4.46426e+00	-1.78944e+00
1.30744e+00	-2.32503e+00	1.22526e+00	-1.40260e+00
2.04438e+00	-2.36740e+00	4.88040e+00	-1.36610e+00
7.41184e-01	-2.41021e+00	3.03404e+00	-2.17029e-02
1.73930e+00	-2.15813e+00	4.00346e+00	2.27348e+00
4.44114e+00	2.05618e+00	2.94337e+00	-9.53368e-02
2.47469e+00	-1.72971e+00	2.42557e+00	2.01185e+00
2.51055e+00	8.12397e-01	2.14234e+00	-1.99553e+00
8.35007e-01	5.89464e-02	3.80582e+00	-1.21822e+00
3.53689e+00	-2.09973e+00	1.56803e+00	1.45000e+00
1.39623e+00	-2.35589e+00	3.93318e+00	-1.16884e+00
4.43655e-01	-2.40168e+00	1.54101e+00	8.11363e-02
4.56242e+00	-4.34179e-01	3.34137e+00	-1.94061e+00
4.33860e+00	-1.02808e+00	1.44338e-01	-2.19988e+00
2.37833e+00	-1.81136e-01	4.39624e+00	-2.60700e-01
1.81657e+00	3.30199e-01	9.77369e-02	-2.03426e+00
3.39448e+00	-2.36166e+00	1.13669e+00	-2.17826e+00
3.40226e-01	-2.31481e+00	1.47211e-01	-2.30667e+00
2.92959e+00	-2.25783e+00	7.82204e-01	1.18167e+00
1.47664e+00	-1.72991e+00	2.85441e+00	-7.94845e-02
1.19534e+00	-1.91216e+00	3.17319e+00	-1.81188e-02
4.75444e+00	-1.00555e+00	2.40330e+00	1.63872e+00
3.50105e+00	-2.46705e+00	8.85457e-01	-2.17686e+00
4.94627e+00	9.13647e-02	3.42181e-01	-1.57283e+00
5.34785e-02	-2.44156e+00	3.33269e+00	-4.30107e-01
2.64708e+00	-1.79684e+00	8.24821e-01	-4.71585e-01
