# No. of particles = 100 
# Proton - Solar wind	Electron - Solar wind	
6.66729e-01	-2.37473e+00	2.75210e-01	-2.39408e+00
3.92653e+00	-2.35541e+00	8.67508e-01	-1.65777e+00
4.82932e-01	-2.37861e+00	1.25292e+00	-8.91371e-01
4.50499e+00	-2.33349e+00	3.29194e+00	1.08278e+00
1.24625e+00	-2.23864e+00	1.46142e+00	1.56565e+00
4.89990e+00	-2.35470e+00	9.24579e-02	-2.22688e+00
2.79767e+00	1.70893e-01	1.01080e+00	-2.47027e+00
4.48599e+00	-2.19789e+00	3.10907e-01	-2.45828e+00
2.85418e+00	-2.19850e+00	3.18693e+00	1.40306e+00
4.51576e+00	-1.64076e+00	1.29111e+00	-2.61261e-01
2.48971e+00	-2.34938e+00	3.24702e+00	-1.43196e+00
7.88184e-01	-6.85060e-01	4.97689e+00	4.88815e-01
4.91498e+00	-2.47035e+00	1.16579e+00	-6.32616e-01
1.56235e+00	-2.34610e+00	2.16285e+00	-1.32901e+00
1.81600e+00	-2.40509e+00	1.79631e+00	-1.82229e+00
2.28860e-01	-2.25021e+00	3.94627e+00	1.04213e+00
1.88552e+00	-1.35924e-01	4.92204e+00	-1.47553e+00
8.61253e-01	-2.22785e+00	3.48280e-01	-1.87001e+00
3.27998e+00	-1.52383e+00	1.11813e-01	-2.37093e+00
8.40185e-01	-2.38743e+00	9.64120e-02	-1.99095e+00
1.21540e+00	-2.28492e+00	2.12338e+00	9.46100e-01
2.41466e+00	-2.35875e+00	6.12688e-01	-6.84980e-01
4.09933e+00	-2.48105e+00	2.11569e+00	-3.49791e-01
1.65862e+00	-2.43192e+00	1.78493e+00	-1.13940e+00
4.34775e+00	-2.07807e+00	1.20002e+00	1.28749e+00
7.43483e-02	-2.43807e+00	4.60271e+00	3.21888e-01
4.15333e-01	-2.47621e+00	1.95753e+00	-6.66057e-01
7.01198e-01	-2.27713e+00	7.60961e-01	7.87300e-01
3.83371e-01	-2.06298e-01	2.03425e+00	-1.02360e+00
3.47936e+00	-4.99477e-01	1.22513e-01	-1.71279e+00
1.42302e+00	-1.96670e+00	2.92042e+00	-2.48366e+00
4.25601e+00	-1.53273e+00	4.63111e-01	-1.03010e+00
2.95958e+00	-1.38433e+00	1.24281e+00	5.38631e-01
4.39349e+00	-9.65422e-01	2.80976e+00	1.00543e+00
3.51003e+00	-2.07724e+00	4.27188e+00	8.48044e-01
4.26128e+00	5.52743e-01	1.26279e+00	-9.02269e-01
2.06101e+00	-2.08212e+00	9.69619e-01	7.11272e-01
1.70426e+00	-6.81632e-01	1.86840e+00	-5.70542e-01
4.67182e-01	-2.05430e-01	2.67776e+00	6.35471e-01
1.16093e+00	-2.35766e+00	2.05561e+00	1.48453e+00
2.91322e+00	-4.73973e-01	8.40314e-01	1.27294e+00
3.12820e+00	-2.02783e+00	4.75446e+00	6.48617e-01
2.87845e+00	-2.17790e+00	1.30333e+00	-1.17003e+00
2.73438e+00	-7.29591e-01	8.13247e-01	-2.17196e+00
1.09693e+00	-2.06166e+00	2.10914e+00	-2.16693e+00
2.56475e+00	-2.34000e+00	4.71763e-01	-2.23657e+00
6.47177e-02	-2.39240e+00	3.08857e+00	-1.22800e+00
3.53175e+00	-2.43414e+00	6.94336e-01	2.16906e+00
6.19048e-01	-2.42953e+00	1.53443e+00	-1.04754e+00
2.49632e-01	-2.31521e+00	6.51801e-01	-7.39014e-01
2.81876e+00	-2.32149e+00	1.03742e+00	2.14240e+00
8.27072e-01	-2.39666e+00	1.14601e-01	-2.27898e+00
1.31290e+00	-2.35723e+00	4.29275e+00	-8.36693e-01
4.52491e+00	1.76235e+00	3.34371e-01	-2.13012e-01
4.90205e+00	-1.21921e+00	1.79988e+00	1.36693e+00
2.32518e-01	-2.49646e+00	2.52031e+00	-1.53452e+00
4.67227e+00	-1.57583e+00	2.78113e-01	-5.61242e-01
3.24267e+00	-1.85138e-01	3.03423e-01	-2.44898e+00
2.24356e+00	-2.47902e+00	1.29314e+00	-2.01999e-01
1.47372e-01	-2.37690e+00	1.75115e+00	1.03612e+00
1.18023e+00	-2.35653e+00	2.50034e+00	2.10921e+00
3.99269e+00	-1.10863e+00	4.59236e+00	-3.46026e-01
4.12004e-01	-2.34254e+00	1.83505e+00	-9.07078e-01
6.31314e-01	-2.28608e+00	4.61046e+00	-6.67369e-01
4.90781e+00	8.04443e-01	4.46972e+00	1.07261e+00
1.88378e+00	4.97395e-01	1.37762e+00	-2.00546e+00
8.71547e-01	-2.42349e+00	2.04885e+00	1.07202e+00
3.85049e+00	9.94577e-01	1.16324e+00	5.31590e-01
1.58623e+00	-2.44907e+00	2.66830e-01	-2.42277e+00
4.52895e+00	-1.27894e+00	1.40484e+00	-2.35455e+00
2.14726e+00	-2.24109e+00	2.66519e-01	-2.45610e+00
4.58774e+00	-1.47750e+00	2.45097e+00	-1.51464e+00
2.71742e-01	-4.65421e-01	9.73287e-01	-3.35827e-01
4.86984e+00	-1.68321e+00	9.06087e-01	-1.70137e+00
2.60746e+00	6.60551e-01	1.26770e+00	-1.22703e+00
3.10618e+00	-2.11445e+00	5.11947e-01	-2.42845e+00
4.29325e+00	-2.32097e+00	3.01490e+00	-3.95634e-01
2.02064e+00	-1.84924e+00	9.93874e-02	-8.50574e-01
4.30285e-01	-3.32511e-01	3.09540e+00	-1.72252e+00
5.89181e-01	-2.38690e+00	1.20371e+00	-2.02222e+00
2.22189e+00	-2.47188e+00	1.07742e+00	-7.55311e-01
2.59238e+00	-2.10548e+00	1.40527e-01	-1.84946e+00
4.26285e-01	-2.29941e+00	4.20234e+00	9.50458e-03
4.61195e+00	4.41886e-02	2.09983e-01	-2.34639e+00
5.37981e-01	-2.49884e+00	3.34976e-01	2.41718e+00
2.08477e+00	-1.51086e+00	1.98141e-01	-7.55566e-02
1.78281e+00	-2.42526e+00	2.14410e+00	-2.38430e+00
1.71413e+00	5.92143e-01	2.06109e+00	-4.05451e-01
2.22437e+00	2.64541e-01	1.80069e+00	-8.91211e-01
8.28456e-01	2.92537e-01	2.20086e+00	3.48508e-01
7.34352e-01	-2.22867e+00	9.75025e-01	9.65823e-01
7.22402e-01	-2.47625e+00	6.11849e-01	-3.99535e-01
4.61878e+00	3.96771e-02	1.04557e-01	2.09248e-01
3.74997e+00	-1.06422e+00	2.97503e+00	-7.44158e-01
3.58483e+00	-6.54719e-01	5.43550e-01	4.96220e-01
1.91723e+00	-1.26282e+00	1.99009e-01	1.55109e+00
2.09461e-01	-2.36360e+00	7.98256e-01	-1.04462e+00
1.10247e+00	-2.11258e+00	9.67686e-02	-2.46532e+00
2.20011e+00	-2.30298e+00	1.69240e+00	-5.56503e-01
4.91195e+00	1.77273e+00	2.34055e+00	-1.58226e+00
