# No. of particles = 100 
# Proton - Solar wind	Electron - Solar wind	
3.63658e+00	-8.32458e-01	6.09182e-01	-6.46701e-02
7.55978e-02	-2.38467e+00	2.52732e+00	1.71509e+00
8.62334e-02	-2.23365e+00	4.37737e+00	-2.49810e+00
2.07214e-01	-2.38869e+00	8.43935e-01	-2.40844e+00
1.75712e+00	-2.22606e+00	9.64906e-01	-1.45965e+00
2.87832e+00	-2.22025e+00	3.85736e-01	-2.29258e+00
1.07731e+00	-2.14681e+00	1.88634e+00	-2.41999e+00
9.89153e-02	-2.47819e+00	4.62380e+00	-5.83709e-01
3.65343e+00	-1.99492e+00	2.61453e-01	-5.90286e-01
3.03150e+00	-2.37645e+00	3.10893e+00	-1.50936e+00
5.60273e-01	-2.49860e+00	1.10398e+00	1.33190e-02
4.26095e-01	-2.46585e+00	1.77135e+00	-1.68849e+00
1.67439e+00	-2.38710e+00	2.65683e-01	-1.85291e+00
1.98208e+00	-2.37893e+00	3.85839e+00	-3.30414e-01
8.51641e-01	-2.37132e+00	7.99320e-01	-2.14773e+00
1.83215e+00	-1.93438e+00	3.78776e-01	-1.68946e+00
1.74319e-01	-2.47309e+00	3.21657e+00	-1.80777e+00
7.65725e-01	-2.27053e+00	2.79686e+00	-1.93125e+00
4.53269e+00	-1.17677e+00	3.35095e+00	1.18533e+00
5.47870e-01	-2.24908e+00	1.51236e+00	1.94709e+00
3.62761e+00	-2.27102e+00	7.09339e-01	-2.00814e+00
3.04223e+00	-2.28553e+00	7.05711e-01	-1.63615e+00
4.69666e+00	-2.31541e+00	4.39807e+00	3.63848e-01
3.03202e+00	-1.64930e+00	4.58587e+00	-2.14090e-01
4.04595e+00	-2.10402e+00	4.21053e+00	6.98872e-01
4.15681e+00	-1.18803e+00	2.06370e+00	1.67230e+00
4.90282e+00	5.45268e-01	4.51180e+00	9.23469e-01
8.34409e-01	-2.35548e+00	7.89267e-01	-1.35501e+00
3.34050e+00	-2.25936e+00	3.49794e+00	1.08546e+00
4.20987e+00	2.69107e-02	3.98912e-01	-2.22877e+00
3.76091e+00	-1.41576e+00	1.13509e-01	-2.34944e+00
3.82446e+00	-2.10082e+00	5.84372e-01	-2.33947e+00
6.79529e-01	-2.47849e+00	5.45186e-01	-1.95636e+00
7.39587e-01	-1.65462e+00	1.26635e+00	-1.08861e+00
7.87436e-01	-2.30662e+00	2.15532e+00	1.38500e+00
1.11351e+00	-2.32428e+00	3.76090e+00	1.79128e+00
3.31715e+00	-8.72477e-01	4.88877e+00	2.09036e+00
1.90861e+00	-2.36953e+00	4.26654e+00	-1.69532e+00
3.77341e+00	-1.65048e+00	3.18870e+00	-1.54176e+00
4.47209e+00	3.51712e-01	4.67235e+00	-5.44141e-01
4.24905e-01	-2.25926e+00	2.04712e-01	-2.35700e+00
4.08053e+00	-2.47591e+00	8.38397e-02	-2.39633e+00
3.81906e-01	-2.48716e+00	2.29715e+00	9.00734e-01
4.84628e+00	-1.82173e-01	1.06106e-02	-2.37663e+00
2.64791e-01	-2.28710e+00	1.48318e+00	1.09931e+00
1.46525e+00	-1.62010e+00	1.14237e-01	-2.48736e+00
1.11829e+00	-2.40060e+00	3.52677e+00	-2.12994e+00
4.07789e+00	-1.74766e-02	3.56282e+00	-5.30872e-01
1.02360e+00	-2.18233e+00	2.44793e+00	-1.78793e+00
1.44990e+00	1.43832e-01	4.87864e+00	-8.82130e-01
4.83483e+00	5.08562e-01	4.96097e+00	-2.23662e+00
1.92514e+00	6.82356e-01	2.05227e+00	-2.05931e+00
1.00427e+00	-2.46374e+00	1.57259e-01	-1.07672e+00
1.52811e+00	-1.93840e+00	7.90390e-01	-5.44176e-02
3.22016e+00	1.39011e+00	1.59139e+00	2.30945e+00
4.83100e+00	-1.27585e+00	2.24600e+00	2.49575e+00
2.09180e+00	-2.21568e+00	1.21205e+00	1.00929e+00
3.58582e+00	-2.37785e+00	1.02538e+00	-2.35393e+00
4.99175e+00	2.00603e+00	1.10608e+00	1.70711e-02
1.64228e+00	-2.41460e+00	4.49442e+00	6.84806e-02
4.48593e-01	-4.43118e-01	3.37542e-01	-2.19718e+00
2.82071e+00	-2.29554e+00	8.16806e-01	1.27130e+00
6.37668e-01	-2.48530e+00	4.94151e+00	1.91790e+00
3.64991e+00	-2.31113e+00	2.13901e+00	-1.63208e+00
4.17491e+00	-9.00650e-01	4.87304e+00	-2.31902e-01
4.37207e+00	-2.30681e+00	2.81083e+00	-3.57980e-01
1.43098e+00	1.28577e+00	1.05616e+00	1.81922e-01
3.96871e+00	1.55362e+00	2.63126e+00	-2.41360e+00
3.66849e+00	-8.14827e-01	3.25054e-01	-2.37652e+00
4.18403e+00	-1.93418e+00	2.89917e+00	4.38706e-01
1.56285e+00	-5.45743e-01	1.69819e-03	2.35395e+00
1.73805e+00	-2.36774e+00	1.75002e+00	-1.52809e+00
3.10487e+00	-2.36285e+00	4.79468e+00	-6.07343e-01
2.10954e+00	-2.13523e+00	4.82902e+00	3.92844e-01
2.09301e-01	-2.31462e+00	2.40125e-01	-3.17614e-01
3.61495e+00	-2.46850e+00	3.25297e+00	1.22617e+00
1.51442e+00	-2.37435e+00	1.11161e+00	-8.39005e-01
7.81184e-01	1.35183e-01	7.45462e-01	-1.32485e+00
1.25484e-01	-1.57909e-01	3.94118e+00	-1.21325e+00
4.29315e+00	-2.31709e+00	4.83329e+00	-6.28313e-01
1.70697e+00	-2.25558e+00	1.67832e+00	-2.09409e+00
2.56456e+00	-2.12189e+00	4.90954e+00	-2.24778e-01
1.97544e-01	-2.47641e+00	3.14849e+00	-1.20935e+00
4.99523e-01	-2.32106e+00	4.57406e+00	1.13397e+00
2.08986e+00	-2.28667e+00	7.71910e-01	-2.30445e+00
6.19806e-01	-2.34377e+00	3.33970e+00	-1.38872e+00
3.51846e+00	-2.24915e+00	1.95006e+00	1.12835e+00
1.64345e+00	-4.77495e-01	3.74779e+00	-1.90902e-01
3.58839e+00	-1.76781e+00	2.17046e+00	4.85602e-01
4.96145e+00	-7.46108e-01	3.26365e-01	1.47949e+00
3.15540e+00	-2.14509e+00	5.84580e-02	-2.46583e+00
3.56958e+00	7.69406e-02	4.16883e+00	1.90142e+00
2.67136e+00	-1.90448e+00	7.37669e-01	1.34269e+00
4.36206e-01	-2.20260e+00	2.82399e+00	1.78731e-01
2.78877e+00	-7.22359e-01	8.88098e-01	-5.97189e-01
4.66475e-04	-2.38983e+00	3.59867e+00	-1.33075e+00
2.28750e+00	-1.85545e+00	6.40340e-01	-1.18850e+00
3.63943e-01	-2.35841e+00	2.32047e+00	-1.60462e+00
1.28566e-01	-2.22339e+00	3.58488e+00	3.55516e-01
2.58366e+00	7.49772e-01	1.51968e-01	1.35920e+00
