# No. of particles = 100 
# Proton - Solar wind	Electron - Solar wind	
1.87459e+00	-2.11001e+00	1.99680e+00	-1.60146e+00
4.35478e+00	-2.21500e+00	2.57010e+00	1.81720e+00
2.03493e+00	-2.18094e+00	1.01506e+00	-1.92679e+00
1.16571e-01	-2.34995e+00	1.84201e+00	-1.27818e+00
1.90058e+00	-2.33174e+00	1.59180e+00	-6.13493e-01
1.29797e+00	-2.37755e+00	2.76222e-01	-3.20136e-01
1.00076e+00	-2.47820e+00	2.51027e+00	1.85002e+00
3.17612e-01	-2.49000e+00	4.51909e+00	1.43286e+00
3.45319e+00	-7.94722e-01	4.87650e+00	-2.47367e+00
2.04850e+00	-1.78364e+00	2.24401e-01	-1.64496e+00
9.40643e-01	-2.28378e+00	4.28706e-01	-2.27880e+00
4.23372e+00	-2.16734e+00	4.55557e+00	4.12597e-01
1.04924e+00	-9.80847e-01	1.31617e+00	-1.60399e+00
4.25399e+00	-3.09538e-02	9.20727e-01	-2.08921e+00
3.57004e+00	-9.67815e-01	1.60541e+00	-6.93385e-01
1.95884e+00	-2.26137e+00	2.81933e+00	-4.32445e-01
1.08578e+00	-2.02648e+00	4.42315e+00	-6.04891e-01
2.03803e-01	-2.35650e+00	6.45400e-01	-2.00423e+00
4.43964e+00	-2.34190e-01	2.74667e-01	-2.40628e+00
3.04025e-01	-2.49655e+00	2.54961e+00	1.69475e+00
3.60480e+00	6.22886e-01	3.05852e+00	-1.32398e+00
1.76687e+00	-1.96940e+00	4.17531e-01	-1.92311e+00
4.26750e+00	-8.35781e-01	1.81959e-01	-2.29036e+00
4.19076e+00	-9.07912e-01	1.43819e+00	-1.33897e+00
3.40910e+00	-2.26083e+00	1.52502e+00	-5.80197e-01
4.73439e+00	1.77172e-01	3.96002e+00	-2.20822e+00
5.68043e-02	1.38009e-01	3.46225e+00	-1.13666e+00
4.83778e+00	-1.12563e+00	2.00791e+00	-1.62704e+00
3.11089e-01	-2.41431e+00	2.10027e-01	-2.29101e+00
8.76468e-01	-2.46529e+00	9.02519e-01	-5.64334e-01
4.84262e+00	-1.25147e+00	8.19032e-01	-1.33495e+00
1.86270e-01	-2.45536e+00	3.55576e-01	-6.94494e-01
4.12848e-01	-2.27218e+00	3.45561e+00	-1.98932e+00
1.86290e+00	-7.47119e-01	4.93712e+00	-4.35070e-02
3.70536e+00	-4.73594e-01	6.95517e-01	1.26315e+00
8.85825e-01	-2.33601e+00	5.40155e-01	1.18606e+00
9.17570e-01	-1.42868e+00	4.88730e-01	-1.79217e+00
1.92674e+00	-2.16299e+00	6.94410e-02	2.91050e-01
3.20062e+00	-7.66556e-01	4.41424e-01	-2.07219e+00
4.82412e+00	-1.49456e+00	2.19656e+00	-8.11922e-01
4.57295e+00	-1.11173e+00	2.71758e-01	-2.00016e+00
2.02765e-01	-2.45158e+00	4.81530e+00	-3.89742e-01
1.38857e+00	-2.25925e+00	2.30160e+00	-7.15311e-01
9.91272e-01	3.97340e-01	4.50373e-01	-2.10131e-01
7.50814e-01	-7.76146e-01	7.00202e-01	-1.89121e+00
4.98760e+00	8.56704e-01	4.50206e+00	-1.75706e+00
4.67988e+00	-2.09760e+00	2.40793e+00	-1.30546e+00
4.09218e+00	2.61400e-02	2.17777e+00	-4.59281e-01
1.34706e-01	-2.35055e+00	2.91172e+00	2.36590e+00
1.00638e+00	-3.93847e-01	4.16343e+00	-5.85657e-01
4.24865e+00	-1.66285e+00	9.50122e-01	-3.08459e-01
1.58131e+00	-2.10569e+00	1.19889e+00	-1.00069e+00
6.75512e-01	-2.05586e+00	3.45417e+00	5.60142e-01
9.88156e-01	1.11643e+00	4.47379e-01	-4.01249e-01
6.24222e-01	-1.54565e+00	4.42564e+00	9.07193e-01
2.40477e+00	-3.71093e-01	4.38713e+00	2.20665e+00
8.11004e-01	-2.35082e+00	2.15746e+00	-1.90809e+00
3.09825e+00	-1.55009e+00	2.06214e+00	2.16130e+00
1.38073e+00	2.26626e-01	1.88455e+00	4.83444e-01
1.32731e+00	-2.33305e+00	3.00033e-02	-2.24527e+00
6.62436e-01	-2.23135e+00	1.10008e+00	-1.86931e+00
2.12155e+00	2.52889e-01	4.96667e-01	-2.07907e+00
2.60113e-01	2.81157e-01	1.05364e+00	2.17609e+00
3.27294e+00	-2.32342e+00	2.26568e+00	-1.99903e+00
3.09401e+00	-2.44196e+00	3.80372e+00	-5.25263e-01
3.04444e+00	-6.03653e-02	1.26518e-02	-2.28117e+00
3.73185e-02	-2.30590e+00	2.75296e+00	-8.12676e-02
4.78588e+00	-2.24670e+00	2.77623e+00	1.31503e+00
4.94585e+00	-1.13006e-01	4.77544e+00	5.81458e-01
2.52786e+00	-2.29657e+00	2.34941e-01	-2.13002e+00
1.23915e+00	-2.19171e+00	1.41147e+00	-1.89069e+00
1.84138e+00	2.17757e-01	1.27413e+00	-1.59438e-01
1.97221e+00	5.67960e-01	2.31793e+00	-1.52756e+00
1.99547e+00	-2.29948e+00	4.33679e+00	3.55787e-01
2.71951e-01	1.10120e-01	4.27731e+00	-2.20226e-01
3.48709e+00	-2.30964e+00	2.21804e+00	-7.45750e-02
1.48996e+00	-2.44111e+00	3.17450e+00	8.72195e-01
4.77682e-01	-2.44380e+00	4.88774e+00	-5.73417e-01
1.56849e+00	4.75129e-01	1.32366e+00	1.01416e+00
4.41883e+00	-6.72091e-02	1.05514e+00	9.29825e-01
4.75495e+00	-4.70584e-01	1.58372e-02	-6.40393e-01
1.75633e+00	-2.39503e+00	1.15108e+00	-1.93659e+00
2.44286e-01	-7.67456e-02	1.18928e+00	-1.88563e+00
3.67927e-01	-2.37166e+00	3.34108e+00	6.73144e-01
1.23933e+00	6.41536e-01	3.06840e-01	1.93212e+00
3.17576e+00	-3.59098e-01	2.86839e+00	3.37955e-01
3.42153e+00	-2.03590e+00	9.00302e-01	-1.29001e+00
1.84289e+00	1.86983e+00	7.82978e-01	1.22122e+00
3.89716e-01	-2.35906e+00	3.07706e+00	1.23340e+00
1.21881e+00	2.20037e-01	3.33915e+00	-1.23066e+00
1.32332e+00	-2.20028e+00	7.62283e-01	1.28406e+00
4.08759e+00	-2.41097e+00	9.32583e-02	-1.13506e+00
1.20495e+00	-2.35573e+00	2.73434e+00	2.06760e+00
4.68952e+00	-2.31388e+00	3.61878e-01	-2.26356e+00
2.78634e+00	-3.14217e-01	3.77532e+00	-2.50183e-01
7.71263e-02	-2.25108e-01	2.48911e+00	7.41594e-02
6.37466e-01	-2.33270e+00	9.03691e-01	-2.39797e+00
3.51536e+00	-1.63199e+00	1.18975e+00	1.07885e+00
3.54809e-01	-2.29126e+00	2.56205e-01	-4.53852e-01
2.50164e+00	-1.73910e+00	3.18740e+00	1.76579e+00
