# No. of particles = 100 
# Proton - Solar wind	Electron - Solar wind	
2.41945e+00	-2.01521e+00	3.59688e+00	-1.37750e-01
4.81602e+00	-2.19829e+00	1.89602e-01	-2.38232e+00
2.49074e+00	-2.17007e+00	1.41062e+00	-1.68665e+00
7.45845e-01	-2.34359e+00	2.96960e+00	7.97691e-01
2.33991e+00	-2.32556e+00	2.48117e-01	1.64595e-01
1.89730e+00	-2.36216e+00	4.98240e+00	4.59518e-01
1.44308e+00	-2.47660e+00	2.77563e+00	2.35667e+00
3.82205e-01	-2.34692e+00	1.47637e-01	-2.33620e+00
3.83885e+00	-6.34019e-01	7.36399e-01	-1.58351e+00
2.51128e+00	-1.61334e+00	3.81994e-01	-1.68711e+00
1.41356e+00	-2.26483e+00	4.81959e+00	-2.25995e+00
4.60336e+00	-2.13858e+00	4.02174e+00	1.87036e-01
1.53509e+00	-9.27434e-01	2.20582e+00	-1.10133e+00
4.52667e+00	1.20831e-01	3.21386e+00	-9.03503e-01
4.09653e+00	-7.65768e-01	2.48566e+00	2.42600e-01
2.44037e+00	-2.25769e+00	3.84160e+00	2.58589e-01
1.42713e+00	-1.91366e+00	7.51864e-02	-2.35727e+00
6.88829e-01	-2.24333e+00	6.05424e-01	-1.34132e+00
4.72071e+00	-1.05157e-01	1.50203e+00	-1.63038e+00
7.55369e-01	-2.47369e+00	2.17095e+00	-1.25787e+00
3.98612e+00	7.38833e-01	4.49990e+00	-8.16553e-01
2.28051e+00	-1.79377e+00	2.63053e+00	-1.27749e+00
4.71485e+00	-6.82032e-01	1.87507e+00	-2.32608e+00
4.69044e+00	-7.50425e-01	5.56386e-02	-2.21350e+00
3.88704e+00	-2.25306e+00	3.02129e+00	1.43360e+00
1.74172e-01	-2.27727e+00	4.81935e+00	-2.18229e+00
4.74564e-01	1.73118e-01	3.70352e+00	1.66291e-01
3.87086e-01	-2.31857e+00	2.47785e+00	-1.39058e+00
7.38264e-01	-2.48701e+00	5.22759e-01	-8.92340e-01
3.39933e-01	-2.48491e+00	1.45007e+00	4.42870e-01
2.68788e-01	-2.48415e+00	1.93084e+00	4.12126e-02
4.99907e-01	-2.42480e+00	5.41371e-01	3.52917e-01
8.73190e-01	-2.29269e+00	2.09491e-01	-2.02627e+00
2.31760e+00	-8.22045e-01	2.35116e-01	-2.30524e+00
4.00658e+00	-5.20064e-01	2.80161e+00	-1.20774e+00
1.33946e+00	-2.30404e+00	2.28493e+00	-4.85388e-01
1.12443e+00	-1.38073e+00	8.68044e-01	-1.45747e+00
2.38282e+00	-2.07362e+00	1.51048e+00	-2.76359e-01
3.51635e+00	-6.09900e-01	3.03613e-01	-1.29742e+00
2.34867e-01	-7.21599e-02	1.22038e-01	-8.13561e-01
4.99904e+00	-1.10429e+00	7.32935e-01	2.16533e+00
2.98683e-01	-2.40325e+00	3.35483e-01	1.79695e+00
1.85634e+00	-2.26183e+00	1.27539e+00	-1.85148e+00
1.32360e+00	3.47382e-01	4.70719e+00	1.09465e-01
1.13170e+00	-5.40708e-01	4.55033e+00	-5.31247e-01
5.75810e-01	-2.26773e+00	4.90048e+00	-1.71548e+00
2.19367e-01	-2.46363e+00	3.26914e+00	-9.64474e-01
4.54917e+00	4.35803e-02	3.85666e+00	1.11384e+00
6.54560e-01	-2.34275e+00	2.68237e+00	6.38568e-01
1.45445e+00	-4.12957e-01	4.51198e+00	-4.48036e-01
4.61060e+00	-1.60460e+00	1.17730e-01	-2.40271e+00
2.06519e+00	-2.05101e+00	3.32314e+00	1.39633e+00
1.13909e+00	-1.86941e+00	2.45141e+00	-2.38856e+00
1.48745e+00	1.14672e+00	4.54615e+00	-1.26066e+00
8.48009e-01	-1.29256e+00	8.62868e-01	-2.30292e+00
2.61393e+00	-4.49089e-01	8.41090e-02	1.17518e-01
1.40370e+00	-2.19791e+00	5.36926e-01	-1.10182e+00
3.64432e+00	-1.41730e+00	2.23786e+00	-1.61126e+00
1.69202e+00	3.80023e-01	2.93136e+00	-1.66422e+00
1.78539e+00	-2.31858e+00	2.00393e+00	-1.20517e+00
1.13566e+00	-2.23270e+00	2.57309e-01	-2.30222e+00
2.61929e+00	3.50203e-01	2.30682e+00	-6.10285e-01
7.09596e-01	1.76344e-01	9.31661e-01	-2.17744e+00
3.77548e+00	-2.33687e+00	1.08839e+00	1.34321e+00
3.73637e+00	-2.46519e+00	2.37357e+00	-1.12036e+00
3.60288e+00	-1.47709e-02	3.34312e+00	-8.37536e-01
5.94246e-01	-2.27915e+00	3.57806e+00	1.39423e-01
2.17920e-01	-2.49024e+00	4.69250e-02	-2.47459e+00
5.12610e-01	-2.36910e+00	1.92383e+00	-1.07168e+00
2.97562e+00	-2.25644e+00	2.35692e+00	-1.43346e-01
1.64320e+00	-2.08632e+00	1.11397e+00	-6.67841e-01
2.25634e+00	2.13608e-01	2.44003e-01	-7.66225e-01
2.65596e+00	5.58361e-01	4.31964e+00	-8.47928e-01
2.44585e+00	-2.29459e+00	2.60952e+00	-2.07456e+00
6.97006e-01	2.35560e-02	8.71551e-02	9.07290e-01
3.93593e+00	-2.31166e+00	4.04288e+00	2.14763e+00
1.91568e+00	-2.43623e+00	1.22218e-01	2.36815e+00
9.17092e-01	-2.44717e+00	1.04287e+00	2.04020e+00
2.18000e+00	4.63446e-01	6.04769e-01	-8.24205e-01
4.79613e+00	-9.83578e-02	3.87632e+00	1.13782e+00
1.92236e-01	-2.38936e+00	4.16905e+00	-1.38990e+00
2.23473e+00	-2.41159e+00	2.04776e+00	-7.15951e-01
6.96827e-01	-2.51961e-01	2.69855e+00	-5.42383e-01
8.51608e-01	-2.22948e+00	4.80849e+00	1.94471e+00
1.81332e+00	5.82834e-01	7.97515e-01	1.53959e+00
3.54191e+00	-3.53801e-01	6.04273e-01	-1.63337e+00
3.84841e+00	-2.00776e+00	1.62762e+00	-5.81218e-02
2.25601e+00	1.89503e+00	1.03857e+00	1.09949e+00
6.65464e-01	-2.30809e+00	2.16176e+00	7.70523e-01
1.54145e+00	1.36748e-01	3.66485e+00	-1.12905e+00
1.80998e+00	-2.13077e+00	1.77989e+00	-1.61897e+00
4.62725e+00	-2.41281e+00	1.83533e-01	-2.48981e+00
1.92963e+00	-2.36978e+00	8.95816e-01	-1.01000e+00
1.42869e-01	-2.42420e+00	2.55713e+00	-2.05651e+00
3.16839e+00	-3.90430e-01	2.16562e+00	-1.30895e-01
5.13439e-01	-2.35737e-01	2.45586e+00	-1.34249e+00
1.15637e+00	-2.37938e+00	3.62917e+00	3.04269e-01
3.83257e+00	-1.56120e+00	2.66183e+00	2.33780e+00
7.64807e-01	-2.25820e+00	4.75189e+00	1.88784e-01
3.15289e+00	-1.59207e+00	1.77971e+00	-8.82502e-01
