# No. of particles = 100 
# Proton - Solar wind	Electron - Solar wind	
1.08819e+00	-2.32871e+00	3.54483e+00	-4.12040e-01
2.63327e+00	-2.30811e+00	7.67950e-01	-1.63659e+00
2.21606e+00	-1.79684e+00	7.34061e-01	5.55372e-01
1.83200e+00	-2.39080e+00	8.62772e-01	-2.22154e+00
8.78243e-01	-2.40748e+00	4.17858e+00	-1.92150e+00
4.62276e+00	-6.02675e-01	2.55920e+00	-8.66776e-01
2.88717e+00	-2.28289e+00	2.08212e+00	-2.33533e+00
2.61674e+00	-2.22763e+00	4.17756e+00	6.16730e-01
1.72381e+00	-1.97948e+00	3.85861e-01	-2.31086e+00
8.44475e-01	-4.84263e-01	1.35137e+00	-1.23931e+00
3.33238e+00	-1.97997e+00	4.09306e+00	2.14540e+00
4.06824e+00	-1.12829e+00	4.66573e+00	-3.93947e-01
4.82725e+00	-7.46596e-01	1.46435e+00	-1.38838e+00
1.35832e+00	-1.85330e+00	4.51978e+00	-2.20762e+00
4.50210e+00	-2.44347e+00	3.78525e-01	2.31290e+00
3.39629e+00	-2.25811e+00	6.26443e-01	-1.49601e+00
1.96511e+00	-2.18453e+00	4.33674e+00	-1.67496e+00
4.89406e+00	-8.59098e-01	3.72466e-02	-2.31193e+00
2.25532e+00	-2.31712e+00	2.32587e+00	-1.26739e+00
4.07149e+00	4.82449e-01	6.10061e-01	-2.27120e+00
2.18584e-02	-2.44929e+00	3.63519e+00	1.17595e+00
2.11628e+00	-2.26155e+00	1.34850e-01	-1.65921e-01
9.80273e-01	-2.23985e+00	3.60563e-01	-2.37770e+00
1.28324e+00	9.01675e-02	1.57352e+00	-1.52776e+00
2.99678e-01	-2.39141e+00	1.44562e+00	-5.43203e-01
4.19353e+00	8.38868e-01	4.12508e+00	2.32837e+00
5.17383e-01	-2.35882e+00	1.24875e+00	1.68306e+00
2.83523e+00	-1.81701e+00	3.96930e+00	-2.47247e+00
3.14418e-01	-2.33494e+00	3.52613e+00	-2.16738e+00
2.67864e+00	-2.32983e+00	2.66078e+00	-2.37493e+00
3.70455e+00	-1.81502e+00	1.00140e-01	-2.18407e+00
3.28044e-01	-2.17524e+00	3.95051e-01	-2.17603e+00
2.59009e+00	-2.48972e+00	2.20093e+00	9.66896e-01
4.48264e+00	1.35331e+00	1.33014e-02	-2.22748e+00
3.14587e+00	-2.43257e+00	2.57155e-01	-2.40008e+00
4.83652e+00	-2.13356e+00	8.70075e-01	1.04262e+00
2.32158e+00	-7.02707e-01	4.98847e-01	-5.80336e-01
1.34432e+00	-2.05955e+00	2.62385e+00	-1.07745e+00
8.76953e-01	-2.19993e+00	2.42241e+00	1.84741e+00
4.65924e-01	-2.47398e+00	1.69536e+00	-2.06961e+00
2.77137e+00	-2.54742e-01	4.62313e+00	-1.01760e+00
2.14845e+00	-1.51207e+00	1.07450e+00	-8.40313e-01
2.06647e+00	-2.22993e+00	4.22074e+00	-1.04048e+00
3.26616e-01	-2.36028e+00	4.88706e-01	-2.07048e+00
4.95204e+00	-1.34258e+00	1.13176e+00	1.43195e+00
2.31123e+00	-2.32542e+00	3.38240e+00	-7.53878e-01
4.86998e+00	-2.12637e+00	2.74953e+00	-5.77353e-01
2.58974e+00	-1.20222e+00	3.05284e+00	-9.13672e-01
2.91387e+00	-2.11653e+00	8.94429e-01	1.15548e+00
3.88745e+00	-1.58512e+00	9.56223e-02	-2.09144e+00
1.82749e+00	-2.26096e+00	3.54703e+00	2.46707e+00
4.85644e+00	-1.75771e+00	1.63999e+00	2.22792e+00
7.81864e-01	-2.34975e+00	2.80307e+00	4.99878e-01
4.19829e+00	1.03562e+00	3.76232e+00	-5.76034e-01
3.89519e+00	-2.22958e+00	7.38449e-01	-1.38837e+00
1.19760e+00	-5.83049e-01	1.91508e+00	-8.75137e-01
2.33026e-01	-2.43499e+00	5.62973e-01	-4.82580e-01
2.39680e+00	-1.94225e+00	2.86210e+00	4.39114e-01
1.36283e+00	-2.28267e+00	6.24850e-01	-1.96574e+00
3.98174e+00	-1.28096e+00	1.60039e+00	-2.33639e+00
2.96879e+00	2.24008e-01	1.37612e+00	-1.44273e+00
7.39667e-01	-2.36302e+00	3.64310e+00	5.45234e-01
1.41180e+00	-1.85618e+00	4.72771e-01	-1.63824e+00
1.44779e+00	-1.77361e+00	1.42411e-01	-2.44444e+00
1.07489e+00	-1.79954e+00	5.25105e-01	7.19082e-01
2.07744e+00	-2.23658e+00	1.53519e+00	7.01774e-01
7.94800e-02	-2.41599e+00	1.01962e+00	9.76301e-01
5.96052e-01	-1.99564e+00	1.13868e-01	-1.52949e+00
7.27112e-01	4.17864e-01	2.65613e+00	-8.89473e-01
2.07584e+00	-2.46032e+00	9.56364e-01	-1.85191e+00
1.50970e+00	-2.05295e+00	2.15208e+00	-2.16150e+00
4.29162e+00	-2.10792e+00	1.94032e+00	-5.75370e-02
1.71899e-01	-2.30453e+00	8.09148e-01	-2.25500e+00
4.79659e+00	-6.22792e-01	1.86392e-01	-2.21679e+00
2.13352e+00	1.78756e+00	1.49153e+00	4.03350e-01
3.26985e+00	-2.45760e+00	8.18354e-01	1.73944e+00
4.11906e+00	-2.36960e+00	2.98278e+00	-1.62261e+00
2.52540e+00	-2.28479e+00	6.06962e-01	-8.07750e-01
4.25192e+00	-1.57472e+00	1.51369e+00	6.02679e-01
1.32309e+00	2.54484e-01	2.43748e+00	-1.40073e+00
4.80508e+00	-1.19952e+00	1.15600e+00	-1.98160e-01
4.08121e+00	1.20487e+00	1.24519e+00	-2.20515e+00
2.13980e+00	-1.03578e-01	5.78728e-01	-1.53422e+00
4.66029e+00	-2.01787e+00	2.90677e+00	4.33087e-01
2.48717e+00	-2.35231e+00	1.38020e-01	-1.84713e+00
2.27273e+00	-2.42679e+00	3.03266e+00	-1.27770e-01
1.53904e+00	-6.52546e-01	1.31558e-01	2.76726e-01
1.53414e+00	-2.46624e+00	1.32991e+00	-9.60337e-01
3.89988e+00	-4.67995e-01	9.93822e-01	2.48633e+00
3.85686e+00	5.18905e-01	3.27029e+00	1.81167e+00
1.29600e-01	-2.32365e+00	3.42731e+00	-2.04837e+00
7.20198e-01	-3.37772e-01	5.75495e-01	2.38361e+00
4.91223e+00	-2.27121e+00	1.24289e+00	-8.29158e-01
3.68576e+00	-8.20600e-01	1.22673e+00	-1.25496e+00
1.86183e+00	-1.56143e+00	1.38401e+00	-7.04495e-01
1.96422e+00	3.70765e-02	2.17193e+00	6.61091e-01
6.07572e-01	-2.35347e+00	3.98198e+00	1.16934e+00
1.45288e+00	-1.84202e+00	2.28343e-01	-2.26638e+00
1.95437e+00	-1.95946e+00	2.40426e+00	7.23859e-01
4.42293e+00	-1.41044e+00	6.50804e-01	2.31187e-01
