# No. of particles = 100 
# Proton - Solar wind	Electron - Solar wind	
4.27838e+00	-5.42047e-01	6.08033e-01	-2.30000e+00
5.52658e-01	-2.29444e+00	2.09764e-02	-2.30782e+00
5.50224e-01	-2.19538e+00	7.82444e-01	-1.55157e+00
5.96698e-01	-2.37143e+00	2.83064e+00	2.32226e+00
2.15629e+00	-2.21382e+00	1.36057e+00	1.23025e+00
3.41367e+00	-2.16700e+00	4.85149e-02	-2.48847e+00
1.51454e+00	-2.02177e+00	7.48404e-01	-2.13570e-01
1.04773e-01	-2.26759e+00	2.87772e-01	7.00037e-01
4.15078e+00	-1.93324e+00	2.61344e-01	-3.21236e-01
3.63069e+00	-2.36531e+00	1.40789e+00	-1.81888e+00
4.62556e-01	-2.28949e+00	1.21329e+00	3.10201e-01
8.60633e-01	-2.42738e+00	3.35196e+00	-8.51475e-01
2.17211e+00	-2.38441e+00	1.37857e+00	-1.63726e+00
2.21351e+00	-2.38765e+00	2.10953e+00	-1.85399e+00
1.30860e+00	-2.36576e+00	1.28470e+00	-2.09564e+00
2.19146e+00	-1.83197e+00	1.20667e+00	5.22361e-01
5.79096e-01	-2.21969e+00	1.53829e+00	7.27202e-01
1.22687e+00	-2.27076e+00	3.25753e+00	-1.87013e+00
2.99920e-02	-2.48215e+00	1.73113e+00	1.04061e+00
1.03241e+00	-2.22065e+00	8.08271e-01	9.17192e-01
4.09955e+00	-2.26740e+00	3.90343e+00	-1.10026e-01
3.63461e+00	-2.29277e+00	3.29263e-01	-1.94688e+00
2.04230e-01	-2.32625e+00	4.57068e+00	-1.22688e+00
3.43991e+00	-1.54420e+00	4.38766e-01	-2.29345e+00
4.55049e+00	-2.06732e+00	4.72806e+00	1.06699e+00
4.76764e+00	-1.00390e+00	4.15988e+00	-2.86425e-01
3.41068e-01	-2.46422e+00	4.97253e+00	1.25575e+00
1.27868e+00	-2.31314e+00	2.79347e-01	-1.98638e+00
3.85199e+00	-2.23914e+00	4.16645e+00	1.74720e+00
4.62709e+00	1.18894e-01	3.35281e+00	-1.10425e+00
4.14622e+00	-1.30273e+00	1.81198e+00	-4.20340e-01
4.14855e+00	-2.06924e+00	3.29172e+00	-9.24263e-01
1.10345e+00	-2.47864e+00	1.02201e+00	-1.56699e+00
9.71656e-01	-1.46813e+00	1.86103e+00	-3.17487e-01
1.32650e+00	-2.15449e+00	5.86302e-01	-1.74491e+00
1.57207e+00	-2.32053e+00	2.98607e+00	-3.28702e-01
3.53090e+00	-8.22930e-01	2.18369e+00	-2.18476e-01
2.31507e+00	-2.39134e+00	2.25555e+00	1.77852e+00
4.43170e+00	-1.52811e+00	4.96886e+00	-4.91808e-01
4.88515e+00	3.93032e-01	3.92335e-01	-2.39568e+00
8.79053e-01	-2.22590e+00	1.75059e+00	-1.29305e+00
4.55267e+00	-2.49264e+00	1.20584e+00	-1.69889e+00
2.74938e-01	-2.26768e+00	2.54697e+00	-1.18164e-01
2.44050e-01	5.13535e-01	5.33077e-01	-2.18827e+00
8.66036e-01	-2.31029e+00	1.87689e+00	-1.49955e+00
1.78338e+00	-1.48071e+00	4.11212e+00	2.43296e+00
1.55021e+00	-2.43576e+00	5.71839e-01	7.04302e-01
4.51572e+00	-3.27188e-03	1.33637e+00	-2.38235e+00
1.49156e+00	-2.15717e+00	4.16579e+00	-1.36804e+00
2.00848e+00	2.47693e-01	1.82322e+00	-1.49450e+00
3.46683e-01	-2.21187e+00	4.94389e-01	-1.11835e+00
2.36251e+00	7.57065e-01	3.97684e-01	-1.11378e+00
1.45994e+00	-2.47205e+00	1.50097e-01	4.55127e-02
1.97223e+00	-1.81975e+00	1.65334e+00	2.47452e+00
3.45140e+00	1.65163e+00	6.81469e-01	-2.19081e+00
6.85301e-02	-2.40633e+00	4.15158e+00	1.29038e+00
2.57088e+00	-2.18054e+00	3.80130e-01	-1.82718e+00
4.04214e+00	-2.38612e+00	8.56573e-01	-1.52015e+00
4.10524e-01	-2.25684e+00	6.36666e-02	-2.48416e+00
2.11604e+00	-2.43049e+00	1.88520e+00	1.89871e+00
9.22409e-01	-4.86347e-01	2.41817e+00	-1.41323e+00
3.32212e+00	-2.30575e+00	1.60805e+00	2.45161e+00
3.81260e-01	-2.29484e+00	1.04533e+00	-5.90396e-01
4.11246e+00	-2.29789e+00	1.42026e+00	-2.45346e+00
4.64888e+00	-7.43692e-01	5.75605e-01	-1.61324e+00
4.93211e+00	-2.29875e+00	4.14854e+00	7.01719e-01
1.98095e+00	1.32663e+00	2.19959e+00	-3.09907e-02
4.36278e+00	1.61054e+00	2.06435e+00	2.65480e-01
3.97613e+00	-6.63309e-01	2.48845e+00	-2.15840e+00
4.89395e+00	-1.86495e+00	2.25130e+00	-5.92976e-01
2.26591e+00	-7.15011e-01	3.72374e+00	-1.01164e+00
2.18940e+00	-2.37079e+00	2.73065e+00	-9.32927e-01
3.57079e+00	-2.36321e+00	1.49984e-01	-1.19354e+00
2.55173e+00	-2.06850e+00	3.35757e+00	-4.73062e-01
6.61102e-01	-2.23028e+00	9.81213e-02	-2.38264e+00
4.06966e+00	-2.48118e+00	7.12407e-01	9.03676e-01
1.98029e+00	-2.38834e+00	2.39502e+00	9.84085e-01
1.39694e+00	1.45863e-01	5.89640e-01	-1.28754e-01
6.54611e-01	-5.99821e-02	6.16037e-01	7.41085e-01
4.75582e+00	-2.31409e+00	2.67827e+00	-1.65941e+00
2.16729e+00	-2.25298e+00	1.67922e+00	2.33229e+00
3.07080e+00	-2.07507e+00	2.25494e+00	6.64297e-01
5.63698e-01	-2.40690e+00	6.57220e-01	-1.69771e+00
7.57491e-01	-2.30226e+00	2.56161e+00	2.88764e-01
2.55894e+00	-2.29491e+00	2.71688e+00	-2.45885e+00
1.02832e+00	-2.26183e+00	4.28271e+00	-1.12897e+00
3.97847e+00	-2.24744e+00	3.33616e+00	1.37653e-01
2.32083e+00	-6.86890e-01	4.01190e+00	-3.16695e-01
3.87333e+00	-1.71514e+00	1.64609e+00	-1.15913e+00
5.63815e-01	-2.22914e-01	9.28703e-01	-1.79150e+00
3.95901e+00	-2.11903e+00	1.27456e+00	-1.20111e+00
3.94179e+00	1.24077e-01	1.53058e+00	1.43214e+00
3.10716e+00	-1.82701e+00	1.20769e+00	1.32520e+00
9.51486e-01	-2.11367e+00	3.61486e+00	-1.52145e+00
3.28456e+00	-6.72459e-01	1.84041e+00	2.04463e+00
4.04229e-01	-2.27227e+00	4.47127e+00	-1.09648e+00
2.85240e+00	-1.75510e+00	1.41440e+00	-1.98481e+00
9.18181e-01	-2.48384e+00	4.71594e+00	-2.29539e+00
5.96054e-01	-2.14719e+00	3.21469e-01	-2.21289e+00
3.04287e+00	7.61693e-01	1.71255e-01	1.86968e+00
