# No. of particles = 100 
# Proton - Solar wind	Electron - Solar wind	
1.13403e-01	-2.49973e+00	7.16735e-02	-2.18872e+00
4.25313e+00	-2.18987e+00	2.32643e+00	-1.03381e+00
3.22794e+00	-2.02587e+00	1.29374e+00	4.64870e-01
4.99660e+00	1.44536e-01	4.74100e+00	1.05991e+00
1.42777e+00	-2.33175e+00	3.77081e+00	1.89710e+00
6.59644e-01	-2.34111e+00	4.75314e+00	1.07858e+00
1.57841e+00	-1.91897e+00	2.49918e+00	6.93987e-01
4.19297e+00	-2.23557e+00	4.05461e+00	2.33081e-01
1.67404e+00	-2.42728e+00	1.22146e+00	2.05140e+00
1.27309e+00	-2.22611e+00	4.37832e+00	3.58508e-01
3.29600e+00	-2.05953e+00	3.59200e-01	1.14670e+00
1.80028e-01	-2.48271e+00	4.21109e-01	-2.00234e-01
1.51370e+00	-2.24889e+00	1.21089e+00	-3.39813e-01
1.26364e+00	-1.69553e+00	4.58834e+00	-1.82329e-01
4.24128e+00	-1.28559e+00	3.00609e+00	-1.43986e+00
4.62471e+00	-6.11874e-01	8.46935e-02	-2.15546e+00
4.93622e-01	-2.36495e+00	3.35035e+00	-1.33522e+00
2.54104e-01	-2.22422e+00	1.47858e+00	2.27311e+00
1.35716e+00	-1.64925e+00	3.02676e+00	9.11413e-01
1.32263e-01	-2.32873e+00	8.91318e-01	1.10237e+00
4.61897e+00	-8.35656e-01	2.28881e-01	-8.16087e-01
1.32311e+00	-2.31883e+00	9.86058e-01	-6.66880e-01
4.33689e+00	-1.51359e+00	2.97630e+00	-1.25687e+00
3.73207e+00	-2.27542e+00	2.98305e+00	1.44088e+00
3.77551e+00	-1.60865e+00	5.95313e-01	-1.93428e+00
3.35415e-01	-2.49321e+00	1.93572e+00	-2.36887e+00
5.12514e-01	-2.23317e+00	1.17491e+00	-1.87271e+00
4.76514e+00	-1.58372e+00	6.53915e-01	2.89843e-01
3.71796e-01	-2.40826e+00	1.20641e+00	-2.22059e+00
6.30826e-01	-2.42098e+00	2.15275e-01	-2.28302e+00
9.79828e-01	-2.26508e+00	1.57949e+00	4.01342e-01
5.89545e-01	-2.36140e+00	5.20737e-01	-1.41657e+00
4.90090e+00	-2.29900e+00	7.14766e-01	1.29506e-01
2.03015e+00	-2.34090e+00	7.68781e-01	-1.63877e+00
4.01997e-01	3.60353e-02	4.15704e+00	-1.34119e+00
3.79837e-01	-2.28087e+00	1.26925e-01	-2.41307e+00
1.35306e+00	-2.35115e+00	2.18620e+00	-1.53604e+00
1.20444e+00	-1.65193e+00	2.38848e+00	7.73814e-01
4.26631e-01	-2.44963e+00	1.50847e-01	-2.04306e+00
1.74690e-01	-2.19879e+00	2.77240e+00	-2.14422e+00
5.88231e-02	-2.42673e+00	7.12891e-02	3.89679e-02
1.25830e+00	-2.21694e+00	4.04040e+00	1.40830e+00
1.21451e+00	8.35309e-02	4.35612e+00	1.37747e+00
4.87487e+00	7.08960e-01	4.21136e+00	-3.12649e-01
2.84796e+00	-4.23319e-01	2.87468e+00	4.95910e-01
3.61629e-01	5.69060e-01	1.32694e-01	-2.21310e+00
2.56037e-01	-2.36883e+00	2.02575e+00	-7.44096e-01
4.26917e+00	1.56994e+00	2.91947e+00	-2.54407e-01
1.20361e+00	-2.44061e+00	2.88910e+00	-2.19208e+00
8.07959e-01	-2.05661e+00	3.40912e-01	-2.09489e+00
2.79203e-01	-2.30162e+00	2.32918e+00	-9.10559e-01
5.08996e-01	-2.17976e+00	1.69413e+00	-1.06259e+00
4.71601e+00	-2.55331e-01	4.15459e+00	-9.62235e-01
1.54551e+00	-1.97887e+00	4.25057e+00	2.46226e+00
1.08715e+00	5.90820e-01	4.72253e+00	1.56904e+00
1.11018e-01	4.84265e-01	8.20443e-01	-1.99803e+00
7.28563e-01	-2.44714e+00	1.18153e+00	-1.79587e+00
2.32740e+00	-6.23432e-02	3.52956e+00	9.61473e-01
4.69064e-01	-2.43208e+00	1.05735e-01	-1.72858e+00
8.92226e-01	-2.43156e+00	3.15686e+00	3.66027e-01
6.61827e-01	1.91950e-01	5.10417e-01	2.07508e+00
1.93657e+00	-2.41441e+00	3.30972e+00	-1.08240e+00
8.38639e-02	-2.48729e+00	1.59407e-01	-2.29458e+00
8.27219e-01	-2.34056e+00	2.10953e+00	-1.84689e+00
3.04752e+00	-1.55512e+00	4.01807e-01	1.10299e+00
4.83756e-01	-2.40367e+00	6.51053e-01	-9.96029e-01
1.44886e+00	-2.45793e+00	6.18046e-01	9.01240e-02
3.94647e-02	-2.46223e+00	4.83277e+00	-1.11556e+00
4.90151e+00	2.09365e-01	3.24470e-01	-2.23174e+00
1.83880e+00	-2.00211e+00	2.48496e+00	-2.33336e+00
1.64924e+00	-1.06283e+00	3.14371e+00	-3.44279e-01
3.23153e+00	1.20574e+00	1.74980e+00	4.68051e-01
3.63491e-01	-5.26118e-01	2.74331e+00	6.68461e-02
1.96228e+00	-2.37140e+00	1.44267e+00	-2.48282e+00
3.34546e-01	-5.63908e-01	6.60256e-01	-1.64129e+00
1.61497e+00	-2.41270e+00	1.04438e-01	-2.30193e+00
6.49534e-01	-1.80613e-01	4.20924e+00	-2.23700e+00
5.61217e-01	-2.30734e+00	2.16601e+00	-1.26806e+00
1.30111e+00	4.38001e-01	2.93467e+00	1.22634e+00
2.81147e-01	2.74388e-01	1.75829e+00	-1.41354e+00
3.00508e-01	-2.39643e+00	4.40543e+00	-5.19335e-01
9.18624e-01	-2.27625e+00	4.44771e+00	5.62595e-01
4.47656e+00	2.02969e+00	5.73572e-01	1.37823e+00
4.89141e+00	1.08229e+00	3.43809e-01	-2.17004e+00
1.77473e+00	-1.75946e+00	3.58884e+00	1.90621e+00
4.55249e+00	-1.89099e-01	9.23165e-01	1.58013e+00
1.32424e-01	-2.40407e+00	1.11039e+00	1.86648e+00
4.13754e+00	-4.09123e-01	2.00411e+00	-1.24516e+00
6.46428e-01	-2.44166e+00	9.29342e-02	1.43219e+00
8.61009e-01	-2.21592e+00	2.98007e+00	1.93087e+00
1.96295e-01	-1.64865e-01	3.54428e+00	-2.15985e+00
3.88902e+00	1.91733e+00	4.94790e+00	-8.51693e-01
8.74504e-01	-5.68807e-02	2.97937e+00	2.05466e+00
4.96972e+00	4.24659e-01	2.03896e+00	-2.46209e+00
3.81537e+00	-5.94447e-01	1.62469e+00	-2.49853e+00
9.21223e-01	-2.29689e+00	1.27802e-01	-2.38568e+00
9.83176e-01	-2.26472e+00	4.38702e+00	1.99178e-01
3.66391e-02	-2.40839e+00	1.47148e+00	-5.75214e-01
1.93928e+00	-1.51644e+00	1.75113e+00	-1.42697e+00
1.95048e+00	6.18062e-01	4.92111e+00	1.89841e+00
