# No. of particles = 100 
# Proton - Solar wind	Electron - Solar wind	
3.35766e-01	-2.31182e+00	2.99452e+00	-7.09128e-01
1.81806e+00	-2.28874e+00	1.26126e+00	-4.08876e-02
1.49191e+00	-1.95900e+00	6.07142e-01	2.09350e+00
9.66390e-01	-2.32973e+00	1.15056e+00	-3.79064e-01
1.90762e-02	-2.47562e+00	4.17257e-01	-2.40903e+00
3.68495e+00	-9.91351e-01	1.37529e+00	2.72859e-01
2.15684e+00	-2.30400e+00	9.09160e-01	-2.27128e+00
2.31680e+00	-2.23240e+00	4.75944e+00	1.81441e+00
5.86336e-01	-2.32916e+00	3.88114e+00	2.14714e+00
2.55387e-01	-2.98694e-01	4.91465e+00	1.03700e+00
2.29055e+00	-2.10500e+00	3.06178e+00	9.43052e-01
2.75531e+00	-1.52544e+00	2.77708e+00	-1.20541e+00
3.94652e+00	-1.08284e+00	2.23097e-01	-2.40854e+00
5.64953e-01	-2.09425e+00	1.33808e+00	-2.45235e+00
3.34624e+00	-2.43072e+00	8.14051e-01	-2.49312e+00
2.55780e+00	-2.25839e+00	2.89766e+00	-1.03166e+00
1.12465e+00	-2.24114e+00	1.96826e+00	-1.11568e+00
3.84520e+00	-1.28626e+00	6.18300e-01	-2.29722e+00
1.36337e+00	-2.28522e+00	2.31710e+00	-1.82399e+00
3.01509e+00	3.86182e-01	1.49870e+00	-1.05640e+00
4.33710e+00	-1.53983e+00	5.60993e-01	-1.74185e+00
1.32116e+00	-2.28373e+00	4.29159e+00	1.68518e+00
1.73472e-01	-2.24575e+00	2.91465e+00	-1.38332e-01
4.17918e-01	5.56814e-03	2.37831e+00	-1.35902e+00
4.34096e+00	-1.90328e+00	1.95435e+00	-8.93370e-02
3.68460e+00	4.30189e-01	4.33908e+00	1.75624e+00
8.99029e-01	-2.43328e+00	9.43349e-01	-1.70444e+00
2.07727e+00	-1.96327e+00	2.93642e+00	-2.41989e+00
2.40390e-01	-2.46569e+00	2.30547e-02	-2.31148e+00
1.58650e+00	-2.35922e+00	1.70796e+00	-2.31210e+00
3.00288e+00	-1.89999e+00	4.82946e+00	-1.42730e+00
4.64033e+00	4.81599e-01	1.59193e-01	4.13086e-01
1.80418e+00	-2.41649e+00	7.42800e-01	-1.66254e+00
4.06341e+00	1.01642e+00	2.85886e+00	-1.75013e+00
2.46210e+00	-2.43819e+00	3.11935e+00	2.20825e+00
3.67816e+00	-2.21152e+00	3.46002e+00	-1.12624e+00
1.56385e+00	-8.87975e-01	1.12408e-02	-2.45497e+00
4.98602e+00	-1.75340e+00	7.11921e-01	9.42849e-01
4.90662e+00	-6.25253e-01	3.49469e+00	1.85715e+00
4.72979e+00	-2.38782e+00	5.18709e-01	-2.28488e+00
1.94488e+00	-2.82462e-01	2.44137e+00	7.41745e-01
1.38140e+00	-1.89905e+00	8.71773e-01	1.04414e+00
1.07276e+00	-2.32229e+00	1.27703e+00	-2.42434e+00
1.03049e+00	-2.47086e+00	4.45715e+00	1.21467e+00
3.86774e+00	-1.39554e+00	4.45117e+00	-1.88421e+00
1.47826e+00	-2.29772e+00	4.56926e-01	-2.29255e+00
4.17879e+00	-2.15934e+00	2.34438e+00	5.72661e-01
1.87274e+00	-1.53702e+00	4.02904e-01	7.20830e-01
2.22402e+00	-2.14948e+00	2.98477e-01	-7.18981e-01
2.83631e+00	-1.77213e+00	3.80028e+00	3.60031e-01
7.86521e-01	-2.24375e+00	2.04699e+00	4.17751e-01
3.89436e+00	-1.87160e+00	1.45079e+00	1.59359e+00
4.86975e+00	-2.25305e+00	3.16861e+00	8.92733e-01
3.28570e+00	6.90970e-01	1.76113e+00	-1.67424e+00
2.97039e+00	-2.27895e+00	1.09757e+00	7.32752e-02
7.50474e-01	-2.08395e-01	3.33371e-01	-2.32037e+00
4.30801e+00	-2.33180e+00	4.61520e+00	-1.23078e+00
1.24422e+00	-2.21332e+00	8.87716e-01	-1.49774e+00
3.41678e-01	-2.46199e+00	3.17718e+00	-8.50084e-01
3.31296e+00	-1.46372e+00	1.30506e+00	1.67021e+00
2.14817e+00	2.16638e-01	4.26908e+00	1.04735e+00
4.83022e+00	-1.64566e+00	4.59386e+00	-2.28100e+00
7.94363e-01	-2.17807e+00	4.40041e-01	-2.77590e-01
8.01108e-01	-2.08601e+00	1.19589e+00	-1.48748e+00
4.59869e-01	-2.21737e+00	4.13557e+00	1.97990e+00
1.29291e+00	-2.28558e+00	4.69992e+00	-2.36953e-01
5.17541e-01	-2.36786e+00	3.01223e-01	-1.98023e+00
7.38494e-02	-2.47545e+00	2.64994e-01	-2.08582e+00
4.72841e+00	1.37802e+00	6.90787e-02	-2.31919e+00
1.01587e+00	-2.40878e+00	3.25883e+00	-7.25522e-01
4.13193e-01	-2.24593e+00	3.90840e-01	-7.04652e-01
3.41790e+00	-2.16497e+00	3.42634e-01	2.02861e+00
4.41418e+00	-7.75877e-01	3.26644e-01	-1.89805e+00
3.89365e+00	-9.23843e-01	1.28273e-01	-2.40956e+00
1.43605e+00	1.52460e+00	1.03353e+00	-7.65805e-01
2.45582e+00	-2.40261e+00	1.73662e+00	-2.37878e+00
3.25845e+00	-2.36869e+00	4.78807e+00	2.21550e+00
1.78528e+00	-2.33681e+00	4.26949e+00	9.74894e-01
3.20965e+00	-1.81673e+00	5.69952e-01	-1.18830e+00
5.48550e-01	3.51527e-01	2.28010e+00	1.89893e+00
3.83840e+00	-1.41945e+00	5.72276e-01	-4.27906e-01
3.42968e+00	1.04207e+00	3.68975e+00	1.57125e+00
1.59855e+00	-3.61605e-02	1.02411e+00	-8.10443e-01
4.19429e+00	-2.05183e+00	9.00103e-01	2.08503e+00
2.03463e+00	-2.35380e+00	2.80388e+00	1.08937e+00
1.51401e+00	-2.41637e+00	6.13877e-01	-1.98376e+00
7.52824e-01	-4.85672e-01	4.86657e+00	-1.74634e+00
6.96728e-01	-2.48018e+00	3.16844e+00	6.36533e-01
3.26872e+00	-3.49002e-01	3.46729e-01	-1.53479e+00
3.01051e+00	4.40627e-01	3.06349e+00	4.49061e-01
4.38975e+00	-2.37314e+00	2.47713e+00	-2.10225e+00
1.83193e+00	-2.47789e+00	1.60305e-01	-1.91970e+00
4.08980e+00	-2.26566e+00	2.74743e+00	-2.10048e+00
2.76939e+00	-1.19779e+00	6.39059e-01	9.89663e-02
1.58536e+00	-1.70692e+00	3.74489e-01	-2.32281e+00
1.02152e+00	2.25714e-01	2.85007e-02	2.31804e-01
4.77990e+00	-2.47177e+00	1.96708e+00	-6.99826e-03
7.00292e-01	-2.05662e+00	3.42636e+00	1.53101e-02
1.16585e+00	-2.15944e+00	1.47758e-01	-2.26270e+00
3.68628e+00	-1.57072e+00	3.10266e+00	6.38613e-01
