# No. of particles = 100 
# Proton - Solar wind	Electron - Solar wind	
5.10436e-01	-2.31574e+00	3.12227e+00	-6.40161e-01
2.00731e+00	-2.29323e+00	1.18733e+00	-1.83729e+00
1.66002e+00	-1.92136e+00	1.48035e+00	-2.27263e+00
1.16733e+00	-2.34391e+00	1.54650e+00	3.15621e-01
2.18526e-01	-2.45981e+00	1.29042e+00	-2.29586e+00
3.90266e+00	-9.01123e-01	2.04167e+00	1.93791e+00
2.32638e+00	-2.29910e+00	1.54902e-01	-2.36421e+00
2.38643e+00	-2.23129e+00	8.48312e-01	-1.85050e+00
8.50393e-01	-2.24798e+00	3.39005e+00	-8.39827e-01
3.92140e-01	-3.41773e-01	2.46382e+00	-2.22798e+00
2.53240e+00	-2.07598e+00	3.30118e+00	1.22217e+00
3.06010e+00	-1.43324e+00	3.21552e+00	-1.01703e+00
4.15097e+00	-1.00478e+00	1.75484e+00	-1.84792e+00
7.49126e-01	-2.03832e+00	4.42465e-01	-2.30160e+00
3.61456e+00	-2.43368e+00	2.70720e+00	-8.44294e-02
2.75245e+00	-2.25833e+00	3.96803e+00	-4.81909e-01
1.31976e+00	-2.22800e+00	4.30396e+00	2.89294e-01
4.08868e+00	-1.18710e+00	2.80167e+00	-2.36035e+00
1.57043e+00	-2.29262e+00	4.27446e+00	-1.27931e+00
3.26032e+00	4.08530e-01	2.54440e+00	-2.10683e-01
4.49640e+00	-1.51081e+00	1.27465e+00	-1.06450e+00
1.50574e+00	-2.27858e+00	1.14585e+00	-1.34326e+00
3.60765e-01	-2.24438e+00	3.75311e+00	5.55658e-01
6.18796e-01	2.52073e-02	5.67926e-02	-2.00662e-01
4.56407e+00	-1.88661e+00	3.71955e+00	2.41368e+00
3.80275e+00	5.25061e-01	4.28940e+00	1.88906e+00
1.13458e+00	-2.47567e+00	3.43072e+00	7.64052e-01
2.25322e+00	-1.92932e+00	3.17619e+00	-2.43210e+00
4.54448e-01	-2.47843e+00	1.24511e-01	1.41060e-01
1.84003e+00	-2.35240e+00	3.10516e+00	-2.13312e+00
3.16577e+00	-1.88027e+00	1.28756e-01	-1.38520e+00
4.81649e+00	5.98429e-01	2.00328e-01	2.14079e+00
1.98663e+00	-2.43349e+00	1.08129e+00	-1.05213e+00
4.16073e+00	1.09463e+00	4.14988e+00	-1.47803e+00
2.62084e+00	-2.43689e+00	1.87123e+00	-2.30978e+00
3.94706e+00	-2.19342e+00	4.17978e+00	-8.40130e-01
1.73975e+00	-8.44966e-01	4.35497e-01	-2.48925e+00
3.03941e-01	-2.23641e+00	8.60431e-01	1.70711e+00
1.01182e-01	-2.27688e+00	4.14327e-01	-1.89092e+00
4.93571e+00	-2.38815e+00	7.91860e-01	-2.23491e+00
2.13675e+00	-2.76027e-01	3.51055e+00	2.27673e+00
1.55947e+00	-1.80922e+00	1.54390e+00	2.01186e+00
1.30344e+00	-2.30085e+00	1.83732e+00	-2.46329e+00
3.02955e-02	-2.34242e+00	5.35693e-01	-2.48958e+00
4.11945e+00	-1.38324e+00	1.30043e+00	-1.70683e+00
1.67163e+00	-2.30415e+00	2.12356e+00	-1.89560e+00
4.33925e+00	-2.15169e+00	3.57267e+00	2.07749e+00
2.03919e+00	-1.45930e+00	9.89050e-01	-2.03644e+00
2.38416e+00	-2.14183e+00	3.76430e-01	1.71926e+00
3.08033e+00	-1.72872e+00	8.25012e-01	2.11552e+00
1.02817e+00	-2.24775e+00	2.39521e+00	8.93487e-01
4.11770e+00	-1.84516e+00	1.49471e+00	1.74085e+00
7.26013e-02	-2.29227e+00	9.93091e-02	-2.34904e+00
3.49755e+00	7.70977e-01	2.22569e+00	-1.41930e+00
3.18507e+00	-2.26749e+00	1.38946e+00	6.85785e-01
8.54271e-01	-2.95368e-01	1.57157e+00	-1.34656e+00
4.52682e+00	-2.33497e+00	1.21702e+00	1.88735e+00
1.51178e+00	-2.15039e+00	1.34606e+00	-1.04811e+00
5.78731e-01	-2.42036e+00	4.08562e+00	-3.53725e-01
3.46821e+00	-1.42130e+00	1.64840e+00	2.12584e+00
2.33867e+00	2.18349e-01	9.37617e-01	-1.06643e+00
4.57286e-02	-2.31542e+00	4.78138e+00	-2.27959e+00
9.37697e-01	-2.10335e+00	6.39595e-01	2.40184e+00
9.51231e-01	-2.01349e+00	2.55510e+00	-1.37761e-01
6.02643e-01	-2.12037e+00	3.20480e+00	-2.33966e+00
1.47503e+00	-2.27420e+00	4.98691e+00	-1.73132e-01
7.45054e-01	-2.40509e+00	4.17358e+00	-1.80741e-01
1.95075e-01	-2.36407e+00	1.84895e+00	-3.73062e-01
4.92673e+00	1.43951e+00	2.02864e+00	-1.61962e+00
1.26193e+00	-2.42074e+00	3.06236e-01	-2.02490e+00
6.67739e-01	-2.20113e+00	6.77767e-01	-6.27554e-01
3.62072e+00	-2.15173e+00	3.41648e+00	-1.53317e+00
4.58388e+00	-7.05315e-01	2.71219e+00	1.40038e+00
4.10326e+00	-8.53956e-01	8.59119e-01	-4.10430e-01
1.59796e+00	1.58564e+00	2.01638e+00	1.18975e+00
2.64479e+00	-2.41537e+00	2.53305e+00	-2.16579e+00
3.45823e+00	-2.36890e+00	2.71985e+00	-1.91472e+00
1.95709e+00	-2.32474e+00	4.47279e+00	1.13889e+00
3.45160e+00	-1.76055e+00	7.89034e-01	-7.72534e-01
7.28355e-01	3.28999e-01	8.99481e-02	-5.72510e-01
4.06281e+00	-1.36840e+00	7.32765e-01	6.61222e-01
3.58093e+00	1.07986e+00	6.16137e-01	-2.45530e+00
1.72420e+00	-5.18110e-02	3.80397e-02	-1.02561e+00
4.30247e+00	-2.04394e+00	2.71656e+00	-6.64958e-01
2.13969e+00	-2.35345e+00	3.89883e+00	-1.85219e+00
1.69014e+00	-2.41879e+00	1.17538e+00	-1.55291e+00
9.35337e-01	-5.24410e-01	2.04370e+00	-2.03495e+00
8.91128e-01	-2.47694e+00	4.69726e+00	2.09263e+00
3.41524e+00	-3.76625e-01	4.96947e-01	-6.01316e-01
3.20699e+00	4.58799e-01	3.94353e+00	1.25685e+00
4.55353e+00	-2.37503e+00	2.69771e+00	-2.08974e+00
3.88454e-02	-4.42997e-01	2.56688e-01	-9.20722e-01
4.28073e+00	-2.26695e+00	1.77267e-01	-1.82981e+00
2.98212e+00	-1.11023e+00	1.90187e+00	-1.17179e+00
1.64954e+00	-1.67314e+00	3.06273e-01	-2.40325e+00
1.24036e+00	1.81923e-01	7.19206e-01	-2.06469e+00
4.99034e+00	-2.47255e+00	1.61194e-01	-2.12244e+00
8.74999e-01	-2.00680e+00	4.65566e+00	9.16881e-01
1.34890e+00	-2.11302e+00	3.05065e+00	-1.53123e+00
3.85729e+00	-1.53351e+00	4.20623e+00	1.74115e+00
