# No. of particles = 100 
# Proton - Solar wind	Electron - Solar wind	
4.54478e+00	-2.07589e+00	2.43438e+00	-1.01152e+00
9.88300e-01	-2.26901e+00	1.73156e-01	2.06148e+00
7.54829e-01	-2.12406e+00	1.44760e-01	-2.03893e+00
8.53243e-02	-2.26757e+00	2.16128e+00	-6.40659e-01
1.45625e+00	-2.43966e+00	4.56427e+00	-2.32862e+00
2.73040e+00	-1.38697e+00	5.92519e-01	-1.56022e+00
1.41346e+00	-2.32548e+00	2.91625e+00	-5.69062e-01
2.01151e+00	-2.23726e+00	3.34157e+00	-1.01494e+00
4.55186e+00	-2.44605e+00	2.63132e+00	2.33081e+00
4.43562e+00	-5.07296e-01	1.23275e+00	-5.63726e-01
1.23011e+00	-2.23227e+00	2.01208e+00	-2.80769e-01
1.41894e+00	-1.92968e+00	8.54709e-01	-2.03136e+00
3.05006e+00	-1.42508e+00	3.02055e-01	1.40081e+00
4.87123e+00	-2.48779e+00	1.17236e+00	1.29769e+00
2.16974e+00	-2.41775e+00	1.45480e+00	1.24688e+00
1.70435e+00	-2.25868e+00	4.07240e-01	9.90904e-01
2.69173e-01	-2.29875e+00	9.00500e-01	-1.55540e+00
2.77760e+00	-1.72105e+00	2.02795e+00	4.51373e-01
4.55499e-01	-2.25275e+00	1.19550e+00	-1.10026e+00
1.93982e+00	2.88196e-01	2.26205e+00	8.65383e-01
3.63862e+00	-1.66706e+00	1.25661e+00	6.86373e-02
5.11832e-01	-2.30630e+00	2.39912e+00	2.09703e+00
1.64042e+00	-2.46085e+00	2.91666e-01	-1.78426e+00
4.44724e+00	-2.47246e+00	4.42321e+00	4.91574e-03
3.36269e+00	-1.97637e+00	2.47528e-01	1.88297e-01
3.16658e+00	1.42124e-02	4.55691e+00	1.17389e+00
4.88622e+00	-2.42876e+00	2.88479e+00	2.80645e-01
1.30577e+00	-2.11214e+00	1.88509e+00	-2.36638e+00
4.35905e+00	-6.33597e-01	4.25727e+00	2.00999e+00
4.74853e-01	-2.38913e+00	6.43602e-01	6.85573e-02
2.28867e+00	-1.98648e+00	2.74841e+00	-1.69744e+00
3.86797e+00	-3.06555e-02	1.90890e+00	1.38487e-01
1.00424e+00	-2.34196e+00	4.33742e+00	3.63080e-01
3.63671e+00	6.73518e-01	4.79097e+00	8.11811e-01
1.76613e+00	-2.44391e+00	1.28907e+00	-1.67914e+00
2.49911e+00	-2.29088e+00	3.04179e-01	-2.38071e+00
7.92603e-01	-1.07655e+00	2.45976e+00	-7.49198e-01
3.88562e+00	-1.89133e+00	6.07624e-02	-2.40812e+00
4.16678e+00	-6.55369e-01	2.44069e-01	-1.52495e+00
3.82691e+00	-2.38638e+00	4.09827e+00	1.95479e+00
1.10364e+00	-3.10676e-01	1.19905e+00	2.37500e+00
6.00661e-01	-2.29294e+00	8.07845e-01	-6.61243e-01
6.13088e-02	-2.41629e+00	3.44797e+00	-1.78688e+00
1.21966e-01	-2.33212e+00	1.57728e+00	-1.18262e+00
2.76407e+00	-1.44944e+00	2.91967e+00	-7.22535e-01
6.30425e-01	-2.26952e+00	3.18572e-01	7.49717e-01
3.47526e+00	-2.19290e+00	1.02311e-01	-2.26668e+00
1.14294e+00	-1.87779e+00	3.09733e+00	6.58617e-01
1.52185e+00	-2.18302e+00	9.86001e-01	-1.65643e+00
1.76641e+00	-1.96249e+00	9.54736e-01	9.13807e-01
9.45504e-01	-2.47551e+00	5.20170e-01	-1.66817e+00
2.91509e+00	-1.98753e+00	1.25822e+00	9.47935e-01
3.97082e+00	-2.27573e+00	3.51586e-01	-9.74829e-01
2.35682e+00	3.40167e-01	4.48243e-01	-8.49972e-01
2.02908e+00	-2.32919e+00	2.82428e-01	5.71036e-01
2.95363e-01	1.72949e-01	2.86093e+00	2.87148e-02
3.34860e+00	-2.31789e+00	1.07436e-02	-2.38086e+00
7.10460e-02	-2.48923e+00	4.93171e+00	3.68521e-01
4.89067e+00	5.83781e-01	1.95831e-01	-1.91952e+00
2.63223e+00	-1.64976e+00	3.21708e+00	-8.32283e-01
1.31289e+00	2.09136e-01	2.22582e+00	-5.05483e-03
3.93957e+00	-1.78031e+00	3.77163e+00	-2.28722e+00
6.05927e-01	-2.49652e+00	2.85960e-02	-2.46385e+00
1.42876e-01	-2.40398e+00	2.07141e+00	-4.62990e-01
4.69461e+00	1.24656e+00	1.36185e+00	-4.10755e-01
4.94371e-01	-2.33544e+00	3.44158e+00	-5.16783e-01
4.35633e+00	-1.62162e+00	4.88703e-01	-2.33288e+00
4.23917e+00	-2.45309e+00	1.21995e+00	7.77038e-01
3.85888e+00	1.10841e+00	4.18373e+00	-6.46312e-02
1.16875e-02	-2.45692e+00	6.93268e-01	-2.20310e+00
4.35776e+00	-1.35896e+00	1.64122e+00	9.29876e-02
2.52858e+00	-2.22303e+00	4.03081e+00	-2.48303e+00
3.67013e+00	-1.08527e+00	7.93830e-01	-7.45511e-01
2.97459e+00	-1.23027e+00	9.23957e-01	-1.77605e+00
7.26131e-01	1.25695e+00	3.48704e+00	4.88599e-02
1.62724e+00	-2.34663e+00	3.35920e+00	4.63349e-02
2.38247e+00	-2.36776e+00	1.87584e+00	-4.23670e-01
1.03194e+00	-2.38977e+00	3.37809e+00	2.55830e-01
2.14877e+00	-2.06306e+00	4.14191e-01	-1.82127e+00
4.74915e+00	2.17955e+00	1.33853e+00	1.37067e+00
2.85446e+00	-1.64331e+00	2.90011e+00	2.42766e+00
2.76651e+00	8.76355e-01	4.70035e+00	-1.26511e+00
1.04764e+00	3.24609e-02	1.33214e+00	-1.92359e+00
3.71996e+00	-2.08639e+00	2.63802e-01	-2.42111e+00
1.57402e+00	-2.35531e+00	4.79170e+00	-1.60657e+00
7.41727e-01	-2.40577e+00	4.78525e+00	-1.94289e+00
4.93989e+00	-4.64403e-01	3.76611e+00	-1.88651e+00
4.78941e+00	-8.92770e-01	1.00161e+00	1.47807e+00
2.62629e+00	-2.27883e-01	2.34794e+00	8.96320e-02
2.14906e+00	3.60951e-01	1.26439e+00	9.21237e-01
3.67164e+00	-2.36485e+00	1.50998e+00	-2.15709e+00
7.55638e-01	-2.36022e+00	7.84557e-01	-4.59133e-01
3.25269e+00	-2.26001e+00	2.63458e+00	-1.11900e+00
1.83665e+00	-1.58172e+00	2.74761e+00	5.04552e-01
1.30396e+00	-1.85500e+00	2.64934e+00	-1.38448e+00
6.19843e-02	4.17720e-01	1.13824e+00	-4.35091e-01
3.85718e+00	-2.46837e+00	2.98830e+00	1.34003e-01
3.00340e-01	-2.49657e+00	4.17725e+00	-5.31311e-01
3.63254e-01	-2.36300e+00	1.54568e+00	2.08157e-01
2.93648e+00	-1.73387e+00	4.24861e+00	-2.35892e+00
