# No. of particles = 100 
# Proton - Solar wind	Electron - Solar wind	
1.49064e+00	-2.27774e+00	3.11749e-01	-2.15743e+00
2.70712e+00	-1.88693e+00	1.42399e+00	-6.90039e-02
2.64567e+00	-2.02254e+00	3.58137e+00	-1.14280e+00
2.35566e+00	-2.29344e+00	9.42626e-02	-2.33841e+00
3.95902e+00	-2.15853e+00	1.30619e+00	-1.46794e+00
8.82465e-01	-2.39029e+00	4.88153e-02	-2.18928e+00
3.48911e+00	-1.45708e+00	1.05385e+00	-1.72232e+00
8.54614e-01	-2.25566e+00	4.69248e+00	1.21558e+00
1.31654e+00	-2.42295e+00	2.60852e-01	8.93827e-01
6.53810e-01	-2.07011e+00	5.64189e-01	-8.96857e-01
2.65575e+00	-2.08943e+00	1.70693e+00	1.65096e+00
2.82306e+00	-2.25361e+00	2.02659e+00	-1.57636e-01
4.41986e+00	-2.37230e+00	1.99941e-01	1.29021e+00
3.25868e+00	-2.42703e+00	4.81571e-01	-2.29608e+00
3.37231e+00	-2.34063e+00	3.47672e+00	-1.86037e+00
3.81415e+00	-1.36950e+00	1.40411e+00	3.13103e-01
2.40712e+00	-1.07532e+00	3.77524e-01	-2.39333e+00
3.30944e+00	-2.27180e+00	3.69050e+00	2.55552e-01
2.15513e+00	-2.31603e+00	1.64604e+00	-1.42948e+00
3.22068e+00	-2.09227e+00	4.30982e-02	-2.31403e+00
9.91760e-01	-2.14918e+00	4.29675e+00	1.69280e+00
1.20294e-01	-2.47383e+00	2.60762e+00	-2.38249e-01
2.60877e+00	-2.11681e+00	4.12390e+00	-2.49643e+00
4.07300e-01	-2.28313e+00	1.44586e-01	-2.02767e+00
1.72881e-01	-2.45423e+00	2.67304e+00	-1.00169e+00
1.20355e+00	-1.56212e+00	2.69415e-01	-1.74160e+00
1.64917e+00	-2.45575e+00	3.74147e-01	-1.89947e+00
3.28505e+00	-2.12191e+00	3.97225e+00	1.36720e+00
1.06748e+00	-2.01693e+00	3.63173e+00	-1.89434e+00
1.91358e+00	-9.31451e-02	1.30563e+00	-2.28532e+00
7.58401e-01	-2.41790e+00	2.15498e-01	4.45364e-01
9.41129e-01	-1.97183e+00	4.43049e+00	1.72495e+00
3.01790e+00	-2.47929e+00	3.17543e+00	1.91426e-01
2.01971e+00	-6.25909e-01	1.62368e+00	-2.29361e-01
3.76101e+00	-1.46745e+00	4.99497e-01	-1.81228e+00
3.64298e+00	-2.30361e+00	2.45190e+00	-9.29077e-01
4.49625e+00	-5.99171e-01	3.65589e+00	1.15522e+00
4.15074e+00	-2.48984e+00	4.32198e+00	1.77373e+00
1.36321e+00	-7.69494e-01	3.20002e-01	-2.32057e+00
4.05458e-01	-2.38091e+00	1.90880e+00	-9.72638e-01
2.93004e+00	-2.07527e+00	3.42494e+00	3.99035e-01
2.14177e+00	-1.83829e+00	2.73328e-01	-2.21298e+00
2.48552e+00	-1.75328e+00	2.28617e+00	-2.06725e+00
2.15610e+00	5.39682e-01	6.22769e-01	-4.40327e-01
3.58134e+00	-2.41501e+00	3.77807e+00	-1.62150e+00
3.22014e+00	-8.51186e-01	3.77243e-01	-3.84441e-01
8.09261e-01	-2.32007e+00	4.28313e-01	-2.06438e+00
2.27940e+00	-3.76071e-02	1.92733e+00	-2.44432e+00
3.60494e+00	-2.04354e+00	1.69152e+00	-6.58361e-01
4.53115e+00	7.16743e-01	1.89510e-01	-2.72293e-01
2.61150e+00	-2.01883e+00	5.35965e-01	-1.32056e+00
4.33775e+00	1.09446e+00	5.28473e-01	-1.49877e+00
5.64349e-01	-2.36169e+00	2.20299e+00	1.76216e+00
3.97793e+00	-1.28393e+00	1.81965e+00	2.25677e+00
2.77509e-01	-2.34708e+00	4.49490e+00	1.77274e-01
2.08321e+00	-2.20332e-01	3.14240e+00	-1.62246e-01
4.73449e+00	-2.02189e+00	2.09610e+00	-9.34259e-01
1.30092e+00	-2.38484e+00	7.16979e-01	-1.68376e+00
2.17238e+00	-1.13974e+00	2.94514e+00	3.66867e-01
5.26427e-02	-2.35471e+00	1.46185e-01	-2.43498e+00
3.06222e+00	-6.81576e-01	3.17766e-01	-2.47596e+00
5.64482e-01	-2.29054e+00	6.55838e-01	-2.31077e+00
2.37625e+00	-2.35240e+00	4.74217e-01	-2.33579e+00
1.41315e+00	-1.25926e+00	4.11138e+00	9.55606e-01
1.27855e+00	1.07501e+00	2.82140e+00	2.06380e+00
2.03212e+00	-1.47537e+00	8.13087e-02	1.95772e+00
4.46468e+00	1.51116e+00	1.06641e+00	9.03863e-01
1.24542e+00	-2.29586e+00	3.84052e+00	-7.66475e-01
5.63801e-01	8.67395e-02	6.29829e-01	1.31694e+00
2.25637e+00	-1.66628e+00	4.60954e+00	-9.32660e-01
4.48939e-01	-2.40354e+00	2.38869e+00	-1.58565e+00
4.22778e+00	-2.38457e+00	1.20200e+00	-1.23574e+00
8.50575e-01	-2.25769e+00	1.38066e+00	-2.14130e+00
4.54873e+00	-1.76714e+00	2.56146e+00	-3.63700e-01
2.70149e+00	-1.84937e+00	2.97741e+00	-1.02205e+00
2.50862e+00	-2.11815e+00	6.14020e-02	2.42111e-01
4.08424e+00	-2.45154e+00	4.08000e+00	2.09667e-01
4.17778e+00	1.94096e-01	1.45071e-04	-2.46904e+00
3.04422e+00	3.82268e-01	1.24390e+00	5.77871e-01
1.72511e+00	9.68256e-01	9.18093e-01	8.02188e-01
4.24615e+00	-2.24121e+00	8.96964e-01	-8.90908e-01
2.53442e-01	2.48403e-01	2.02844e+00	1.29393e-01
2.60521e+00	-2.38442e+00	1.68258e+00	2.39167e+00
1.92251e+00	-2.21737e+00	1.35908e+00	5.85197e-01
4.67736e+00	-2.33210e+00	1.97338e+00	1.68691e+00
2.87321e+00	-1.89177e+00	2.71145e+00	-9.42815e-01
1.23386e+00	-1.67658e-01	2.16552e-01	-2.26588e+00
3.63291e-01	-2.22131e+00	2.97952e+00	-6.74969e-01
1.91805e-01	2.31092e-01	1.97835e+00	-1.65212e-01
3.47267e+00	-8.01126e-02	2.57699e+00	-9.74858e-01
9.50394e-01	-2.33344e+00	7.54302e-01	-1.83146e+00
7.16675e-01	-2.32549e+00	9.71457e-01	-7.75233e-01
8.04583e-02	-2.23860e+00	3.33037e+00	1.24622e+00
3.27856e+00	-1.71205e+00	1.79247e+00	-7.54043e-01
2.37574e-01	-2.41617e+00	1.65242e+00	-1.10936e+00
2.22767e+00	-1.74131e+00	3.73772e+00	-8.71806e-01
3.60569e-01	-2.45546e+00	4.22517e+00	1.83707e+00
2.03955e+00	6.81419e-02	1.58946e+00	2.16451e+00
2.70729e+00	-1.80306e+00	3.87882e+00	1.93959e+00
9.51245e-02	-2.35212e+00	1.91278e+00	-9.64022e-01
