# No. of particles = 100 
# Proton - Solar wind	Electron - Solar wind	
3.16040e+00	-1.04792e+00	2.45667e+00	-2.37475e+00
4.70091e+00	-1.79760e+00	8.37892e-01	-1.23091e+00
3.58055e-01	-2.44700e+00	2.17589e+00	-2.47678e+00
1.64375e+00	-2.49480e+00	4.77530e+00	1.42354e+00
1.46096e+00	-2.23515e+00	1.92937e+00	-1.26520e+00
2.48113e+00	-2.25976e+00	2.00988e+00	1.79509e-02
7.52919e-01	-2.23958e+00	1.59668e-01	-2.47277e+00
4.77122e+00	-2.31273e+00	2.85494e+00	-1.29786e+00
3.28442e+00	-2.04068e+00	2.61534e-01	-7.89903e-01
2.58695e+00	-2.38472e+00	4.67769e+00	-4.45260e-01
2.52953e-01	-2.48132e+00	1.02288e+00	-2.06949e-01
1.03697e-01	-2.49440e+00	5.98633e-01	-2.30949e+00
1.30512e+00	-2.38909e+00	3.99796e-01	-1.87415e+00
1.81038e+00	-2.37246e+00	2.84475e+00	-8.54488e-01
5.12604e-01	-2.37545e+00	4.39202e-01	-2.18638e+00
1.56556e+00	-2.01035e+00	2.48494e+00	-1.18591e+00
4.78372e+00	-8.04238e-01	3.04103e-01	-2.31661e+00
4.23588e-01	-2.27036e+00	2.45508e+00	-1.97661e+00
4.17121e+00	-1.26533e+00	7.22994e-02	-2.21061e+00
1.88369e-01	-2.27017e+00	1.21524e+00	1.03033e+00
3.27746e+00	-2.27371e+00	2.85357e+00	-2.33771e+00
2.60272e+00	-2.28016e+00	2.02791e+00	-1.23597e+00
4.33432e+00	-2.32962e+00	6.49799e-01	-6.85775e-02
2.72938e+00	-1.72727e+00	3.43433e+00	1.78756e+00
3.67161e+00	-2.13126e+00	3.82656e+00	4.25749e-01
3.70360e+00	-1.32464e+00	2.81221e-01	-1.77372e+00
4.58253e+00	5.18351e-01	4.16996e+00	6.76938e-01
5.04790e-01	-2.38690e+00	2.77764e+00	1.06804e+00
2.96100e+00	-2.27437e+00	3.00196e+00	5.94482e-01
3.90031e+00	-4.13346e-02	1.98015e+00	-8.94602e-01
3.47504e+00	-1.49961e+00	1.85037e+00	-1.23828e+00
3.58400e+00	-2.12426e+00	1.18851e-01	-2.31581e+00
3.65011e-01	-2.47838e+00	1.91411e-01	-2.24524e+00
5.67407e-01	-1.79299e+00	8.25146e-01	-1.66073e+00
3.87482e-01	-2.41950e+00	1.23534e+00	-3.85402e-01
7.73286e-01	-2.32706e+00	1.15269e+00	-1.14707e+00
3.15855e+00	-9.09237e-01	4.59796e+00	1.83375e+00
1.60703e+00	-2.35334e+00	1.46524e+00	-2.12692e+00
3.28500e+00	-1.74126e+00	3.70259e-01	-2.27155e+00
4.16562e+00	3.21054e-01	2.08327e+00	1.39693e+00
8.79560e-02	-2.28400e+00	1.73913e+00	1.48340e+00
3.73023e+00	-2.46349e+00	4.52821e+00	-1.11536e-01
2.26541e-01	-2.43316e+00	4.03465e+00	-1.47650e+00
4.59149e+00	-1.43871e-01	1.95731e+00	1.54622e+00
4.87704e+00	1.77443e+00	2.55653e+00	6.52526e-01
1.22921e+00	-1.72353e+00	4.31495e+00	-1.74928e+00
7.97838e-01	-2.37451e+00	1.08844e+00	-6.94095e-01
3.75306e+00	-2.80156e-02	6.53862e-01	-2.01353e+00
6.76401e-01	-2.20100e+00	1.17340e+00	-2.09946e+00
1.03546e+00	6.67736e-02	4.42513e+00	-1.02582e+00
4.44493e+00	4.52146e-01	4.61067e+00	-2.24863e+00
1.60063e+00	6.26927e-01	3.88026e+00	-1.20901e+00
6.66190e-01	-2.45757e+00	1.62573e-01	-1.90934e+00
1.19860e+00	-2.02643e+00	1.50137e-01	-1.93073e+00
3.04859e+00	1.19608e+00	1.28895e+00	1.41646e+00
4.67064e+00	-1.21605e+00	1.48455e+00	6.63528e-01
1.73634e+00	-2.24174e+00	2.72324e+00	1.28800e+00
3.24726e+00	-2.37172e+00	6.63168e-01	-2.40979e+00
4.75309e+00	1.88843e+00	4.86545e+00	1.80423e+00
1.29077e+00	-2.40281e+00	2.21268e-01	-2.27725e+00
9.70529e-02	-4.11044e-01	2.16503e-03	-2.25699e+00
2.44870e+00	-2.28796e+00	2.29753e-01	3.95586e-01
1.70446e-01	-2.41534e+00	1.65383e+00	-1.11157e+00
3.30673e+00	-2.32096e+00	1.17458e+00	-7.84521e-01
3.82326e+00	-1.01710e+00	4.73894e+00	-2.28933e+00
3.95656e+00	-2.31278e+00	1.81834e+00	-1.14421e+00
1.02294e+00	1.25546e+00	2.07820e-01	3.39889e-01
3.67634e+00	1.51139e+00	1.79283e+00	-1.89988e+00
3.44023e+00	-9.27243e-01	5.19109e-01	-2.22211e+00
3.65731e+00	-1.98554e+00	2.89380e-02	1.10233e+00
1.04123e+00	-4.20157e-01	2.08638e-02	-1.79827e+00
1.40317e+00	-2.36548e+00	1.02245e+00	-1.96967e+00
2.75919e+00	-2.36259e+00	2.74408e+00	-1.38203e+00
1.78146e+00	-2.18474e+00	1.87524e+00	-1.61596e-01
4.87672e+00	-8.27655e-01	7.65357e-03	-2.45618e+00
3.27759e+00	-2.45910e+00	2.15848e+00	2.17318e-02
1.16877e+00	-2.36397e+00	3.37936e+00	6.12795e-01
3.24332e-01	1.27259e-01	2.00128e-01	-5.30312e-01
3.07995e+00	-2.48375e+00	1.09277e+00	-2.18865e+00
3.94987e+00	-2.31931e+00	4.29864e-01	-2.16018e+00
1.36544e+00	-2.25752e+00	5.12475e-01	8.28258e-01
2.18895e+00	-2.15662e+00	3.95195e+00	2.36377e+00
1.76117e-01	-2.47636e+00	3.53844e+00	1.42127e+00
3.08128e-01	-2.33501e+00	2.85314e+00	8.41115e-01
1.74184e+00	-2.28056e+00	2.62818e+00	5.21758e-01
3.16716e-01	-2.40457e+00	2.64005e+00	-1.58144e+00
3.17716e+00	-2.25041e+00	9.21662e-01	1.86339e+00
1.14087e+00	-3.22138e-01	3.55184e+00	-9.75719e-02
3.37699e+00	-1.80688e+00	1.10794e+00	9.43335e-01
4.71409e+00	-6.82254e-01	2.48262e-01	3.16910e-01
2.55916e+00	-2.16443e+00	4.16780e+00	1.03261e+00
3.29342e+00	4.19686e-02	3.68327e+00	3.53950e-01
2.34803e+00	-1.96196e+00	3.88943e-01	1.35567e+00
5.39008e-02	-2.26858e+00	1.23183e+00	-8.88293e-01
2.42094e+00	-7.59382e-01	1.34893e+00	2.27300e+00
4.80384e+00	-3.40257e-01	2.95126e+00	-1.50457e+00
1.86838e+00	-1.92989e+00	1.82600e+00	-1.48717e+00
2.56434e+00	-2.49816e+00	2.19572e+00	2.14226e+00
4.79645e+00	-1.93309e+00	1.85584e-01	4.74270e-02
2.24295e+00	7.40927e-01	1.37659e-01	9.80451e-01
