# No. of particles = 100 
# Proton - Solar wind	Electron - Solar wind	
1.06132e+00	-2.32811e+00	3.52517e+00	-4.22651e-01
2.60416e+00	-2.30742e+00	6.06806e-01	-1.79747e+00
2.19020e+00	-1.80263e+00	5.58903e-01	-2.37495e-01
1.80108e+00	-2.38862e+00	1.80101e-01	-2.47929e+00
8.47559e-01	-2.40991e+00	4.04425e+00	-1.93891e+00
4.58927e+00	-6.16556e-01	2.32049e+00	-1.00584e+00
2.86109e+00	-2.28364e+00	1.63933e+00	-2.35942e+00
2.60603e+00	-2.22780e+00	4.02271e+00	5.01976e-01
1.68319e+00	-1.99197e+00	2.62055e-01	-2.29474e+00
8.23436e-01	-4.77636e-01	1.28344e+00	-1.31609e+00
3.29517e+00	-1.98444e+00	4.05623e+00	2.10246e+00
4.02135e+00	-1.14247e+00	4.59828e+00	-4.22928e-01
4.79580e+00	-7.58605e-01	1.31009e+00	-1.53233e+00
1.32998e+00	-1.86191e+00	4.66187e+00	-2.30187e+00
4.46082e+00	-2.44302e+00	2.56863e-01	2.05683e+00
3.36634e+00	-2.25812e+00	6.02909e-01	-1.56196e+00
1.93510e+00	-2.18655e+00	4.11539e+00	-1.70337e+00
4.85660e+00	-8.74354e-01	4.90597e+00	-1.21455e-02
2.22346e+00	-2.31598e+00	2.20260e+00	-1.32345e+00
4.03376e+00	4.79011e-01	5.11889e-01	-2.28471e+00
4.99882e+00	-1.41930e+00	3.52540e+00	1.07174e+00
2.08788e+00	-2.26235e+00	9.90993e-02	-7.46401e-01
9.51458e-01	-2.24007e+00	3.30049e-01	-2.38123e+00
1.25234e+00	8.71461e-02	1.43575e+00	-1.59889e+00
2.65445e-01	-2.38191e+00	1.37770e+00	-6.22279e-01
4.17536e+00	8.24272e-01	4.13272e+00	2.30794e+00
4.88569e-01	-2.35208e+00	1.15755e+00	1.29898e+00
2.80816e+00	-1.82223e+00	3.93241e+00	-2.47059e+00
2.84653e-01	-2.33032e+00	3.05133e+00	-2.18576e+00
2.63963e+00	-2.33088e+00	3.28435e+00	-1.83491e+00
3.67949e+00	-1.81806e+00	3.28623e-02	-2.22827e+00
3.05534e-01	-2.17892e+00	2.50059e-01	-2.26454e+00
2.56202e+00	-2.48710e+00	2.14885e+00	8.72988e-01
4.46766e+00	1.34128e+00	4.48244e+00	-1.37768e+00
3.12145e+00	-2.43278e+00	8.81561e-02	-2.42954e+00
4.79515e+00	-2.13634e+00	1.17341e+00	9.44801e-01
2.29451e+00	-7.09324e-01	4.65769e-01	-7.89464e-01
1.29593e+00	-2.06778e+00	2.20246e+00	-1.32708e+00
8.40871e-01	-2.20351e+00	2.32901e+00	1.67353e+00
4.41402e-01	-2.47100e+00	1.65334e+00	-2.07729e+00
2.74185e+00	-2.55732e-01	4.39369e+00	-1.04035e+00
2.12105e+00	-1.52589e+00	8.57682e-01	-6.39373e-01
2.03098e+00	-2.23323e+00	4.44608e+00	-8.82876e-01
2.92752e-01	-2.35829e+00	3.07540e-01	-2.23992e+00
4.91332e+00	-1.34447e+00	1.03846e+00	1.04979e+00
2.28148e+00	-2.32443e+00	3.05277e+00	-6.88308e-01
4.84529e+00	-2.12755e+00	2.28090e+00	-9.33556e-01
2.56413e+00	-1.21418e+00	3.26186e+00	-8.58775e-01
2.88923e+00	-2.11770e+00	8.07917e-01	1.08888e+00
3.84991e+00	-1.59180e+00	1.06568e-01	-2.12154e+00
1.79031e+00	-2.26035e+00	3.49345e+00	2.39388e+00
4.82208e+00	-1.76177e+00	1.63323e+00	2.20527e+00
7.48875e-01	-2.34708e+00	2.51412e+00	1.87424e-01
4.16570e+00	1.02331e+00	3.69085e+00	-6.15256e-01
3.86216e+00	-2.23135e+00	4.03369e-01	-1.76746e+00
1.18163e+00	-5.69668e-01	1.37521e+00	-1.31713e+00
2.00395e-01	-2.43242e+00	4.89060e-01	-8.75676e-01
2.35564e+00	-1.95193e+00	2.79159e+00	3.69941e-01
1.32636e+00	-2.28907e+00	3.60686e-01	-2.14170e+00
3.95786e+00	-1.28749e+00	1.28299e+00	-2.35635e+00
2.93948e+00	2.23745e-01	1.11949e+00	-1.64326e+00
7.07391e-01	-2.36081e+00	3.86082e+00	3.92382e-01
1.38975e+00	-1.86768e+00	4.43923e-01	-1.72578e+00
1.42470e+00	-1.78477e+00	2.33742e-01	-2.48800e+00
1.05293e+00	-1.81446e+00	4.80127e-01	4.59810e-01
2.04942e+00	-2.23833e+00	1.46283e+00	7.17405e-01
4.63170e-02	-2.41602e+00	8.96309e-01	4.47494e-01
5.77402e-01	-2.01278e+00	1.21685e-01	-1.62112e+00
6.89270e-01	4.19679e-01	2.08042e+00	-1.39077e+00
2.03799e+00	-2.45848e+00	5.44293e-01	-2.23212e+00
1.47054e+00	-2.05984e+00	1.77568e+00	-2.22304e+00
4.26041e+00	-2.10996e+00	1.69562e+00	-3.63404e-01
1.42469e-01	-2.30975e+00	6.77389e-01	-2.34039e+00
4.76434e+00	-6.33544e-01	2.75156e-01	-2.33804e+00
2.10861e+00	1.77817e+00	1.29620e+00	-5.28871e-02
3.24078e+00	-2.45564e+00	7.83684e-01	1.51253e+00
4.08832e+00	-2.36956e+00	3.52979e+00	-1.36848e+00
2.49897e+00	-2.28665e+00	4.75311e-01	-6.65205e-01
4.21469e+00	-1.58336e+00	1.47999e+00	5.38715e-01
1.29543e+00	2.57950e-01	3.38802e+00	-1.07108e+00
4.77056e+00	-1.20737e+00	1.11059e+00	-4.25081e-01
4.05794e+00	1.19905e+00	1.18781e+00	-2.21917e+00
2.12047e+00	-1.01170e-01	4.19726e-01	-1.08916e+00
4.64365e+00	-2.01908e+00	2.57987e+00	7.96701e-02
2.47101e+00	-2.35237e+00	1.87632e-02	-2.24386e+00
2.24564e+00	-2.42641e+00	2.94628e+00	-1.94055e-01
1.51096e+00	-6.46586e-01	1.38737e-01	8.30011e-02
1.50424e+00	-2.46674e+00	1.16136e+00	-1.18052e+00
3.87734e+00	-4.63745e-01	9.70712e-01	2.34272e+00
3.82663e+00	5.16109e-01	2.65327e+00	1.01921e+00
9.59887e-02	-2.32877e+00	3.39338e+00	-2.05029e+00
6.88507e-01	-3.42667e-01	5.60667e-01	2.22992e+00
4.88286e+00	-2.27102e+00	1.12041e+00	-1.02705e+00
3.65303e+00	-8.34071e-01	9.48428e-01	-1.05612e+00
1.85196e+00	-1.56662e+00	1.33388e+00	-7.83507e-01
1.93055e+00	4.38135e-02	1.90999e+00	5.58514e-01
5.78732e-01	-2.35367e+00	4.36128e+00	1.43555e+00
1.42600e+00	-1.84969e+00	4.42261e+00	2.31919e+00
1.92621e+00	-1.96660e+00	2.09925e+00	5.77020e-01
4.39662e+00	-1.41616e+00	5.23665e-01	2.62097e-01
