# No. of particles = 100 
# Proton - Solar wind	Electron - Solar wind	
4.56814e+00	-2.40680e+00	3.12617e-01	-2.15097e+00
2.03316e+00	-2.38336e+00	1.39708e+00	-1.12690e+00
5.07180e-01	-2.44012e+00	1.33191e+00	-1.90505e+00
2.87532e+00	-2.38139e+00	3.45318e+00	2.28073e+00
4.85189e+00	-2.09230e+00	3.11319e+00	-2.12568e+00
3.55123e+00	-2.32423e+00	3.08882e+00	-1.65959e+00
1.44945e+00	2.93871e-02	1.39284e-01	1.64751e-01
4.00395e+00	-2.20556e+00	3.11159e+00	1.64793e-01
1.23300e+00	-2.38354e+00	2.36406e+00	1.77246e+00
3.56901e+00	-1.34252e+00	2.80214e-01	-1.84160e+00
1.39167e+00	-2.36783e+00	4.78257e+00	8.92006e-02
2.23872e+00	-2.46952e+00	2.72052e-01	-2.41036e+00
3.60760e+00	-2.46204e+00	1.33205e+00	-7.27260e-01
2.78003e-02	-2.45434e+00	4.77306e+00	-2.06853e-01
4.45044e-01	-2.33676e+00	3.25153e+00	-8.81092e-01
3.41213e+00	-1.92238e+00	6.54543e-01	-2.25272e+00
7.28181e-01	-2.44296e-01	1.10225e+00	-2.08101e+00
4.18261e+00	-4.53946e-01	3.53643e+00	-1.61241e-01
1.75038e+00	-2.02175e+00	1.39072e+00	-1.41274e+00
8.77664e-01	-2.44579e+00	3.23262e-01	6.59662e-01
4.12953e+00	-2.49832e+00	3.08605e+00	-2.08840e+00
9.20842e-01	-2.38842e+00	3.37133e+00	1.60012e+00
4.71173e+00	-2.21258e+00	4.31217e+00	-1.92045e+00
2.84102e-01	-2.33788e+00	3.92708e+00	1.32520e+00
3.14776e+00	-1.56198e+00	4.25814e-01	-2.10802e+00
3.33547e+00	-2.23560e+00	2.25297e+00	-2.63356e-01
3.91918e+00	-2.25801e-01	4.18748e-01	1.12254e+00
9.40675e-01	-2.45199e+00	3.93927e+00	-1.72249e+00
3.59667e+00	-2.01436e+00	2.05674e+00	9.48000e-01
2.11591e+00	-1.21174e+00	1.19247e+00	-2.22558e+00
4.32533e-01	-2.24328e+00	1.65209e+00	2.75181e-01
3.24307e+00	-1.69842e+00	2.89244e+00	1.40429e+00
2.17863e+00	-1.64148e+00	1.56653e+00	-1.68790e+00
2.98069e+00	-1.41744e+00	4.59822e+00	-6.41985e-01
1.91210e+00	-2.24537e+00	2.09189e+00	-8.97251e-01
3.13864e+00	5.21719e-01	4.35703e+00	-1.49628e-01
8.33131e-01	-2.22432e+00	4.18249e-01	-1.56428e+00
9.27642e-01	-9.00455e-01	3.04107e+00	1.20498e+00
3.72197e-01	-2.34363e+00	5.59591e-01	-2.37641e+00
2.47940e+00	-2.38077e+00	3.90553e-01	-1.80501e+00
1.58284e+00	-4.69879e-01	8.49993e-01	1.10557e+00
1.12424e+00	-2.32242e+00	1.89704e+00	4.87546e-01
1.46549e+00	-2.24111e+00	6.86164e-01	9.95864e-01
1.56620e+00	-1.49520e+00	4.14021e+00	-1.26289e+00
4.57784e+00	-2.36797e+00	2.46978e-01	-2.42640e+00
1.19523e+00	-2.33785e+00	4.43855e-01	-2.04512e+00
4.08038e+00	3.35591e-02	4.43525e+00	-4.92547e-01
1.55015e+00	-2.37105e+00	1.66117e+00	-2.48259e+00
8.11041e-01	-2.43759e+00	8.47272e-01	-1.00878e+00
3.71011e+00	-1.96804e+00	5.39360e-01	2.02324e+00
1.39392e+00	-2.36161e+00	3.69285e+00	-6.86568e-01
4.26295e+00	-1.55234e+00	4.14900e+00	1.43838e+00
1.76855e+00	-2.49819e+00	2.80062e+00	-1.00420e+00
3.16492e+00	1.36962e+00	3.76001e+00	9.22881e-01
3.39609e+00	-1.62780e+00	3.40993e-02	-2.24771e+00
3.26556e+00	-2.31582e+00	3.34551e-01	-2.17228e+00
3.26251e+00	-1.84394e+00	1.56389e+00	-2.25137e+00
1.93198e+00	-2.91136e-01	2.44121e+00	6.11364e-02
8.91261e-01	-2.44785e+00	1.82033e+00	-2.47410e+00
3.43364e+00	-2.40892e+00	1.15984e-01	-2.43777e+00
2.77707e-01	-2.46023e+00	1.34373e+00	5.58393e-01
2.39742e+00	-1.56740e+00	3.02577e+00	-3.84976e-01
4.26745e+00	-3.67415e-01	1.04039e+00	-1.99274e+00
4.43871e+00	-3.28803e-01	2.00541e+00	-6.89424e-01
3.91938e+00	1.32929e-01	6.34746e-01	-2.21434e+00
6.78286e-01	4.15398e-01	4.23780e+00	1.52484e-01
4.37409e+00	-2.41225e+00	7.32737e-01	-1.08819e+00
3.01124e+00	2.23460e-01	4.70805e+00	-5.42816e-01
5.79889e-01	-2.45106e+00	1.12534e+00	-1.14324e+00
3.25433e+00	-1.63878e+00	2.13411e+00	1.66308e+00
8.90223e-01	-2.30491e+00	4.75980e+00	9.05619e-01
3.29734e+00	-1.78036e+00	4.86319e+00	-2.15170e+00
3.98313e+00	-1.62878e+00	2.93224e+00	-2.21078e+00
3.56657e+00	-1.83373e+00	3.39484e+00	1.63956e+00
1.41916e+00	7.98829e-01	4.82184e+00	-7.94043e-01
2.19155e+00	-1.79240e+00	9.45576e-01	5.37598e-01
2.96715e+00	-2.33516e+00	4.91445e+00	1.44571e+00
7.62757e-01	-2.26969e+00	1.45307e+00	-1.18903e-01
3.38100e+00	-2.45271e+00	3.01655e-01	-2.43315e+00
4.90536e+00	-1.94340e-01	9.82807e-02	-2.35545e+00
7.06716e-01	-2.41967e+00	3.87598e-01	-2.24027e+00
1.72954e+00	-2.18639e+00	3.83574e+00	-1.76467e+00
4.64306e+00	-4.15384e-01	2.22930e+00	-3.96954e-01
3.26439e+00	1.23621e-01	2.00854e-01	-2.39800e+00
4.58016e+00	-2.34546e+00	2.22731e-01	-1.57844e+00
8.15995e-01	-2.02483e+00	4.15911e+00	1.69955e+00
2.10211e-01	-2.37879e+00	8.01454e-01	-2.43071e+00
4.06497e-01	5.41614e-01	1.73768e+00	2.32942e+00
8.46301e-01	5.71192e-02	6.29334e-01	-1.90318e+00
4.16647e+00	-2.36393e+00	9.17240e-01	1.90371e+00
4.48223e+00	-1.66097e+00	9.41464e-01	1.84025e-01
4.82416e+00	2.96023e-01	1.07074e+00	-2.47238e-01
3.40780e+00	1.32826e-01	2.46210e+00	1.54917e+00
2.03522e+00	-1.69615e+00	4.35964e-01	1.34725e+00
3.14050e+00	-8.88541e-01	2.13800e+00	-2.27200e+00
8.90453e-01	-7.29151e-01	4.98237e+00	-1.17365e+00
4.34226e+00	-2.32830e+00	2.75093e+00	-4.49448e-01
4.93358e+00	-8.49495e-01	1.59236e+00	1.20035e+00
7.72441e-01	-2.43679e+00	4.77545e+00	-1.60948e-01
3.46630e+00	1.53362e+00	3.53436e+00	3.12730e-02
