# No. of particles = 100 
# Proton - Solar wind	Electron - Solar wind	
1.02802e+00	-2.35845e+00	4.35359e+00	-3.01617e-02
1.25705e-01	-2.41275e+00	7.24902e-01	-1.47049e+00
5.78381e-01	-2.40000e+00	1.78342e+00	-1.54379e+00
8.88254e-01	-2.03137e+00	4.23801e+00	1.58528e+00
1.14821e+00	-1.97567e+00	2.93638e+00	-3.00590e-01
1.00642e+00	-2.29433e+00	3.77634e+00	-7.66216e-01
1.21669e+00	-2.28044e+00	1.48838e+00	9.15332e-01
7.50559e-01	-2.36636e+00	4.65434e+00	1.11970e+00
2.45244e+00	-2.46135e+00	2.97882e+00	1.69531e+00
4.22148e-01	-2.27074e+00	7.60192e-01	-1.30209e+00
2.10398e-01	-2.32097e+00	1.21407e+00	1.27510e-01
7.42558e-01	-2.34952e+00	4.05700e+00	1.62973e+00
1.10872e+00	-1.98211e+00	2.75072e+00	-2.42853e+00
1.46039e+00	-1.93145e+00	1.12648e-01	-2.01266e+00
7.59932e-01	-1.88011e+00	2.86999e+00	-2.06050e+00
8.19039e-01	-1.69374e+00	2.24407e+00	-1.56910e+00
9.63305e-01	-1.96280e+00	4.96966e+00	-6.25082e-02
9.31284e-01	-2.01760e+00	1.79154e-01	1.09899e+00
1.06331e+00	-2.15330e+00	2.81685e-01	-2.24108e+00
9.34138e-01	-1.89269e+00	2.48339e+00	2.34467e+00
8.19329e-01	-1.69104e+00	1.47922e+00	-2.28992e+00
1.16440e+00	-1.59312e+00	5.39412e-01	-1.93848e+00
1.16981e+00	-2.41688e+00	3.08425e+00	1.25086e-01
6.66790e-01	-1.42760e+00	2.96352e-01	-2.40367e+00
6.68892e-01	-1.63565e+00	1.34590e+00	2.04607e+00
9.44267e-01	-1.44216e+00	1.12373e-01	-1.55118e+00
9.70588e-01	-1.24441e+00	1.86681e+00	6.77891e-02
8.45112e-01	-1.33190e+00	1.37539e+00	2.58499e-01
9.63286e-01	-1.60658e+00	4.33558e+00	2.45628e+00
1.01774e+00	-8.94675e-01	3.83160e+00	-8.21395e-01
1.13100e+00	-1.51027e+00	9.60632e-01	2.03771e+00
9.99039e-01	-1.63447e+00	3.75369e+00	-7.13451e-01
8.77887e-01	-1.55547e+00	2.06752e+00	-5.16248e-01
1.44520e+00	-1.30223e+00	6.18330e-02	-2.38738e+00
1.00445e+00	-1.45910e+00	1.35143e-01	-4.35944e-01
9.56603e-01	-1.06214e+00	5.14460e-01	-3.23670e-01
1.15908e+00	-2.30842e-01	1.95563e+00	-1.29984e+00
1.09866e+00	-8.92359e-01	3.05916e-01	-1.72286e+00
1.31466e+00	-4.81335e-01	2.76657e+00	-6.52800e-01
9.25807e-01	-8.83997e-01	1.06948e+00	-2.43038e+00
8.99157e-01	-9.41639e-01	1.21097e-01	-1.85285e+00
1.19092e+00	-6.13365e-01	1.10137e-01	-2.21147e+00
1.13071e+00	-2.62852e-01	2.36098e+00	-1.99355e+00
8.64472e-01	-6.49576e-01	2.48325e+00	1.43270e+00
5.07439e-01	-9.28106e-01	4.95598e+00	-1.31872e-01
9.53899e-01	-9.11967e-01	5.33720e-01	-2.65638e-01
9.36141e-01	-5.80580e-01	4.71901e-01	-2.45637e+00
7.58610e-01	-4.38159e-01	3.37565e-01	8.84480e-01
1.11629e+00	-5.78646e-01	1.96986e+00	-1.28625e+00
1.03477e+00	-3.54051e-01	2.96134e-01	-2.36785e+00
9.52551e-01	-4.41389e-01	1.79743e-01	-1.42477e+00
9.66452e-01	-2.22875e-01	1.07352e+00	-2.68280e-01
8.38348e-01	-1.06369e-01	7.05499e-01	-7.01165e-01
1.28811e+00	-6.67787e-01	1.71224e+00	-1.54499e+00
1.47655e+00	-5.04552e-01	2.05423e+00	1.68448e-01
1.33024e+00	-6.71554e-01	1.12575e+00	-1.53440e+00
1.02546e+00	-5.67946e-02	2.91081e+00	-1.05401e+00
1.44940e+00	-7.96537e-01	1.63782e+00	-1.12847e+00
9.86621e-01	1.19075e-04	1.31005e-01	-2.10659e+00
1.04362e+00	3.17863e-03	3.36967e+00	-2.04994e+00
1.00973e+00	1.36899e-01	1.31187e+00	-5.01796e-01
1.44043e+00	1.51970e-01	2.48778e+00	-2.45688e+00
9.02004e-01	2.68918e-01	6.72149e-01	-5.59215e-01
1.06366e+00	-2.74837e-02	4.54930e+00	8.43198e-01
5.41177e-01	-5.23252e-02	8.09029e-01	-2.09740e+00
9.84842e-01	1.04864e-01	2.60905e+00	-5.62334e-01
1.19690e+00	-2.27519e-02	1.08503e+00	2.00225e+00
9.17893e-01	3.94825e-01	1.26282e+00	-1.12136e-01
8.74780e-01	3.24207e-01	2.23497e+00	-1.96172e+00
1.25290e+00	7.03754e-01	1.21169e+00	-2.49851e+00
1.33227e+00	2.47297e-01	4.33887e+00	-8.11132e-01
5.76589e-01	3.44228e-01	2.44356e+00	1.33222e+00
9.30907e-01	3.56093e-01	2.07825e-01	1.90142e+00
1.23211e+00	1.20997e+00	4.08272e+00	9.25181e-02
9.53169e-01	2.13218e-01	1.17310e+00	-2.92189e-01
1.24829e+00	1.63530e-01	3.42170e+00	2.20216e+00
9.77015e-01	9.26260e-01	3.79530e+00	-2.49269e+00
9.92600e-01	1.10953e+00	2.13484e+00	1.63136e+00
1.18642e+00	8.91457e-01	4.23835e+00	-2.12553e+00
7.75662e-01	1.02051e+00	6.41285e-01	1.00646e-01
9.31082e-01	6.22965e-01	1.00264e+00	-1.18371e+00
1.03426e+00	1.08634e+00	3.97976e+00	-6.95649e-01
7.98985e-01	9.00319e-01	1.65115e+00	1.32304e-01
8.76846e-01	8.35583e-01	3.71824e+00	3.31028e-01
1.50230e+00	7.58252e-01	1.77756e+00	2.43569e+00
8.15906e-01	5.49697e-01	1.66348e+00	-1.43771e+00
9.12591e-01	5.67474e-01	4.67098e+00	-6.06905e-01
7.39761e-01	6.68535e-01	6.86212e-01	2.44379e+00
1.00651e+00	1.15939e+00	1.94972e+00	-1.89326e+00
9.86639e-01	1.13818e+00	1.16682e-01	-1.53211e+00
9.16015e-01	1.53182e+00	3.79567e-01	-2.14519e+00
6.91558e-01	1.53594e+00	1.61713e+00	-2.22876e+00
1.07065e+00	1.59837e+00	3.34471e+00	-1.81088e+00
8.80296e-01	1.40372e+00	3.62133e+00	7.84823e-01
6.83091e-01	9.54392e-01	2.09791e+00	5.29580e-01
1.07930e+00	1.43834e+00	5.51951e-01	-8.08660e-01
1.10954e+00	1.03936e+00	7.73955e-01	9.30248e-01
8.94828e-01	1.01100e+00	2.84843e+00	-1.18390e+00
1.21860e+00	1.89977e+00	4.22710e+00	-2.36547e+00
1.33803e+00	1.35907e+00	2.27574e+00	1.69545e+00
