# No. of particles = 100 
# Proton - Solar wind	Electron - Solar wind	
2.03942e-01	-2.36278e+00	3.69675e-01	-7.16236e-01
1.30672e+00	-2.15181e+00	2.21301e+00	-2.17038e+00
1.28363e+00	-2.13489e+00	3.92988e+00	-8.30637e-01
1.21233e+00	-2.34413e+00	8.25122e-01	9.90311e-01
2.78725e+00	-2.19447e+00	3.09893e+00	-2.38571e-02
4.25987e+00	-2.08282e+00	1.70355e+00	-6.87112e-01
2.20564e+00	-1.82412e+00	4.93466e-01	-1.82534e+00
3.67217e-01	-2.26341e+00	1.82489e-01	1.89375e-01
4.93692e+00	-1.83576e+00	2.61172e-01	1.04036e-01
4.57778e+00	-2.34770e+00	7.02112e-01	-1.99274e+00
1.23017e+00	-2.21947e+00	1.38606e+00	7.79467e-01
1.54748e+00	-2.36656e+00	2.70549e+00	1.28764e+00
2.95882e+00	-2.38017e+00	1.81005e+00	-8.16051e-01
2.57932e+00	-2.40143e+00	4.11174e-01	-2.44173e+00
2.03090e+00	-2.35696e+00	2.05191e+00	-2.01329e+00
2.75940e+00	-1.67010e+00	3.52546e+00	1.24436e+00
1.21890e+00	-1.81916e+00	1.42919e+00	-1.63957e+00
1.95577e+00	-2.27112e+00	3.98568e+00	-1.77351e+00
7.73789e-01	-2.42401e+00	2.74980e+00	1.88498e+00
1.79831e+00	-2.17572e+00	6.43257e-01	-2.45081e+00
4.84553e+00	-2.26168e+00	3.12190e+00	-1.77228e+00
4.57096e+00	-2.30421e+00	3.63572e+00	8.48820e-01
1.04582e+00	-2.25294e+00	4.81078e+00	-2.15485e+00
4.08465e+00	-1.37808e+00	5.79302e-01	-1.71913e+00
3.22050e-01	-2.34561e+00	1.47606e+00	4.09060e-01
3.76537e-01	-2.22622e+00	5.12115e-01	-6.28740e-01
2.85419e-01	-2.46713e+00	6.92960e-02	-2.12990e+00
1.98091e+00	-2.24621e+00	3.51515e-01	-2.44458e-03
4.66048e+00	-2.20717e+00	4.99665e-01	-1.78807e+00
3.69633e-01	8.82349e-02	1.99831e+00	-1.07618e+00
4.75525e+00	-1.12407e+00	1.51471e+00	-1.69415e-01
4.66083e+00	-2.01932e+00	1.08218e+00	-1.41122e+00
1.77351e+00	-2.47887e+00	1.77571e+00	-9.51547e-01
1.33847e+00	-1.17335e+00	2.80100e+00	9.01383e-01
2.17858e+00	-1.91403e+00	7.73655e-01	8.30453e-01
2.29689e+00	-2.31461e+00	4.53783e-01	-2.47360e+00
3.86877e+00	-7.44614e-01	2.41700e-01	-2.28608e+00
2.95756e+00	-2.42581e+00	6.26116e-01	-2.47715e+00
1.82070e-01	-8.17575e-01	1.04958e-01	-6.51766e-01
5.82303e-01	-2.42958e+00	1.52293e-01	4.05288e-01
1.59690e+00	-2.17318e+00	3.18299e-01	-2.46139e+00
7.48463e-01	-2.31328e+00	4.95698e+00	3.87783e-02
1.04864e+00	-2.08764e+00	7.26087e-02	-2.42708e+00
9.13268e-01	5.22687e-01	9.13421e-01	-1.32341e+00
1.81639e+00	-2.34694e+00	2.05054e+00	-7.54983e-01
2.28625e+00	-1.26038e+00	2.58497e+00	-2.19730e+00
2.23291e+00	-2.49133e+00	4.13784e+00	-7.21213e-01
3.15633e-01	5.59071e-01	4.67712e+00	-2.14616e+00
2.23124e+00	-2.11740e+00	3.71228e+00	2.91976e-01
2.89142e+00	4.11860e-01	7.69762e-01	-2.11879e+00
1.13937e+00	-2.14431e+00	1.43837e+00	1.12237e+00
3.05384e+00	8.75154e-01	3.77235e+00	2.39476e+00
2.18020e+00	-2.48519e+00	1.38777e-01	1.81936e+00
2.67422e+00	-1.63221e+00	2.80188e+00	-1.06094e+00
3.81692e+00	2.06500e+00	5.03085e-01	-1.77237e-01
6.02694e-01	-1.61886e-01	3.41346e+00	1.36861e+00
3.32815e+00	-2.12501e+00	9.83900e-03	4.57429e-02
4.76342e+00	-2.39920e+00	3.23633e+00	5.91350e-01
1.02717e+00	-1.86586e+00	1.06158e+00	-1.51022e+00
2.86490e+00	-2.45561e+00	3.32613e+00	-1.67419e+00
1.67134e+00	-5.54677e-01	1.20263e+00	1.54275e+00
4.11466e+00	-2.32189e+00	7.45792e-01	3.17087e-01
1.07951e+00	-2.31499e+00	4.13821e+00	2.44134e+00
4.84358e+00	-2.27696e+00	7.69449e-01	-1.47823e-01
3.65935e-01	-2.43452e+00	1.30270e+00	-2.29623e+00
5.38828e-01	-2.08491e+00	2.09002e+00	-1.33606e+00
2.85025e+00	1.39122e+00	4.00693e+00	-3.67529e-01
4.98566e+00	1.70051e+00	2.89897e+00	-2.22457e+00
4.46242e+00	-4.23814e-01	1.60292e-01	-2.02469e+00
7.41855e-01	-2.21380e+00	1.70647e+00	-1.26325e-01
3.37719e+00	-9.82563e-01	2.79958e-03	-2.46691e+00
2.90283e+00	-2.37561e+00	4.28069e+00	7.81948e-03
4.30724e+00	-2.36378e+00	1.50118e-01	-2.26598e+00
3.25068e+00	-1.96302e+00	1.03172e+00	-1.84175e+00
1.37524e+00	-2.09696e+00	3.26227e-01	-2.19395e+00
3.47138e-01	-2.48969e+00	2.53297e+00	-1.16290e+00
2.71668e+00	-2.41046e+00	3.39317e+00	-7.92521e-01
2.37023e+00	1.62745e-01	1.94225e+00	-1.19850e+00
1.49097e+00	9.48056e-02	7.87011e-02	-2.17235e+00
4.51087e-01	4.57943e-01	2.15716e-01	-1.94564e+00
2.89489e+00	-2.24886e+00	2.89693e+00	2.39538e+00
3.87100e+00	-2.00108e+00	2.28803e-01	8.47266e-01
5.75109e-01	-2.33315e+00	9.78270e-03	2.42069e-01
1.16525e+00	-2.27255e+00	1.73901e+00	2.51079e-01
3.30039e+00	-2.30792e+00	2.33964e-01	-2.04304e+00
1.67403e+00	-2.13231e+00	7.34501e-01	-1.36461e+00
4.70559e+00	-2.24475e+00	2.58425e+00	-4.81873e-01
3.39153e+00	-1.01787e+00	4.42936e+00	-5.15529e-01
4.32372e+00	-1.63188e+00	4.20227e+00	1.97567e+00
1.58191e+00	-1.72933e-01	4.33506e-02	-2.30968e+00
1.36433e-01	-2.41210e+00	3.19678e+00	7.97959e-01
4.53013e+00	1.98582e-01	1.61079e+00	-1.52881e+00
3.79600e+00	-1.70457e+00	1.95063e+00	1.29756e+00
1.76596e+00	-1.97310e+00	1.02097e+00	-1.88836e-02
4.06821e+00	-5.93583e-01	3.14780e+00	1.86149e+00
1.04243e+00	-2.08643e+00	2.50221e+00	1.57166e+00
3.74532e+00	-1.59650e+00	2.36223e+00	7.03455e-01
6.76083e-01	5.72487e-02	2.77563e+00	8.90815e-01
1.33499e+00	-2.02674e+00	1.81959e+00	-2.10989e+00
3.76872e+00	7.80536e-01	7.36923e-01	2.03424e-01
