# No. of particles = 100 
# Proton - Solar wind	Electron - Solar wind	
4.87878e+00	-2.70373e-01	3.46962e-01	-2.24833e+00
9.98940e-01	-2.21003e+00	3.35415e+00	-2.45293e+00
9.84281e-01	-2.15958e+00	3.15251e-01	-2.43019e+00
9.61053e-01	-2.35527e+00	5.37254e-01	-4.56223e-01
2.52971e+00	-2.20237e+00	4.31019e+00	1.45912e+00
3.91449e+00	-2.11718e+00	2.38266e+00	-1.15469e+00
1.92356e+00	-1.90479e+00	2.38174e+00	-2.45844e+00
2.60097e-01	-2.26512e+00	2.35574e+00	-1.66544e+00
4.61605e+00	-1.87555e+00	2.61242e-01	-6.95447e-02
4.19121e+00	-2.35489e+00	1.29757e+00	-2.36046e+00
9.16860e-01	-2.24805e+00	1.31554e+00	5.87930e-01
1.26713e+00	-2.39138e+00	4.83060e+00	-6.84644e-02
2.63771e+00	-2.38190e+00	3.83890e+00	-4.13146e-01
2.43001e+00	-2.39581e+00	3.71865e+00	-8.07783e-01
1.73608e+00	-2.36055e+00	1.73876e+00	-2.04690e+00
2.52759e+00	-1.73617e+00	2.00630e-01	-2.09048e+00
9.57758e-01	-1.98264e+00	3.14695e-01	6.35381e-01
1.65826e+00	-2.27097e+00	3.68848e+00	-1.81294e+00
4.70198e-01	-2.44774e+00	6.76258e-01	-1.47376e+00
1.48570e+00	-2.19406e+00	1.10448e+00	9.92449e-02
4.54105e+00	-2.26402e+00	7.10378e-01	-1.37478e-01
4.18878e+00	-2.29954e+00	2.28615e+00	-2.92281e-01
7.02313e-01	-2.28286e+00	2.72014e+00	-2.22124e+00
3.82149e+00	-1.44588e+00	3.57841e+00	1.42120e+00
2.81450e-02	-2.29604e+00	3.57435e+00	1.86579e+00
1.94776e-01	-2.37218e+00	3.60791e-01	-1.46621e+00
7.51777e-01	-2.49909e+00	3.31659e-01	2.17036e-02
1.69428e+00	-2.27353e+00	3.22059e-01	-8.12215e-01
4.33048e+00	-2.22022e+00	4.79182e+00	2.36626e+00
3.03030e-02	1.28099e-01	1.35986e+00	1.52965e+00
4.50667e+00	-1.19699e+00	6.00473e-01	-1.84762e+00
4.45173e+00	-2.03970e+00	3.46283e-01	-2.10049e+00
1.50001e+00	-2.47877e+00	1.46808e+00	-1.20275e+00
1.18875e+00	-1.29367e+00	2.41734e+00	4.03885e-01
1.83079e+00	-2.01218e+00	3.00530e-01	3.72946e-01
2.00104e+00	-2.31703e+00	1.68490e-01	-2.35973e+00
3.73087e+00	-7.76580e-01	8.67837e-01	-2.29443e+00
2.69532e+00	-2.41174e+00	5.18764e-01	3.54603e-01
4.15758e-02	-2.45365e+00	3.76642e+00	-2.47516e+00
2.44245e-01	-2.39752e+00	2.83692e+00	2.22019e+00
1.30390e+00	-2.19470e+00	2.72393e+00	6.75148e-01
4.42240e-01	-2.41767e+00	3.42590e+00	-6.70476e-01
7.32845e-01	-2.16112e+00	3.42261e-02	-1.69013e+00
6.40118e-01	5.18951e-01	4.85767e+00	-7.29039e-01
1.42849e+00	-2.33198e+00	4.13995e+00	-3.50155e-01
2.08100e+00	-1.35031e+00	7.50143e-01	-2.24929e+00
1.95426e+00	-2.46865e+00	3.39078e+00	-5.70681e-01
4.92529e+00	1.00164e-02	3.31355e+00	-2.24257e+00
1.92933e+00	-2.13363e+00	1.82078e+00	-3.34760e-01
2.53104e+00	3.44853e-01	3.02889e+00	-1.36679e+00
8.15823e-01	-2.17189e+00	1.05307e+00	2.07793e-01
2.77167e+00	8.26954e-01	1.73845e+00	-2.40498e-01
1.88622e+00	-2.47983e+00	1.43398e-01	1.09534e+00
2.38770e+00	-1.70876e+00	1.19207e+00	7.90119e-01
3.66773e+00	1.89628e+00	8.07574e-01	5.65863e-01
2.77305e-01	-1.49040e-01	4.65829e+00	-1.13083e+00
3.01906e+00	-2.14768e+00	1.75473e-01	-2.23603e+00
4.46902e+00	-2.39386e+00	2.26500e+00	-2.70487e-01
7.75480e-01	-2.02544e+00	1.57640e+00	-6.16220e-01
2.55924e+00	-2.44536e+00	1.78248e+00	-1.49499e+00
1.36566e+00	-5.26787e-01	4.36457e+00	-6.79859e-01
3.79118e+00	-2.31530e+00	3.54593e-01	-1.38048e+00
7.94508e-01	-2.30676e+00	5.93667e-01	-2.23718e+00
4.54516e+00	-2.28551e+00	8.65162e-01	-3.98710e-01
9.00630e-02	-2.31251e+00	4.67951e-01	-4.88675e-01
2.10633e-01	-2.21888e+00	6.58852e-01	-2.03516e+00
2.49544e+00	1.36486e+00	3.26924e+00	-2.30167e-01
4.73143e+00	1.66379e+00	2.70743e+00	4.65666e-01
4.26393e+00	-5.21567e-01	4.51228e+00	-1.95436e+00
4.08995e-01	-2.33413e+00	6.00145e-01	-1.70981e+00
2.92360e+00	-8.73358e-01	3.78974e+00	-1.20304e+00
2.61164e+00	-2.37364e+00	3.64802e+00	-3.76159e-01
4.00665e+00	-2.36355e+00	2.98700e+00	-2.16843e+00
2.96540e+00	-2.00607e+00	1.98105e+00	-1.28310e+00
1.08375e+00	-2.15138e+00	4.00534e-01	2.06206e-01
4.49503e+00	-2.49304e+00	4.82590e+00	1.22009e+00
2.41611e+00	-2.40143e+00	6.98702e-01	-2.14368e+00
1.97297e+00	1.55854e-01	1.39016e+00	-7.61866e-01
1.14960e+00	3.16269e-02	1.67275e-01	-2.12081e+00
1.71083e-01	3.45787e-01	8.99668e-01	-2.03090e+00
2.59791e+00	-2.25054e+00	1.69255e+00	1.06120e+00
3.54439e+00	-2.03128e+00	3.94484e+00	-2.97117e-01
1.28933e-01	-2.32188e+00	5.57826e-01	-1.42148e+00
9.98816e-01	-2.28468e+00	8.35296e-01	-1.99574e+00
2.99776e+00	-2.30261e+00	4.06971e+00	-9.49951e-01
1.41048e+00	-2.18518e+00	1.24761e-02	-2.30457e+00
4.40881e+00	-2.24585e+00	4.63284e+00	-7.89131e-01
2.95451e+00	-8.82775e-01	4.25897e+00	-4.34372e-01
4.13989e+00	-1.66586e+00	1.70197e+00	4.49066e-01
1.16636e+00	-1.93333e-01	3.41684e+00	5.54984e-02
4.71078e+00	-2.09464e+00	2.41220e+00	-1.79875e-02
4.28999e+00	1.68172e-01	3.35684e-01	-2.13153e+00
3.51484e+00	-1.75454e+00	1.64739e+00	1.30884e+00
1.43352e+00	-2.03048e+00	1.15533e-01	-1.50172e+00
3.74835e+00	-6.25777e-01	1.13828e-01	1.04651e+00
7.81942e-01	-2.16228e+00	4.51366e-01	-1.58710e+00
3.38086e+00	-1.66124e+00	3.86638e-01	-2.40640e+00
3.76421e-01	5.48546e-02	3.98270e+00	2.11075e+00
1.03338e+00	-2.07590e+00	3.84548e-01	-2.47711e+00
3.47246e+00	7.72845e-01	1.89298e-01	2.34723e+00
