# No. of particles = 100 
# Proton - Solar wind	Electron - Solar wind	
7.23501e-01	-2.20804e+00	1.68488e+00	-2.15598e+00
4.80929e+00	-2.18545e+00	4.86636e+00	5.70434e-01
3.53540e+00	-1.98246e+00	1.69891e+00	1.60620e+00
5.14268e-01	9.41301e-02	8.62828e-01	-1.15763e+00
2.03652e+00	-2.26188e+00	8.29198e-01	2.31450e+00
1.21827e+00	-2.33117e+00	4.51270e-01	-6.94683e-01
2.14763e+00	-1.80121e+00	8.70406e-01	-1.89935e+00
4.59243e+00	-2.22039e+00	2.85806e+00	-2.47909e+00
2.03383e+00	-2.46833e+00	3.61329e-01	-2.31469e+00
1.89923e+00	-2.15023e+00	1.62895e+00	-2.32025e-01
3.81993e+00	-2.02126e+00	6.26402e-01	-1.57687e+00
5.98951e-01	-2.45012e+00	9.57946e-01	2.47398e+00
1.96118e+00	-2.22366e+00	5.90361e-01	-1.62608e+00
1.57268e+00	-1.52351e+00	1.54255e+00	1.37126e-01
4.64526e+00	-1.21660e+00	3.81528e+00	-1.13425e+00
1.24632e-01	-2.41055e+00	1.27162e+00	5.87699e-01
1.14999e+00	-2.27069e+00	1.01410e+00	5.47160e-01
7.63591e-01	-2.22475e+00	1.18734e+00	-1.03511e+00
1.67571e+00	-1.50301e+00	3.27936e+00	-2.12048e+00
6.41864e-01	-2.33448e+00	6.13140e-03	-2.42011e+00
8.35042e-02	-2.45088e+00	3.72312e+00	-1.37290e+00
1.84721e+00	-2.29823e+00	4.22183e-01	-2.14462e+00
4.87105e+00	-1.40529e+00	4.83892e+00	-5.63771e-01
4.08777e+00	-2.37381e+00	2.21271e+00	-6.77233e-01
4.13600e+00	-1.60552e+00	1.39938e+00	-1.22894e+00
4.73110e-01	-7.94575e-02	2.93990e+00	-2.29324e+00
1.11560e+00	-2.09501e+00	4.79900e+00	-2.05954e+00
4.89225e-01	-2.42810e+00	4.77491e+00	1.95921e+00
8.83418e-01	-2.41720e+00	2.81552e-01	-2.10244e+00
1.12686e+00	-2.47204e+00	2.36085e+00	2.89412e-01
1.37902e+00	-2.16033e+00	1.49699e+00	-2.19066e-01
1.10357e+00	-2.32699e+00	9.21421e-01	2.25394e-01
4.42987e-01	-2.15961e+00	6.98932e-01	-2.43335e+00
2.53135e+00	-2.32880e+00	2.46465e+00	4.59141e-01
7.43379e-01	-1.66316e-02	2.20928e+00	-1.36955e+00
9.60980e-01	-2.28620e+00	4.50545e+00	-1.42504e-01
1.98731e+00	-2.34784e+00	5.71458e-01	1.83628e+00
1.80250e+00	-1.35759e+00	2.88118e+00	1.52119e+00
9.59650e-02	-2.30701e+00	1.04477e+00	-2.26525e+00
6.55178e-01	-2.12601e+00	3.87520e+00	-2.04890e+00
3.83017e-01	-1.18496e+00	4.88648e+00	-2.10602e+00
1.74317e+00	-2.20019e+00	3.41035e-01	4.55830e-01
1.75154e+00	4.21923e-02	1.39361e+00	-1.38108e+00
5.39851e-01	-2.17303e+00	4.71000e+00	-5.09627e-02
3.11956e+00	-3.64743e-01	2.29464e-01	-2.36093e+00
8.39693e-01	5.98786e-01	5.84239e-01	-2.16597e+00
7.13212e-01	-2.34080e+00	6.54437e-01	-1.89876e+00
4.67654e+00	1.80296e+00	3.98471e+00	5.76156e-01
4.28644e-01	-2.40867e+00	1.47194e+00	6.16980e-01
1.35378e+00	-1.91302e+00	7.35944e-01	-1.93892e+00
6.89419e-01	-2.23561e+00	1.25426e+00	-2.25328e+00
1.17113e+00	-2.06904e+00	3.08391e+00	2.62598e-03
2.37531e-01	-7.46997e-01	1.71408e+00	-2.16156e+00
1.98194e+00	-1.81717e+00	5.84580e-01	-2.08145e+00
1.62904e+00	6.78155e-01	3.25685e+00	-4.76972e-01
3.48062e-01	3.95870e-01	1.81349e+00	-6.02747e-01
1.24644e+00	-2.45277e+00	1.85890e+00	-1.52516e+00
2.90099e+00	-5.15572e-02	1.77261e+00	-1.65825e+00
9.52428e-01	-2.44388e+00	1.30063e+00	3.53548e-01
1.46863e+00	-2.38859e+00	1.26483e-01	-2.41037e+00
1.17572e+00	2.02007e-01	4.54528e+00	1.16356e+00
2.42054e+00	-2.43904e+00	3.99281e+00	-7.64703e-01
6.20624e-01	-2.44586e+00	1.86499e+00	3.19623e-01
1.30229e+00	-2.38114e+00	2.75032e+00	-1.66165e+00
3.33836e+00	-1.72951e+00	4.81118e+00	-1.50287e+00
9.76071e-01	-2.42563e+00	3.26638e+00	-1.15384e+00
1.98994e+00	-2.46412e+00	1.31369e+00	-4.88696e-01
5.29976e-01	-2.43996e+00	7.41016e-01	-2.10862e+00
4.08444e-01	-1.52520e-01	4.73363e-01	-2.38336e+00
2.44947e+00	-1.83915e+00	1.35310e+00	-2.48555e+00
2.12109e+00	-1.20077e+00	4.56001e+00	-1.97643e-01
3.53962e+00	1.30571e+00	2.78024e-02	-2.48009e+00
1.11263e+00	-6.28242e-01	4.56815e+00	-9.57908e-01
2.48684e+00	-2.37087e+00	1.14948e+00	-1.97982e+00
8.47291e-01	-5.49086e-01	2.54763e+00	-7.39674e-01
2.16145e+00	-2.47265e+00	1.85996e+00	6.34476e-01
1.30767e+00	-2.98071e-01	4.99231e+00	2.17958e+00
1.06943e+00	-2.22692e+00	1.95195e-01	-2.33861e+00
1.79940e+00	5.47039e-01	4.82894e+00	-4.69714e-01
7.08749e-01	2.39087e-01	3.02246e+00	-2.45359e+00
1.86759e-01	7.14493e-01	1.80215e+00	-1.83631e+00
1.55403e+00	-2.13245e+00	9.03781e-01	3.17947e-01
4.90331e+00	2.16074e+00	4.26197e+00	-2.16413e+00
4.44336e-01	8.56549e-01	4.44403e+00	2.38872e-01
2.19002e+00	-1.61611e+00	4.02446e+00	2.11403e+00
4.98609e+00	-2.74829e-01	3.59244e+00	2.28711e+00
5.53052e-01	-2.44088e+00	5.91582e-01	5.86422e-01
4.53182e+00	-5.34175e-01	2.58936e+00	-8.75624e-01
1.16248e+00	-2.44667e+00	2.18886e+00	9.54943e-02
1.51429e+00	-1.94611e+00	1.36384e-01	-2.22985e+00
8.55789e-01	-1.53777e-01	1.44784e+00	3.05814e-01
4.26006e+00	1.96159e+00	3.87242e+00	-1.66525e+00
1.37701e+00	-1.22794e-01	2.50255e+00	1.69443e+00
4.48965e-01	-2.23363e+00	1.59280e+00	-1.11758e+00
4.17884e+00	-7.74176e-01	1.06085e+00	-1.59366e+00
1.43770e+00	-2.29673e+00	6.12107e-01	-2.21746e+00
1.45068e+00	-2.27957e+00	1.80259e+00	6.45073e-01
3.96143e-01	-2.32815e+00	6.25563e-01	-2.17417e+00
2.28186e+00	-1.33316e+00	6.62310e-01	-2.01709e+00
2.50915e+00	5.06283e-01	1.13212e-01	-1.15716e+00
