# No. of particles = 100 
# Proton - Solar wind	Electron - Solar wind	
4.93092e+00	-2.41494e+00	2.10428e+00	-9.13564e-01
2.60117e+00	-2.37497e+00	1.89950e+00	-1.49859e+00
8.19762e-01	-2.46473e+00	3.39746e+00	-1.10772e+00
3.36422e+00	-2.36702e+00	1.04468e+00	1.09478e+00
2.70535e-01	-2.36052e+00	2.10283e+00	-1.64470e+00
3.95583e+00	-2.33337e+00	3.26952e+00	-1.38881e-01
1.85392e+00	7.18388e-02	5.95812e-02	1.92895e+00
4.14856e+00	-2.20326e+00	4.04984e+00	9.52151e-01
1.71936e+00	-2.32803e+00	1.99813e+00	-8.41838e-01
3.85303e+00	-1.43199e+00	9.47424e-01	-2.34461e+00
1.72108e+00	-2.36230e+00	2.17160e+00	6.15540e-01
2.65526e+00	-2.49489e+00	4.80741e+00	-8.87211e-01
3.99981e+00	-2.46454e+00	3.46180e+00	2.48609e+00
4.88166e-01	-2.42187e+00	2.03212e+00	-1.72138e+00
8.56332e-01	-2.35726e+00	4.85800e+00	-4.61085e-02
4.00412e+00	-1.81955e+00	1.16269e-01	-2.37331e+00
1.07538e+00	-2.11785e-01	3.25776e+00	-1.37413e+00
4.65015e+00	-2.25702e-01	4.62447e+00	6.98692e-01
2.20926e+00	-1.87238e+00	7.30041e-02	-2.27767e+00
1.32919e+00	-2.47938e+00	1.44750e+00	-1.81305e+00
2.73981e-01	-2.42071e+00	1.15084e+00	1.39966e+00
1.36899e+00	-2.37952e+00	3.20194e-01	-2.28025e+00
8.53057e-02	-2.41338e+00	4.72411e+00	-1.87279e+00
6.96458e-01	-2.36610e+00	4.20770e+00	-1.99938e+00
3.50776e+00	-1.71681e+00	1.01250e+00	-1.92524e+00
3.86230e+00	-2.19757e+00	4.96950e+00	2.25736e+00
4.40555e+00	2.44591e-02	1.72238e+00	8.01103e-01
1.40641e+00	-2.49026e+00	1.65644e+00	1.13499e+00
4.11583e+00	-1.94852e+00	3.56859e+00	-1.26347e+00
2.52495e+00	-9.98062e-01	1.43904e-01	-2.46076e+00
7.29680e-01	-2.16031e+00	2.46460e+00	1.64998e+00
3.54695e+00	-1.64871e+00	2.95984e-01	-8.55461e-01
2.41291e+00	-1.56433e+00	6.71206e-01	-1.99690e+00
3.40453e+00	-1.28184e+00	4.06169e+00	-1.47761e-01
2.39148e+00	-2.19494e+00	2.74589e+00	-3.73662e-01
3.47543e+00	5.31026e-01	3.55715e+00	-1.24156e+00
1.20149e+00	-2.18166e+00	2.14504e+00	2.26282e+00
1.16063e+00	-8.34808e-01	9.74822e-01	2.09552e+00
7.26119e-01	-2.41483e+00	2.85913e+00	-1.43416e+00
1.29006e-01	-2.32687e+00	8.90070e-01	-8.18146e-01
1.98196e+00	-4.71108e-01	4.33307e-01	5.98556e-01
1.72543e+00	-2.23404e+00	2.50969e+00	1.38960e+00
1.88938e+00	-2.22215e+00	1.61201e+00	6.55877e-02
1.91666e+00	-1.26552e+00	4.97637e+00	-1.05012e+00
5.49058e-02	-2.34475e+00	8.05626e-01	-2.34856e+00
1.60609e+00	-2.33850e+00	1.71961e+00	-1.34079e+00
4.52315e+00	-8.36094e-03	2.07340e+00	-1.24752e+00
2.14463e+00	-2.38998e+00	1.72808e+00	-1.38582e+00
1.05675e+00	-2.47685e+00	1.05342e+00	-1.02041e+00
4.21310e+00	-1.90821e+00	4.16873e-01	-2.34242e+00
1.82137e+00	-2.34957e+00	1.44477e+00	-1.68323e+00
4.74767e+00	-1.44538e+00	1.23968e+00	-5.81189e-01
3.70690e-01	-2.39341e+00	1.11386e+00	-3.21645e-01
3.57292e+00	1.48744e+00	2.66337e+00	-2.92105e-01
3.84788e+00	-1.50522e+00	2.00278e+00	-2.49122e+00
3.48114e+00	-2.49646e+00	9.90277e-01	-1.98095e+00
3.68544e+00	-1.76351e+00	4.41428e+00	-1.05262e+00
2.32519e+00	-2.59337e-01	3.88933e+00	1.77142e+00
1.29695e+00	-2.45720e+00	3.17487e+00	-2.45415e+00
3.96666e+00	-2.43339e+00	2.53393e+00	-1.04450e+00
2.82648e-01	-2.38680e+00	2.04071e+00	-6.02081e-01
2.87600e+00	-1.42977e+00	1.70135e+00	-1.02770e+00
4.56515e+00	-2.12215e-01	1.50099e+00	-1.15602e+00
4.75050e+00	-1.78185e-01	2.78693e+00	-6.82808e-01
4.21591e+00	3.34383e-01	3.49609e+00	1.50608e+00
1.03993e+00	4.39997e-01	1.69830e+00	2.31006e+00
4.82179e+00	-2.41186e+00	1.39390e+00	1.02183e+00
3.26302e+00	4.54795e-01	2.11961e+00	-1.72843e-02
2.22089e-01	-2.49394e+00	4.79049e-01	-2.83443e-01
3.63672e+00	-1.53083e+00	2.92774e+00	-1.07003e+00
1.26733e+00	-2.28577e+00	6.13091e-02	-2.42942e+00
3.68446e+00	-1.68950e+00	3.13954e+00	-1.95022e+00
4.38043e+00	-1.55833e+00	4.31687e+00	-4.08476e-01
3.95755e+00	-1.78857e+00	1.28373e+00	-1.47824e+00
1.77565e+00	7.57345e-01	2.08217e+00	1.88208e+00
2.46594e+00	-1.88901e+00	2.09678e+00	1.19357e+00
3.36498e+00	-2.33090e+00	7.59623e-01	-1.01049e+00
1.14012e+00	-2.14355e+00	4.82046e+00	1.67086e-01
3.79818e+00	-2.47213e+00	2.10019e+00	9.24056e-01
4.54639e-01	-2.37195e+00	2.46854e+00	-8.12307e-01
1.16127e+00	-2.43533e+00	3.63381e+00	-2.15530e-01
1.98839e+00	-2.16212e+00	4.93464e+00	-1.56711e+00
4.90401e+00	-4.47889e-01	9.12850e-01	-8.43897e-01
3.66866e+00	9.97914e-02	2.96807e-01	-1.73811e+00
4.79835e+00	-2.34474e+00	2.62018e-02	-2.30247e+00
1.19663e+00	-1.87064e+00	5.01150e-01	-1.03300e+00
6.81992e-01	-2.39273e+00	1.20425e+00	-2.41679e+00
7.98786e-01	5.56773e-01	1.28914e+00	-1.91469e+00
1.25972e+00	1.19346e-01	9.80741e-01	-1.59959e+00
4.77943e+00	-2.34910e+00	9.95228e-01	1.79751e+00
4.93598e+00	-1.59189e+00	3.91704e-01	-1.69301e+00
2.61162e-01	-2.46056e+00	3.93728e+00	-2.02160e+00
3.77109e+00	1.04881e-01	4.57195e+00	-3.95802e-01
2.54964e+00	-1.50657e+00	2.13161e-02	-2.39012e+00
3.27380e+00	-8.18394e-01	4.28958e+00	-2.30827e+00
1.19849e+00	-8.89253e-01	4.34496e+00	-3.20817e-01
4.73159e+00	-2.32567e+00	3.66525e+00	-1.51065e+00
2.94634e-01	-2.38447e+00	2.68737e+00	1.77880e+00
1.20074e+00	-2.39665e+00	7.31861e-01	-6.96937e-01
3.89999e+00	1.60535e+00	2.79771e+00	-2.29766e+00
