# No. of particles = 100 
# Proton - Solar wind	Electron - Solar wind	
3.09519e+00	-1.95407e+00	8.64374e-01	-8.75201e-01
1.44894e+00	-2.32024e+00	1.65419e+00	-3.77539e-01
4.49394e+00	-1.84711e+00	3.04228e+00	-1.09170e+00
2.15675e+00	-1.19373e-01	2.79956e+00	-2.49055e+00
3.93437e+00	-2.04405e+00	1.03200e+00	-9.19076e-01
2.95985e+00	-2.30018e+00	1.67528e+00	-1.20560e+00
3.92225e+00	-1.43408e+00	8.38466e-01	-1.34185e+00
1.47694e+00	-2.02859e+00	1.77812e+00	2.37382e+00
1.02352e+00	-1.80716e+00	3.04026e+00	-9.01448e-01
3.85129e+00	-1.91366e+00	7.94007e-01	-1.00737e+00
4.59559e-01	-2.35428e+00	1.69959e+00	-2.39792e+00
1.90500e+00	-2.34851e+00	2.58826e+00	-1.84172e+00
3.35629e+00	-2.14498e+00	7.60498e-02	-2.43656e+00
2.53613e+00	-9.87200e-01	9.96013e-01	8.02342e-01
2.53138e-01	-2.24071e+00	6.60526e-01	-3.23664e-01
6.94541e-01	-2.41791e+00	4.76732e+00	8.08284e-01
3.19633e+00	-1.97681e+00	3.82820e+00	-2.11516e+00
2.35199e+00	-2.22643e+00	1.17940e-01	-2.13712e+00
2.66885e+00	-1.04710e+00	3.05879e-01	-1.63975e+00
2.23062e+00	-2.35240e+00	2.66821e+00	-2.01304e+00
1.20247e+00	-1.07580e-01	1.02849e+00	-2.42920e+00
3.48115e+00	-2.23401e+00	2.98970e+00	-3.17542e-01
1.44923e+00	-1.80440e+00	3.34231e+00	9.35129e-01
1.04281e+00	-1.90008e+00	4.02510e+00	-1.62390e+00
3.98099e-01	-2.30980e+00	3.90618e+00	9.70071e-01
2.00428e+00	1.27551e-02	3.76601e+00	-1.23248e+00
2.99579e+00	-1.66428e+00	2.09928e+00	-2.31114e+00
2.05176e+00	-1.96009e+00	4.86325e+00	-9.76208e-01
2.47848e+00	-2.44506e+00	1.70311e+00	4.57990e-01
1.19170e+00	-2.36953e+00	3.32210e+00	-8.59733e-01
2.62357e+00	-1.83375e+00	4.17641e+00	-6.62469e-01
2.70610e+00	-2.21971e+00	3.33013e+00	-2.37728e+00
2.24034e+00	-1.88039e+00	9.52619e-01	-7.47200e-01
4.09389e+00	-2.29107e+00	6.75053e-02	-9.58260e-01
1.80769e+00	-1.80828e-01	1.45414e+00	-4.86006e-01
2.77278e+00	-2.30282e+00	2.21218e+00	-2.11725e-01
3.96464e+00	-2.33754e+00	1.54317e-01	-2.47869e+00
3.66702e+00	-4.39950e-01	3.88588e+00	-7.15817e-01
1.21154e+00	-1.75349e+00	2.57240e+00	2.29141e+00
2.15317e+00	-1.89911e+00	1.12429e-01	8.86491e-01
1.88855e+00	-1.15865e+00	1.80820e+00	-1.44374e-01
3.25482e+00	-2.14796e+00	1.94874e+00	1.51997e-01
3.42582e+00	-8.66866e-02	3.93639e-01	-2.00860e+00
2.84132e+00	-1.80071e+00	2.38922e+00	-1.42681e+00
3.96630e+00	-1.82124e-01	6.06405e-01	-1.46249e+00
2.33013e+00	6.91462e-01	1.99200e+00	-2.01904e+00
2.13852e+00	-2.25341e+00	1.23341e+00	-2.02438e+00
1.21317e+00	-8.37335e-02	2.25537e+00	1.75395e+00
2.68254e+00	-1.66225e+00	6.41887e-01	-1.66562e+00
3.05547e+00	-1.46536e+00	1.96751e+00	-1.45266e+00
1.96833e+00	-2.02980e+00	5.54793e-01	-2.45844e+00
3.23544e+00	-1.72383e+00	6.90138e-01	-6.00354e-01
2.24545e+00	-7.31816e-01	1.29394e+00	-1.17229e+00
3.34255e+00	-1.31308e+00	1.48888e-01	-2.24571e+00
3.31846e+00	9.50436e-01	5.28057e-01	-2.20288e+00
1.08708e+00	1.20283e-01	2.76153e+00	-5.07860e-01
2.86102e+00	-2.47035e+00	3.97071e+00	-6.81185e-01
4.68925e+00	-1.79302e-02	3.06012e+00	8.18977e-01
2.45939e+00	-2.48067e+00	2.75214e+00	-1.78916e+00
3.26567e+00	-2.25462e+00	3.57763e-01	-1.86882e+00
2.77785e+00	2.33358e-01	1.88450e-01	-2.36696e+00
2.88006e-01	-2.47051e+00	1.77297e+00	-1.37171e+00
2.29405e+00	-2.31670e+00	1.01125e+00	-2.28221e+00
1.06951e-01	-2.23867e+00	4.74809e+00	-1.08412e+00
4.24509e+00	-2.27318e+00	4.02071e+00	-6.68273e-01
2.51094e+00	-2.49409e+00	3.19271e+00	1.12534e+00
3.67683e+00	-2.48341e+00	4.01375e+00	1.27925e+00
2.05922e+00	-2.37052e+00	2.42165e+00	-1.90917e+00
2.03883e+00	-1.38322e-01	3.02494e-01	-2.32726e+00
4.35332e+00	-1.33109e+00	1.67116e+00	-9.31595e-01
3.59215e+00	-1.63083e+00	2.97039e+00	2.09832e-02
4.50011e+00	1.61739e+00	1.02613e-01	-3.33922e-01
3.44819e+00	-9.46630e-01	3.90251e+00	-2.12870e+00
4.12224e+00	-2.36923e+00	9.65314e-01	1.05606e+00
2.44585e+00	-5.02877e-01	1.23335e+00	1.93089e+00
6.59352e-01	-2.29691e+00	3.46635e-01	-2.03432e+00
3.35950e+00	-6.64263e-01	1.40595e+00	-2.43555e+00
2.65386e+00	-1.97617e+00	1.52599e+00	1.61036e+00
3.35289e+00	8.86982e-01	1.35269e+00	-2.32411e-01
2.04186e+00	1.29028e-01	4.67128e+00	-2.27419e+00
1.82821e+00	2.88669e-01	1.18991e-01	-2.21931e+00
3.53501e+00	-1.68413e+00	3.86783e+00	7.11928e-01
1.81966e+00	-1.76972e+00	2.33107e+00	3.97396e-01
2.21824e+00	1.36680e+00	4.80012e+00	-1.12754e+00
3.48476e+00	-1.16919e+00	1.12991e+00	-1.81454e+00
8.69037e-01	-3.92467e-01	1.47303e+00	-2.03997e+00
7.32216e-01	-2.21314e+00	1.65333e+00	-2.23980e+00
7.07541e-01	-2.46170e+00	4.41395e+00	2.76470e-01
2.77134e+00	-2.46226e+00	3.61907e+00	-2.15439e+00
3.55100e+00	-1.10495e+00	1.28721e+00	-1.87082e+00
2.91186e+00	-1.19209e-01	1.10769e+00	-9.90304e-01
6.87720e-01	-2.39937e+00	5.54632e-01	-1.90551e+00
2.94365e+00	-3.28290e-01	1.45039e+00	6.68308e-01
1.97269e+00	-2.26246e+00	1.11925e+00	2.03984e+00
3.79418e-01	1.65921e-01	4.21955e-01	7.65949e-01
3.04789e+00	-2.29627e+00	1.86078e+00	-7.80382e-01
2.90819e+00	-2.32589e+00	4.56701e+00	1.33538e+00
1.51695e+00	-2.07801e+00	2.58017e-01	-2.48390e+00
3.34991e+00	-7.61760e-01	2.80620e-01	-2.04555e+00
4.25088e+00	1.57797e-01	3.23936e+00	-9.52445e-02
