# No. of particles = 100 
# Proton - Solar wind	Electron - Solar wind	
2.84951e+00	-2.06837e+00	1.08417e+00	-1.60231e+00
1.60317e+00	-2.21097e+00	2.16112e+00	5.94352e-01
1.76300e+00	-2.23273e+00	4.58867e+00	3.95115e-02
2.72509e+00	-1.05852e+00	3.56086e+00	-7.61613e-01
3.50914e+00	-1.12181e+00	4.57808e+00	-6.57728e-01
3.07804e+00	-2.20879e+00	3.78454e+00	-1.59659e+00
3.71495e+00	-2.26738e+00	5.23828e-01	7.84136e-01
2.28966e+00	-2.30788e+00	4.17809e+00	1.42605e+00
4.93629e+00	-2.38172e+00	4.33135e+00	-1.34830e+00
2.37954e+00	-2.40482e+00	1.84565e-01	1.81625e+00
7.99645e-01	-2.24186e+00	1.46668e+00	-1.78602e+00
2.74174e+00	-2.32880e+00	1.83238e-01	1.37484e+00
3.39134e+00	-2.36526e+00	8.56949e-01	-2.39689e+00
4.48471e+00	-1.87468e+00	1.25226e+00	-1.76160e+00
2.31644e+00	-1.61430e+00	2.29086e+00	-6.35612e-01
2.52055e+00	-1.21004e+00	1.75384e-01	-1.56800e+00
2.94161e+00	-1.89245e+00	2.41512e-01	-2.23367e+00
2.85831e+00	-1.98521e+00	5.78299e-01	-4.57398e-01
3.26190e+00	-2.45830e+00	6.59696e-01	-1.46636e+00
2.85603e+00	-1.95799e+00	4.77201e+00	4.69365e-01
2.51815e+00	-1.30860e+00	4.20576e+00	-2.31738e-01
3.58183e+00	-1.38837e+00	1.46052e+00	-2.33133e+00
1.79179e+00	-2.02962e+00	1.87987e+00	-6.72945e-01
2.03727e+00	-1.80666e+00	5.93092e-01	-2.01826e+00
2.05786e+00	-1.62358e+00	4.18240e-01	-1.76799e+00
2.89325e+00	-1.45191e+00	8.20685e-01	-1.60243e+00
2.96361e+00	-1.49110e+00	1.58964e+00	-2.13005e+00
2.59775e+00	-1.44449e+00	4.05830e+00	1.12110e+00
2.93506e+00	-1.59753e+00	2.86179e+00	1.12941e+00
3.10857e+00	-3.43482e-01	6.24040e-01	-2.34755e+00
3.47719e+00	-1.84303e+00	2.20259e+00	-4.64744e-01
3.05841e+00	-1.62332e+00	1.59092e-01	-2.21707e+00
2.67657e+00	-1.88790e+00	1.15415e+00	8.87948e-01
4.43824e+00	-1.01866e+00	8.55195e-01	-2.47000e+00
3.07357e+00	-1.67741e+00	6.01827e-01	-5.85982e-01
2.91693e+00	-1.04608e+00	2.82834e+00	-1.22639e+00
3.56893e+00	6.76944e-01	1.94147e+00	-8.67067e-01
3.37169e+00	-9.09112e-01	9.27345e-01	2.26974e+00
4.02136e+00	4.93690e-01	1.41380e+00	-4.64640e-01
2.82618e+00	-7.30257e-01	3.99357e+00	1.44302e-01
2.76107e+00	-8.56177e-01	4.10060e+00	5.36822e-01
3.63548e+00	1.75674e-01	5.63684e-01	-3.06636e-01
3.47227e+00	3.70639e-01	3.28078e+00	-1.82127e+00
2.65752e+00	-4.21760e-02	1.83549e+00	-1.55951e+00
1.55388e+00	-7.02416e-01	1.94393e+00	-2.24209e+00
2.93673e+00	-9.13538e-01	3.82570e+00	1.91547e+00
2.88186e+00	-4.75594e-01	4.14383e+00	-1.83593e+00
2.32818e+00	4.59661e-01	1.33200e+00	1.39333e+00
3.40208e+00	-5.50146e-01	6.25732e-01	-2.43622e+00
3.17573e+00	-1.04437e+00	4.79035e+00	4.69194e-01
2.91753e+00	-4.41410e-01	2.13667e-01	-1.14942e+00
2.95029e+00	-1.17519e-01	2.97449e+00	-5.26580e-01
2.57205e+00	-1.72970e-01	1.71863e+00	-1.52056e+00
3.93716e+00	-1.07768e+00	5.52034e-01	-1.64006e+00
4.53357e+00	-7.28370e-01	3.72946e+00	4.31148e-01
4.08136e+00	-1.52482e+00	3.85550e+00	5.56466e-01
3.14786e+00	4.11738e-01	2.78666e+00	-9.76344e-01
4.44449e+00	-1.66256e+00	3.69034e+00	-1.02712e+00
3.00777e+00	7.24837e-01	5.80449e-01	-1.96751e+00
3.19614e+00	-2.06789e-01	1.87698e+00	-8.03293e-01
3.10095e+00	7.67079e-03	2.46423e+00	-1.61165e+00
4.41402e+00	-1.39410e-01	2.49369e+00	2.18844e+00
2.77142e+00	4.47802e-01	4.37280e+00	-8.42632e-01
3.27222e+00	-3.43189e-01	1.43453e+00	-8.80622e-01
1.66176e+00	-7.24224e-01	8.88932e-01	-1.10279e-01
3.01167e+00	-2.90713e-02	4.66435e+00	-5.15025e-01
3.67237e+00	-7.49122e-02	1.60660e+00	-1.80929e+00
2.80712e+00	6.01143e-01	1.08535e+00	-1.80354e-01
2.67513e+00	2.72861e-01	9.61157e-01	-2.34144e+00
3.83361e+00	1.11566e+00	1.53662e+00	-1.05874e+00
4.08367e+00	7.52714e-01	3.63706e-01	-2.46164e+00
1.76361e+00	7.29410e-01	1.03089e+00	-7.40578e-01
2.85582e+00	3.74289e-01	4.18901e-01	-2.43483e+00
3.04393e-01	-2.40214e+00	2.55324e-01	2.41307e-01
2.91358e+00	1.76851e-01	7.69992e-01	-3.86461e-01
3.80773e+00	-1.13573e-01	4.50122e+00	3.21261e-02
3.00424e+00	9.31731e-01	1.95432e+00	-1.46878e+00
3.04399e+00	1.21606e+00	2.81358e+00	2.37448e+00
3.63164e+00	8.96696e-01	2.07870e+00	-2.12592e+00
2.36395e+00	1.73622e+00	3.29797e+00	1.28516e+00
2.86635e+00	5.78052e-01	5.80201e-01	1.70294e+00
3.17210e+00	1.11763e+00	1.92273e+00	3.55319e-01
2.44322e+00	1.40526e+00	9.80813e-01	1.83246e+00
2.67175e+00	9.45886e-01	6.80707e-02	9.42033e-01
4.61593e+00	3.72748e-01	1.51326e+00	9.15985e-01
2.48653e+00	2.19382e-01	1.84197e+00	2.13499e-01
2.80663e+00	1.59273e-01	1.99367e+00	1.24622e-02
2.25891e+00	1.86715e-01	4.98175e+00	-1.14125e+00
3.09323e+00	1.77530e+00	1.70520e+00	1.33024e+00
3.02709e+00	1.02778e+00	1.36404e+00	-8.85402e-01
2.81138e+00	1.76782e+00	4.20778e+00	-3.98767e-02
2.12114e+00	1.70646e+00	2.02679e+00	3.41675e-02
3.27964e+00	1.66215e+00	2.12500e+00	-8.88809e-01
2.70867e+00	9.65984e-01	7.55503e-01	-5.21771e-01
2.08353e+00	2.61908e-01	1.97790e+00	-8.52824e-02
3.29280e+00	1.45594e+00	1.67881e+00	-2.30433e+00
3.41224e+00	-1.92519e-01	3.26120e+00	-2.18768e+00
2.75147e+00	8.05046e-01	2.76971e+00	2.37217e+00
3.06975e-01	-2.38972e+00	1.19787e+00	9.33546e-01
4.08746e+00	1.55516e+00	4.77445e+00	-1.58603e+00
