# No. of particles = 100 
# Proton - Solar wind	Electron - Solar wind	
7.66694e-01	-2.30276e+00	2.09479e-02	-1.76632e+00
3.41691e+00	-2.24897e+00	6.97902e-01	-1.60619e+00
1.10811e+00	-2.20304e+00	2.10742e-01	-2.41508e+00
4.14013e+00	-3.77188e-01	3.11026e+00	-2.17632e+00
1.00728e+00	-2.34432e+00	1.69094e+00	-2.18299e+00
7.93481e-02	-2.40885e+00	4.23486e+00	8.04678e-01
1.01360e-01	-2.48145e+00	1.97069e+00	8.19843e-01
4.13753e+00	-1.63362e+00	1.87567e+00	1.59501e+00
2.66901e+00	-1.12149e+00	1.27546e-01	-2.37502e+00
1.10750e+00	-2.12992e+00	4.56068e+00	-6.37803e-01
2.42149e+00	-2.49817e+00	3.60267e-01	-2.44160e+00
3.48213e+00	-2.22581e+00	7.23435e-01	-2.08494e+00
6.13438e-02	-1.08945e+00	3.30874e+00	8.15172e-01
3.69955e+00	-3.39584e-01	4.62878e+00	5.26917e-01
2.49950e+00	-1.37864e+00	2.18176e-01	-2.36242e+00
9.79721e-01	-2.26883e+00	7.40714e-01	-1.83755e+00
3.91705e-01	-2.25589e+00	4.45018e+00	-2.08558e+00
4.27006e+00	-2.22845e+00	4.30783e-02	-2.12982e+00
3.86811e+00	-4.96557e-01	3.40345e+00	2.25108e+00
4.14911e+00	-2.37404e+00	1.20222e+00	-5.78966e-01
2.82944e+00	3.87127e-01	1.27720e-01	-2.35574e+00
7.22468e-01	-2.32653e+00	4.46639e+00	-2.32123e+00
3.35790e+00	-1.14840e+00	1.03242e+00	-1.27671e+00
3.17476e+00	-1.22814e+00	4.03245e+00	-2.32939e+00
2.43730e+00	-2.27664e+00	4.06703e+00	-8.54579e-01
3.85324e+00	1.24106e-01	2.21270e+00	-2.26094e+00
2.41866e-01	-2.36867e+00	1.69726e+00	-2.17016e+00
3.93859e+00	-1.39495e+00	1.05235e+00	-2.10785e+00
4.40458e+00	-2.47871e+00	2.54439e+00	-1.79913e+00
2.05818e-01	-2.45884e+00	3.48757e+00	-5.94042e-01
4.12642e+00	-1.43940e+00	7.16217e-01	-1.05528e+00
4.64124e+00	-2.09016e+00	2.16771e+00	-1.80539e+00
4.41072e+00	-1.54323e+00	4.48815e+00	-8.34834e-01
9.38336e-01	-5.94770e-01	1.46471e+00	-2.46789e+00
3.09289e+00	-3.79103e-01	1.09403e+00	2.15314e-01
4.96061e+00	-2.32288e+00	2.72901e+00	-1.12693e+00
4.96955e-01	-1.52617e+00	7.91635e-01	1.66654e+00
9.99356e-01	-2.34472e+00	1.80154e+00	4.68108e-01
2.55864e+00	-1.08509e+00	1.61301e+00	1.44461e+00
3.96207e+00	-1.62513e+00	7.54795e-01	1.43932e-02
3.70656e+00	-1.12687e+00	8.63864e-01	-1.77600e+00
7.81327e-02	-2.47440e+00	3.89012e+00	-2.14895e-01
4.37455e-01	-2.25401e+00	3.98999e+00	1.16930e+00
3.15539e-01	4.98922e-01	2.74452e+00	-2.19919e+00
4.98878e+00	3.83976e-02	2.64140e+00	1.18235e+00
4.12989e+00	8.03372e-01	3.69193e+00	-1.84162e+00
3.85965e+00	-2.14789e+00	6.56816e-01	-1.99880e+00
3.16298e+00	-9.32180e-03	4.81092e+00	2.47188e+00
1.03747e-01	-2.36697e+00	6.74391e-01	-1.06102e+00
9.52993e-02	-3.54991e-01	3.45469e+00	-8.65484e-01
3.51267e+00	-1.78128e+00	1.06130e+00	-2.45685e+00
5.97414e-01	-2.21686e+00	5.92181e-01	-1.99334e+00
4.67010e+00	-7.13486e-01	4.96986e+00	-2.28789e+00
4.98555e+00	-7.04361e-01	3.27160e-01	-2.10428e+00
1.69188e-01	-2.06025e+00	4.20874e+00	2.25533e+00
1.97949e+00	-2.12501e-01	2.74877e+00	-2.32856e+00
4.81069e+00	-2.49157e+00	3.51834e-01	-7.42475e-01
1.98791e+00	-1.82009e+00	1.41028e+00	1.51847e+00
7.47762e-01	-8.52816e-02	2.91063e+00	2.03395e+00
3.95893e-01	-2.36246e+00	4.45585e-01	1.52423e+00
4.71250e+00	2.71217e-01	1.46646e+00	8.63843e-01
1.10948e+00	5.50180e-02	1.72245e+00	-1.39624e+00
4.31480e+00	-2.16073e+00	1.49819e+00	1.16725e+00
2.25111e+00	-2.29607e+00	3.65228e+00	1.80630e+00
1.78788e+00	-2.39472e+00	3.29813e-01	-2.10759e+00
1.90896e+00	-1.53074e-01	2.79415e+00	-1.76240e+00
6.87266e-01	-2.37656e+00	1.95408e+00	1.94823e+00
3.90585e+00	-2.28667e+00	2.53531e+00	3.23774e-01
4.00761e+00	-1.21177e-01	5.12510e-01	-2.10916e+00
1.61742e+00	-2.37819e+00	4.99394e+00	-3.99963e-01
4.17586e-01	-2.40600e+00	4.59210e+00	-1.67949e+00
9.97619e-01	2.26194e-01	3.64621e+00	-1.37404e+00
5.81914e-01	5.87479e-01	4.00401e+00	-1.87726e+00
1.07969e+00	-2.30941e+00	2.24119e-01	-1.36830e+00
4.37618e+00	-4.47077e-01	7.78871e-01	-2.31916e+00
2.57443e+00	-2.30553e+00	1.89771e+00	2.30918e+00
6.24338e-01	-2.45102e+00	8.08974e-01	1.42349e+00
4.56713e+00	-1.67339e+00	3.58203e+00	-2.09996e+00
3.25088e-01	4.98884e-01	3.78407e+00	-3.23181e-01
3.65166e+00	-3.87336e-03	1.55282e+00	-1.58644e+00
3.81034e+00	-2.25534e-01	1.84589e-01	-9.82719e-01
7.83584e-01	-2.36135e+00	7.06086e-01	-2.45008e+00
4.17402e+00	-9.65872e-01	4.02142e+00	-6.88423e-01
4.36032e+00	1.98294e+00	3.57337e-01	-1.91237e+00
7.21956e-02	7.60898e-01	4.78679e+00	1.03983e+00
2.43126e+00	-3.69868e-01	4.63804e+00	-1.09868e+00
2.55355e+00	-2.09310e+00	1.67907e+00	-1.73704e+00
1.00288e+00	1.81860e+00	2.63284e-01	1.46875e+00
4.71412e+00	-2.48109e+00	4.93818e+00	2.17460e+00
5.62770e-01	3.89390e-01	2.67688e+00	-1.43728e+00
3.33759e-01	-2.34160e+00	3.90722e+00	7.92586e-01
2.99028e+00	-2.40722e+00	1.13087e+00	-2.37780e+00
4.83544e+00	-5.76436e-01	7.68237e-02	-1.48075e+00
3.81266e+00	-2.29728e+00	4.90165e+00	-1.71900e+00
2.00950e+00	-1.59252e-01	2.94983e+00	5.39008e-01
4.99226e+00	-2.29570e+00	2.18593e+00	-1.58856e+00
4.66821e+00	-2.38182e+00	6.33430e-01	-2.56313e-01
2.87037e+00	-1.77594e+00	1.43503e+00	-2.40150e+00
4.63964e+00	-7.17640e-02	1.63049e+00	-1.72149e+00
1.17743e+00	-2.03807e+00	3.22044e+00	-7.87363e-01
