# No. of particles = 100 
# Proton - Solar wind	Electron - Solar wind	
4.21392e+00	-1.83427e+00	4.54852e+00	2.15483e+00
2.21768e+00	-2.29240e+00	1.31057e+00	-7.25540e-01
4.94609e+00	-1.78326e+00	4.08455e+00	8.10813e-01
2.93151e+00	-2.20082e-01	2.53443e+00	-1.43211e+00
4.82959e+00	-1.94130e+00	1.94938e+00	1.74639e+00
3.78135e+00	-2.28556e+00	2.67512e+00	-4.20334e-01
4.75933e+00	-1.26091e+00	1.28074e+00	-4.97438e-01
2.51623e+00	-1.87431e+00	1.53413e+00	-5.64176e-01
1.66629e+00	-1.53932e+00	3.47311e+00	-6.35699e-01
4.77208e+00	-1.80207e+00	1.81844e+00	1.30870e+00
1.22594e+00	-2.41048e+00	6.89872e-01	-1.75830e+00
2.52107e+00	-2.30058e+00	4.67108e+00	-2.22998e-01
4.01436e+00	-2.10787e+00	1.41099e+00	6.91774e-02
2.99059e+00	-7.34225e-01	1.30784e-01	-2.41798e+00
1.13062e+00	-1.90397e+00	1.55985e+00	1.83929e+00
5.57993e-01	-2.47976e+00	4.29857e-01	-1.49574e+00
4.16159e+00	-1.83818e+00	1.15082e+00	-2.28227e+00
3.10124e+00	-2.22721e+00	4.13867e-01	-2.09428e+00
3.13731e+00	-8.32042e-01	1.53516e+00	-1.28821e+00
2.98003e+00	-2.36085e+00	2.10796e-01	-1.27431e+00
1.83800e+00	8.56647e-02	9.75529e-01	-1.91749e+00
4.25188e+00	-2.20371e+00	1.63105e+00	-2.26623e+00
2.19480e+00	-1.54815e+00	3.04919e-01	4.68251e-01
1.87560e+00	-1.63760e+00	8.58769e-01	1.43129e+00
1.19466e+00	-2.29685e+00	9.37203e-01	-2.34282e+00
2.72653e+00	5.62517e-02	3.31641e+00	2.18693e+00
3.88267e+00	-1.46110e+00	7.96144e-01	-1.64965e+00
2.78880e+00	-1.73933e+00	5.14871e-01	-2.18165e+00
3.23086e+00	-2.45821e+00	6.90925e-01	-1.72674e+00
1.86997e+00	-2.42679e+00	1.00871e+00	1.20982e+00
3.21062e+00	-1.67971e+00	4.79413e+00	8.92618e-01
3.46201e+00	-2.16910e+00	3.27511e-01	-1.27093e+00
3.08814e+00	-1.74869e+00	1.79960e+00	-1.34536e+00
4.83093e+00	-2.27328e+00	9.27730e-01	-1.31618e+00
2.30972e+00	-2.58279e-01	1.48232e+00	-8.49481e-01
3.62740e+00	-2.31065e+00	3.66926e+00	9.06296e-01
4.89735e+00	-2.33268e+00	3.35806e+00	-2.21061e+00
4.54651e+00	-7.10048e-03	6.51793e-01	1.84354e+00
1.73775e+00	-1.49240e+00	5.14797e-01	1.84292e-01
2.85977e+00	-1.79209e+00	4.77816e+00	1.53135e+00
2.59871e+00	-1.14623e+00	4.45953e-01	-1.02823e+00
3.96786e+00	-2.12333e+00	2.70709e+00	8.67982e-03
4.21557e+00	-1.47479e-01	1.79846e+00	-7.67230e-01
3.92691e+00	-1.62509e+00	4.05399e+00	-2.03552e+00
4.36571e+00	-9.59826e-02	9.48303e-01	6.19315e-01
3.03316e+00	7.35177e-01	2.65603e+00	-1.94974e+00
2.81084e+00	-2.21219e+00	3.43422e+00	-1.92510e+00
1.97481e+00	-5.46664e-02	2.83360e+00	4.56093e-01
3.74570e+00	-1.31016e+00	8.59606e-01	-2.20231e+00
3.85815e+00	-1.25420e+00	2.54844e+00	-1.22330e+00
2.57159e+00	-1.93273e+00	3.11562e+00	3.97657e-02
4.20917e+00	-1.56100e+00	2.76070e+00	4.23723e-01
3.19258e+00	-7.24656e-01	4.90547e-02	-2.02526e+00
3.98434e+00	-1.07530e+00	2.30175e+00	-2.02074e+00
4.11536e+00	1.07887e+00	3.61609e-01	-2.01472e+00
1.43568e+00	-9.71054e-03	1.07281e+00	1.46178e+00
3.62261e+00	-2.47864e+00	4.96685e+00	-2.83084e-01
5.68131e-01	-2.16533e+00	1.81880e+00	9.14068e-01
3.17021e+00	-2.49802e+00	4.49979e+00	-1.46268e+00
4.11333e+00	-2.19143e+00	3.35919e+00	-1.86955e+00
3.53357e+00	2.48147e-01	4.21856e-01	-2.42116e+00
9.60118e-01	-2.49465e+00	2.03860e+00	-9.42773e-01
3.08341e+00	-2.25577e+00	2.54639e+00	9.62919e-01
9.44514e-01	-2.26109e+00	4.46315e-01	-1.70632e+00
1.17746e-01	-2.33432e+00	5.32690e-01	-1.22219e+00
4.57035e-01	-2.71620e-01	2.13024e+00	2.08583e+00
4.47253e+00	-2.49250e+00	1.82175e+00	-1.58826e+00
2.78056e+00	-2.33776e+00	2.36547e+00	-1.95792e+00
2.80789e+00	-1.31625e-01	4.85192e-01	-1.23419e+00
4.53238e-01	-2.48256e+00	1.30165e+00	-1.97954e+00
4.28604e+00	-1.83369e+00	1.94072e+00	-1.96694e-01
4.95317e+00	1.76440e+00	3.72342e+00	8.15651e-01
4.54986e+00	-1.09681e+00	2.95125e-03	-2.30387e+00
4.89366e+00	-2.36845e+00	3.10155e+00	-3.92207e-01
3.19989e+00	-4.81080e-01	4.71828e+00	-3.18795e-02
1.40743e+00	-2.30028e+00	3.03171e+00	1.21258e+00
4.32735e+00	-8.36996e-01	2.14348e+00	-1.62426e+00
3.40123e+00	-1.85790e+00	1.31725e+00	-1.16082e-01
4.08567e+00	1.04733e+00	2.02790e+00	-2.28361e+00
2.67069e+00	7.71133e-02	7.46644e-01	-7.18884e-02
2.60248e+00	8.78084e-02	4.15782e+00	-1.28697e+00
4.46943e+00	-1.47266e+00	3.51576e+00	6.26268e-01
2.73933e+00	-1.45571e+00	1.31359e-01	-2.40788e+00
3.05499e+00	1.60748e+00	4.89951e+00	-4.92181e-01
4.09549e+00	-9.58381e-01	2.55838e+00	-6.99553e-01
1.47928e+00	-3.83639e-01	2.70936e+00	-1.67228e+00
1.44368e+00	-2.16625e+00	4.15770e+00	-1.88782e+00
1.60162e+00	-2.49601e+00	1.86097e+00	3.86374e-01
3.53024e+00	-2.46962e+00	3.52103e+00	-7.48349e-01
4.51172e+00	-7.08183e-01	1.83005e+00	-1.70147e+00
3.88171e+00	-1.02903e-01	4.39516e+00	-1.82110e+00
1.58716e+00	-2.40244e+00	4.57693e+00	1.46466e+00
3.68263e+00	-4.25222e-01	2.90972e+00	1.37852e+00
2.69143e+00	-2.27606e+00	1.80985e-01	-2.28006e-01
1.01617e+00	3.89005e-02	7.63337e-01	1.49724e+00
3.80741e+00	-2.29604e+00	3.53980e-01	-2.28439e+00
3.59570e+00	-2.34774e+00	4.11482e+00	-2.43271e+00
2.04563e+00	-1.96001e+00	1.95544e+00	-2.20657e+00
3.85371e+00	-4.92230e-01	2.78746e-01	-4.96280e-01
5.82532e-02	-2.45939e+00	4.50702e-01	7.14056e-02
