# No. of particles = 100 
# Proton - Solar wind	Electron - Solar wind	
1.49180e-01	-2.41019e+00	3.48694e+00	1.38906e+00
2.89417e+00	-2.26790e+00	3.49738e-01	-9.35624e-01
5.91516e-01	-2.21536e+00	4.96382e-01	-5.03549e-01
3.61329e+00	-3.08706e-01	9.47865e-02	-2.33900e+00
5.09369e-01	-2.35133e+00	1.01700e+00	-1.88297e+00
4.50427e+00	-2.27269e+00	3.55497e+00	2.70698e-01
2.83360e-01	-2.37357e+00	1.66994e+00	2.45643e-01
3.43081e+00	-1.73853e+00	4.19298e-01	-2.12360e+00
2.23193e+00	-1.30362e+00	8.38082e-01	1.40006e+00
5.83012e-01	-2.32293e+00	2.42122e+00	-1.19577e-01
1.90035e+00	-2.45995e+00	3.00668e+00	6.69799e-01
3.06320e+00	-2.25840e+00	2.98448e-01	-1.26228e+00
4.59346e+00	-2.07522e+00	2.78807e+00	2.42665e+00
3.39052e+00	-5.11607e-01	2.66811e+00	-7.56754e-01
1.90281e+00	-1.60763e+00	7.83374e-01	-1.06041e+00
4.33984e-01	-2.27300e+00	2.17207e+00	-2.17355e+00
4.84296e-03	-2.38375e+00	3.01200e+00	-2.17132e+00
3.76058e+00	-2.22791e+00	1.46830e-01	-2.41648e+00
3.54956e+00	-6.42794e-01	2.58907e+00	7.08311e-01
3.63951e+00	-2.36829e+00	4.51207e-01	-1.84628e+00
2.39728e+00	2.55720e-01	1.16235e-01	-1.94271e-01
4.93012e+00	-2.17705e+00	3.23047e+00	-2.29726e+00
2.85091e+00	-1.32265e+00	8.74433e-01	-1.90612e+00
2.60846e+00	-1.40662e+00	3.01762e-01	-1.18795e+00
1.89564e+00	-2.28545e+00	1.71432e+00	-1.82022e+00
3.36211e+00	9.45286e-02	1.23879e+00	-2.29032e+00
4.66313e+00	-1.28231e+00	2.44802e+00	-2.09128e+00
3.43740e+00	-1.54507e+00	5.19749e-01	-2.37584e+00
3.89296e+00	-2.46977e+00	2.62442e+00	1.41091e+00
2.46684e+00	-2.47718e+00	1.29709e+00	-2.34304e+00
3.72722e+00	-1.54415e+00	3.83757e+00	-1.63870e+00
4.12722e+00	-2.12457e+00	3.30886e+00	7.70287e-02
3.83421e+00	-1.63279e+00	3.66604e+00	-2.37514e+00
4.23007e-01	-5.09854e-01	1.23685e+00	9.29226e-01
2.75150e+00	-3.26436e-01	2.70166e-01	-1.64262e+00
4.37947e+00	-2.31755e+00	4.11316e+00	-2.07554e+00
2.62513e-01	-1.58052e+00	2.54144e-01	-2.05093e+00
4.82456e-01	-2.44601e+00	6.64647e-01	-2.41665e-01
2.20082e+00	-1.26263e+00	9.98589e-02	-2.30441e+00
3.48158e+00	-1.69790e+00	1.02340e+00	-1.24190e+00
3.22365e+00	-1.13531e+00	5.60042e-01	-8.73922e-01
4.59533e+00	-2.10165e+00	3.37444e+00	-1.17439e-01
4.91055e+00	-2.00976e-01	3.03471e+00	3.25174e-01
4.88224e+00	-1.47054e+00	2.63023e-01	-2.41460e+00
4.71719e+00	-2.01784e-02	2.85457e+00	2.06255e+00
3.65183e+00	7.73646e-01	3.24039e+00	-1.88875e+00
3.40248e+00	-2.17592e+00	3.38267e+00	1.39424e+00
2.64506e+00	-2.90874e-02	9.06990e-01	2.12586e+00
4.68128e+00	-1.00033e+00	5.11357e-01	-2.13159e+00
4.56451e+00	-1.06838e+00	3.05966e+00	-1.02145e+00
3.10246e+00	-1.84730e+00	3.44832e+00	-7.21059e-01
4.90158e-02	-2.27883e+00	1.47107e+00	6.45876e-01
4.02605e+00	-7.18355e-01	1.09609e+00	-2.39277e+00
4.54912e+00	-8.66052e-01	4.32806e+00	2.41700e+00
4.81663e+00	1.19189e+00	2.18303e+00	1.44539e+00
1.74244e+00	-1.24105e-01	2.14433e+00	2.47992e+00
4.29281e+00	-2.48593e+00	1.66450e-01	-1.72748e+00
1.36903e+00	-1.97058e+00	8.79721e-01	-3.40394e-01
3.94961e-01	-2.59132e-01	1.46403e+00	-8.97922e-01
4.85928e+00	-2.13582e+00	2.49019e+00	1.66646e+00
4.19861e+00	2.61161e-01	6.27252e-01	-2.46886e+00
5.45371e-01	-5.52710e-02	4.81091e+00	1.33865e+00
3.77804e+00	-2.20216e+00	6.72099e-01	-1.22397e+00
1.68157e+00	-2.28082e+00	2.25481e+00	2.75160e-01
1.05987e+00	-2.36839e+00	1.80330e+00	7.16560e-01
1.27607e+00	-2.04748e-01	3.95925e-01	2.00808e+00
1.61263e-01	-2.30456e+00	1.34275e+00	-5.98086e-01
3.41534e+00	-2.30894e+00	2.37565e+00	7.85541e-01
3.48465e+00	-1.25731e-01	1.14614e+00	2.26596e+00
1.10995e+00	-2.42368e+00	3.38448e+00	-1.08850e+00
4.89667e+00	-2.01221e+00	3.85968e+00	-2.00971e+00
5.27328e-01	2.30897e-01	1.51082e+00	-1.67211e+00
4.77215e-01	-2.48445e+00	1.41843e+00	-2.20647e+00
5.69254e-01	-2.31494e+00	6.36737e-01	-6.24213e-01
3.86344e+00	-4.61899e-01	1.37294e+00	-1.74284e+00
2.06574e+00	-2.30324e+00	8.71731e-01	-5.00933e-01
1.41860e-01	-2.45655e+00	4.91146e+00	-1.74199e+00
4.05892e+00	-1.75382e+00	4.01195e+00	1.13011e+00
4.73051e+00	1.18844e+00	1.66088e+00	5.41883e-01
3.22406e+00	3.14285e-02	6.95498e-01	-1.72982e+00
3.28384e+00	-8.89488e-02	3.52436e+00	-2.23935e+00
2.41398e-01	-2.34258e+00	2.05374e-01	8.26684e-01
3.54864e+00	-1.17939e+00	3.71832e+00	-1.53698e+00
3.79133e+00	1.81928e+00	7.29043e-01	-1.18456e+00
4.63292e+00	-7.72869e-01	3.81543e+00	2.81636e-01
2.01630e+00	-3.75871e-01	3.79733e+00	-1.34871e+00
2.06976e+00	-2.12499e+00	2.39694e+00	-2.00260e+00
5.34671e-01	1.79004e+00	3.16308e+00	-2.03321e+00
4.19807e+00	-2.47609e+00	1.94818e+00	-1.78102e+00
1.97110e-01	4.83783e-01	2.30775e+00	-1.55244e+00
4.73517e+00	-8.85539e-02	1.41166e+00	1.62865e+00
2.37866e+00	-2.40514e+00	2.66801e+00	8.84659e-01
4.33293e+00	-5.10523e-01	4.19393e+00	2.00351e+00
3.32392e+00	-2.28803e+00	2.84392e+00	-1.06908e+00
1.57651e+00	-7.28778e-02	1.06375e+00	2.14079e+00
4.47579e+00	-2.29585e+00	1.85735e+00	-2.32083e-01
4.20070e+00	-2.36697e+00	2.12237e+00	-1.08254e+00
2.51087e+00	-1.85618e+00	3.67572e-01	-2.28620e+00
4.29705e+00	-2.55044e-01	8.96575e-01	8.66943e-01
4.39338e-01	-2.20471e+00	3.68257e+00	-1.03091e+00
