# No. of particles = 100 
# Proton - Solar wind	Electron - Solar wind	
2.12648e+00	-2.18352e+00	1.73679e-01	-9.69707e-01
7.52567e-01	-2.21774e+00	1.43519e+00	-2.66941e-01
1.29277e+00	-2.29913e+00	1.03281e+00	-2.39634e+00
1.99597e+00	-1.44469e+00	4.39756e+00	-2.05276e-01
2.57198e+00	-1.46075e+00	2.02947e+00	-1.68788e+00
2.25572e+00	-2.24274e+00	1.93697e+00	-1.98067e+00
2.72327e+00	-2.27257e+00	2.51400e-01	-2.19613e+00
1.67872e+00	-2.33110e+00	2.23778e+00	-1.38270e+00
3.95033e+00	-2.41333e+00	2.63549e+00	9.22124e-01
1.60256e+00	-2.35160e+00	1.10622e-01	-1.46382e+00
1.68189e+00	-2.49794e+00	4.47976e+00	-1.70240e+00
1.94817e+00	-2.33702e+00	3.70958e+00	1.13927e+00
2.48526e+00	-2.21317e+00	9.51246e-01	-4.26648e-01
3.28422e+00	-1.89721e+00	1.81419e-01	-2.26853e+00
1.69859e+00	-1.71981e+00	2.26382e+00	-3.06744e-01
1.84514e+00	-1.40204e+00	5.05602e-01	7.41321e-02
2.15633e+00	-1.92038e+00	4.56298e-01	1.32690e-01
2.09339e+00	-1.99807e+00	3.43863e+00	1.21496e+00
2.38918e+00	-2.33724e+00	3.79869e+00	-7.83924e-01
2.09314e+00	-1.93207e+00	1.93802e+00	5.85163e-01
1.84381e+00	-1.46041e+00	1.41679e-01	-2.17956e+00
2.62224e+00	-1.46965e+00	4.16118e+00	-1.21908e+00
9.74850e-01	-2.19525e+00	1.39165e-01	-2.25935e+00
1.49326e+00	-1.65620e+00	3.87265e+00	1.87620e+00
1.50651e+00	-1.62837e+00	3.29317e+00	6.17531e-01
2.11961e+00	-1.44804e+00	5.09880e-01	-2.24225e+00
2.17249e+00	-1.39318e+00	4.86218e+00	-8.91183e-02
1.90205e+00	-1.39980e+00	1.08919e+00	-1.50747e+00
2.15237e+00	-1.60112e+00	6.70349e-01	-2.38039e+00
2.27862e+00	-5.62276e-01	4.39524e+00	-1.44153e+00
2.54588e+00	-1.71094e+00	1.46914e+00	-2.19520e+00
2.24095e+00	-1.62775e+00	7.29902e-01	1.79525e-01
1.96259e+00	-1.75595e+00	1.59000e+00	4.09472e-01
3.25016e+00	-1.13122e+00	1.63400e-01	-2.30086e+00
2.25224e+00	-1.59075e+00	2.33324e-01	1.51023e+00
2.13878e+00	-1.05245e+00	2.88120e+00	-1.46406e+00
2.61235e+00	3.16601e-01	3.24918e+00	-5.65244e-01
2.46942e+00	-9.02462e-01	9.74854e-02	-2.47551e+00
2.94694e+00	1.06657e-01	1.26221e+00	-1.54187e+00
2.07184e+00	-7.91283e-01	4.18417e-01	-2.16696e+00
2.02199e+00	-8.90101e-01	9.39304e-01	-1.76613e+00
2.66512e+00	-1.37532e-01	2.41083e-01	-1.34041e+00
2.54279e+00	1.19177e-01	3.53456e+00	-3.50157e-02
1.94577e+00	-2.83281e-01	1.07287e+00	-1.95974e+00
1.13850e+00	-7.92003e-01	1.69019e+00	-2.35613e+00
2.14965e+00	-9.12914e-01	8.12313e-01	-1.71587e+00
2.10951e+00	-5.17267e-01	3.94724e+00	1.42034e+00
1.70514e+00	1.03274e-01	7.24555e-01	-5.82031e-01
2.49474e+00	-5.61459e-01	3.99292e+00	-3.21387e-01
2.32588e+00	-7.70351e-01	1.76027e+00	1.49808e+00
2.13754e+00	-4.41402e-01	2.37918e-01	-2.34490e+00
2.16281e+00	-1.59340e-01	1.96258e+00	2.40867e-01
1.88386e+00	-1.46533e-01	9.52875e-01	-2.34113e-01
2.88563e+00	-9.14974e-01	1.54111e+00	7.98100e-01
3.32010e+00	-6.39526e-01	5.88439e-01	-3.47331e-01
2.98931e+00	-1.18612e+00	2.77193e+00	-2.73494e-01
2.30538e+00	2.25756e-01	3.52908e+00	2.44502e+00
3.25560e+00	-1.31880e+00	3.68931e+00	-2.15717e+00
2.20548e+00	4.37163e-01	1.20440e+00	-1.42104e+00
2.34171e+00	-1.23443e-01	4.64662e-01	-1.82424e+00
2.27085e+00	5.89674e-02	5.35502e-01	-2.33100e+00
3.23366e+00	-2.37475e-02	3.49130e+00	5.66485e-01
2.02936e+00	3.76795e-01	1.62973e+00	-1.78275e+00
2.39554e+00	-2.17871e-01	2.54736e-01	1.94672e-01
1.21695e+00	-4.57516e-01	3.87416e+00	1.99985e+00
2.20713e+00	2.40940e-02	3.14157e-01	1.22722e+00
2.68974e+00	-5.42073e-02	4.84278e+00	6.78294e-01
2.05720e+00	5.19246e-01	1.80643e+00	-1.29803e+00
1.96048e+00	2.93242e-01	4.12431e+00	-2.30375e+00
2.80921e+00	9.52156e-01	3.82611e+00	1.22177e+00
2.99151e+00	5.52091e-01	2.24026e+00	-4.58449e-01
1.29243e+00	5.76513e-01	9.91680e-01	-2.09435e+00
2.09173e+00	3.67066e-01	3.14322e+00	1.83201e+00
2.75628e+00	2.10301e+00	2.03055e-01	-1.78147e+00
2.13540e+00	1.91287e-01	3.82186e+00	-2.15264e+00
2.79177e+00	-3.57778e-03	1.35112e-01	-2.38499e+00
2.19954e+00	9.29559e-01	6.21969e-02	-2.25784e+00
2.22969e+00	1.17377e+00	4.80949e+00	2.41272e+00
2.66102e+00	8.94616e-01	3.04837e+00	1.01462e+00
1.73348e+00	1.45212e+00	2.62388e+00	9.23042e-01
2.09815e+00	5.95880e-01	1.54591e+00	-1.08098e+00
2.32349e+00	1.10521e+00	3.82912e+00	2.10757e+00
1.79055e+00	1.20482e+00	4.67033e+00	1.66741e-01
1.95927e+00	9.02101e-01	2.83999e+00	1.05979e+00
3.37999e+00	5.25772e-01	8.47022e-01	5.98136e-01
1.82338e+00	3.50500e-01	4.63031e+00	7.30618e-01
2.05480e+00	3.21307e-01	1.64824e-01	-2.20201e-01
1.65589e+00	3.77972e-01	3.62856e+00	5.70890e-01
2.26492e+00	1.53081e+00	3.50592e+00	1.83481e+00
2.21714e+00	1.07160e+00	2.82233e-01	1.40175e+00
2.05902e+00	1.67414e+00	7.00855e-01	-1.74281e+00
1.55367e+00	1.63877e+00	3.43636e+00	-2.00102e-01
2.40279e+00	1.63683e+00	2.76717e+00	-1.12994e+00
1.98290e+00	1.13974e+00	1.89308e+00	-3.12314e-03
1.52763e+00	5.36787e-01	2.80541e+00	-1.73753e+00
2.41416e+00	1.44895e+00	3.39046e+00	5.14927e-01
2.49819e+00	2.96472e-01	2.43656e+00	1.52368e+00
2.01448e+00	8.86798e-01	4.28636e+00	-8.56332e-01
2.73506e+00	2.32989e+00	3.33203e+00	-2.07876e+00
2.99608e+00	1.47732e+00	2.95497e-01	-2.31340e+00
