# No. of particles = 100 
# Proton - Solar wind	Electron - Solar wind	
4.73385e+00	-3.35950e-01	4.03967e+00	-1.49469e+00
8.91217e-01	-2.23040e+00	2.54959e+00	-2.41791e+00
8.79508e-01	-2.16822e+00	4.72307e+00	2.03667e+00
8.73105e-01	-2.35917e+00	4.36500e-01	-9.62510e-01
2.43958e+00	-2.20513e+00	1.90331e+00	-7.43468e-01
3.79360e+00	-2.12920e+00	1.81826e-04	5.79419e-02
1.82483e+00	-1.93303e+00	1.36201e+00	-2.37950e+00
2.22605e-01	-2.26572e+00	1.19935e+00	-1.96498e+00
4.50374e+00	-1.88947e+00	2.61267e-01	-1.30298e-01
4.05591e+00	-2.35740e+00	4.64783e+00	-6.87359e-01
8.07200e-01	-2.25805e+00	1.29086e+00	5.20892e-01
1.16901e+00	-2.40007e+00	4.47369e+00	-2.57467e-01
2.52533e+00	-2.38251e+00	3.24503e+00	-7.08622e-01
2.37775e+00	-2.39384e+00	2.61208e+00	-1.22945e+00
1.63290e+00	-2.36181e+00	1.62916e+00	-2.05867e+00
2.44645e+00	-1.75930e+00	1.79421e+00	2.09204e+00
8.66357e-01	-2.03986e+00	2.72552e-01	-1.59559e+00
1.55413e+00	-2.27092e+00	3.58446e+00	-1.82675e+00
3.63942e-01	-2.45605e+00	4.68887e+00	-1.26901e+00
1.37628e+00	-2.20048e+00	8.13539e-01	-7.66931e-01
4.43448e+00	-2.26484e+00	4.23668e+00	-2.36143e+00
4.05501e+00	-2.29790e+00	1.81380e+00	-6.91667e-01
5.82086e-01	-2.29333e+00	1.98841e+00	-2.24448e+00
3.72939e+00	-1.46962e+00	2.82056e+00	5.24558e-01
4.90855e+00	-2.04127e+00	1.35760e+00	-6.75286e-01
1.31159e-01	-2.42326e+00	3.07827e-01	-1.75932e+00
6.52640e-01	-2.49067e+00	2.35295e+00	-2.40033e+00
1.59397e+00	-2.28309e+00	3.11749e-01	-1.09564e+00
4.21498e+00	-2.22479e+00	4.64087e+00	2.21683e+00
4.92319e+00	1.84172e-01	5.89180e-01	-8.70354e-01
4.41966e+00	-1.22252e+00	2.80488e-01	-2.43499e+00
4.37855e+00	-2.04683e+00	8.87210e-02	-2.34173e+00
1.40429e+00	-2.47874e+00	1.36041e+00	-1.29067e+00
1.13635e+00	-1.33578e+00	2.28305e+00	2.29760e-01
1.70907e+00	-2.04653e+00	1.34937e-01	2.12819e-01
1.89750e+00	-2.31787e+00	6.86375e-02	-2.31988e+00
3.68260e+00	-7.87768e-01	4.34436e+00	1.89490e+00
2.60354e+00	-2.40682e+00	2.96394e-01	-2.30364e+00
4.89888e+00	-1.44128e+00	1.61412e+00	-2.41551e+00
1.25925e-01	-2.38629e+00	1.95582e+00	7.98655e-01
1.20135e+00	-2.20223e+00	1.74491e+00	-3.69441e-01
3.35063e-01	-2.45421e+00	2.89002e+00	-9.18715e-01
6.22316e-01	-2.18684e+00	3.17926e+00	-1.71140e+00
5.44515e-01	5.17644e-01	2.64483e+00	-1.44828e+00
1.29273e+00	-2.32674e+00	3.59369e+00	-6.27596e-01
2.00916e+00	-1.38178e+00	1.07953e-01	-2.26748e+00
1.85673e+00	-2.46071e+00	1.89620e+00	-1.29814e+00
4.82643e+00	6.80888e-03	2.83630e+00	-2.27631e+00
1.82366e+00	-2.13931e+00	6.67051e-01	-1.54006e+00
2.40490e+00	3.21401e-01	1.71483e+00	-1.74240e+00
7.02582e-01	-2.18154e+00	9.18216e-01	-1.12310e-01
2.67290e+00	8.10084e-01	1.02658e+00	-1.16284e+00
1.78333e+00	-2.47795e+00	1.45015e-01	8.41933e-01
2.28741e+00	-1.73555e+00	3.23514e-01	-1.41104e+00
3.61551e+00	1.83722e+00	3.26757e-01	-1.95101e+00
1.63419e-01	-1.44544e-01	4.62207e+00	5.28249e-01
2.91088e+00	-2.15561e+00	1.79285e-01	-2.44237e+00
4.36598e+00	-2.39199e+00	1.92503e+00	-5.72130e-01
6.87387e-01	-2.08130e+00	3.08798e+00	-4.01779e-01
2.45226e+00	-2.44177e+00	5.82512e-03	1.87135e+00
1.25866e+00	-5.17026e-01	3.89475e+00	-8.56880e-01
3.67795e+00	-2.31300e+00	2.17673e-01	-1.97463e+00
6.94759e-01	-2.30389e+00	2.35795e+00	1.89577e+00
4.44071e+00	-2.28850e+00	2.64192e-01	-2.32593e+00
4.98524e+00	-6.32302e-01	2.89401e-01	-1.99357e+00
9.57642e-02	-2.26576e+00	1.57944e-01	-2.27985e+00
2.37125e+00	1.35563e+00	3.01105e+00	-1.82090e-01
4.64244e+00	1.65093e+00	1.74928e+00	-6.88903e-01
4.19446e+00	-5.55781e-01	4.02377e+00	-2.00361e+00
2.92494e-01	-2.37625e+00	2.12933e-01	-2.26403e+00
2.76485e+00	-8.35136e-01	2.34634e+00	-7.83581e-01
2.50972e+00	-2.37296e+00	3.42659e+00	-5.10551e-01
3.90144e+00	-2.36347e+00	4.55211e+00	-1.61706e+00
2.86555e+00	-2.02114e+00	2.31331e+00	-1.08758e+00
9.81734e-01	-2.17042e+00	2.75316e-01	1.55062e+00
4.39236e+00	-2.49018e+00	3.83298e+00	1.14371e+00
2.31091e+00	-2.39827e+00	3.92253e+00	1.98017e+00
1.83393e+00	1.53443e-01	1.19693e+00	-6.09046e-01
1.03012e+00	9.51442e-03	1.39904e+00	7.18223e-01
7.30814e-02	3.06532e-01	1.14890e+00	-2.39116e+00
2.49397e+00	-2.25113e+00	1.27102e+00	5.94230e-01
3.43007e+00	-2.04185e+00	2.80147e+00	-9.34765e-01
1.00777e+00	-2.49451e+00	3.76910e+00	1.79609e+00
9.40565e-01	-2.28892e+00	4.42213e-01	2.68851e-01
2.89183e+00	-2.30075e+00	2.69174e+00	-1.49433e+00
1.31823e+00	-2.20368e+00	4.95194e+00	-9.44624e-01
4.30493e+00	-2.24624e+00	4.31985e+00	-5.65424e-01
2.80156e+00	-8.35493e-01	4.19933e+00	-4.05967e-01
4.07555e+00	-1.67776e+00	8.26858e-01	-8.52465e-02
1.02092e+00	-2.00473e-01	2.81625e+00	-3.90329e-01
4.52932e+00	-2.10053e+00	2.13760e+00	-3.03569e-01
4.20595e+00	1.57528e-01	1.17121e+00	2.35058e+00
3.41644e+00	-1.77204e+00	1.54125e+00	1.31279e+00
1.31717e+00	-2.05056e+00	2.78395e+00	1.19643e+00
3.63640e+00	-6.37045e-01	1.36934e+00	-1.77947e+00
6.90769e-01	-2.18883e+00	4.65471e+00	1.75354e+00
3.25331e+00	-1.68389e+00	1.86462e+00	-1.20497e+00
2.71539e-01	5.40166e-02	4.35838e+00	-2.01516e+00
9.27819e-01	-2.09311e+00	6.23611e-02	-1.91833e+00
3.36876e+00	7.70153e-01	1.84943e-01	2.23196e+00
