# No. of particles = 100 
# Proton - Solar wind	Electron - Solar wind	
2.39149e+00	-2.35795e+00	4.49804e+00	1.02558e-01
4.04533e+00	-2.34168e+00	9.23960e-01	-1.12114e+00
3.47040e+00	-1.51596e+00	7.88757e-01	-2.01936e+00
3.33136e+00	-2.49659e+00	4.87906e-01	-2.15821e+00
2.36644e+00	-2.28944e+00	3.08921e+00	-1.58767e+00
1.12364e+00	-2.26939e+00	1.52126e-01	-2.37331e+00
4.15222e+00	-2.24633e+00	3.04235e-01	-2.23949e+00
3.13627e+00	-2.21936e+00	1.33401e+00	1.98142e+00
3.69408e+00	-1.37380e+00	8.18598e-01	-6.80338e-01
1.86486e+00	-8.05695e-01	4.64572e+00	2.48469e+00
1.04104e-01	-2.48482e+00	3.73306e+00	-1.10794e-01
1.32067e+00	-2.44068e+00	1.66548e+00	-1.57483e+00
1.25433e+00	-2.44708e+00	1.86375e-01	-2.22459e+00
2.73253e+00	-1.43593e+00	2.26192e+00	1.74011e+00
1.76096e+00	-2.19051e+00	1.01292e+00	-2.39141e+00
4.84866e+00	-2.25761e+00	1.76783e+00	1.70252e+00
3.42092e+00	-2.08649e+00	2.62087e+00	-2.17269e+00
1.37735e+00	-1.82341e+00	1.79751e+00	-1.96787e+00
3.80029e+00	-2.37237e+00	2.07820e+00	-2.32569e+00
1.09253e+00	-2.43464e+00	1.82982e+00	-1.42923e+00
1.56025e+00	-2.46765e+00	2.73278e+00	-1.38692e+00
3.49355e+00	-2.22314e+00	1.81426e+00	-1.90457e+00
2.37777e+00	-2.22964e+00	1.84051e+00	-2.20645e+00
2.78211e+00	2.36706e-01	2.30937e+00	-1.09833e+00
9.87762e-01	-6.33017e-01	1.52776e+00	-2.72975e-03
1.74488e-01	-2.46380e+00	8.36535e-02	-2.23555e+00
1.00096e+00	-1.72736e+00	9.68693e-02	-2.44919e+00
4.14814e+00	-1.56366e+00	2.27095e+00	1.74243e-01
4.81727e-01	-2.40942e+00	1.75400e+00	-2.22965e+00
4.57038e+00	-2.27894e+00	8.61655e-01	8.10684e-01
4.91995e+00	-1.66784e+00	3.36313e+00	-4.04234e-02
1.41977e+00	-1.99666e+00	4.32466e+00	-1.52655e+00
7.72906e-01	-2.10435e+00	1.74401e+00	5.44409e-01
4.37655e-01	-2.23108e+00	7.07060e-02	-2.39797e+00
4.33024e+00	-2.42284e+00	2.21474e-01	-1.92017e+00
1.11789e+00	4.65875e-01	4.41562e+00	1.06958e+00
3.63406e+00	-3.81796e-01	1.10903e+00	-1.26046e+00
3.69121e+00	-1.66060e+00	1.01790e+00	-9.45586e-01
2.62695e+00	-2.02634e+00	1.51167e+00	2.45136e-02
8.17084e-01	-1.01725e+00	3.73348e+00	-1.69672e+00
4.20295e+00	-2.06728e-01	4.67388e+00	-1.13064e+00
3.47708e+00	-8.41761e-01	8.82699e-01	6.54026e-01
3.78772e+00	-2.06997e+00	2.70818e-01	-1.99947e+00
1.96901e+00	-2.45704e+00	1.37538e+00	-1.48303e+00
1.69161e+00	-2.33899e+00	2.56669e+00	9.28538e-01
3.75404e+00	-2.37340e+00	6.88842e-02	-2.17382e+00
1.42381e+00	2.85079e-01	2.78741e+00	-3.94841e-01
3.83169e+00	-6.22316e-01	1.43552e+00	1.09646e+00
4.10878e+00	-2.05945e+00	2.64467e+00	-8.00442e-01
6.92184e-01	-2.32702e+00	6.76873e-01	-1.48524e+00
3.63059e+00	-2.29078e+00	1.93458e+00	-1.64677e+00
1.35460e+00	-2.19410e+00	3.43550e+00	-1.00793e+00
2.38183e+00	-2.47942e+00	3.39059e-01	-2.52896e-01
7.16959e-01	6.62707e-01	7.13598e-01	-1.94110e+00
6.85362e-01	-2.36327e+00	8.57170e-01	-2.37457e+00
1.97209e+00	-1.23200e+00	1.03780e+00	3.62851e-01
7.24952e-01	-2.32654e+00	3.32768e+00	-1.43345e+00
4.39325e+00	-1.47271e+00	6.37706e-01	6.14522e-01
3.13160e+00	-1.97205e+00	1.47309e+00	-8.52243e-01
2.35501e-01	-2.26210e+00	9.97600e-01	-2.19344e+00
4.39023e+00	2.36775e-01	1.49426e+00	2.42969e+00
2.30506e+00	-2.47041e+00	4.66185e+00	7.15439e-01
2.48129e+00	-1.29861e+00	6.44522e-01	4.19270e-01
2.56794e+00	-1.23251e+00	1.00700e+00	8.97510e-01
2.14020e+00	-1.07580e+00	2.62498e+00	-1.84785e+00
3.43636e+00	-2.15172e+00	4.56864e-01	-2.18470e+00
1.68788e+00	-2.41459e+00	1.53129e+00	5.11251e-01
1.50058e+00	-1.16455e+00	6.05553e-02	-2.36606e+00
2.56241e+00	3.29861e-01	3.21014e-01	-1.92089e+00
9.60026e-01	-2.28649e+00	6.37683e-01	9.36232e-01
3.40900e+00	-1.71867e+00	3.08669e-02	-2.84674e-02
9.74622e-01	-2.32549e+00	2.91430e+00	-8.89415e-02
1.59927e+00	-2.05145e+00	2.38747e+00	-2.24334e+00
1.22070e+00	-2.10467e+00	4.57049e+00	-3.93337e-01
3.34163e+00	2.24304e+00	9.68666e-01	-1.94641e+00
5.45207e-01	-1.21270e+00	7.28476e-02	-1.05059e+00
5.80160e-01	-2.36069e+00	2.02524e+00	1.10488e-01
3.80739e+00	-2.19467e+00	4.57413e+00	-8.22738e-01
8.77912e-01	-2.33618e+00	1.90287e+00	-1.91350e+00
2.66472e+00	8.63916e-02	1.70235e+00	-1.03210e+00
1.68784e+00	-2.39788e+00	2.82415e+00	-2.21616e-01
1.76446e-01	-2.33205e+00	4.02808e+00	-1.52516e+00
3.07731e+00	-2.20355e-01	1.50940e+00	6.55347e-01
8.38780e-01	2.66600e-01	3.05800e-01	-1.07270e+00
3.27103e+00	-2.34975e+00	1.53955e-01	-1.30979e+00
3.58696e+00	-2.44483e+00	2.79775e+00	2.03254e+00
2.90087e+00	-9.41595e-01	1.77339e-01	8.63214e-02
2.98467e+00	-2.44210e+00	2.54787e+00	-1.51928e+00
4.99314e+00	-6.74109e-01	1.66849e-01	1.31478e+00
4.88725e-01	-2.45291e+00	3.20106e+00	9.90058e-01
1.75974e+00	-2.07546e+00	1.31062e+00	-1.60089e+00
2.25720e+00	-1.00405e-01	2.93648e+00	-7.46092e-01
1.22805e+00	3.00493e-01	1.08761e+00	-2.22387e+00
1.95150e-01	-2.43199e+00	3.68293e+00	7.44235e-01
2.34072e+00	-1.30942e+00	1.94151e+00	-1.79385e+00
3.59711e+00	-2.89671e-01	8.81375e-01	-3.27017e-02
2.00628e+00	-2.34404e+00	1.82093e+00	-1.38383e+00
2.75646e+00	-1.47030e+00	3.85206e+00	-4.19629e-02
3.32020e+00	-1.61306e+00	4.31761e+00	9.19048e-01
8.64139e-01	1.10321e+00	3.85317e-01	-1.43566e+00
