# No. of particles = 100 
# Proton - Solar wind	Electron - Solar wind	
4.64319e+00	-1.78273e+00	7.44591e-01	1.54775e-02
3.71332e+00	-2.19417e+00	1.73623e-01	-2.33470e+00
2.92953e+00	-2.06801e+00	9.00489e-01	-6.42892e-01
4.53389e+00	-1.00532e-01	5.65918e-01	4.79319e-01
8.36932e-01	-2.39956e+00	4.46655e+00	-5.13287e-01
1.17454e-01	-2.35076e+00	3.52520e+00	8.27476e-01
1.02593e+00	-2.03326e+00	8.98893e-01	-1.44731e+00
3.80526e+00	-2.25030e+00	4.79474e+00	-8.43248e-01
1.32484e+00	-2.38744e+00	1.63598e+00	1.40525e+00
6.65370e-01	-2.29976e+00	4.90611e-01	-1.76468e+00
2.78748e+00	-2.09667e+00	2.19436e+00	-1.87647e+00
4.71040e+00	-2.30840e+00	3.27160e+00	4.48093e-01
1.07937e+00	-2.27339e+00	1.72981e+00	-2.29870e+00
9.63700e-01	-1.86249e+00	3.90877e+00	-5.04033e-01
3.84918e+00	-1.35255e+00	2.22069e+00	-1.73648e+00
4.19608e+00	-7.33723e-01	8.06036e-01	-1.10944e+00
4.88971e+00	-1.82318e+00	4.07507e+00	2.38492e-01
4.75592e+00	-1.95331e+00	4.85082e+00	-1.18453e+00
1.04798e+00	-1.79119e+00	1.25300e+00	-1.19630e+00
4.74859e+00	-2.02230e+00	5.07760e-01	-9.71397e-01
4.19103e+00	-9.31997e-01	2.87612e+00	-2.71232e-01
8.14431e-01	-2.33882e+00	4.21864e-01	-2.25453e+00
3.81844e+00	-1.61871e+00	1.16847e+00	-1.92958e+00
3.38683e+00	-2.17994e+00	8.02346e-01	-1.72428e+00
3.42562e+00	-1.61169e+00	5.32229e-01	-5.59667e-01
4.81248e+00	-1.46150e+00	9.61075e-01	-2.44228e+00
4.92620e+00	-1.73402e+00	4.47775e+00	-1.34926e+00
4.32364e+00	-1.55536e+00	2.60720e+00	-5.88601e-01
4.87673e+00	-1.58862e+00	2.17764e+00	-2.45508e+00
1.49379e-01	-2.37142e+00	1.51472e+00	-1.46502e+00
5.92375e-01	-2.36675e+00	2.08148e+00	-1.33727e+00
9.06428e-02	-2.39480e+00	9.53764e-01	-2.31068e+00
4.44780e+00	-2.21526e+00	8.13340e-01	-1.84498e+00
1.54370e+00	-2.35264e+00	1.88465e+00	-7.29876e-01
7.06563e-02	8.71530e-02	4.56721e-01	1.60396e+00
4.84733e+00	-1.03026e+00	4.19804e+00	3.25633e-01
7.37478e-01	-2.35436e+00	6.60681e-01	-1.24640e+00
6.23981e-01	-1.93761e+00	1.91027e+00	4.84181e-02
3.31887e-01	-2.41725e+00	3.59958e+00	9.20990e-01
4.69755e+00	-5.78864e-01	1.70203e+00	-2.23675e+00
4.59455e+00	-7.72021e-01	1.93984e+00	1.70042e-02
7.87691e-01	-2.23320e+00	1.04571e+00	-1.69687e+00
6.93272e-01	1.23654e-01	1.30973e+00	4.97161e-01
4.42319e+00	5.55951e-01	3.72738e+00	-5.66640e-01
2.58435e+00	-4.80172e-01	2.11326e+00	-1.18216e+00
4.88929e+00	-9.15085e-01	1.42893e-01	-2.08024e+00
4.79787e+00	-3.72210e-01	2.04633e+00	-5.33897e-02
3.87378e+00	1.34377e+00	1.88557e+00	-1.06054e+00
6.39174e-01	-2.35022e+00	2.18171e-01	1.71803e+00
2.78190e-01	-2.19598e+00	2.76656e-01	7.63733e-01
4.85251e+00	-4.41430e-01	1.18441e+00	5.98922e-01
4.90384e+00	-1.37704e-02	3.45218e-01	-2.09648e+00
4.27928e+00	-2.38554e-01	2.84209e+00	-6.12041e-01
1.12193e+00	-2.13580e+00	1.91055e+00	-1.85630e-01
5.61201e-01	5.06053e-01	1.62834e-01	-1.11802e+00
2.28187e-01	-2.41330e+00	8.80235e-01	-1.42057e+00
2.25913e-01	-2.44166e+00	5.24079e-01	-2.05861e+00
1.77068e+00	-7.28120e-02	2.84826e+00	1.19067e-01
4.99805e+00	1.43849e+00	4.85375e+00	1.22596e+00
3.32770e-01	-2.47327e+00	1.92031e+00	-4.53217e-01
1.63050e-01	1.82190e-01	9.28486e-01	-1.54032e+00
1.46683e+00	-2.39050e+00	2.64671e+00	-1.39075e+00
4.61231e+00	6.23954e-01	1.86343e+00	-2.20150e-01
3.66120e-01	-2.30117e+00	1.48758e+00	-2.02669e+00
2.76524e+00	-1.38587e+00	1.25733e+00	-7.11026e-01
5.92071e-03	-2.38236e+00	1.62545e+00	2.78322e-01
9.23692e-01	-2.45193e+00	2.57492e+00	-2.26890e-01
4.66750e+00	8.04310e-01	1.46119e+00	2.05140e+00
4.44799e+00	2.22299e-01	1.88544e+00	-1.60666e+00
1.24609e+00	-2.16028e+00	2.33595e+00	1.28205e+00
1.19127e+00	-9.28939e-01	3.26505e+00	4.75304e-01
2.93251e+00	1.10871e+00	6.26591e-01	-1.51632e+00
4.75135e+00	3.92208e-01	1.73356e+00	2.07564e+00
1.45314e+00	-2.37191e+00	3.88392e+00	-1.06814e+00
4.84406e+00	1.41039e-01	1.78399e+00	-1.17364e+00
1.08456e+00	-2.35451e+00	3.30563e+00	6.24985e-01
1.07556e-02	-6.66097e-02	2.45823e+00	-2.32952e+00
6.79512e-02	-2.38540e+00	3.62436e+00	1.11075e+00
8.17479e-01	3.32170e-01	2.73343e+00	-1.76519e+00
3.92798e+00	2.44100e+00	5.59771e-01	5.07234e-01
4.77207e+00	5.33825e-01	5.71071e-01	-2.29837e+00
3.01905e-01	-2.41582e+00	6.00957e-01	-1.13595e+00
4.06236e+00	1.90249e+00	3.57357e+00	2.61880e-01
4.43926e+00	1.05450e+00	2.17469e+00	1.22398e+00
1.37165e+00	-1.89859e+00	3.16604e+00	1.70450e+00
4.13165e+00	-1.05890e-01	3.51095e+00	1.16115e+00
4.67175e+00	-2.42696e-01	7.55621e-01	3.41485e-01
3.75486e+00	-2.87748e-01	1.43608e+00	-1.60383e+00
1.45555e-01	-2.43681e+00	2.53753e+00	-6.62956e-01
2.26938e-01	-2.47779e+00	1.93376e+00	5.72233e-01
4.67780e+00	2.00021e+00	2.08806e+00	-9.03011e-01
3.52890e+00	1.87437e+00	1.75805e+00	-1.76496e+00
3.86777e-01	7.09447e-03	3.63445e+00	-7.09079e-01
4.50913e+00	5.34929e-01	1.16945e+00	2.22255e+00
3.46259e+00	-4.20004e-01	2.46325e+00	-1.11333e+00
4.19938e-01	-2.29703e+00	3.35846e-01	-2.18337e+00
5.29422e-01	-2.25030e+00	7.20359e-01	1.02754e+00
4.57977e+00	6.02240e-01	2.75944e+00	7.00337e-01
1.60677e+00	-1.69433e+00	3.89141e-01	-2.46434e+00
1.40824e+00	7.26553e-01	3.93219e+00	9.87448e-01
