# No. of particles = 100 
# Proton - Solar wind	Electron - Solar wind	
8.19466e-01	-2.32268e+00	3.34829e+00	-5.18143e-01
2.34213e+00	-2.30119e+00	1.25332e+00	-1.95788e+00
1.95744e+00	-1.85476e+00	7.56512e-01	-2.20584e+00
1.52285e+00	-2.36899e+00	2.24701e+00	1.54468e+00
5.71398e-01	-2.43182e+00	2.83525e+00	-2.09562e+00
4.28783e+00	-7.41488e-01	1.72155e-01	-2.25744e+00
2.62634e+00	-2.29043e+00	2.03575e+00	-1.30403e+00
2.50962e+00	-2.22933e+00	2.62907e+00	-5.30818e-01
1.31757e+00	-2.10437e+00	9.79026e-01	6.26162e-01
6.34087e-01	-4.17988e-01	6.72121e-01	-2.00715e+00
2.96030e+00	-2.02463e+00	3.72475e+00	1.71599e+00
3.59934e+00	-1.27013e+00	3.99122e+00	-6.83754e-01
4.51270e+00	-8.66682e-01	4.46484e+00	-8.56071e-01
1.07497e+00	-1.93936e+00	1.23094e+00	-3.60703e-01
4.08929e+00	-2.43892e+00	4.10768e+00	-2.78864e-01
3.09683e+00	-2.25821e+00	3.91104e-01	-2.15550e+00
1.66495e+00	-2.20475e+00	2.12328e+00	-1.95910e+00
4.51947e+00	-1.01166e+00	1.74948e+00	-1.49222e+00
1.93676e+00	-2.30572e+00	1.09314e+00	-1.82802e+00
3.69420e+00	4.48068e-01	4.39448e+00	1.28558e+00
4.77824e+00	-1.45948e+00	2.53726e+00	1.33879e-01
1.83231e+00	-2.26947e+00	2.32199e+00	-7.28045e-01
6.92129e-01	-2.24196e+00	5.54197e-02	-2.41301e+00
9.74197e-01	5.99534e-02	1.95848e-01	-2.23905e+00
4.95882e+00	-1.85712e+00	7.66400e-01	-1.33396e+00
4.01177e+00	6.92911e-01	4.20151e+00	2.12404e+00
2.29241e-01	-2.29144e+00	3.36775e-01	-2.15777e+00
2.56453e+00	-1.86924e+00	3.60041e+00	-2.45369e+00
1.67656e-02	-2.28868e+00	1.13192e+00	-1.54414e+00
2.28859e+00	-2.34033e+00	1.74808e+00	-1.03625e+00
3.45395e+00	-1.84537e+00	1.69940e+00	-1.95340e+00
1.02945e-01	-2.21206e+00	1.87072e+00	1.34202e+00
2.30941e+00	-2.46356e+00	1.68017e+00	2.78128e-02
4.33291e+00	1.23299e+00	1.05942e-01	-2.37371e+00
2.90167e+00	-2.43458e+00	1.42890e+00	-2.15142e+00
4.42282e+00	-2.16140e+00	3.90346e+00	6.43875e-02
2.05096e+00	-7.68874e-01	3.99019e+00	2.28910e+00
8.60421e-01	-2.14181e+00	2.01242e-02	-2.38780e+00
5.16129e-01	-2.23572e+00	1.48842e+00	1.08652e-01
2.20711e-01	-2.44412e+00	1.27513e+00	-2.14649e+00
2.47619e+00	-2.64642e-01	2.32872e+00	-1.24504e+00
1.87450e+00	-1.65028e+00	2.18567e+00	2.36074e-01
1.71157e+00	-2.26292e+00	2.29060e+00	-1.65634e+00
4.34325e-01	-2.49733e+00	5.19223e-01	-5.95614e-01
4.56479e+00	-1.36149e+00	1.98753e-01	-2.38963e+00
2.01374e+00	-2.31553e+00	8.60539e-02	-9.81826e-02
4.62313e+00	-2.13815e+00	3.17078e+00	-1.14370e+00
2.33367e+00	-1.32179e+00	4.78336e+00	-7.25670e-01
2.66749e+00	-2.12829e+00	2.93067e-02	4.89471e-01
3.51204e+00	-1.65191e+00	2.05083e-01	-2.39243e+00
1.45571e+00	-2.25482e+00	3.01130e+00	1.73517e+00
4.51284e+00	-1.79838e+00	1.57242e+00	2.00138e+00
4.51974e-01	-2.32302e+00	7.39205e-01	2.33889e+00
3.87237e+00	9.12530e-01	3.04761e+00	-9.68252e-01
3.56490e+00	-2.24721e+00	1.90589e+00	1.76946e+00
1.03791e+00	-4.49244e-01	3.76223e+00	3.76330e-01
4.91395e+00	-2.34058e+00	3.33179e+00	-6.90212e-01
1.98517e+00	-2.03906e+00	2.15697e+00	-2.52618e-01
9.98131e-01	-2.34671e+00	3.03325e+00	-1.97364e+00
3.74289e+00	-1.34623e+00	2.23460e+00	-1.29358e-01
2.67571e+00	2.21376e-01	3.98380e+00	-1.90538e+00
4.16905e-01	-2.34088e+00	1.10731e+00	6.15375e-02
1.19129e+00	-1.97114e+00	3.45751e+00	2.47833e+00
1.21683e+00	-1.88518e+00	4.95984e+00	2.25020e+00
8.55242e-01	-1.94877e+00	7.53194e-02	-1.87363e+00
1.79725e+00	-2.25408e+00	8.11567e-01	8.58081e-01
1.14758e+00	-2.47095e+00	2.21704e+00	1.88702e+00
4.09551e-01	-2.16700e+00	1.92035e-01	-2.44583e+00
3.48699e-01	4.36009e-01	3.82954e-01	-1.51408e+00
1.69728e+00	-2.44191e+00	2.35583e+00	6.24543e-01
1.11809e+00	-2.12187e+00	2.67404e+00	1.33223e-01
3.97957e+00	-2.12830e+00	4.52337e+00	-5.13651e-01
4.88411e+00	-5.80474e-01	1.96335e+00	4.73387e-02
4.47411e+00	-7.30310e-01	1.08152e+00	-2.24154e+00
1.88442e+00	1.69364e+00	1.31798e+00	2.37190e-01
2.97913e+00	-2.43796e+00	4.71657e-01	-5.29604e-01
3.81170e+00	-2.36927e+00	3.01040e+00	8.66824e-01
2.26107e+00	-2.30337e+00	4.83248e+00	1.42904e+00
3.87968e+00	-1.66115e+00	1.17664e+00	-3.69550e-02
1.04647e+00	2.89142e-01	8.83245e-01	1.16800e+00
4.45984e+00	-1.27807e+00	7.01888e-01	-2.46737e+00
3.84852e+00	1.14672e+00	6.71396e-01	-2.34535e+00
1.94649e+00	-7.95003e-02	2.83810e+00	-2.23909e+00
4.49386e+00	-2.03000e+00	3.40415e+00	2.11483e+00
2.32555e+00	-2.35284e+00	1.41801e-01	-1.85104e+00
2.00176e+00	-2.42307e+00	2.16881e+00	-7.90625e-01
1.25825e+00	-5.92948e-01	2.03348e-01	-1.66053e+00
1.23507e+00	-2.47122e+00	4.13347e+00	-1.60339e+00
3.67447e+00	-4.25497e-01	7.62717e-01	1.05022e+00
3.55459e+00	4.90948e-01	3.58519e+00	-1.09485e+00
4.84329e+00	-2.37838e+00	3.08796e+00	-2.06761e+00
4.03290e-01	-3.86714e-01	4.27213e-01	8.46709e-01
4.61851e+00	-2.26923e+00	3.59454e+00	1.78626e+00
3.35849e+00	-9.55312e-01	3.66268e+00	1.14525e+00
1.76309e+00	-1.61339e+00	8.82736e-01	-1.49461e+00
1.62754e+00	1.04447e-01	4.27707e+00	-1.95933e-01
3.19178e-01	-2.35542e+00	5.84726e-01	6.99093e-01
1.18410e+00	-1.91866e+00	1.36171e-02	-2.30091e+00
1.67276e+00	-2.03088e+00	3.88383e+00	-1.30852e+00
4.15984e+00	-1.46768e+00	2.95342e+00	-2.69441e-01
