# No. of particles = 100 
# Proton - Solar wind	Electron - Solar wind	
1.85642e+00	-2.11317e+00	1.84190e+00	-1.67451e+00
4.33940e+00	-2.21556e+00	2.53941e+00	1.76107e+00
2.01974e+00	-2.18130e+00	1.00187e+00	-1.93479e+00
9.55957e-02	-2.35016e+00	1.67206e+00	-1.39702e+00
1.88593e+00	-2.33195e+00	1.45570e+00	-8.00976e-01
1.27800e+00	-2.37807e+00	2.71842e-01	-4.15939e-01
9.86012e-01	-2.47825e+00	2.50142e+00	1.83314e+00
3.01471e-01	-2.48794e+00	4.30406e+00	1.25348e+00
3.44034e+00	-8.00079e-01	4.79865e+00	-2.47206e+00
2.03307e+00	-1.78932e+00	1.63814e-01	-1.85367e+00
9.24879e-01	-2.28441e+00	2.82343e-01	-2.27943e+00
4.22140e+00	-2.16830e+00	4.49275e+00	3.71654e-01
1.03305e+00	-9.82627e-01	1.28651e+00	-1.62075e+00
4.24490e+00	-3.60133e-02	8.44289e-01	-2.12874e+00
3.55249e+00	-9.74550e-01	1.57607e+00	-7.24584e-01
1.94279e+00	-2.26149e+00	2.78526e+00	-4.55480e-01
1.07440e+00	-2.03024e+00	4.33115e+00	-6.42747e-01
1.87636e-01	-2.36028e+00	3.69505e-01	-2.30481e+00
4.43027e+00	-2.38491e-01	9.15480e-02	-2.42842e+00
2.88980e-01	-2.49732e+00	2.52753e+00	1.65748e+00
3.59208e+00	6.19021e-01	3.01047e+00	-1.34089e+00
1.74975e+00	-1.97526e+00	2.64558e-01	-2.15139e+00
4.25259e+00	-8.40906e-01	1.25522e-01	-2.28917e+00
4.17411e+00	-9.13161e-01	1.30923e+00	-1.44133e+00
3.39317e+00	-2.26109e+00	1.47514e+00	-6.47324e-01
4.71995e+00	1.76302e-01	3.93137e+00	-2.20908e+00
4.28790e-02	1.36839e-01	3.06348e+00	-1.28431e+00
4.82304e+00	-1.13004e+00	1.99224e+00	-1.63492e+00
2.96850e-01	-2.41189e+00	1.99602e-01	-2.33763e+00
8.60336e-01	-2.46248e+00	8.84267e-01	-5.97907e-01
4.83088e+00	-1.25455e+00	7.81972e-01	-1.38082e+00
1.75815e-01	-2.45638e+00	3.49383e-01	-7.29407e-01
3.97504e-01	-2.27150e+00	3.47254e+00	-1.97039e+00
1.84774e+00	-7.44622e-01	4.56493e+00	-2.12763e-01
3.69532e+00	-4.72045e-01	6.72511e-01	1.06702e+00
8.70704e-01	-2.33708e+00	5.29961e-01	1.08714e+00
9.10675e-01	-1.43028e+00	4.76086e-01	-1.80333e+00
1.91153e+00	-2.16597e+00	2.14064e-02	3.09964e-01
3.19010e+00	-7.71778e-01	2.55290e-01	-2.14397e+00
4.80999e+00	-1.49670e+00	2.10033e+00	-8.75921e-01
4.55875e+00	-1.11198e+00	2.56386e-01	-2.13901e+00
1.90274e-01	-2.44667e+00	4.80014e+00	-3.86876e-01
1.37298e+00	-2.25917e+00	2.17664e+00	-8.24697e-01
9.80194e-01	3.99006e-01	3.08480e-01	-2.20784e-01
7.38118e-01	-7.83994e-01	5.49529e-01	-2.10731e+00
4.97354e+00	8.55830e-01	4.48877e+00	-1.75845e+00
4.66643e+00	-2.09842e+00	2.37923e+00	-1.31683e+00
4.07695e+00	2.55587e-02	2.12181e+00	-5.11718e-01
1.17378e-01	-2.35081e+00	2.84047e+00	2.25298e+00
9.91442e-01	-3.93210e-01	4.15181e+00	-5.90244e-01
4.23658e+00	-1.66479e+00	8.93115e-01	-4.34857e-01
1.56518e+00	-2.10751e+00	1.12808e+00	-1.08059e+00
6.60059e-01	-2.06207e+00	3.19762e+00	6.46496e-01
9.71512e-01	1.11542e+00	3.10753e-01	-3.72603e-01
6.16762e-01	-1.55408e+00	4.24414e+00	7.67457e-01
2.39780e+00	-3.68493e-01	4.28550e+00	2.10080e+00
7.91248e-01	-2.35592e+00	1.93917e+00	-1.94733e+00
3.08005e+00	-1.55451e+00	1.94912e+00	1.89004e+00
1.37035e+00	2.21513e-01	1.73541e+00	2.64405e-01
1.31204e+00	-2.33353e+00	4.93449e+00	-1.62417e+00
6.46662e-01	-2.23130e+00	8.32053e-01	-2.00385e+00
2.10496e+00	2.49646e-01	2.59462e-01	-2.27564e+00
2.45130e-01	2.84651e-01	1.01727e+00	1.97658e+00
3.25619e+00	-2.32297e+00	2.13111e+00	-2.03004e+00
3.07260e+00	-2.44118e+00	3.74677e+00	-5.51203e-01
3.02583e+00	-6.18851e-02	1.41378e-02	-2.49980e+00
1.87543e-02	-2.30679e+00	2.57347e+00	-2.25992e-01
4.77146e+00	-2.24736e+00	2.69663e+00	1.21040e+00
4.93047e+00	-1.13140e-01	4.65294e+00	5.99075e-01
2.51294e+00	-2.29791e+00	1.64208e-01	-2.19624e+00
1.22568e+00	-2.19522e+00	1.17391e+00	-2.01691e+00
1.82754e+00	2.17895e-01	1.09045e+00	-4.79904e-01
1.94941e+00	5.68280e-01	2.25121e+00	-1.55021e+00
1.98046e+00	-2.29964e+00	4.10832e+00	2.15179e-01
2.57782e-01	1.13005e-01	4.36112e+00	-1.40885e-01
3.47213e+00	-2.30958e+00	2.15721e+00	-1.48649e-01
1.47577e+00	-2.44127e+00	3.07792e+00	7.74622e-01
4.63035e-01	-2.44369e+00	4.68019e+00	-5.27304e-01
1.54811e+00	4.75518e-01	1.28416e+00	8.84452e-01
4.40625e+00	-6.61708e-02	1.00981e+00	7.56987e-01
4.73946e+00	-4.66567e-01	1.41967e-02	-8.85573e-01
1.74038e+00	-2.39448e+00	9.41412e-01	-2.04380e+00
2.29202e-01	-7.09051e-02	8.61475e-01	-1.99715e+00
3.51805e-01	-2.37640e+00	3.29216e+00	6.30758e-01
1.22019e+00	6.43493e-01	3.01464e-01	1.62191e+00
3.16356e+00	-3.59275e-01	2.71518e+00	1.95913e-01
3.40731e+00	-2.03683e+00	8.76058e-01	-1.33107e+00
1.82912e+00	1.86899e+00	7.74458e-01	1.22528e+00
3.80524e-01	-2.36076e+00	3.10757e+00	1.24883e+00
1.20805e+00	2.22813e-01	3.32829e+00	-1.23405e+00
1.30709e+00	-2.20259e+00	7.21605e-01	1.07354e+00
4.06960e+00	-2.41091e+00	8.91791e-02	-1.25631e+00
1.18079e+00	-2.35526e+00	2.67158e+00	1.95138e+00
4.67515e+00	-2.31360e+00	1.17165e-01	-2.48710e+00
2.77360e+00	-3.11677e-01	3.82897e+00	-2.54159e-01
6.25825e-02	-2.24753e-01	2.62547e+00	8.91129e-02
6.20169e-01	-2.33115e+00	8.17552e-01	-2.39233e+00
3.50479e+00	-1.63435e+00	1.14068e+00	1.03689e+00
3.41143e-01	-2.29236e+00	2.52230e-01	-5.72419e-01
2.47993e+00	-1.74400e+00	3.36086e+00	1.54811e+00
