# No. of particles = 100 
# Proton - Solar wind	Electron - Solar wind	
4.68378e+00	-1.78396e+00	1.53167e+00	-7.09950e-01
2.54055e+00	-2.28071e+00	3.49256e+00	2.36285e+00
2.42058e-01	-2.22370e+00	2.85629e-01	5.94934e-01
3.25690e+00	-2.62380e-01	3.69739e+00	8.86756e-01
1.72551e-01	-2.35608e+00	8.86750e-01	-1.22241e+00
4.12638e+00	-2.27942e+00	3.09505e+00	-9.05231e-02
5.87170e-02	-2.26606e+00	1.46650e+00	-1.42785e-01
2.95274e+00	-1.80951e+00	2.64164e+00	1.02368e+00
1.93625e+00	-1.42682e+00	3.15315e+00	-1.14463e-01
2.28210e-01	-2.45349e+00	2.24870e+00	2.28145e+00
1.54781e+00	-2.43409e+00	1.79562e+00	-5.99434e-01
2.77981e+00	-2.28045e+00	1.65774e-01	-2.32728e+00
4.29075e+00	-2.09229e+00	2.06824e+00	1.19434e+00
3.18146e+00	-6.27975e-01	1.34178e+00	-1.62512e+00
1.49917e+00	-1.76253e+00	2.52667e+00	-2.40839e+00
6.48082e-02	-2.27581e+00	1.46942e+00	9.29341e-01
4.56699e+00	-1.77996e+00	2.03911e+00	-2.22931e+00
3.41592e+00	-2.22755e+00	8.61009e-01	-1.58942e+00
3.33407e+00	-7.41719e-01	2.03816e+00	-3.35324e-01
3.29478e+00	-2.36440e+00	4.91988e-01	-2.40502e+00
2.10493e+00	1.66828e-01	5.42603e-02	-2.37862e+00
4.57558e+00	-2.19099e+00	2.39441e+00	-2.28104e+00
2.50795e+00	-1.44053e+00	4.16113e-01	2.32842e+00
2.22537e+00	-1.52736e+00	2.08027e+00	-6.28069e-01
1.52922e+00	-2.29141e+00	1.22787e-01	-2.47344e+00
3.02988e+00	7.45202e-02	5.79963e-01	-2.31020e+00
4.25516e+00	-1.37577e+00	3.02721e+00	1.50754e+00
3.09836e+00	-1.64661e+00	3.84743e+00	-1.13682e+00
3.54686e+00	-2.46373e+00	1.61373e+00	-2.29225e-01
2.15484e+00	-2.45084e+00	3.23800e+00	-1.21114e+00
3.45718e+00	-1.61501e+00	2.91454e+00	-1.18332e+00
3.77950e+00	-2.14785e+00	4.26968e-01	-1.56935e+00
3.44422e+00	-1.69337e+00	1.76832e+00	-1.40869e+00
7.44025e-02	-4.52411e-01	2.60342e+00	8.81765e-01
2.52057e+00	-2.90809e-01	3.30035e+00	1.46018e+00
3.98634e+00	-2.31395e+00	9.46786e-01	-1.75327e+00
1.03921e-01	-1.61728e+00	1.49944e+00	-8.64908e-01
4.91590e+00	1.74696e-01	1.18412e+00	2.00996e+00
1.95876e+00	-1.38274e+00	3.25951e-01	-2.02729e+00
3.15655e+00	-1.74714e+00	2.47981e-01	-1.65699e+00
2.89698e+00	-1.14102e+00	4.05716e+00	-1.43099e+00
4.26733e+00	-2.11298e+00	3.02560e+00	-5.15134e-02
4.54727e+00	-1.73011e-01	2.38849e+00	-2.45855e-01
4.38286e+00	-1.55133e+00	3.61278e-01	-2.39919e+00
4.53346e+00	-5.98033e-02	4.69551e-01	-1.79205e+00
3.32843e+00	7.53537e-01	2.93493e+00	-1.92063e+00
3.09321e+00	-2.19488e+00	9.66683e-01	-1.58738e+00
2.29470e+00	-4.24583e-02	4.15078e-01	-2.43245e+00
4.19222e+00	-1.16229e+00	2.97632e+00	-1.38618e+00
4.19527e+00	-1.16551e+00	2.79243e+00	-1.12696e+00
2.82496e+00	-1.89195e+00	4.50791e+00	1.08086e+00
4.61813e+00	-1.49261e+00	6.96085e-03	-2.29485e+00
3.59037e+00	-7.21649e-01	9.58267e-01	4.10739e-01
4.25390e+00	-9.75431e-01	1.39620e+00	-9.32700e-01
4.45006e+00	1.13281e+00	2.84051e+00	7.93746e-01
1.58209e+00	-6.43079e-02	1.58422e+00	1.94771e+00
3.94247e+00	-2.48212e+00	2.97738e+00	1.29235e+00
9.50380e-01	-2.07238e+00	4.00622e+00	-9.38748e-01
1.56302e-01	-3.76736e-01	1.42250e+00	2.53120e-01
4.46935e+00	-2.16489e+00	5.89406e-01	-1.41469e+00
3.85098e+00	2.54358e-01	5.19886e-01	-2.44393e+00
1.63769e-01	-1.29878e-01	3.36175e+00	1.46088e-01
3.41494e+00	-2.23019e+00	1.09397e+00	1.32707e+00
1.29629e+00	-2.27051e+00	1.30946e+00	-7.60614e-01
5.67397e-01	-2.35058e+00	2.67638e+00	-1.27106e+00
8.47939e-01	-2.39703e-01	1.19415e+00	-1.10203e+00
4.80673e+00	-2.49633e+00	3.76728e-01	-2.10052e+00
3.08352e+00	-2.32401e+00	6.12995e-01	-1.59874e+00
3.13089e+00	-1.28812e-01	8.00644e-01	4.36336e-01
7.66671e-01	-2.45446e+00	2.29573e+00	-1.55427e+00
4.57748e+00	-1.91889e+00	3.88065e+00	2.10057e+00
2.09190e-01	2.34078e-01	3.75382e+00	5.66537e-01
3.20733e-03	-2.44259e+00	7.71845e-01	2.32216e+00
2.23960e-01	-2.31868e+00	2.91971e-01	-2.48506e+00
3.51658e+00	-4.71925e-01	3.12164e+00	-8.48473e-01
1.72162e+00	-2.30169e+00	1.77685e-01	-2.40189e+00
4.73385e+00	-9.09543e-01	1.45255e+00	-2.18816e+00
3.71513e+00	-1.80822e+00	2.34196e+00	1.72152e+00
4.39343e+00	1.11468e+00	1.19007e+00	9.90635e-01
2.93480e+00	5.53092e-02	6.78153e-01	8.94010e-01
2.92767e+00	3.44704e-03	2.64301e+00	-2.01946e+00
4.86189e+00	-1.38384e+00	2.07433e+00	-2.38335e+00
3.12560e+00	-1.32383e+00	2.26416e+00	1.00397e+00
3.40643e+00	1.70856e+00	1.25653e+00	-6.73039e-01
4.35199e+00	-8.69842e-01	3.15833e+00	-2.31259e-01
1.73558e+00	-3.79931e-01	3.22862e+00	-1.51785e+00
1.74249e+00	-2.14656e+00	4.78853e-01	-2.46405e+00
2.17945e-01	1.77072e+00	4.31320e+00	1.95075e+00
3.84898e+00	-2.47271e+00	2.77035e+00	-1.24122e+00
4.91521e+00	-5.41539e-01	2.05804e+00	-1.63034e+00
4.28904e+00	-9.60545e-02	3.22392e+00	-1.36974e+00
1.96492e+00	-2.40372e+00	5.93634e-01	-1.91521e+00
3.99300e+00	-4.65934e-01	3.52263e+00	1.67681e+00
2.99330e+00	-2.28178e+00	1.45193e+00	-6.29426e-01
1.28360e+00	-1.44482e-02	9.06717e-01	1.80439e+00
4.12641e+00	-2.29595e+00	3.41711e+00	-1.94179e+00
3.88445e+00	-2.35692e+00	7.09433e-03	1.58216e-01
2.26768e+00	-1.91046e+00	8.74347e-02	3.70762e-01
4.06531e+00	-3.79028e-01	4.64665e-01	1.68079e+00
3.30819e-01	-2.49521e+00	3.40110e+00	8.60804e-01
