# No. of particles = 100 
# Proton - Solar wind	Electron - Solar wind	
4.57367e+00	-1.79380e+00	4.72718e-01	-1.21502e+00
3.63153e+00	-2.19482e+00	1.54604e+00	2.31125e+00
2.88431e+00	-2.07439e+00	8.40905e-01	-8.10735e-01
4.46378e+00	-1.37664e-01	4.21298e-01	-4.65734e-01
7.47410e-01	-2.40984e+00	4.15043e+00	-6.46796e-01
3.53036e-02	-2.35222e+00	3.33914e+00	7.89431e-01
9.42225e-01	-2.05058e+00	6.56425e-01	-1.77175e+00
3.74651e+00	-2.25253e+00	3.34107e+00	-1.33065e+00
1.27193e+00	-2.38140e+00	1.30836e+00	6.47669e-01
5.73291e-01	-2.31092e+00	1.53184e-01	-2.49081e+00
2.71044e+00	-2.10230e+00	1.30401e+00	-2.15805e+00
4.63410e+00	-2.30919e+00	1.90351e+00	-7.55111e-01
1.01356e+00	-2.27710e+00	1.20362e+00	-1.26394e+00
9.18254e-01	-1.88779e+00	3.80580e+00	-5.52776e-01
3.78977e+00	-1.36269e+00	2.10169e+00	-1.78143e+00
4.13114e+00	-7.52185e-01	1.01918e+00	-2.45988e+00
4.81420e+00	-1.82586e+00	3.12755e+00	-3.36585e-01
4.68237e+00	-1.95454e+00	4.59106e+00	-1.24790e+00
1.00113e+00	-1.81269e+00	9.84246e-01	-1.51565e+00
4.67523e+00	-2.01981e+00	4.49645e-01	-1.28560e+00
4.12619e+00	-9.46594e-01	1.54651e+00	-1.31581e+00
7.37359e-01	-2.34185e+00	4.53137e+00	-1.42083e+00
3.73989e+00	-1.63463e+00	8.94555e-01	-2.03151e+00
3.33453e+00	-2.16547e+00	4.71936e-01	-2.20385e+00
3.37260e+00	-1.61216e+00	4.21255e+00	-9.33245e-01
4.73809e+00	-1.46113e+00	8.13402e-01	-2.45340e+00
4.85013e+00	-1.72461e+00	4.27674e+00	-1.40184e+00
4.25674e+00	-1.55106e+00	1.93935e+00	-1.01760e+00
4.80147e+00	-1.58896e+00	2.86518e+00	-1.60237e+00
7.64326e-02	-2.36391e+00	5.48363e-01	-2.01648e+00
5.33670e-01	-2.38215e+00	1.00953e+00	-1.89054e+00
1.50515e-02	-2.39986e+00	2.11721e+00	2.21976e+00
4.37915e+00	-2.20257e+00	4.85169e+00	-1.24597e-02
1.47000e+00	-2.35442e+00	1.06810e+00	-1.39071e+00
2.04531e-02	9.48982e-02	4.20482e-01	9.16537e-01
4.77250e+00	-1.03087e+00	3.86677e+00	8.92933e-02
6.44208e-01	-2.35484e+00	3.14890e-01	-2.09424e+00
5.36032e-01	-1.98089e+00	1.83782e+00	-6.14904e-02
2.60084e-01	-2.38845e+00	3.14654e+00	4.60310e-01
4.62501e+00	-5.84732e-01	1.53985e+00	-2.25077e+00
4.52349e+00	-7.75283e-01	2.22295e+00	1.36764e-02
7.16387e-01	-2.23567e+00	5.91966e-01	-2.16735e+00
6.14297e-01	1.29733e-01	5.03091e-01	4.24058e-01
4.35475e+00	5.32768e-01	3.65406e+00	-6.05123e-01
2.54441e+00	-4.88786e-01	7.67735e-01	-2.03639e+00
4.81361e+00	-9.15025e-01	5.63673e-01	-1.61650e+00
4.72361e+00	-3.76217e-01	1.51587e+00	-6.53542e-01
3.81388e+00	1.30951e+00	1.72891e+00	-1.18268e+00
5.53654e-01	-2.33652e+00	4.81116e+00	-2.84631e-01
1.97922e-01	-2.21709e+00	6.56984e-01	5.39428e-01
4.77751e+00	-4.41429e-01	4.04835e-02	-2.16794e+00
4.82812e+00	-1.77917e-02	1.40837e-01	-2.25313e+00
4.21310e+00	-2.36012e-01	1.35361e+00	-1.55803e+00
1.05775e+00	-2.15958e+00	1.55600e+00	-5.86825e-01
4.81511e-01	4.93210e-01	3.10195e-01	-1.78311e+00
1.91324e-01	-2.38829e+00	7.31313e-01	-1.23223e+00
1.49754e-01	-2.44083e+00	4.24465e-01	-2.09842e+00
1.68633e+00	-7.43982e-02	1.55315e+00	-9.83756e-01
4.92091e+00	1.41083e+00	4.68812e+00	1.10219e+00
2.48004e-01	-2.47959e+00	1.05577e+00	-1.53178e+00
8.74772e-02	1.80711e-01	4.91794e+00	-1.83751e+00
1.39566e+00	-2.38688e+00	2.54626e+00	-1.43747e+00
4.54095e+00	6.17127e-01	1.49467e+00	-6.68002e-01
2.96257e-01	-2.29520e+00	1.39335e+00	-2.05393e+00
2.72247e+00	-1.36022e+00	1.67566e+00	-6.81637e-01
4.93020e+00	-1.55850e-01	3.22818e-01	-1.72525e+00
8.44121e-01	-2.45102e+00	1.10233e+00	-1.42508e+00
4.59539e+00	7.96435e-01	3.98220e+00	2.33423e+00
4.37927e+00	2.24259e-01	1.35047e+00	-1.84052e+00
1.15629e+00	-2.18424e+00	1.81465e+00	4.48514e-01
1.12188e+00	-9.08654e-01	2.86746e+00	4.72390e-01
2.88721e+00	1.09401e+00	4.56408e-01	-1.81698e+00
4.67788e+00	3.91513e-01	1.67059e+00	1.89798e+00
1.37600e+00	-2.37199e+00	3.41717e+00	-9.34656e-01
4.76924e+00	1.42427e-01	1.21978e+00	-1.58538e+00
1.00419e+00	-2.34570e+00	2.44889e+00	4.20978e-01
4.92314e+00	9.36910e-01	1.51424e+00	-2.38095e+00
4.98575e+00	1.31690e+00	2.78966e+00	2.10741e-01
7.44201e-01	3.16135e-01	1.75458e+00	-2.01609e+00
3.86736e+00	2.41369e+00	1.45723e+00	2.13502e+00
4.69820e+00	5.35539e-01	4.56666e+00	1.72234e+00
2.08462e-01	-2.43697e+00	1.19190e-01	-8.21214e-02
3.99960e+00	1.88322e+00	4.54319e+00	-1.14596e-01
4.37075e+00	1.05029e+00	1.11659e+00	6.66321e-01
1.31058e+00	-1.91967e+00	3.10198e+00	1.67393e+00
4.06788e+00	-9.32821e-02	4.38615e+00	-4.23771e-02
4.59946e+00	-2.27116e-01	7.01869e-01	1.10425e-01
3.69688e+00	-2.69358e-01	1.35002e+00	-1.65818e+00
6.96654e-02	-2.43607e+00	2.12456e+00	-9.74526e-01
4.95851e+00	9.23282e-01	2.58680e+00	3.35337e-01
4.60546e+00	1.99121e+00	1.86742e+00	-7.12581e-01
3.47433e+00	1.86787e+00	1.27474e+00	-1.90334e+00
3.12879e-01	1.67877e-02	3.32968e+00	-8.48504e-01
4.43935e+00	5.51636e-01	1.81842e+00	2.21633e+00
3.40913e+00	-3.93574e-01	1.97062e+00	-8.18751e-01
3.43985e-01	-2.29705e+00	4.26201e+00	2.05841e+00
4.60671e-01	-2.24811e+00	6.73951e-01	7.82462e-01
4.50891e+00	6.10101e-01	1.69101e+00	6.64791e-01
1.55639e+00	-1.72129e+00	4.72501e+00	8.31779e-01
1.32608e+00	7.42991e-01	3.78236e+00	8.49423e-01
