# No. of particles = 100 
# Proton - Solar wind	Electron - Solar wind	
1.69424e+00	-2.30354e+00	1.27743e+00	-1.92453e+00
4.59898e-01	-2.39362e+00	2.72619e+00	4.72552e-01
2.19915e+00	-2.26709e+00	3.83671e+00	-1.86663e+00
1.92542e-01	-2.30400e+00	1.69316e+00	-1.59245e+00
2.60915e+00	-2.06839e+00	8.32939e-01	-3.42758e-01
5.85295e-01	-2.02505e+00	1.80525e+00	-1.39649e+00
4.11593e+00	3.09254e-01	1.44908e-01	-2.47602e+00
4.95732e+00	-2.19040e+00	1.36973e+00	-1.95379e+00
4.43933e+00	-2.01758e+00	8.67270e-01	-2.64852e-01
6.26205e-01	-2.36423e+00	6.32884e-01	-1.83292e+00
3.56335e+00	-2.33134e+00	4.18984e+00	-1.98141e+00
1.99085e+00	-1.48962e+00	1.19554e+00	-1.22474e+00
1.18227e+00	-1.97459e+00	1.55209e-01	-2.25710e+00
3.06281e+00	-2.24027e+00	1.85068e+00	-1.14694e+00
3.15650e+00	-2.47190e+00	2.39389e-01	-1.03919e+00
1.40964e+00	-2.23419e+00	1.31527e+00	-1.40537e+00
3.01714e+00	-2.99606e-02	3.60664e-01	-2.32004e+00
2.63093e+00	-2.04509e+00	5.04066e-01	-7.33845e-01
4.77559e+00	-1.03698e+00	1.15920e+00	-2.19238e+00
2.42836e+00	-2.33900e+00	9.07160e-01	5.65327e-01
2.53039e+00	-2.09525e+00	3.96813e+00	-1.76472e+00
3.87528e+00	-2.32974e+00	3.80891e+00	2.13889e+00
6.42983e-01	-2.07609e+00	1.23811e+00	-6.92132e-01
3.03790e-01	-2.33801e+00	2.02170e+00	-2.22217e+00
5.91363e-01	-2.39260e+00	4.14348e+00	1.32211e+00
1.38512e+00	-2.45498e+00	2.24732e+00	-1.85573e+00
8.46077e-01	-2.35433e+00	3.04917e+00	-1.62216e+00
1.80011e+00	-2.08884e+00	9.42706e-02	-2.31894e+00
2.29403e+00	-2.82488e-01	1.86716e-01	-2.35925e+00
4.81252e+00	1.96959e-01	4.91816e+00	2.37931e+00
2.39151e+00	-1.69627e+00	4.46242e+00	-1.14961e+00
4.38262e-01	-2.40918e+00	2.91318e+00	-2.57440e-02
3.72318e+00	-1.13289e+00	3.58041e+00	8.34267e-01
9.91510e-01	-2.34251e+00	1.24520e-01	-2.36689e+00
4.67701e-02	-2.22021e+00	3.67085e+00	1.07244e+00
5.28357e-01	-2.41158e+00	3.88181e+00	-1.60794e+00
3.26160e+00	-1.94308e+00	3.35108e+00	-2.43826e+00
2.46362e+00	-4.67671e-01	1.12248e-01	5.53680e-01
1.80497e+00	-2.63316e-01	4.30946e+00	-2.49124e+00
2.60235e+00	-2.40067e+00	1.24788e-01	-2.43371e+00
4.21403e+00	-4.77976e-01	2.38095e+00	-1.00282e+00
7.28199e-02	-2.39125e+00	2.05377e+00	-1.53881e+00
4.26001e+00	-2.11610e+00	2.42510e+00	1.96869e+00
3.87661e+00	1.90008e-02	3.16445e+00	-1.60475e+00
2.55246e+00	-1.66623e+00	3.92992e+00	-1.91321e+00
3.90384e+00	-2.34210e+00	1.04000e+00	-2.41278e+00
8.86357e-01	-2.09314e+00	3.92821e-01	-1.21613e+00
2.95752e-01	-8.63368e-01	1.30098e+00	-1.43282e+00
1.77661e+00	-2.31623e+00	2.20631e+00	-1.08545e+00
3.73997e-01	4.48893e-01	1.88161e+00	-7.44378e-01
4.21194e+00	-2.28226e+00	3.43507e-01	1.38004e+00
2.31585e+00	-2.26726e+00	1.59603e-01	-2.43999e+00
2.62901e+00	-2.30669e+00	1.23630e+00	1.21476e+00
1.89516e-01	1.37987e-01	2.88632e+00	-2.15191e+00
1.42151e+00	-7.59606e-01	3.84019e-01	-2.27080e+00
1.78097e+00	-2.28345e+00	4.65749e+00	-9.10940e-01
1.44944e+00	-2.27627e+00	1.93597e+00	-6.20059e-01
4.52424e+00	-8.14946e-02	4.48301e+00	-6.34135e-01
3.85636e-01	-2.41089e+00	5.20685e-01	-2.35640e+00
1.35478e+00	-2.19391e+00	1.14708e+00	3.32176e-01
2.43400e+00	-2.31423e+00	1.23404e+00	2.44072e+00
4.65543e-01	-2.30332e+00	2.92952e+00	6.80349e-01
1.93614e+00	-2.19979e+00	1.25558e+00	1.72003e+00
1.96695e+00	-2.25212e+00	1.33650e+00	-1.54599e+00
1.12564e+00	-4.02492e-01	4.59748e-01	1.37253e+00
3.06248e+00	5.77569e-01	2.04181e+00	-6.02631e-02
2.33515e+00	-2.35069e+00	1.36438e-01	-1.55628e+00
4.67110e+00	1.74856e+00	1.72276e+00	-1.67614e+00
3.49171e+00	-2.38640e+00	3.10920e+00	-6.76880e-01
5.64257e-01	-2.27445e+00	1.83222e+00	8.43359e-01
3.37636e+00	-2.17868e+00	3.27274e+00	1.90755e+00
4.57821e-01	-2.34755e+00	1.52888e+00	8.12967e-01
1.46292e+00	-4.66543e-01	5.92429e-01	-1.95029e+00
1.74637e+00	9.01847e-01	3.84602e-01	-2.00300e+00
3.76936e+00	5.25346e-01	6.83707e-01	-1.74495e+00
4.00049e+00	-2.42935e+00	2.72585e+00	-1.39148e+00
6.27270e-01	-1.78949e+00	2.09164e+00	-1.14861e+00
3.25057e+00	-1.43814e+00	1.67694e+00	7.62597e-01
1.96979e+00	-6.90303e-01	4.55802e+00	-6.41473e-02
1.87683e+00	-2.18735e+00	6.96039e-01	-2.20219e+00
3.82454e-01	5.74389e-02	4.86287e+00	-1.64586e+00
3.43603e+00	-2.02636e+00	1.36316e-01	-2.39930e+00
1.48634e+00	-2.45405e+00	1.70459e+00	1.35038e-01
1.07688e+00	-2.48128e+00	3.46306e-01	-2.46101e+00
1.47252e+00	-1.73882e+00	6.55555e-01	-1.25177e+00
3.32536e+00	-1.00831e+00	1.52912e+00	-8.66066e-01
3.32047e+00	-2.47069e+00	3.45691e+00	-2.33892e+00
2.99270e+00	6.41550e-01	4.35206e+00	-1.03422e+00
3.57182e+00	4.67354e-01	2.94602e+00	9.82700e-02
2.18355e+00	3.23708e-01	1.45173e+00	-1.85586e-01
1.81194e+00	-2.05156e+00	2.10842e+00	5.62544e-01
2.10568e+00	-2.45972e+00	3.81451e+00	-2.07671e+00
9.74613e-01	2.15893e-01	1.18204e-01	2.22794e+00
3.17918e-01	3.02910e-01	4.40488e+00	1.89957e-01
4.01928e+00	-4.26094e-01	2.80081e-01	-2.46740e+00
2.92119e+00	-1.78464e+00	3.71149e+00	7.86190e-01
1.52793e+00	-2.38330e+00	3.05669e+00	-1.03808e+00
2.23087e+00	-1.73279e+00	3.44430e+00	1.22189e+00
3.59605e+00	-2.17215e+00	1.17695e+00	-1.83058e+00
6.53385e-01	1.42351e+00	2.13162e-01	-1.04456e+00
