# No. of particles = 100 
# Proton - Solar wind	Electron - Solar wind	
9.72402e-01	-2.36730e+00	3.24470e+00	-6.47575e-01
6.65910e-02	-2.40207e+00	4.96602e-01	-1.82143e+00
5.42209e-01	-2.40511e+00	1.23527e+00	-1.86584e+00
8.32168e-01	-2.06108e+00	3.83551e+00	1.21280e+00
1.07612e+00	-2.00174e+00	2.40768e+00	-8.37540e-01
9.43163e-01	-2.29694e+00	3.24448e+00	-9.87736e-01
1.14040e+00	-2.28084e+00	1.10981e+00	9.38060e-03
7.03564e-01	-2.36815e+00	3.90551e+00	5.57280e-01
2.37659e+00	-2.46379e+00	3.52528e+00	1.14365e+00
3.62380e-01	-2.26665e+00	4.90401e-01	-1.65897e+00
1.35892e-01	-2.31201e+00	1.06790e+00	-1.96892e-01
6.81515e-01	-2.35015e+00	3.08485e+00	5.71873e-01
1.03902e+00	-1.97041e+00	2.39455e+00	-2.41485e+00
1.36804e+00	-1.93319e+00	4.77514e+00	2.21441e-01
7.12405e-01	-1.88822e+00	2.34220e+00	-2.14880e+00
7.67085e-01	-1.70851e+00	2.00206e+00	-1.66063e+00
9.02899e-01	-1.96495e+00	4.76026e+00	-2.17148e-01
8.72443e-01	-2.01859e+00	1.75085e-01	-4.14540e-02
9.96180e-01	-2.14399e+00	3.33964e+00	2.30479e+00
8.75455e-01	-1.89069e+00	1.95449e+00	1.39243e+00
7.67456e-01	-1.70272e+00	1.02238e+00	-2.29062e+00
1.09058e+00	-1.59937e+00	4.54554e+00	-4.11274e-01
1.09590e+00	-2.39684e+00	3.37298e+00	2.23016e-01
6.24943e-01	-1.41603e+00	2.53123e-01	-2.37747e+00
6.26481e-01	-1.63602e+00	1.23245e+00	1.64683e+00
8.84756e-01	-1.44186e+00	4.82554e+00	2.16802e+00
9.09733e-01	-1.23688e+00	1.32421e+00	-5.99710e-01
7.91596e-01	-1.32846e+00	1.22410e+00	-8.52804e-02
9.03080e-01	-1.60686e+00	3.92716e+00	1.99136e+00
9.53895e-01	-9.11505e-01	3.52319e+00	-9.37757e-01
1.05936e+00	-1.50011e+00	6.78085e-01	4.08453e-01
9.36158e-01	-1.63481e+00	3.39503e+00	-8.85562e-01
8.22966e-01	-1.54532e+00	7.14845e-01	-1.70659e+00
1.35381e+00	-1.31088e+00	1.77746e-01	-2.47116e+00
9.41267e-01	-1.45243e+00	1.22228e-01	-2.30464e+00
8.96745e-01	-1.06263e+00	3.74230e-01	-1.28803e+00
1.08550e+00	-2.58561e-01	1.46662e+00	-1.57169e+00
1.02926e+00	-8.91848e-01	2.13216e-01	-1.37360e+00
1.23201e+00	-5.11106e-01	2.29922e+00	-9.41448e-01
8.67780e-01	-8.88691e-01	6.65310e-01	-2.38113e+00
8.42305e-01	-9.44248e-01	1.65590e+00	2.29392e+00
1.11628e+00	-6.37457e-01	2.13825e+00	-2.47475e+00
1.05922e+00	-2.82195e-01	1.38816e+00	-2.13402e+00
8.09722e-01	-6.68123e-01	2.71073e+00	9.50551e-01
4.75486e-01	-9.34997e-01	1.12169e+00	1.69870e+00
8.93355e-01	-9.11919e-01	3.97657e-01	-1.34055e+00
8.76730e-01	-5.83785e-01	8.56703e-02	-2.43385e+00
7.10684e-01	-4.65573e-01	3.46875e+00	-2.49069e+00
1.04649e+00	-5.79516e-01	2.16200e+00	-1.33049e+00
9.69402e-01	-3.32972e-01	4.18810e+00	1.57493e+00
8.92552e-01	-4.41389e-01	2.30231e-01	-2.41429e+00
9.05877e-01	-2.26092e-01	1.39016e+00	-1.82620e-01
7.85410e-01	-1.04336e-01	3.11144e-01	-1.60124e+00
1.20722e+00	-6.55271e-01	8.50953e-01	-1.93769e+00
1.38320e+00	-4.97718e-01	1.20409e+00	-1.07128e+00
1.24624e+00	-6.45500e-01	1.04240e+00	-1.59824e+00
9.60657e-01	-7.11009e-02	2.45445e+00	-1.30189e+00
1.35795e+00	-7.70094e-01	1.53394e+00	-1.07638e+00
9.24907e-01	-2.20097e-02	2.23830e-02	-2.46305e+00
9.77894e-01	9.58985e-03	2.37181e+00	-2.17840e+00
9.45876e-01	1.40845e-01	8.68378e-01	-1.44252e+00
1.34963e+00	1.60867e-01	2.01392e+00	-2.46452e+00
8.44922e-01	2.63456e-01	2.81797e-01	-2.11588e+00
9.96225e-01	-1.78438e-02	1.02098e+00	2.08913e+00
5.06961e-01	-3.18092e-02	2.88151e-01	-2.38018e+00
9.22954e-01	1.08954e-01	1.33218e+00	-1.62359e+00
1.12131e+00	-2.11593e-02	3.44165e-01	2.13519e+00
8.60207e-01	3.88526e-01	8.74034e-01	1.58199e-02
8.19807e-01	3.25774e-01	1.83368e+00	-2.03688e+00
1.17410e+00	6.91177e-01	6.30226e-01	-1.49473e+00
1.24826e+00	2.31865e-01	4.89352e+00	-3.86470e-01
5.40344e-01	3.32466e-01	1.70600e+00	1.41402e+00
8.72131e-01	3.55537e-01	1.90688e-01	1.13846e+00
1.15494e+00	1.16475e+00	7.63562e-01	2.36639e+00
8.93309e-01	2.14328e-01	8.83554e-01	-8.73809e-01
1.17014e+00	1.71992e-01	3.80138e+00	1.92855e+00
9.15115e-01	9.26093e-01	3.31179e+00	-2.47850e+00
9.29962e-01	1.10628e+00	1.99941e+00	1.59179e+00
1.11176e+00	8.91297e-01	3.45753e+00	-2.19260e+00
7.27165e-01	9.98651e-01	4.41948e-01	-1.21757e+00
8.71990e-01	6.24336e-01	8.07297e-01	-1.40730e+00
9.68979e-01	1.08538e+00	3.17804e+00	-1.03064e+00
7.48779e-01	8.84901e-01	1.09542e+00	1.27185e-01
8.22039e-01	8.32215e-01	4.09208e+00	1.80684e-01
1.40723e+00	7.70024e-01	1.21741e+00	1.60309e+00
7.64894e-01	5.59783e-01	1.51326e+00	-1.54750e+00
8.54758e-01	5.79938e-01	4.90976e+00	-5.19031e-01
6.93375e-01	6.83247e-01	3.70215e-01	1.51625e+00
9.42796e-01	1.14059e+00	1.82611e+00	-1.67586e+00
9.24335e-01	1.14155e+00	1.08299e-01	-1.68066e+00
8.58141e-01	1.52461e+00	4.15815e+00	1.84208e+00
6.47906e-01	1.53074e+00	1.46464e+00	-2.02546e+00
1.00320e+00	1.59642e+00	3.09511e+00	-1.85754e+00
8.24468e-01	1.41709e+00	3.70883e+00	8.24719e-01
6.40329e-01	9.75537e-01	1.35272e+00	6.46953e-01
1.01171e+00	1.43780e+00	2.74362e-02	2.06940e-02
1.03922e+00	1.07698e+00	2.64642e-01	8.27363e-01
8.38136e-01	1.01729e+00	2.57102e+00	-1.31903e+00
1.14181e+00	1.87800e+00	3.47239e+00	-2.38874e+00
1.25408e+00	1.35308e+00	2.13142e+00	1.74191e+00
