# No. of particles = 100 
# Proton - Solar wind	Electron - Solar wind	
1.47384e-01	-2.36651e+00	2.27893e-02	-2.48173e+00
1.24516e+00	-2.16345e+00	1.37044e+00	-2.27817e+00
1.22376e+00	-2.13982e+00	2.84102e+00	-1.22641e+00
1.16208e+00	-2.34636e+00	7.67548e-01	7.01004e-01
2.73574e+00	-2.19605e+00	2.38270e+00	-5.42850e-01
4.19080e+00	-2.08969e+00	1.10724e+00	-1.25801e+00
2.14922e+00	-1.84026e+00	1.76028e+00	2.23024e+00
3.45793e-01	-2.26376e+00	4.99891e+00	-9.80758e-01
4.87275e+00	-1.84371e+00	2.61186e-01	6.93196e-02
4.50046e+00	-2.34914e+00	4.92624e+00	-1.87575e+00
1.16751e+00	-2.22518e+00	1.37196e+00	7.41160e-01
1.49141e+00	-2.37152e+00	1.70120e+00	-2.24140e-01
2.89460e+00	-2.38052e+00	6.01792e-01	-1.80131e+00
2.54946e+00	-2.40031e+00	2.52521e-01	-2.39201e+00
1.97194e+00	-2.35768e+00	1.98928e+00	-2.02002e+00
2.71304e+00	-1.68332e+00	2.86049e+00	5.77392e-01
1.16668e+00	-1.85186e+00	1.05188e+00	-1.89927e+00
1.89626e+00	-2.27109e+00	3.92624e+00	-1.78140e+00
7.13071e-01	-2.42876e+00	2.33510e+00	1.21323e+00
1.73579e+00	-2.17939e+00	1.76950e+00	2.07907e+00
4.78463e+00	-2.26215e+00	1.88311e+00	-2.08324e+00
4.49452e+00	-2.30327e+00	3.36581e+00	6.20600e-01
9.77117e-01	-2.25893e+00	4.39265e+00	-2.16813e+00
4.03202e+00	-1.39164e+00	4.68278e-03	-8.32773e-01
2.63269e-01	-2.33569e+00	1.12894e+00	-3.06137e-01
3.40185e-01	-2.25541e+00	4.81850e-01	-7.96234e-01
2.25473e-01	-2.46763e+00	4.60350e+00	-9.05493e-01
1.92358e+00	-2.25167e+00	3.45624e-01	-1.64399e-01
4.59448e+00	-2.20978e+00	3.35201e-01	-2.37874e+00
3.01767e-01	9.62077e-02	9.30613e-01	-1.89236e+00
4.70554e+00	-1.13866e+00	1.33187e+00	-5.05055e-01
4.61901e+00	-2.02340e+00	9.34997e-01	-1.54908e+00
1.71881e+00	-2.47885e+00	1.71418e+00	-1.00179e+00
1.30853e+00	-1.19742e+00	2.72426e+00	8.01883e-01
2.10902e+00	-1.93366e+00	6.79030e-01	7.38952e-01
2.23772e+00	-2.31509e+00	3.96725e-01	-2.45083e+00
3.84119e+00	-7.51007e-01	1.82583e+00	2.15470e+00
2.90511e+00	-2.42300e+00	9.62146e-03	-1.94694e+00
1.30152e-01	-8.19688e-01	1.20689e-01	-1.08462e+00
5.14692e-01	-2.42317e+00	2.49486e-03	2.69914e-01
1.53830e+00	-2.17748e+00	2.88390e-02	-2.43312e+00
6.87218e-01	-2.33416e+00	4.65076e+00	-1.03073e-01
9.85483e-01	-2.10233e+00	3.90632e+00	1.75737e-01
8.58638e-01	5.21940e-01	7.33268e-01	-1.56656e+00
1.73881e+00	-2.34395e+00	1.00231e+00	-1.61104e+00
2.24520e+00	-1.27836e+00	2.21801e+00	-2.20770e+00
2.17718e+00	-2.48680e+00	2.80670e+00	-1.28817e+00
2.29314e-01	5.85298e-01	4.40440e+00	-2.16545e+00
2.17086e+00	-2.12064e+00	4.45788e+00	2.42020e+00
2.81934e+00	3.98459e-01	4.72806e-01	-2.28447e+00
1.07466e+00	-2.14983e+00	1.36131e+00	9.39457e-01
2.99741e+00	8.65514e-01	3.36557e+00	1.86771e+00
2.12141e+00	-2.48412e+00	1.39701e-01	1.67455e+00
2.61692e+00	-1.64752e+00	2.00718e+00	-1.37818e+00
3.78708e+00	2.03125e+00	3.27621e-01	-1.92820e-01
5.37616e-01	-1.59317e-01	3.66243e+00	8.68723e-01
3.26633e+00	-2.12955e+00	7.15146e-03	-3.50112e-01
4.70454e+00	-2.39813e+00	3.04206e+00	4.18983e-01
9.76835e-01	-1.89777e+00	7.35847e-01	-1.82335e+00
2.80377e+00	-2.45356e+00	4.19427e+00	-1.92065e+00
1.61021e+00	-5.49099e-01	7.47652e-01	1.32660e+00
4.04997e+00	-2.32057e+00	6.67552e-01	-2.24272e-02
1.02251e+00	-2.31334e+00	4.58292e+00	1.48340e+00
4.78389e+00	-2.27867e+00	4.42394e-01	-1.21050e-01
3.10761e-01	-2.41012e+00	3.35987e-01	-2.32730e+00
4.73189e-01	-2.11170e+00	1.80378e+00	-1.47588e+00
2.77929e+00	1.38595e+00	3.85939e+00	-3.40057e-01
4.93482e+00	1.69316e+00	1.38083e+00	-2.22901e+00
4.42272e+00	-4.43364e-01	1.82586e-01	-2.17070e+00
6.75283e-01	-2.23786e+00	1.48520e+00	-4.43022e-01
3.28647e+00	-9.60722e-01	2.64426e+00	-1.40224e+00
2.84459e+00	-2.37522e+00	4.15415e+00	-6.89761e-02
4.24712e+00	-2.36374e+00	6.67355e-01	5.33295e-01
3.19362e+00	-1.97163e+00	1.22159e+00	-1.73002e+00
1.31694e+00	-2.10784e+00	4.34585e+00	1.28572e+00
4.72972e+00	-2.49958e+00	4.16526e+00	-4.43472e-01
2.65656e+00	-2.40866e+00	2.85428e+00	-1.06275e+00
2.29078e+00	1.61367e-01	1.83183e+00	-1.11117e+00
1.42270e+00	8.21699e-02	1.20112e-01	1.81325e+00
3.95086e-01	4.35512e-01	4.71610e+00	-8.27700e-01
2.83549e+00	-2.24919e+00	2.65605e+00	2.12854e+00
3.80567e+00	-2.00712e+00	1.66780e-01	-1.43288e-01
4.85874e-01	-2.33089e+00	1.01764e-01	-7.78339e-01
1.13196e+00	-2.27498e+00	8.53865e-01	3.41415e-01
3.23986e+00	-2.30686e+00	3.96708e+00	6.43070e-01
1.62132e+00	-2.14288e+00	5.90096e-01	-1.55260e+00
4.64623e+00	-2.24497e+00	3.40823e+00	-1.84122e-01
3.30413e+00	-9.90850e-01	4.39528e+00	-4.99297e-01
4.28696e+00	-1.63868e+00	3.70221e+00	1.67035e+00
1.49880e+00	-1.77013e-01	4.78960e+00	1.07453e+00
6.88402e-02	-2.38869e+00	3.03987e+00	6.34770e-01
4.48210e+00	1.92500e-01	1.35577e+00	-1.64935e+00
3.73977e+00	-1.71456e+00	1.88998e+00	1.29982e+00
1.69947e+00	-1.98458e+00	6.38265e-01	-8.48529e-01
4.00424e+00	-6.00022e-01	2.54101e+00	1.69849e+00
9.90335e-01	-2.10160e+00	2.09204e+00	9.39912e-01
3.67243e+00	-1.60945e+00	1.78067e+00	4.92886e-01
6.16151e-01	5.67698e-02	2.03343e+00	-3.11998e-02
1.27467e+00	-2.03657e+00	1.44614e+00	-2.16423e+00
3.70947e+00	7.78997e-01	4.62293e-01	2.59195e-01
