# No. of particles = 100 
# Proton - Solar wind	Electron - Solar wind	
4.88515e+00	-1.76239e+00	2.29678e+00	1.11400e-01
2.67892e+00	-2.27570e+00	2.03027e+00	-2.13107e+00
3.78802e-01	-2.22044e+00	2.67795e-01	-2.38032e+00
3.39636e+00	-2.80507e-01	1.34263e+00	-2.27678e+00
3.04349e-01	-2.35422e+00	2.46392e+00	6.09759e-01
4.27425e+00	-2.27679e+00	3.27502e+00	5.08245e-02
1.46621e-01	-2.30813e+00	1.54611e+00	9.20847e-03
3.13981e+00	-1.78173e+00	3.11628e+00	1.70419e+00
2.05195e+00	-1.37861e+00	4.85204e+00	1.62440e+00
3.67046e-01	-2.40240e+00	7.03974e-03	-2.48278e+00
1.68576e+00	-2.44421e+00	2.26951e+00	-1.02778e-01
2.89071e+00	-2.27182e+00	1.09900e+00	-2.47743e+00
4.40920e+00	-2.08561e+00	2.34991e+00	1.67655e+00
3.26327e+00	-5.82440e-01	1.86078e+00	-1.28532e+00
1.65712e+00	-1.70192e+00	1.16105e-01	-2.38511e+00
2.09268e-01	-2.27471e+00	1.91494e+00	1.96866e+00
4.74074e+00	-1.75501e+00	2.41981e+00	-2.20662e+00
3.55079e+00	-2.22769e+00	2.58770e+00	-5.08096e-02
3.41839e+00	-7.03009e-01	2.25373e+00	7.30551e-02
3.42968e+00	-2.36592e+00	1.41968e-01	-2.36812e+00
2.21933e+00	2.01612e-01	6.50388e-01	-4.15374e-01
4.71431e+00	-2.18554e+00	2.72156e+00	-2.28738e+00
2.64215e+00	-1.39440e+00	4.59204e-01	-3.55478e-01
2.37528e+00	-1.48011e+00	6.14474e-02	-8.63871e-01
1.67260e+00	-2.28907e+00	7.45563e-01	-2.21783e+00
3.15988e+00	8.23496e-02	8.37763e-01	-2.30242e+00
4.41480e+00	-1.33919e+00	7.10152e-02	-2.37443e+00
3.23103e+00	-1.60688e+00	3.00442e-01	-2.48619e+00
3.68229e+00	-2.46609e+00	2.00922e+00	4.12565e-01
2.27693e+00	-2.46114e+00	7.46838e-02	-2.99430e-01
3.56285e+00	-1.58729e+00	4.20389e+00	-5.75048e-01
3.91556e+00	-2.13874e+00	1.50408e+00	1.10559e+00
3.59683e+00	-1.66966e+00	3.48012e+00	-5.99943e-01
2.10813e-01	-4.74889e-01	3.32157e+00	1.82374e+00
2.61094e+00	-3.04750e-01	4.07951e+00	2.45004e+00
4.14018e+00	-2.31536e+00	2.18580e+00	-1.87938e+00
1.65979e-01	-1.60289e+00	3.06298e+00	7.40053e-01
2.69615e-01	-2.48772e+00	9.04531e-01	1.38651e-01
2.05348e+00	-1.33574e+00	2.45045e+00	-3.77049e-01
3.28373e+00	-1.72787e+00	7.82028e-01	8.52034e-01
3.02480e+00	-1.13879e+00	1.11558e+00	7.69005e-01
4.39568e+00	-2.10854e+00	3.16210e+00	-7.73105e-02
4.68942e+00	-1.83954e-01	2.64136e+00	-2.24093e-02
4.57827e+00	-1.51971e+00	7.73204e-01	-3.51511e-01
4.60535e+00	-4.42979e-02	1.40282e+00	-2.83728e-01
3.45498e+00	7.61406e-01	3.05446e+00	-1.90815e+00
3.21423e+00	-2.18746e+00	1.91207e+00	-4.20660e-01
2.43180e+00	-3.72262e-02	7.85241e-02	-1.85132e+00
4.38359e+00	-1.09891e+00	3.88349e+00	-1.03641e+00
4.33976e+00	-1.12750e+00	2.89700e+00	-1.08568e+00
2.93354e+00	-1.87448e+00	4.00662e-01	-2.32486e+00
4.79340e+00	-1.46330e+00	4.03553e-01	-1.59413e+00
3.76086e+00	-7.20360e-01	3.82868e+00	1.26841e+00
4.36942e+00	-9.32630e-01	2.54345e+00	3.78052e-01
4.59350e+00	1.15593e+00	3.90289e+00	1.99737e+00
1.64484e+00	-8.77067e-02	1.80339e+00	2.15596e+00
4.07956e+00	-2.48361e+00	4.96325e-01	-2.40906e+00
1.11420e+00	-2.03254e+00	4.25063e-01	-1.89817e+00
2.49690e-01	-3.30717e-01	3.94620e+00	1.17436e+00
4.62193e+00	-2.15351e+00	1.33319e+00	-2.09025e-01
3.98701e+00	2.57020e-01	5.61899e-01	-2.45369e+00
3.13092e-01	-1.00684e-01	3.92881e+00	6.12743e-01
3.55702e+00	-2.21922e+00	3.31945e-01	-2.20859e+00
1.44705e+00	-2.27454e+00	1.67938e+00	-3.55311e-01
7.60105e-01	-2.35755e+00	4.41286e+00	-4.42840e-01
1.01547e+00	-2.26025e-01	2.76319e+00	8.40337e-01
4.94996e+00	-2.49796e+00	3.04498e+00	-7.27980e-01
3.21336e+00	-2.31811e+00	1.30273e+00	-6.65763e-01
3.26932e+00	-1.27606e-01	9.35838e-01	1.15227e+00
9.00999e-01	-2.44242e+00	2.72176e+00	-1.37201e+00
4.70238e+00	-1.95541e+00	1.07163e+00	-2.22278e+00
3.33679e-01	2.32833e-01	4.27699e+00	-1.22605e+00
1.88689e-01	-2.45897e+00	3.53783e-01	-2.34202e+00
3.59075e-01	-2.31722e+00	3.46388e+00	-3.63365e-01
3.65231e+00	-4.68002e-01	2.43736e+00	-1.19844e+00
1.85628e+00	-2.30230e+00	4.49268e-01	-1.65804e+00
4.90806e+00	-9.40635e-01	2.80604e+00	-2.01357e+00
3.84966e+00	-1.78693e+00	2.56616e-02	-2.31675e+00
4.52533e+00	1.14354e+00	4.11749e-01	1.85619e+00
3.04799e+00	4.59646e-02	1.24998e+00	1.70053e+00
3.06704e+00	-3.27079e-02	4.22787e+00	-1.88036e+00
1.81451e-02	-2.33485e+00	3.29450e+00	-2.38070e+00
3.29114e+00	-1.26731e+00	2.31805e-01	-2.41313e+00
3.55704e+00	1.75189e+00	2.72904e+00	1.40080e+00
4.46192e+00	-8.31896e-01	3.41546e+00	-3.05607e-02
1.84543e+00	-3.78342e-01	3.45116e+00	-1.45166e+00
1.87055e+00	-2.13812e+00	1.51855e+00	-2.48649e+00
3.41881e-01	1.77828e+00	3.95081e-01	9.92888e-02
3.98558e+00	-2.47403e+00	2.44863e+00	-1.45244e+00
4.65444e-02	5.22651e-01	2.15575e+00	-1.59986e+00
4.46361e+00	-9.31195e-02	2.39842e+00	-2.32816e+00
2.12682e+00	-2.40428e+00	1.40534e+00	-8.19608e-01
4.12601e+00	-4.83382e-01	3.78531e+00	1.80465e+00
3.12267e+00	-2.28422e+00	1.99662e+00	-8.01463e-01
1.39822e+00	-3.73120e-02	9.68166e-01	1.93602e+00
4.26312e+00	-2.29591e+00	4.72987e+00	-1.79496e+00
4.00820e+00	-2.36085e+00	8.34813e-01	-3.27296e-01
2.36284e+00	-1.88922e+00	1.55174e+00	2.07263e+00
4.15599e+00	-3.30512e-01	6.26387e-02	-2.06748e+00
1.35420e-01	-2.27333e+00	4.66556e+00	1.19912e+00
