# No. of particles = 100 
# Proton - Solar wind	Electron - Solar wind	
4.03450e-01	-2.36595e+00	6.14608e-02	-2.22897e+00
3.10942e+00	-2.26010e+00	8.09258e-01	1.72669e+00
8.04229e-01	-2.21029e+00	7.24968e-01	1.37322e+00
3.83022e+00	-3.36904e-01	5.73144e-01	-2.33691e+00
7.14389e-01	-2.34845e+00	2.97784e-01	-2.31351e+00
4.73429e+00	-2.26860e+00	3.83493e+00	4.90572e-01
4.20100e-01	-2.43901e+00	1.79378e+00	4.82078e-01
3.72181e+00	-1.69533e+00	1.01898e+00	-5.92406e-01
2.41190e+00	-1.22862e+00	9.49895e-01	-2.20513e+00
7.98978e-01	-2.24345e+00	3.25214e-01	-2.40427e+00
2.11493e+00	-2.47568e+00	3.74384e+00	1.44238e+00
3.23570e+00	-2.24498e+00	1.14733e-01	9.86255e-01
4.77772e+00	-2.06483e+00	1.37126e+00	-1.21348e+00
3.51776e+00	-4.40774e-01	3.47545e+00	-2.28184e-01
2.14851e+00	-1.51334e+00	1.37316e+00	4.98521e-01
6.58699e-01	-2.27128e+00	5.91997e-02	-2.29824e+00
1.64139e-01	-2.33110e+00	3.60419e+00	-2.13602e+00
3.97036e+00	-2.22813e+00	1.78172e+00	-7.07054e-01
3.68073e+00	-5.82579e-01	2.92440e+00	1.34357e+00
3.84935e+00	-2.37066e+00	7.60446e-01	-1.32445e+00
2.57523e+00	3.09829e-01	1.68455e+00	-7.18518e-01
3.80041e-01	-2.44362e+00	3.73938e+00	-2.30713e+00
3.05967e+00	-1.25090e+00	3.09364e+00	-9.11751e-01
2.84164e+00	-1.33313e+00	3.19190e+00	-9.86632e-01
2.11867e+00	-2.28182e+00	2.68309e+00	-1.42260e+00
3.56434e+00	1.06708e-01	1.63981e+00	-2.27822e+00
4.91146e+00	-1.22542e+00	3.80463e-01	-2.42367e+00
3.64377e+00	-1.48325e+00	7.39057e-01	-2.26549e+00
4.10363e+00	-2.47345e+00	3.23963e+00	2.40925e+00
2.65675e+00	-2.49321e+00	8.78780e-01	-2.12766e+00
3.89160e+00	-1.50102e+00	2.95526e-01	-2.39754e+00
4.33887e+00	-2.11040e+00	7.86596e-01	1.01520e+00
4.07160e+00	-1.59591e+00	4.82669e+00	-4.56314e-01
6.35201e-01	-5.44820e-01	4.06535e-01	-6.55784e-01
2.89207e+00	-3.48123e-01	6.09406e-01	-8.77591e-01
4.61876e+00	-2.31975e+00	2.44410e+00	-7.36545e-01
3.59048e-01	-1.55814e+00	4.75463e-01	-5.20206e-01
6.95297e-01	-2.40430e+00	1.98633e-01	-2.21760e+00
2.34816e+00	-1.18953e+00	7.22920e-01	-7.60695e-01
3.67943e+00	-1.66794e+00	3.65831e+00	1.42698e+00
3.42249e+00	-1.13184e+00	5.85484e-01	1.02598e+00
4.79499e+00	-2.09475e+00	3.58678e+00	-1.57568e-01
1.25613e-01	-2.25229e+00	3.42806e+00	6.72756e-01
9.39868e-02	5.32227e-01	1.28482e+00	-2.32590e+00
4.82902e+00	3.94115e-03	3.29690e+00	1.13253e+00
3.84868e+00	7.85886e-01	3.42632e+00	-1.86934e+00
3.59073e+00	-2.16438e+00	8.26783e-02	-2.22612e+00
2.85832e+00	-2.09486e-02	1.86816e+00	8.27675e-01
4.97896e+00	-9.01743e-01	2.94176e+00	-1.32921e+00
4.78926e+00	-1.00925e+00	3.22232e+00	-9.57231e-01
3.27137e+00	-1.82012e+00	2.00451e+00	-3.28814e-01
2.74827e-01	-2.25332e+00	2.46451e-02	-2.32806e+00
4.29125e+00	-7.16350e-01	2.69117e+00	-2.34959e+00
4.72883e+00	-7.99473e-01	5.22610e-02	2.20148e+00
1.99959e-02	-2.22897e+00	9.52869e-01	-1.52858e+00
1.84005e+00	-1.60503e-01	3.15539e+00	1.30845e+00
4.50605e+00	-2.48826e+00	8.99057e-01	-2.18943e+00
1.62387e+00	-1.90861e+00	1.33438e+00	1.21738e+00
5.40232e-01	-1.87546e-01	9.54770e-01	7.00371e-01
9.05093e-02	-2.37211e+00	1.24390e-01	-1.23045e+00
4.41021e+00	2.65301e-01	6.92606e-01	-2.48404e+00
7.77650e-01	-9.85790e-03	6.10078e-01	-1.27407e+00
3.99906e+00	-2.18510e+00	1.01225e+00	-2.39349e-01
1.91609e+00	-2.28710e+00	2.83023e+00	9.05630e-01
1.35964e+00	-2.37923e+00	3.56380e+00	-9.44061e-01
1.53667e+00	-1.83470e-01	8.55040e-01	-2.31932e+00
3.77853e-01	-2.33421e+00	1.63299e-01	4.21632e-01
3.61731e+00	-2.29977e+00	3.44857e+00	2.23685e+00
3.69999e+00	-1.23856e-01	1.97626e+00	-1.30421e+00
1.31891e+00	-2.40495e+00	4.04720e+00	-8.04982e-01
1.48220e-01	-2.47625e+00	1.64943e+00	-1.99463e+00
7.20977e-01	2.28960e-01	3.32886e-01	-2.25546e+00
1.26081e-01	5.93879e-01	2.48308e+00	-2.07091e+00
7.79433e-01	-2.31266e+00	2.28506e+00	-3.23260e-01
4.07457e+00	-4.55796e-01	3.08508e-01	-2.28723e+00
2.27520e+00	-2.30419e+00	1.29419e+00	6.56173e-01
3.40527e-01	-2.45427e+00	3.25678e-01	6.58065e-01
4.26818e+00	-1.72070e+00	1.24902e+00	-2.20802e+00
4.93569e+00	1.23334e+00	3.90626e+00	1.26716e+00
3.40013e+00	1.68925e-02	2.92906e+00	-2.15765e-02
3.50063e+00	-1.45190e-01	3.28926e+00	-2.79039e-01
4.64651e-01	-2.35031e+00	4.55836e+00	-1.24644e+00
3.80615e+00	-1.09147e+00	1.27723e+00	3.05402e-01
4.02562e+00	1.88667e+00	1.82829e+00	7.47779e-01
4.80393e+00	-7.13843e-01	4.21540e+00	5.93832e-01
2.18717e+00	-3.73399e-01	4.14350e+00	-1.24576e+00
2.26897e+00	-2.11186e+00	1.51081e+00	-2.29517e+00
7.27461e-01	1.80180e+00	9.28919e-02	1.54991e+00
4.41056e+00	-2.47815e+00	1.44773e+00	-2.10960e+00
3.47676e-01	4.44915e-01	2.45974e+00	-1.50502e+00
9.31449e-03	-2.38794e+00	1.41300e+00	5.50407e-01
2.63050e+00	-2.40600e+00	4.76651e+00	2.77545e-01
4.53984e+00	-5.37664e-01	4.60254e+00	2.20237e+00
3.52516e+00	-2.29184e+00	3.69122e+00	-1.33669e+00
1.75480e+00	-1.08444e-01	1.15934e+00	2.34555e+00
4.68845e+00	-2.29579e+00	3.77187e+00	2.37644e+00
4.39320e+00	-2.37308e+00	3.40994e+00	-1.83778e+00
2.65890e+00	-1.82314e+00	8.07112e-01	-2.33368e+00
4.43812e+00	-1.79576e-01	1.05105e+00	1.68476e+00
7.43256e-01	-2.13609e+00	9.76701e-02	-2.18074e+00
