# No. of particles = 100 
# Proton - Solar wind	Electron - Solar wind	
4.43255e-01	-2.31424e+00	3.07313e+00	-6.66687e-01
1.93452e+00	-2.29150e+00	2.61133e+00	2.49212e+00
1.59536e+00	-1.93584e+00	4.66758e-01	-2.33740e+00
1.09005e+00	-2.33846e+00	1.39422e+00	4.84345e-02
1.41814e-01	-2.46589e+00	9.54589e-01	-2.33939e+00
3.81893e+00	-9.35826e-01	1.78537e+00	1.29751e+00
2.26117e+00	-2.30098e+00	3.48982e+00	-1.66883e+00
2.35965e+00	-2.23172e+00	4.61191e-01	-2.13739e+00
7.48832e-01	-2.27920e+00	1.78189e+00	-1.68792e+00
3.39542e-01	-3.25204e-01	1.21972e+00	-2.28568e+00
2.43938e+00	-2.08714e+00	3.20910e+00	1.11482e+00
2.94287e+00	-1.46870e+00	3.04689e+00	-1.08948e+00
4.07234e+00	-1.03480e+00	1.16571e+00	-2.06354e+00
6.78290e-01	-2.05983e+00	3.83194e+00	-2.43901e+00
3.51136e+00	-2.43254e+00	1.55316e+00	-1.05788e+00
2.67759e+00	-2.25835e+00	3.55635e+00	-6.93353e-01
1.24471e+00	-2.23305e+00	3.40561e+00	-2.51082e-01
3.99504e+00	-1.22524e+00	1.96192e+00	-2.33607e+00
1.49079e+00	-2.28977e+00	3.52163e+00	-1.48880e+00
3.16600e+00	3.99934e-01	2.14221e+00	-5.35959e-01
4.43513e+00	-1.52197e+00	1.00016e+00	-1.32502e+00
1.43474e+00	-2.28056e+00	4.92310e+00	2.26941e+00
2.88729e-01	-2.24491e+00	3.43062e+00	2.88739e-01
5.41535e-01	1.76538e-02	4.03334e+00	-7.23731e-01
4.47826e+00	-1.89302e+00	3.04062e+00	1.45098e+00
3.75731e+00	4.88572e-01	4.30851e+00	1.83797e+00
1.04398e+00	-2.45937e+00	2.47404e+00	-1.85369e-01
2.18555e+00	-1.94238e+00	3.08397e+00	-2.42741e+00
3.72118e-01	-2.47353e+00	8.54891e-02	-8.02223e-01
1.74252e+00	-2.35502e+00	2.56777e+00	-2.20196e+00
3.10312e+00	-1.88785e+00	2.08142e+00	1.56039e+00
4.74874e+00	5.53494e-01	1.84507e-01	1.47629e+00
1.91645e+00	-2.42695e+00	9.51104e-01	-1.28690e+00
4.12330e+00	1.06455e+00	3.65333e+00	-1.58268e+00
2.55978e+00	-2.43739e+00	9.79892e-01	-2.31863e+00
3.84364e+00	-2.20038e+00	3.90295e+00	-9.50171e-01
1.67210e+00	-8.61508e-01	2.72322e-01	-2.47607e+00
1.82967e-01	-2.25697e+00	8.03311e-01	1.41316e+00
1.09755e-02	-2.28582e+00	1.80830e-01	-2.32560e+00
4.85651e+00	-2.38802e+00	6.86802e-01	-2.25413e+00
2.06295e+00	-2.78502e-01	3.09933e+00	1.68635e+00
1.49098e+00	-1.84377e+00	1.28539e+00	1.63966e+00
1.21472e+00	-2.30909e+00	1.62183e+00	-2.44831e+00
1.15800e+00	-2.49033e+00	4.86135e+00	1.55114e+00
4.02264e+00	-1.38797e+00	4.76488e-01	-2.07765e+00
1.59726e+00	-2.30167e+00	1.48255e+00	-2.04828e+00
4.27753e+00	-2.15463e+00	3.10025e+00	1.49871e+00
1.97517e+00	-1.48919e+00	1.64200e-01	-2.32139e+00
2.32257e+00	-2.14477e+00	4.13148e-01	1.47423e+00
2.98648e+00	-1.74542e+00	1.96935e+00	1.44033e+00
9.35231e-01	-2.24621e+00	2.26128e+00	7.10512e-01
4.03180e+00	-1.85533e+00	1.47782e+00	1.68421e+00
4.99592e+00	-2.24986e+00	4.17949e+00	1.95425e+00
3.41607e+00	7.40205e-01	2.04702e+00	-1.51736e+00
3.10250e+00	-2.27190e+00	1.27720e+00	4.50204e-01
8.14349e-01	-2.61917e-01	1.09534e+00	-1.72110e+00
4.44266e+00	-2.33375e+00	6.98658e-01	1.42851e+00
1.40887e+00	-2.17459e+00	1.16977e+00	-1.22104e+00
4.87557e-01	-2.43637e+00	3.73622e+00	-5.44633e-01
3.40850e+00	-1.43762e+00	1.51635e+00	1.95060e+00
2.26540e+00	2.17691e-01	3.59620e-01	-2.07407e+00
4.95522e+00	-1.62677e+00	4.70926e+00	-2.28013e+00
8.82568e-01	-2.13209e+00	5.62843e-01	1.37129e+00
8.93492e-01	-2.04138e+00	2.03233e+00	-6.56884e-01
5.47730e-01	-2.15768e+00	9.94794e-01	-2.33751e+00
1.40499e+00	-2.27858e+00	4.87653e+00	-1.97679e-01
6.57549e-01	-2.39077e+00	4.59891e+00	-6.30254e-01
1.48450e-01	-2.40691e+00	1.23973e+00	-1.03181e+00
4.85045e+00	1.41586e+00	1.27496e+00	-1.88868e+00
1.16729e+00	-2.41614e+00	4.82782e+00	-1.17497e+00
5.69837e-01	-2.21837e+00	4.09215e-01	-1.65673e+00
3.54271e+00	-2.15682e+00	1.62263e+00	-1.92886e+00
4.51861e+00	-7.32454e-01	1.79467e+00	1.31754e-01
4.02264e+00	-8.80835e-01	5.78025e-01	-1.17933e+00
1.53569e+00	1.56216e+00	1.63836e+00	4.37614e-01
2.57211e+00	-2.41046e+00	3.53869e-01	-2.43853e+00
3.38139e+00	-2.36882e+00	1.40706e+00	-2.17820e+00
1.89101e+00	-2.32938e+00	4.39460e+00	1.07581e+00
3.35854e+00	-1.78216e+00	7.04772e-01	-9.32442e-01
6.59199e-01	3.37664e-01	3.31334e-02	-1.95433e+00
3.97650e+00	-1.38803e+00	6.71038e-01	2.42326e-01
3.52275e+00	1.06532e+00	4.33662e+00	2.32646e+00
1.67587e+00	-4.57916e-02	2.66468e+00	1.79004e+00
4.26086e+00	-2.04698e+00	9.95213e-01	-1.84160e+00
2.09928e+00	-2.35358e+00	4.83945e+00	-6.86278e-01
1.62240e+00	-2.41786e+00	9.59417e-01	-1.71862e+00
8.65140e-01	-5.09511e-01	1.22965e-01	-2.47514e+00
8.16359e-01	-2.47818e+00	4.10925e+00	1.53260e+00
3.35888e+00	-3.66001e-01	4.39170e-01	-9.60345e-01
3.13142e+00	4.51810e-01	3.60506e+00	9.46162e-01
4.49054e+00	-2.37431e+00	2.61287e+00	-2.09455e+00
1.98299e+00	-2.49440e+00	2.19618e-01	-1.30495e+00
4.20729e+00	-2.26646e+00	3.24958e+00	-2.39958e+00
2.90030e+00	-1.14391e+00	1.41617e+00	-6.83036e-01
1.62486e+00	-1.68613e+00	1.34799e+00	-2.45656e+00
1.15619e+00	1.98766e-01	4.53550e-01	-1.18142e+00
4.90940e+00	-2.47225e+00	4.39930e+00	3.92099e-01
8.07804e-01	-2.02596e+00	4.18286e+00	5.70123e-01
1.27850e+00	-2.13087e+00	1.93415e+00	-1.81257e+00
3.79152e+00	-1.54782e+00	3.78178e+00	1.31710e+00
