# No. of particles = 100 
# Proton - Solar wind	Electron - Solar wind	
5.71570e-01	-2.33848e+00	1.55154e+00	-1.11062e+00
1.70684e+00	-2.07613e+00	1.10457e+00	-2.19871e+00
1.67278e+00	-2.10279e+00	3.03193e-01	-2.17428e+00
1.53900e+00	-2.32965e+00	3.49690e-01	-2.27474e+00
3.12204e+00	-2.18420e+00	7.75047e-01	-1.81909e+00
4.70888e+00	-2.03816e+00	1.44564e-01	-2.04865e+00
2.57235e+00	-1.71925e+00	4.39542e+00	2.07670e+00
5.06474e-01	-2.26120e+00	1.62647e+00	1.43141e+00
3.42945e-01	-2.41599e+00	2.61080e-01	3.29690e-01
6.82137e-02	-2.40069e+00	6.55915e-01	-1.60877e+00
1.63748e+00	-2.18231e+00	1.47774e+00	1.02847e+00
1.91193e+00	-2.33429e+00	3.25618e+00	-3.65330e-01
3.37626e+00	-2.37792e+00	7.08583e-02	1.81188e+00
2.77342e+00	-2.40875e+00	1.30654e+00	-2.44384e+00
2.41416e+00	-2.35230e+00	2.45900e+00	-1.96960e+00
3.06076e+00	-1.58422e+00	1.14303e+00	1.75004e-01
1.55840e+00	-1.60663e+00	3.88172e+00	4.84816e-02
2.34253e+00	-2.27131e+00	4.37205e+00	-1.72224e+00
1.16846e+00	-2.39316e+00	1.04640e+00	-5.01559e-01
2.20470e+00	-2.15188e+00	1.61288e+00	-2.04698e-01
1.95251e-01	-2.29426e+00	4.55138e+00	-6.97158e-01
4.77472e-02	-2.41271e+00	8.98104e-01	-2.19443e+00
1.49238e+00	-2.21405e+00	2.59568e+00	9.43206e-01
4.42676e+00	-1.28993e+00	4.57019e+00	2.03990e+00
7.04126e-01	-2.41004e+00	2.17238e+00	1.90980e+00
6.12828e-01	-2.03648e+00	7.08837e-01	4.59966e-01
6.75063e-01	-2.46388e+00	3.57146e-01	-2.44995e+00
2.35352e+00	-2.21069e+00	3.89809e-01	1.05026e+00
7.69656e-02	-2.43321e+00	1.56868e+00	2.05131e+00
8.10761e-01	3.64121e-02	3.48410e+00	-1.49229e+00
4.72986e-02	-2.41032e+00	2.70323e+00	2.01225e+00
4.93264e+00	-1.99283e+00	2.03884e+00	-5.15172e-01
2.12905e+00	-2.47899e+00	2.17563e+00	-6.24983e-01
1.53311e+00	-1.01694e+00	3.29975e+00	1.54813e+00
2.63070e+00	-1.78643e+00	1.38872e+00	1.42521e+00
2.68149e+00	-2.31147e+00	4.75054e+00	1.61201e-01
4.04805e+00	-7.03059e-01	1.06594e+00	-1.30408e+00
3.29847e+00	-2.44411e+00	1.72139e-01	-2.40692e+00
5.19538e-01	-8.03837e-01	2.71177e-03	2.16176e+00
1.02178e+00	-2.47127e+00	1.12598e+00	1.28522e+00
1.97780e+00	-2.14521e+00	2.10496e-01	1.29412e+00
1.14655e+00	-2.17757e+00	8.06871e-01	-1.45040e+00
1.45918e+00	-1.99211e+00	1.83867e-01	-2.21711e+00
1.26836e+00	5.27543e-01	2.08442e+00	2.57090e-01
2.32066e+00	-2.36639e+00	1.11982e+00	-1.03773e+00
2.55308e+00	-1.14347e+00	4.97025e+00	-2.12972e+00
6.99148e-03	-2.35834e+00	2.80880e+00	-1.74351e-01
8.76711e-01	3.88591e-01	2.93910e+00	1.04248e+00
2.62373e+00	-2.09629e+00	1.05222e+00	-5.05563e-02
3.35991e+00	4.98970e-01	2.69998e+00	-1.04185e+00
1.55998e+00	-2.10846e+00	1.93925e+00	2.31133e+00
3.42067e+00	9.37813e-01	3.08873e-01	-2.23504e+00
2.56238e+00	-2.49216e+00	7.84282e-01	-6.21822e-01
3.04671e+00	-1.53270e+00	2.58574e+00	-1.14388e+00
4.01087e+00	2.28434e+00	1.64360e+00	-7.59484e-02
1.02570e+00	-1.78585e-01	2.76012e-01	1.16651e+00
3.72996e+00	-2.09555e+00	3.74269e-01	-2.40849e+00
1.72933e-01	-2.42176e+00	4.49905e+00	1.71174e+00
1.35438e+00	-1.65840e+00	3.17885e+00	5.25112e-01
3.26225e+00	-2.46894e+00	9.11217e-01	-2.06399e+00
2.06874e+00	-5.90934e-01	2.01920e+00	4.56340e-01
4.53520e+00	-2.33046e+00	2.36978e-01	-2.43278e+00
1.45000e+00	-2.32568e+00	4.78398e+00	7.07593e-01
2.67772e-01	-1.26105e+00	2.89530e+00	-3.21851e-01
2.50570e-01	1.02339e+00	1.75431e+00	-1.78345e+00
9.65482e-01	-1.91076e+00	3.95053e+00	-4.27224e-01
3.31152e+00	1.42549e+00	4.96593e+00	-5.46101e-01
3.44524e-01	-2.24855e+00	3.76958e+00	-4.88440e-01
4.72044e+00	-2.96735e-01	1.53838e-02	-1.07562e+00
1.17457e+00	-2.05736e+00	3.14468e+00	1.93220e+00
3.96685e+00	-1.12453e+00	1.34801e-02	-7.49867e-02
3.28139e+00	-2.37817e+00	4.39371e-01	-2.17536e+00
4.69801e+00	-2.36408e+00	1.46428e-01	3.75416e-01
3.62155e+00	-1.90706e+00	1.44128e+00	-2.38323e+00
1.75417e+00	-2.02622e+00	1.24520e+00	1.35671e-01
9.64704e-01	-2.38354e+00	3.37447e+00	-2.33447e+00
3.10741e+00	-2.42220e+00	4.90565e+00	9.92448e-02
2.88667e+00	1.71702e-01	2.65995e+00	-1.76611e+00
1.93476e+00	1.76938e-01	1.77989e+00	2.57828e-01
8.15092e-01	6.03747e-01	2.16901e+00	9.64835e-01
3.28096e+00	-2.24667e+00	1.81763e+00	-1.78575e+00
4.29559e+00	-1.96181e+00	4.19859e-01	-1.67075e+00
1.15514e+00	-2.34780e+00	5.98982e-01	-1.11869e+00
1.38161e+00	-2.25678e+00	3.10653e+00	6.10446e-01
3.69381e+00	-2.31483e+00	3.16969e+00	-1.69629e+00
2.01665e+00	-2.06359e+00	1.67313e+00	-1.42653e-01
1.18624e-01	-7.83592e-02	6.03351e-01	-6.00056e-01
3.95966e+00	-1.19349e+00	4.65087e+00	-6.21032e-01
4.56270e+00	-1.58771e+00	4.15219e-01	8.95848e-01
2.12213e+00	-1.46413e-01	7.67247e-01	-1.92830e+00
1.31500e-01	-2.32399e+00	4.21674e+00	1.85869e+00
4.84231e+00	2.38116e-01	3.26843e+00	-7.45258e-01
4.16151e+00	-1.63959e+00	2.34484e+00	1.28289e+00
2.19813e+00	-1.89851e+00	3.71132e+00	-2.31422e+00
4.48403e+00	-5.51731e-01	8.69226e-01	3.02585e-01
1.38107e+00	-1.98782e+00	1.56008e+00	-2.10684e+00
4.21911e+00	-1.51234e+00	7.37894e-01	-8.80779e-01
1.06564e+00	6.03610e-02	8.60893e-01	-9.04767e-01
1.72707e+00	-1.96283e+00	4.24704e+00	-1.75669e+00
4.15387e+00	7.90534e-01	2.52202e+00	-1.59093e-01
