# No. of particles = 100 
# Proton - Solar wind	Electron - Solar wind	
5.73319e-01	-2.38120e+00	3.32830e+00	-9.98771e-03
3.75823e+00	-2.35790e+00	6.98537e-01	-1.85143e+00
3.26911e-01	-2.38875e+00	4.79400e-01	-2.10300e+00
4.36013e+00	-2.33774e+00	1.45305e+00	-7.71186e-01
1.12235e+00	-2.25411e+00	9.29400e-01	1.68213e-01
4.78002e+00	-2.35199e+00	1.13209e+00	7.88844e-01
2.67783e+00	1.58314e-01	4.19827e+00	-1.45810e+00
4.44314e+00	-2.19857e+00	1.70560e+00	1.67020e+00
2.71008e+00	-2.21495e+00	2.28758e+00	3.28075e-01
4.43160e+00	-1.61425e+00	7.78791e-01	-1.31219e+00
2.39211e+00	-2.35102e+00	2.42680e+00	-1.66117e+00
6.78850e-01	-6.11918e-01	4.31180e+00	1.12959e-01
4.79876e+00	-2.46962e+00	6.13448e-01	-1.72423e+00
1.42595e+00	-2.35572e+00	1.81013e+00	-1.53462e+00
1.69414e+00	-2.39902e+00	3.91447e-01	-2.37246e+00
1.21516e-01	-2.25167e+00	2.89509e+00	3.88269e-02
1.78265e+00	-1.45557e-01	3.95615e+00	-1.11801e+00
7.00374e-01	-2.24446e+00	3.73793e+00	1.65278e+00
3.14402e+00	-1.56809e+00	4.31556e+00	-2.27120e+00
6.95806e-01	-2.39183e+00	2.27076e-02	-2.22334e+00
1.09585e+00	-2.30216e+00	1.71534e+00	2.73803e-01
2.28187e+00	-2.36139e+00	4.23178e-01	-1.37408e+00
3.96748e+00	-2.48944e+00	1.39121e+00	-1.04589e+00
1.53644e+00	-2.42357e+00	8.18607e-01	-1.85706e+00
4.24109e+00	-2.03219e+00	8.95657e-01	2.56564e-01
4.93548e+00	-2.12009e+00	3.16250e+00	-5.53676e-01
3.04762e-01	-2.45399e+00	2.59462e-01	-2.16468e+00
6.01297e-01	-2.29424e+00	2.70627e-01	-1.38951e+00
2.09675e-01	-1.99372e-01	1.69654e+00	-1.30262e+00
3.35817e+00	-5.62789e-01	6.45669e-02	-2.41901e+00
1.33498e+00	-1.99128e+00	8.03287e-01	-2.40215e+00
4.16597e+00	-1.54745e+00	1.77314e-01	-1.94627e+00
2.89016e+00	-1.40718e+00	7.73980e-01	-7.41662e-01
4.26791e+00	-1.00560e+00	2.96873e+00	8.58992e-01
3.36800e+00	-2.09219e+00	4.07810e+00	6.92907e-01
4.16149e+00	5.49985e-01	4.17684e+00	2.42681e+00
1.95186e+00	-2.09476e+00	6.10541e-01	-4.61137e-01
1.63523e+00	-7.01083e-01	1.57402e+00	-8.52079e-01
3.45565e-01	-2.00167e-01	4.00395e-01	-1.97171e+00
1.02989e+00	-2.35375e+00	1.90760e+00	1.19213e+00
2.79496e+00	-4.73609e-01	7.07098e-01	7.12056e-01
2.95007e+00	-2.05401e+00	3.11478e+00	-4.56552e-01
2.75285e+00	-2.18352e+00	2.92118e-01	-2.09624e+00
2.63055e+00	-7.97645e-01	3.92603e-02	-2.31529e+00
9.64610e-01	-2.09761e+00	1.94361e+00	-2.18999e+00
2.44302e+00	-2.33981e+00	3.32848e+00	-1.63482e+00
4.07474e-01	-2.48596e+00	1.72005e+00	-5.33105e-01
3.35561e+00	-2.42853e+00	1.34247e+00	1.83660e+00
5.13815e-01	-2.43983e+00	1.47335e+00	-1.04410e+00
1.51289e-01	-2.29309e+00	4.98319e-01	-1.16376e+00
2.69211e+00	-2.32506e+00	5.97906e-01	-3.66150e-01
6.91729e-01	-2.40842e+00	4.54585e+00	-4.60725e-01
1.19326e+00	-2.36182e+00	2.65303e+00	-1.43835e+00
4.40402e+00	1.72744e+00	3.16493e-01	-5.62463e-01
4.76819e+00	-1.25553e+00	1.51212e+00	7.22075e-01
8.76975e-01	-2.49430e+00	2.32602e+00	-1.59121e+00
4.54696e+00	-1.59967e+00	3.27557e+00	-2.16536e+00
3.12617e+00	-1.94560e-01	2.97960e+00	1.20156e+00
2.12336e+00	-2.47625e+00	8.77443e-02	-2.47229e+00
3.76085e-02	-2.39353e+00	1.29344e+00	8.22368e-02
1.06625e+00	-2.36037e+00	1.23052e+00	-3.16130e-01
3.85089e+00	-1.14941e+00	3.90694e+00	-6.68313e-01
2.73446e-01	-2.35552e+00	2.61635e+00	2.34793e+00
5.09892e-01	-2.28917e+00	4.37890e+00	-6.69329e-01
4.81995e+00	7.44753e-01	2.71146e+00	-2.67347e-01
1.77662e+00	4.90106e-01	7.13622e-02	1.90929e+00
7.38492e-01	-2.43011e+00	1.40781e+00	9.45344e-01
3.77589e+00	9.26033e-01	6.38690e-01	-8.96224e-01
1.41301e+00	-2.45477e+00	3.53764e-01	-8.31839e-01
4.41565e+00	-1.31093e+00	9.51217e-01	1.44100e+00
2.03552e+00	-2.24676e+00	4.35975e+00	-2.29848e-02
4.47303e+00	-1.50442e+00	1.17820e+00	-1.88906e+00
1.63453e-01	-4.65319e-01	2.07155e+00	-7.86125e-01
4.75399e+00	-1.69659e+00	3.27349e-01	-2.17900e+00
2.50183e+00	6.72842e-01	4.86940e-01	-1.94392e+00
3.02488e+00	-2.08582e+00	2.90776e+00	1.71640e+00
4.17537e+00	-2.32223e+00	1.52617e+00	-1.38614e+00
1.90883e+00	-1.88662e+00	3.10385e+00	1.60461e+00
2.90330e-01	-2.99984e-01	2.58470e+00	-1.83121e+00
4.72122e-01	-2.40504e+00	2.89531e+00	2.00825e+00
2.08721e+00	-2.46724e+00	2.75517e-01	-1.86541e+00
2.51568e+00	-2.11267e+00	1.74476e+00	5.73036e-01
3.29916e-01	-2.28536e+00	4.64337e+00	1.92287e-01
4.49216e+00	5.12492e-02	3.10336e+00	-2.02789e+00
4.26970e-01	-2.49467e+00	4.39963e+00	-1.70999e+00
1.97199e+00	-1.55655e+00	7.71427e-02	-3.69203e-03
1.64303e+00	-2.42113e+00	2.02475e+00	-2.38842e+00
1.59789e+00	5.87652e-01	3.07343e-02	-2.26054e+00
2.10188e+00	2.46104e-01	1.69657e+00	-9.81164e-01
7.05266e-01	2.89704e-01	5.68549e-01	5.99496e-01
6.36389e-01	-2.24478e+00	9.00952e-01	6.28194e-01
5.96649e-01	-2.47775e+00	3.43539e-02	1.42800e-01
4.51114e+00	4.79570e-02	6.45844e-02	-1.18506e+00
3.59755e+00	-1.12039e+00	1.72020e+00	-3.66901e-01
3.54533e+00	-6.75504e-01	1.30476e-01	5.18640e-02
1.82596e+00	-1.21539e+00	7.25479e-01	1.31339e+00
8.96007e-02	-2.36181e+00	2.87016e-01	-2.39477e+00
9.99884e-01	-2.14710e+00	1.35810e+00	-9.26165e-01
2.07321e+00	-2.31488e+00	1.08487e+00	-1.35635e+00
4.78344e+00	1.75148e+00	1.64979e+00	-1.82007e+00
