# No. of particles = 100 
# Proton - Solar wind	Electron - Solar wind	
1.95962e+00	-2.21009e+00	3.60173e+00	2.13298e+00
5.56274e-01	-2.21930e+00	1.82370e-01	2.36401e+00
1.18425e+00	-2.31445e+00	4.82931e+00	-1.66567e-01
1.82771e+00	-1.53381e+00	2.94054e+00	-1.01608e+00
2.35571e+00	-1.53896e+00	1.44132e+00	-1.92561e+00
2.06595e+00	-2.25058e+00	1.51061e+00	-2.06930e+00
2.49442e+00	-2.27376e+00	3.98965e+00	6.57174e-01
1.53773e+00	-2.33645e+00	1.23588e+00	-1.79056e+00
3.72280e+00	-2.42062e+00	2.23292e+00	3.48060e-01
1.42326e+00	-2.33932e+00	9.35581e-02	-2.22076e+00
1.45837e+00	-2.47106e+00	2.99714e+00	2.17974e+00
1.76504e+00	-2.33892e+00	2.23776e+00	-2.63203e-01
2.27617e+00	-2.17807e+00	1.23801e+00	1.54198e+00
3.00718e+00	-1.90241e+00	2.47682e+00	2.20835e+00
1.55601e+00	-1.74416e+00	4.75945e-01	-1.91230e+00
1.68928e+00	-1.44635e+00	5.00291e-01	-8.49145e-01
1.97511e+00	-1.92682e+00	3.60911e-01	-9.03887e-01
1.91686e+00	-2.00104e+00	2.69843e-01	-2.35076e+00
2.18778e+00	-2.30930e+00	2.38236e+00	-1.44995e+00
1.91709e+00	-1.92609e+00	1.24479e+00	-5.94518e-01
1.68819e+00	-1.49544e+00	3.07718e+00	-8.54359e-01
2.40079e+00	-1.48840e+00	9.78176e-01	-2.03545e+00
7.86324e-01	-2.23348e+00	5.92956e-01	-2.11268e+00
1.36772e+00	-1.62147e+00	1.05243e+00	6.67887e-01
1.37928e+00	-1.62948e+00	1.83267e+00	-8.15040e-01
1.94107e+00	-1.44714e+00	1.90048e+00	-2.46834e+00
1.98992e+00	-1.37058e+00	3.29232e+00	-8.99227e-01
1.74150e+00	-1.38949e+00	4.04008e-01	-2.11407e+00
1.97175e+00	-1.60195e+00	4.02453e-01	-2.34334e+00
2.08709e+00	-6.12767e-01	4.92319e+00	7.61484e-01
2.33096e+00	-1.68046e+00	3.58893e+00	2.32092e+00
2.05230e+00	-1.62877e+00	4.03973e+00	1.89772e+00
1.79783e+00	-1.72549e+00	1.24137e+00	-2.54400e-01
2.97599e+00	-1.15719e+00	4.36374e+00	-1.41324e+00
2.06270e+00	-1.57075e+00	2.06015e-01	-4.26243e-01
1.95921e+00	-1.05393e+00	4.35832e+00	-1.36107e+00
2.39160e+00	2.33445e-01	1.62795e+00	-1.56479e+00
2.26120e+00	-9.00927e-01	1.00642e+00	-9.85736e-01
2.69900e+00	1.73420e-02	4.62888e+00	1.04555e+00
1.89776e+00	-8.05366e-01	3.11018e-02	-2.43626e+00
1.85143e+00	-8.97929e-01	2.09775e-01	-2.29758e+00
2.44119e+00	-2.09811e-01	4.41498e+00	9.58148e-01
2.32830e+00	6.11473e-02	4.67884e+00	-6.69783e-01
1.78153e+00	-3.38921e-01	8.96879e-01	-2.05210e+00
1.04264e+00	-8.12677e-01	7.40504e-01	-2.37813e+00
1.96802e+00	-9.12770e-01	4.93900e+00	-2.19635e+00
1.93128e+00	-5.26884e-01	3.79381e-01	2.59846e-01
1.56137e+00	2.10314e-02	5.84376e-01	-1.03788e+00
2.28536e+00	-5.64070e-01	2.42018e+00	-9.18523e-01
2.12977e+00	-7.07115e-01	1.08377e-01	-2.43039e+00
1.95754e+00	-4.41400e-01	1.88060e+00	5.00895e-02
1.98109e+00	-1.68991e-01	1.36246e+00	-5.38105e-01
1.72505e+00	-1.40432e-01	7.76163e-01	6.27605e-02
2.64297e+00	-8.77427e-01	1.73036e-01	-1.95531e+00
3.04006e+00	-6.19024e-01	5.48523e-01	-3.76602e-01
2.73730e+00	-1.10796e+00	2.52188e+00	-4.65023e-01
2.11096e+00	1.82837e-01	2.36258e+00	6.93548e-01
2.98124e+00	-1.23946e+00	3.37769e+00	-2.00091e+00
2.02034e+00	3.70776e-01	2.39420e+00	5.20737e-01
2.14453e+00	-1.04209e-01	2.05378e+00	9.31035e-01
2.07928e+00	7.08050e-02	9.04111e-02	-2.49701e+00
2.96127e+00	2.94374e-03	3.25659e+00	-2.21885e-01
1.85812e+00	3.60408e-01	9.96717e-01	-1.99970e+00
2.19323e+00	-1.88951e-01	1.88177e+00	-6.31959e-01
1.11430e+00	-3.95968e-01	3.48017e+00	-2.31109e+00
2.02147e+00	3.63629e-02	1.46776e-01	-1.18204e+00
2.46298e+00	-4.94293e-02	2.17861e+00	-1.02964e+00
1.88414e+00	5.00346e-01	8.63774e-01	-1.97117e+00
1.79557e+00	2.97946e-01	1.23340e+00	-1.74322e+00
2.57281e+00	9.14424e-01	1.23721e+00	-1.39120e+00
2.73947e+00	5.05793e-01	1.96696e+00	2.45437e+00
1.18369e+00	5.41229e-01	8.08981e-01	-1.80687e+00
1.91541e+00	3.65399e-01	1.02887e-01	2.13819e+00
2.52476e+00	1.96736e+00	1.90993e-01	-2.24827e+00
1.95582e+00	1.94618e-01	2.60537e+00	-2.24329e+00
2.55732e+00	2.18057e-02	3.77969e-04	-2.29554e+00
2.01384e+00	9.29058e-01	8.74378e-01	6.02040e-01
2.04178e+00	1.16401e+00	4.40321e+00	2.29403e+00
2.43703e+00	8.94136e-01	2.47414e+00	8.57106e-01
1.58799e+00	1.38656e+00	1.34972e+00	2.16835e+00
1.92087e+00	5.99994e-01	4.72308e+00	3.36736e-01
2.12766e+00	1.10234e+00	2.84244e+00	8.64404e-01
1.63993e+00	1.15857e+00	3.82302e+00	-1.16732e+00
1.79485e+00	8.91997e-01	1.97190e+00	6.58836e-01
3.09477e+00	5.61086e-01	6.93275e-01	5.24786e-01
1.67035e+00	3.80758e-01	4.17965e+00	4.01251e-01
1.88130e+00	3.58699e-01	6.71405e-01	-2.07880e+00
1.51673e+00	4.22108e-01	3.05181e+00	9.12575e-02
2.07377e+00	1.47440e+00	2.63911e+00	-2.30912e+00
2.03023e+00	1.08172e+00	2.57086e-01	9.56100e-01
1.88540e+00	1.65252e+00	3.84862e+00	1.14817e+00
1.42272e+00	1.62315e+00	3.76165e+00	-2.54164e-01
2.20044e+00	1.63099e+00	1.79838e+00	-1.71869e+00
1.81542e+00	1.17984e+00	2.15560e+00	1.16565e-01
1.39935e+00	6.00221e-01	2.18746e-01	2.07260e+00
2.21139e+00	1.44734e+00	1.16980e+00	-1.31582e+00
2.28726e+00	4.09317e-01	1.36097e+00	-3.05936e-01
1.84441e+00	9.05663e-01	1.99489e+00	-1.66218e+00
2.50471e+00	2.26456e+00	2.46995e+00	-2.13042e+00
2.74423e+00	1.45936e+00	4.69318e+00	9.17303e-01
